1257429799498330114
1257429807643545600
1257429811666051092
1257429824303443975
1257429829265297408
1257429837083488263
1257429842146013191
1257429858478690306
1257429862484267010
1257429866355535872
1257429883673812992
1257429887679442944
1257429900081999872
1257429900706885632
1257429904460840960
1257429908994875393
1257429916137783299
1257429914803896326
1257429933506408448
1257429942981312514
1257429951357345792
1257429962618961920
1257429971993276418
1257429975596179456
1257429979748618244
1257429996743929862
1257430013546237965
1257430034429681669
1257430054864334850
1257430054948274177
1257430064297369605
1257430076393693194
1257430089651892225
1257430110539481092
1257430114947776518
1257430122023604226
1257430123030200323
1257430134648442880
1257430134942031877
1257430139614486533
1257430143599022081
1257430165073866752
1257430169150685189
1257430169301778433
1257430177480617987
1257430189254103040
1257430190021640194
1257430193960103937
1257430198078881796
1257430198166962176
1257430206350049281
1257430210347175938
1257430215590060032
1257430215745245184
1257430223899025409
1257430226918924288
1257430285530075141
1257430299102904331
1257430315901075456
1257430332602822656
1257430333122908160
1257430340425187329
1257430341113044999
1257430348503437312
1257430353947635715
1257430365792284677
1257430370498347010
1257434740250066944
1257434745086099458
1257434748558983168
1257434769400434689
1257434770428084230
1257434785926045699
1257434804057972742
1257434811804930049
1257434815399366657
1257434833351049222
1257434836849111041
1257434841001443337
1257434854075088902
1257434861977178112
1257434891081351168
1257434896013897734
1257434908739452928
1257434929178251269
1257434941740236801
1257434954318872583
1257434959545085952
1257434962837504002
1257434967036112897
1257434967170260992
1257434967497375744
1257434970945175553
1257434992885600257
1257435005145550848
1257435009335640072
1257435025341132802
1257435029464133633
1257435030198026240
1257435033826181132
1257435038850957320
1257435046060883970
1257435046849511425
1257435051677175809
1257435059377897475
1257435072157941769
1257435088041783300
1257435088922476549
1257435093251080194
1257435105536114691
1257435113748680704
1257435113819901952
1257435139489124352
1257435146757771264
1257435164227010560
1257435168329142276
1257435177128787968
1257435189434880007
1257435192949641216
1257435198586785794
1257435206312767488
1257435209944965120
1257435226688704519
1257435227493974016
1257435227863089152
1257435243331624965
1257435243012927488
1257435260205314054
1257435264764588036
1257435268849729539
1257435277909536768
1257435285685702657
1257435298289639433
1257435303486337025
1257435315486236672
1257435327796559873
1257435331923673091
1257435352555552770
1257435353750913029
1257435361397157888
1257435399816970243
1257435403663159296
1257435407173718016
1257435415415529472
1257435423489634304
1257435436844298240
1257435449053843463
1257435461687160837
1257435462056194048
1257435465730359297
1257435470566428674
1257435475251470337
1257435482574684166
1257435483828822017
1257435503957348355
1257435504527671298
1257435507988074500
1257435511964274694
1257435516758360070
1257435524215734272
1257435537906024449
1257435541479579650
1257435546164645888
1257435554930741252
1257435567282892804
1257435570592243714
1257435575520497664
1257435600799621122
1257435608911351809
1257435621305565186
1257435630239449088
1257435651269672972
1257435662694875139
1257435675378495493
1257435676292849667
1257435680415846401
1257435680424280076
1257435705560698881
1257435706038902784
1257435718277894147
1257435727127773192
1257435734614650880
1257435734417592324
1257435734807543813
1257435739253616640
1257435739543003136
1257435742772617219
1257435742688677888
1257435743393394689
1257435748124549133
1257435756366368771
1257435759482732549
1257435763672784896
1257435763463127042
1257435764700450816
1257435768982773761
1257435780957560842
1257435785802002433
1257435788561862666
1257435802109464586
1257435806576369664
1257435810200248320
1257435819050184708
1257435835659685888
1257435843368751104
1257435869243473920
1257435872749858816
1257435876898099200
1257435893801025536
1257435897936646146
1257435911777931271
1257435915540140035
1257435915590545409
1257435927238053895
1257435932699000834
1257435957344829447
1257435960603803648
1257435961207721985
1257435961807507463
1257435964579942402
1257435978605658113
1257435985312387073
1257435990484045825
1257435994019835905
1257435998360940544
1257440251712331779
1257440255881490434
1257440273229021190
1257440276576178179
1257440277326893056
1257440281689022465
1257440289624653833
1257440314178048005
1257440318720540673
1257440323887927299
1257440328031838210
1257440344280621064
1257440352308428801
1257440366271348737
1257440357152940040
1257440381467275265
1257440390799593472
1257440394926792705
1257440395140780035
1257440398588481537
1257440403772620800
1257440412291289088
1257440414988152837
1257440424886702080
1257440432457474055
1257440435787706377
1257440445518548993
1257440448475533312
1257440450136375296
1257440457166028801
1257440478838042625
1257440486622728192
1257440528255377409
1257440532747497480
1257440536497176579
1257440540842504198
1257440549373648908
1257440570668171264
1257440583167225862
1257440583406301184
1257440586753363968
1257440603928956938
1257440604746928136
1257440609486454786
1257440613219385344
1257440617489145861
1257440628880916487
1257440630189457408
1257440641308676096
1257440646501150720
1257440650196406272
1257440650875801600
1257440654285852677
1257440666562572288
1257440675882205184
1257440688007983105
1257440692084891652
1257440696992174080
1257440709726089218
1257440721516335107
1257440721554100229
1257440738771709952
1257440751954415618
1257440754827436033
1257440776646254598
1257440780484050945
1257440788608417793
1257440835832078338
1257440842626760707
1257440856283525121
1257440856916852740
1257440872171474949
1257440872192446464
1257440872867692547
1257440876613287936
1257440881113735170
1257440885274562560
1257440901552640000
1257440902202765314
1257440902315999234
1257440909815427075
1257440914223632384
1257440914697605123
1257440928035418123
1257440934922465281
1257440936264687616
1257440961505959936
1257440978190970883
1257440993844121605
1257440999678390278
1257441006624165889
1257441011489558528
1257441014832418816
1257441020020695044
1257441028476461057
1257441049443778568
1257441052757237765
1257441065164066830
1257441069710671872
1257441073854656513
1257441078434844674
1257441081769238534
1257441086487830541
1257441090589909002
1257441090233348098
1257441094788399106
1257441094935228427
1257441099213389825
1257441100165451781
1257441116426850311
1257441120801431552
1257441137251491841
1257441141416435716
1257441144612564992
1257441158327926790
1257441166913650689
1257441170906583042
1257441171195953152
1257441175943987207
1257441186891038727
1257441187193073664
1257441195103584257
1257441195267182593
1257441199465644032
1257441208743444480
1257441237562544130
1257441253794418695
1257441283427221506
1257441288737165322
1257441291434164225
1257441292881199104
1257441305585758209
1257441312967720967
1257441313399726104
1257441321159139336
1257441334031458306
1257441338582282243
1257441350108221440
1257441362674364423
1257441392466460672
1257441408853704705
1257441413190598656
1257441414398513158
1257441417267482624
1257441417309368333
1257441430756302848
1257441438415159303
1257441439279087618
1257441446745059338
1257441447718137857
1257441476822405122
1257441489917018115
1257441493658284033
1257441509970006019
1257441522661953538
1257441531679645696
1257441606715813888
1257441606866743296
1257441619315429377
1257441626970116096
