1257837884322783234
1257837913628270592
1257837919273979905
1257837935203926016
1257837939498893317
1257837943655247872
1257837969425207303
1257837972335980544
1257837989050359811
1257837989624975360
1257838001830363137
1257838007274504192
1257838019437985792
1257838019400347656
1257838030682898432
1257838032180449281
1257838035913240576
1257838057509785601
1257838073590792192
1257838085217361925
1257838090498031616
1257838090946666496
1257838111276531712
1257838124207493121
1257838140972314625
1257838156998721536
1257838161171894272
1257838166125481986
1257838187109650433
1257838195321958400
1257838199335944192
1257838206751408128
1257838214796230658
1257838220101877762
1257838228087996419
1257838233347452928
1257838240502968323
1257838266189045775
1257838269905035264
1257838278801338381
1257838279455473664
1257838283486384134
1257838286925692929
1257838287244361728
1257838304663179264
1257838313299308544
1257838320303865857
1257838320509259777
1257838338444312576
1257838341677973504
1257838354705637376
1257838366164279296
1257838374905315329
1257838383377690624
1257838383549702144
1257838392873635847
1257838412872081408
1257838413497106432
1257838417494396928
1257838434372198400
1257838450184773632
1257838451594072066
1257838462650200071
1257838467037499394
1257838467708411912
1257838479981109248
1257838489250521088
1257838501334142978
1257838518258274307
1257838531323539458
1257838544133009408
1257838551317831680
1257838564114599936
1257838568124198912
1257838573312790528
1257838584792444928
1257838602345734146
1257838609761271808
1257838618196037632
1257838639016546304
1257838647576899584
1257838647581253635
1257838651440017416
1257838657056182280
1257838668447797252
1257838702635692032
1257838702900006920
1257838714719481857
1257838735703457792
1257838735829471234
1257838756931031042
1257838774186377218
1257838786043658240
1257838790791630855
1257838802766311426
1257838802707644418
1257838803005382658
1257838812316590081
1257838848526225408
1257838852925829122
1257838858051321857
1257838861436190720
1257838865479581698
1257838870705524736
1257838873775730689
1257838879144660994
1257838882168733697
1257838883267633161
1257838895997353984
1257838900225114112
1257838903660212230
1257838907380469761
1257838912443158529
1257838912807919617
1257838924950618112
1257838928599699459
1257838929652469766
1257838946484133889
1257838953572392960
1257838966021242885
1257838980218970113
1257838991484698624
1257839020803006464
1257839025873772552
1257839041808138241
1257839042135285767
1257839050053959681
1257839055104086018
1257839075362390017
1257839084262903812
1257839084740980736
1257843395340492810
1257843404156919810
1257843429242855424
1257843430157217792
1257843433055621125
1257843434041335809
1257843437103022080
1257843442660577280
1257843463242072064
1257843463707639812
1257843483781496832
1257843483794198531
1257843487686483971
1257843500676255744
1257843501066117121
1257843512969695233
1257843526382964738
1257843526626414594
1257843537963626504
1257843543231651848
1257843550261141504
1257843554887532548
1257843559501369346
1257843572113432576
1257843576093868032
1257843584667201538
1257843592896397313
1257843593231949824
1257843609673449472
1257843619165351937
1257843639222444033
1257843642766524416
1257843647405527042
1257843668809113602
1257843668792344577
1257843672114028544
1257843684688740358
1257843685494067207
1257843689679990784
1257843693689724929
1257843706167730178
1257843709758103563
1257843726484934657
1257843727378321408
1257843749083705344
1257843752841940992
1257843764250456065
1257843773025013762
1257843772995645440
1257843773100392449
1257843785234604032
1257843786258022400
1257843789982466050
1257843790426935296
1257843793652584449
1257843803484020741
1257843815525695489
1257843823155326979
1257843848203702273
1257843860371320832
1257843861210177538
1257843865547149312
1257843866281132032
1257843869523288064
1257843878998269957
1257843882517319682
1257843890209652744
1257843890721349632
1257843903710982145
1257843907620110342
1257843907968339968
1257843911034146816
1257843919921967105
1257843956529815553
1257843965736484867
1257843983650377728
1257843984182808576
1257844007704694786
1257844020132278272
1257844032690143232
1257844041166860289
1257844041158459395
1257844042416771074
1257844051065344000
1257844074872111104
1257844079372705792
1257844079876018177
1257844088222744577
1257844100763615234
1257844108376379393
1257844108493754368
1257844114009317377
1257844172918226945
1257844176609136646
1257844179935334403
1257844185165512704
1257844201955512321
1257844208762785793
1257844231386927106
1257844239335149568
1257844252303753216
1257844253096472577
1257844264488370176
1257844268472971266
1257844273430568961
1257844277226418177
1257844277498933249
1257844297103052800
1257844301700136960
1257844306779369474
1257844309442752514
1257844318720741377
1257844319513444359
1257844347590098945
1257844353092816896
1257844360185602050
1257844364602195971
1257844365604515842
1257844385317892098
1257844390019469312
1257844390711693312
1257844415084847111
1257844423360118786
1257844431585230849
1257844444398665729
1257844457476677633
1257844461045981184
1257844464883838976
1257844465026433031
1257844483342962688
1257844491102367750
1257844495321833472
1257844512665174017
1257844520810659841
1257844523864133633
1257844524040237056
1257844532571508736
1257844536606371840
1257844536937758727
1257844537818374144
1257844540700049415
1257844554239221760
1257844570597077001
1257844573738602501
1257844573453287427
1257844575055556608
1257844591740452867
1257844595465084930
1257844599193821185
1257844599713759234
1257844608957988864
1257844611692875776
1257844616893796358
1257844640985776131
1257844649852637185
1257844670534574080
1257844671126134784
1257844671621070857
1257844675290988546
1257844679674081283
1257844704885919745
1257844708128075777
1257844712318406656
1257844712301608962
1257844716478951424
1257844739086397441
1257844746472452098
1257844750574661633
1257844755540570113
1257844767079256064
1257844767116812288
1257844771558694912
1257844772250824710
1257849024599805952
1257849033504284672
1257849041158762497
1257849057655033856
1257849075761848322
1257849078806982661
1257849086876610560
1257849105138831360
1257849120787750912
1257849125279842305
1257849141922861056
1257849142317068288
1257849145550831619
1257849150886105089
1257849154220539904
1257849160113348610
1257849163045191680
1257849163422842880
1257849176479731712
1257849183307886592
1257849197354799115
1257849201708265474
1257849210113843200
1257849213884473344
1257849221878697985
1257849226500829184
1257849242170818561
1257849250593091590
1257849251100426240
1257849254804099074
1257849267894566912
1257849285262979074
1257849288593412098
1257849297527169027
1257849314451341314
1257849314530885632
1257849327185268742
1257849342775320576
1257849352250249218
1257849355580706817
1257849359380643842
1257849373154828288
1257849381690187778
1257849389021900806
1257849389177098240
1257849394164006913
1257849406394707968
1257849415005548544
1257849430977310720
1257849431228989442
1257849432126689280
1257849436195057665
1257849439621918725
1257849448513695744
1257849456361275392
1257849461394542599
1257849468898197504
1257849469120532480
1257849489802645504
1257849495624302592
1257849503266172928
1257849515307962369
1257849519791726593
1257849527630995460
1257849532265779201
1257849535809929218
1257849548317261830
1257849552679440386
1257849562720501761
1257849570199035904
1257849603552051200
1257849607490621442
1257849608060964875
1257849611135397889
1257849612326653954
1257849616067952643
1257849620111204354
1257849623776919552
1257849624460574720
1257849637458894849
1257849640453636098
1257849670887510017
1257849671436779520
1257849674796392449
1257849678873460738
1257849679888486406
1257849708761972741
1257849715951054848
1257849717129691142
1257849717695942661
1257849720778547202
1257849720933924871
1257849737295753216
1257849741922181120
1257849749748584448
1257849762482499585
1257849800898285571
1257849809358200834
1257849817184772097
1257849821844500481
1257849826286489602
1257849838147964929
1257849843340455942
1257849858842451968
1257849867235323905
1257849867298193408
1257849867721990144
1257849884629237766
1257849884897685504
1257849897140641793
1257849909492908032
1257849913188085761
1257849917869117442
1257849931370582017
1257849939129970688
1257849942560763904
1257849955441504258
1257849959375941639
1257849980821344257
1257849997053181953
1257850006167486464
1257850010215088137
1257850040032231424
1257850044172115968
1257850052116176896
1257850057476489216
1257850060584423425
1257850065273499648
1257850068926857217
1257850076937940994
1257850114556809216
1257850123251412993
1257850127365967873
1257850144835289088
1257850148983468032
1257850161339830272
1257850168969494528
1257850169250295808
1257850173306396673
1257850177861365762
1257850186229002244
1257850196005777409
1257850211252101120
1257850211608809473
1257850215299719171
1257850232538202112
1257850236980133893
1257850240264093696
1257850240750755841
1257850262003298307
1257850273839460352
1257850277597720578
1257850282253455367
1257850282907774976
1257850304722329600
1257850312519344129
1257850316927766530
1257850324922109954
1257850338029248513
1257850342244401152
1257850342206697473
1257850362062659585
1257850375090040834
1257850391980630017
1257850399782064128
1257850400557821952
