1261417302924201984
1261417309622743041
1261417312344817665
1261417324034134016
1261417344762408960
1261417349435011074
1261417353893621760
1261417359010598913
1261417374588297216
1261417405311401984
1261417407555330051
1261417408402608128
1261417408234848260
1261417412978601985
1261417426224218112
1261417433312575489
1261417434327789568
1261417437422948352
1261417445929054209
1261417447006953472
1261417458511962113
1261417462861455360
1261417467542290432
1261417471610810369
1261417483308695553
1261417492330627074
1261417493010059264
1261417518616510470
1261417521434902528
1261417556012789760
1261417567119343616
1261417576313139200
1261417588292108288
1261417588426301441
1261417602053738496
1261417609892954112
1261417613491499008
1261417614053531653
1261417618096848896
1261417618700976128
1261417630797348865
1261417643589767169
1261417659586867201
1261417664339214336
1261417665379344387
1261417667786764289
1261417677215547392
1261417702368804865
1261417709742391296
1261417710920990720
1261417711038615552
1261417727543185408
1261417735084376064
1261417739907936261
1261417748313313280
1261417764524195840
1261417793846562816
1261417793964163076
1261417810485370881
1261417811965960193
1261417823990976513
1261417852386652167
1261417856618639362
1261417861886738432
1261417878189998082
1261417882350694400
1261417886125522945
1261417895382269954
1261417898611847168
1261417899362619393
1261417920023998466
1261417924927119360
1261417928945070080
1261417937388347392
1261417966119399424
1261417983047610369
1261418000336465922
1261418016123707393
1261418020754186240
1261418038139580417
1261418041759240192
1261418045345542144
1261418050802376704
1261418054325604357
1261418055470419975
1261418055332028417
1261422407564300291
1261422411922026496
1261422416749686785
1261422424605818891
1261422430242787329
1261422441173143552
1261422445644271616
1261422454200811521
1261422466464993280
1261422484223655936
1261422487788814338
1261422504368730115
1261422504758800384
1261422522655887361
1261422546244767744
1261422555291779072
1261422562967343104
1261422562996715520
1261422562913013762
1261422563827216384
1261422566738137090
1261422570940833793
1261422571590844416
1261422584719118338
1261422600963514368
1261422621641650177
1261422630705364997
1261422630890082307
1261422633863639041
1261422650896707585
1261422656475152384
1261422672254136323
1261422680114204672
1261422692550365186
1261422693854953472
1261422697411522560
1261422698107789313
1261422709520531457
1261422713781944320
1261422714067103745
1261422727056875520
1261422729971904512
1261422730802540545
1261422743746162688
1261422748284465154
1261422748431089664
1261422773747871745
1261422776876797953
1261422781524140032
1261422785320148992
1261422793196998656
1261422802529206272
1261422811320467456
1261422815426736128
1261422819264479232
1261422819788931072
1261422822749990913
1261422831373598720
1261422857357271041
1261422860783849475
1261422861203496961
1261422873354178560
1261422886402678784
1261422890714464259
1261422894703239168
1261422914961891331
1261422927658000389
1261422932657451009
1261422932732940288
1261422953582874625
1261422957261275136
1261422957248864259
1261422957315883017
1261422961262657536
1261422974546018304
1261423008855412737
1261423016312881152
1261423016568696834
1261423032318349312
1261423042808418310
1261423045446696962
1261423054980124672
1261423058365136898
1261423058297880577
1261423061741469697
1261423062408237057
1261423067047186437
1261423067282038786
1261423070385967104
1261423071329759232
1261423080670453765
1261423095807528960
1261423112983216128
1261423108046467072
1261423130418884609
1261423138384084993
1261423147019939841
1261427553807417344
1261427555422347265
1261427596249583616
1261427600309747714
1261427604374126593
1261427609566658560
1261427625152540672
1261427646879186948
1261427662985150465
1261427663614300160
1261427671181012992
1261427672460247045
1261427680961892352
1261427684824854528
1261427684938092544
1261427696678002688
1261427697302949889
1261427709546131456
1261427718790377473
1261427718933016576
1261427751447191553
1261427752550293504
1261427756258095105
1261427760406294528
1261427768610390016
1261427780614529024
1261427784775163904
1261427789250490368
1261427793050492928
1261427805729898496
1261427810087792641
1261427810163281920
1261427814189826048
1261427828009996289
1261427835211636736
1261427840618094592
1261427848092377093
1261427873836961792
1261427876697686023
1261427881256923138
1261427882112561152
1261427903570436097
1261427911527022593
1261427919391358976
1261427923799556101
1261427923942354945
1261427937187819520
1261427949510684672
1261427957467361282
1261427960755580928
1261427961795756032
1261427978703159296
1261427990010966016
1261427994368847875
1261428003361353728
1261428007052423174
1261428008373583872
1261428010923651072
1261428024467218434
1261428033468104706
1261428040774475776
1261428041907007489
1261428067215392768
1261428070277435392
1261428074010365958
1261428073846550528
1261428090661552129
1261428091164995585
1261428091286585349
1261428091382951936
1261428095522795520
1261428103194132482
1261428107359121409
1261428108982284288
1261428120344813571
1261428121200463872
1261428124467822600
1261428149910413318
1261428162052882432
1261428170806394880
1261428179652112386
1261428188263133189
1261428192142716928
1261428204713267203
1261428209565839361
1261428212862603264
1261428213349093376
1261428216721313792
1261428216767619078
1261428221930688513
1261428238653558785
1261428239064616960
1261428246895181825
1261428263987015683
1261428296941633536
1261428302234836992
1261428304986374144
1261428318148182016
1261428322367500289
1261428322933719040
1261428346073710592
1261428350859403265
1261428355548753925
1261428356169510912
1261428364386226193
1261428364587479040
1261428377765867521
