1259151140899323905
1259151141150928898
1259151162797940737
1259151163238187008
1259151170930499585
1259151187611451393
1259151192694951939
1259155470465421312
1259155471010758657
1259155483753054208
1259155500182253568
1259155507991810050
1259155517185941507
1259155521300385792
1259155528955113472
1259155533937836032
1259155534176858112
1259155549930819587
1259155549972815872
1259155553869344769
1259155558193602560
1259155558432739328
1259155562186649604
1259155583418150912
1259155584793927688
1259155587620917248
1259155612967088129
1259155621221289989
1259155629660348417
1259155630205665281
1259155650808107008
1259155650791211010
1259155659196694534
1259155663164448769
1259155692692348929
1259155700707741697
1259155700896468995
1259155710644039683
1259155713361883137
1259155734656401412
1259155738737295366
1259155738770976768
1259155747167846402
1259155751261667328
1259155755300794368
1259155756525502467
1259155768567189510
1259155781460656128
1259155798330146816
1259155801886818305
1259155805720510470
1259155814859800577
1259155818529697792
1259155830651281408
1259155831016181760
1259155831297368065
1259155831846834176
1259155844119347200
1259155844555563009
1259155872783220739
1259155877094809600
1259155902919303171
1259155923043524609
1259155928198320130
1259155931939704833
1259155952932139015
1259155970036584448
1259155977984712704
1259155981725917184
1259155986939613185
1259156002865385472
1259156002940870656
1259156032162598919
1259156036319150084
1259156041415229448
1259156045315932162
1259156049740865543
1259156049875124224
1259156070330744833
1259156071035387904
1259156090975027200
1259156103750795265
1259156107605336064
1259156107840204800
1259156107970220033
1259156108045885441
1259156115830583296
1259156120846790657
1259156170272419841
1259156171426054144
1259156178782863360
1259156187423129600
1259156191269269504
1259156195920748545
1259156196247736321
1259156212630904833
1259156230007914496
1259156233312972800
1259156242557272066
1259156245891747845
1259156259661664257
1259156263394516994
1259156267324538880
1259156267832139777
1259156275310456832
1259156279467151364
1259156292079423489
1259156297183719427
1259156325927395341
1259156330100621314
1259156330452938758
1259156333858783238
1259156334836158464
1259156351487553536
1259156356109602816
1259156377009823748
1259156384521871360
1259156385708810240
1259156389949313031
1259156402200870914
1259156414666362883
1259156418353127433
1259156430881460224
1259156444215156736
1259156447805558790
1259156452335378432
1259156468999376896
1259156469015957504
1259156481615822850
1259156489501134853
1259156502226464769
1259156510233550853
1259156522673688576
1259156531347623937
1259156532081672202
1259156552050769921
1259156560602976256
1259156569352286209
1259156586372595717
1259156590743166976
1259156599467323395
1259156606559719424
1259156615179075584
1259156619549646848
1259156627883569154
1259156632291983363
1259156636880515073
1259156640105926657
1259156649220112388
1259156653435490307
1259156653540364288
1259156657252134914
1259156661874425857
1259156665280020480
1259156666274242561
1259156678525833219
1259156682858471424
1259156677942804482
1259156686813585408
1259156690412253184
1259160942690144256
1259160948780290048
1259160956069982208
1259160956048982018
1259160960239091712
1259160964907233280
1259160976869527553
1259160986663006208
1259160993957101569
1259160999015460864
1259161020024700934
1259161023216377862
1259161032355803136
1259161045022552068
1259161077700603904
1259161094817488898
1259161116493656066
1259161123791790080
1259161142192230401
1259161142083162112
1259161144796667906
1259161145186955264
1259161149700026371
1259161157497049088
1259161157585244160
1259161166640750592
1259161166754058241
1259161183338315776
1259161191403761664
1259161192733577218
1259161216670404609
1259161220634087424
1259161224366952449
1259161229907693570
1259161233594494984
1259161237042036742
1259161249289510912
1259161253907501063
1259161254125600768
1259161258512834561
1259161266926559233
1259161271980576768
1259161291610099714
1259161296177692672
1259161308747841536
1259161317749002241
1259161330478505984
1259161334157058049
1259161334735872002
1259161338661699589
1259161346282795008
1259161371746480128
1259161372052594688
1259161376444088320
1259161376494411778
1259161379337977858
1259161383649914880
1259161384161619969
1259161392277528577
1259161405107900416
1259161426578505728
1259161426775719938
1259161431267631105
1259161431552950272
1259161460690870272
1259161463706587136
1259161464113422339
1259161464654487553
1259161467976331264
1259161485584093185
1259161501321084934
1259161505557176320
1259161505926459395
1259161514956804096
1259161539648671744
1259161547391356939
1259161560699867136
1259161561127665664
1259161564688584706
1259161564906733571
1259161573349830658
1259161577170907138
1259161581050527745
1259161606380027905
1259161614739296256
1259161624218198017
1259161644292362240
1259161657441468419
1259161657588080642
1259161661748871168
1259161665138036736
1259161670682726401
1259161678236680192
1259161690551156736
1259161695618060290
1259161707974397952
1259161736185249799
1259161736554393602
1259161745773531137
1259161766392717313
1259161769756340225
1259161790446997505
1259161795958317059
1259161795949998082
1259161795995959296
1259161807673012226
1259161808310464512
1259161812349497350
1259161833572896770
1259161838274707456
1259161841164582913
1259161849737752576
1259161854074671104
1259161862786240512
1259161888664858624
1259161917123264513
1259161933384683521
1259161938770214912
1259161942695964673
1259161946533752834
1259161954402394112
1259161967069102082
1259161971561099267
1259161975789150208
1259161989361938432
1259161996404183043
1259162001147912195
1259162001403674624
1259162008869535748
1259162013332201473
1259162017266462721
1259162030621278215
1259162039160692736
1259162068307017738
1259162084551593984
1259162086489325568
1259162093250633731
1259162101534339072
1259162101819404288
1259162102067011584
1259162105426698240
1259162105279897602
1259162106101809152
1259162113928507397
1259162152671358977
1259162185730715649
1259162185990889472
1259162189304418305
1259162223064182786
1259162231540981761
1259162235588341760
1259162243775647745
1259162245147344896
1259162252193792005
1259162252474802182
1259162256992059394
