1257990523605807105
1257990524482383877
1257990548830531588
1257990552366309377
1257990562558275585
1257990574642204672
1257990581692719105
1257990603981426689
1257990608356081668
1257990615725338624
1257990624256692231
1257990628488679424
1257990633236705284
1257990645144313856
1257990682427482118
1257990687557144576
1257990690992091136
1257990695882649600
1257990699565318144
1257990704602718210
1257990716912893952
1257990728849829889
1257990733253902338
1257990750857461760
1257990758663151623
1257990774882537472
1257990775054401537
1257990775507505152
1257990779722780673
1257990783174684674
1257990788077715457
1257990791248691200
1257990797057830912
1257990804729147392
1257990813109424129
1257990821124517889
1257990821917233152
1257990829727047680
1257990833422258176
1257990834953293824
1257990842968612864
1257990851231461376
1257990854481977344
1257990858739089413
1257990876195966977
1257990880033718272
1257990902141853698
1257990909733433345
1257990934551080960
1257990948006645762
1257990954969153536
1257990956307099648
1257990968198008833
1257990977257500672
1257990984723554307
1257990985352654848
1257990997104967680
1257990998229164033
1257991005590237188
1257991005783162881
1257991009578946560
1257991009939619840
1257991022669225984
1257991026737852417
1257991027039834112
1257991034740658176
1257991035403337728
1257991039287267328
1257991039908040704
1257991052453183493
1257991055351431168
1257991065660948481
1257991076780085248
1257991081658142720
1257991094488436736
1257991099232239616
1257991128365838337
1257991132178415616
1257991132732182529
1257991132757274627
1257991135949131777
1257991139568779264
1257991139501760514
1257991143830110208
1257991156287377410
1257991156434010113
1257991160972349440
1257991173794336769
1257991174217797633
1257991177552441350
1257991177552498688
1257991182640185344
1257991182967287808
1257991207885701120
1257991220212760576
1257991220355268608
1257991224381763584
1257991228362305538
1257991240114733056
1257991241444163584
1257991245525327877
1257991256979931137
1257991290618142725
1257991295970263040
1257991317138923522
1257991320594862080
1257991328920670208
1257991337867128832
1257991353696477186
1257991362038894597
1257991370633027584
1257991392669904896
1257991399749808128
1257991403935858688
1257991403625254913
1257991403730284546
1257991408461340674
1257991412282544130
1257991433119809536
1257991446092746752
1257991450119360513
1257991454355525632
1257991454716071936
1257991458348576768
1257991459157860352
1257991471686246402
1257991476249690112
1257991487402528768
1257991492754259969
1257991496361541632
1257991497238097921
1257991505345753088
1257991518041694214
1257991518058676225
1257991518108909568
1257991531211915264
1257991534370336769
1257991543257993216
1257991556432138240
1257991559397756929
1257991563118067715
1257991572747980803
1257991584294961152
1257991594415972353
1257991596760461315
1257991608655478797
1257991627550883843
1257991627890712578
1257991643267022848
1257991647050203136
1257991652347645954
1257991656495820802
1257991657087090688
1257991660434345984
1257991661189238784
1257991676443820032
1257995989513895936
1257995989702660097
1257995993481535489
1257996005389283328
1257996009017393152
1257996017754046464
1257996027350724608
1257996051203723264
1257996056299790337
1257996067754426369
1257996072145862658
1257996085018034176
1257996102214791169
1257996106132324354
1257996110796382208
1257996114483130369
1257996114751418368
1257996131935694848
1257996140613697540
1257996160930852864
1257996169113997313
1257996173132128257
1257996173253718020
1257996173102768128
1257996173668999170
1257996177687134209
1257996185668915204
1257996198734172160
1257996210792792070
1257996215272251392
1257996223094517761
1257996224214507521
1257996235585224704
1257996235941859329
1257996236097011713
1257996239955689472
1257996252576247808
1257996256808439809
1257996257622061056
1257996264979017731
1257996298524831744
1257996315881078785
1257996316577333248
1257996319634763777
1257996320968769536
1257996345702580226
1257996357664681986
1257996369907908608
1257996369865949191
1257996369991786497
1257996370184556544
1257996370327285760
1257996391391125505
1257996404523274240
1257996406796832768
1257996425163612160
1257996428598628355
1257996432755302401
1257996437729669120
1257996445560553472
1257996450346053635
1257996453672374272
1257996454011920384
1257996462409031682
1257996483565142017
1257996484227878912
1257996492930981890
1257996501051154435
1257996504335151104
1257996508357709824
1257996534081376256
1257996551248543744
1257996554352418817
1257996593447526401
1257996596559699970
1257996605585854464
1257996609289359360
1257996618177089537
1257996621523980289
1257996622140772357
1257996634669096961
1257996642478895105
1257996647369453568
1257996672518496256
1257996676742164481
1257996685483139072
1257996697818460161
1257996701123690496
1257996715367567365
1257996715333783552
1257996727774298112
1257996738998108160
1257996743146266624
1257996748586352640
1257996769746735106
1257996782228799489
1257996793742274562
1257996819960905729
1257996836075302912
1257996849425899521
1257996864894365697
1257996873719328768
1257996894342656001
1257996897928822784
1257996899447181313
1257996932871413761
1257996937132990464
1257996953062866944
1257996978262282240
1257996986709655557
1257996990761381888
1257996999779127296
1257997009098850304
1257997013200797696
1257997024726790144
1257997025506930693
1257997028421971968
1257997028472258560
1257997029550313473
1257997023288020993
1257997046293958656
1257997057773563905
1257997057954021381
1257997066531373056
1257997088488656897
1257997104670216192
1257997108000354304
1257997108357054464
1257997116661735426
1257997120495386625
1257997124916187136
1257997125536768001
1257997134445465600
1257997138467979265
1257997142251184130
1257997150186868736
1257997150597849088
1257997154964123649
1257997160051666944
1257997162778165248
1257997163835068416
1257997184232013824
1257997184903057409
1257997192935211008
1257997205635399682
1257997222463057920
1257997225550110722
1257997225604636672
1257997230209994754
1257997230465826818
1257997242889314304
1257997250854297603
1257997251324121088
1257997254851526658
1257997264041238528
1257997268386549765
1257997272417275905
1257997285226471425
1257997285645930504
1257997288045248512
1257997292780630016
1258001565916573697
1258001565841055744
1258001567984345088
1258001580705501185
1258001596253904896
1258001596157321217
1258001601245007872
1258001608492941312
1258001609772142592
1258001609864425472
1258001612787855362
1258001617204412417
1258001617875374081
1258001626117345280
1258001634736484352
1258001654848372736
1258001655120961538
1258001655301173249
1258001655561240578
1258001668278489089
1258001671436865537
1258001675496931328
1258001679657492480
1258001680437702656
1258001683986083840
1258001696673992705
1258001696749506560
1258001714088681472
1258001726646304770
1258001735538356224
1258001751011217409
1258001760431550464
1258001764676186113
1258001768425938944
1258001797685231616
1258001798918520836
1258001801858744320
1258001806828998658
1258001811526635521
1258001840035237888
1258001848650342405
1258001852442034177
1258001868736921601
1258001877825806339
1258001885769990145
1258001889519599616
1258001889435713537
1258001890085920768
1258001893718188032
1258001893571342336
1258001894821236736
1258001906548510721
1258001907215409152
1258001914886750208
1258001919311740929
1258001935581548544
1258001944020467714
1258001957303828480
1258001994872225792
1258001995266502657
1258002016456118272
1258002020314812416
1258002023670329344
1258002062639607808
1258002065881735169
1258002065554538498
1258002071363739655
1258002087511654400
1258002120575500289
1258002124530765831
1258002124648177665
1258002128951324672
1258002133946789888
1258002136895553542
1258002137377726465
1258002141823807490
1258002150040297472
1258002163269320705
1258002184198852609
1258002184341458944
1258002192016896000
1258002221834407936
1258002234463272960
1258002255380242432
1258002255829180417
1258002263882166272
1258002272249733120
1258002279606747136
1258002281041141761
1258002313345560578
1258002306949197824
1258002326142488576
1258002334287892481
1258002335055450114
1258002339534966791
1258002381423419392
1258002384447516672
1258002388645969922
1258002389602381826
1258002393318465536
1258002393863684097
1258002414709248003
1258002418685616128
1258002423630761984
1258002434841964544
1258002435475472384
1258002443461427200
1258002443767611393
1258002451698864130
1258002465565208576
1258002469256216576
1258002473542995969
1258002476952768513
1258002485496541186
1258002489749757953
1258002495282073605
1258002532716236800
1258002536600133632
1258002536633643008
1258002573933469696
1258002574248214528
1258002595219755008
1258002603587375104
1258002608028938240
1258002615520186368
1258002631928184832
1258002636672061442
1258002661640732678
1258002670733975552
1258002678774366208
1258002691529285633
1258002698781196288
1258002700219715584
1258002704162590720
1258002712286781442
1258002737083617281
1258002737167564800
1258002737796710401
1258002745333821440
1258002749947609089
1258002753764364288
1258002758659121153
1258002783032291328
1258002797859143681
1258002800715456512
1258002808537673728
1258002812266590209
1258002833355550720
1258002854918438913
