1266029125204086785
1266029125871063041
1266029133198438403
1266029137493463040
1266029138567184387
1266029150650994688
1266029149770088448
1266029154358759426
1266029163024179208
1266029171375067142
1266029192015118344
1266029191511891970
1266029192359133185
1266029205487263745
1266029217113923584
1266029221576609792
1266029242497871874
1266029250819260416
1266029259153272840
1266029267806109696
1266029288425308160
1266029293638828032
1266029302228955136
1266029305412251648
1266029313469513728
1266029330489995264
1266029334801899525
1266029342708109312
1266029355831984128
1266029364031848453
1266029364161982464
1266029368305807362
1266029368754581504
1266029372516954113
1266029381249642496
1266029384630222849
1266029406109261825
1266029426892038144
1266029461390188550
1266029464628211713
1266029472916144128
1266029482495762433
1266029506810216450
1266029510727659522
1266029511067365377
1266029515123372037
1266029515521748993
1266029519271428097
1266029532156514304
1266029545431478275
1266029548501643270
1266029548925157382
1266029549659160577
1266029573688430598
1266029574267248640
1266029578465787904
1266029578545487877
1266029590864158720
1266029595540639744
1266029595565883394
1266029608454914049
1266029612338995200
1266029615686049792
1266029645335416833
1266029653921345537
1266029670165876737
1266029679057743876
1266029682958499841
1266029707914629122
1266029717552947200
1266029702516523014
1266029720623362048
1266029724050087937
1266029741707898881
1266029750885195777
1266029768157261824
1266029771030327297
1266029774809567232
1266029779683287041
1266029800721768448
1266029813430657026
1266029821148053504
1266029825837465601
1266029830463578112
1266029834381045760
1266029842388017152
1266029850793394178
1266029863309172736
1266029868225048576
1266029875875459073
1266029893143465986
1266029900730896385
1266029900936421379
1266029927079575558
1266029930959134726
1266029930963402752
1266029935535235077
1266029938391388161
1266029946985754626
1266029955353362432
1266029964798816256
1266029992842059777
1266030014455308288
1266030018716672002
1266030022546141186
1266030048332537856
1266030051813974016
1266030052657049600
1266030060466843653
1266030085653565444
1266030102862794754
1266030119619104768
1266030144612904960
1266030157292285959
1266030160589008896
1266030160568074242
1266030190234415104
1266030194164486147
1266030208097763328
1266030211855982593
1266030216314597376
1266030223663009792
1266030227764858880
1266030227714703367
1266030245641150464
1266030249185173504
1266030249793347584
1266030261935828992
1266030262086799360
1266030266746880001
1266030291707031554
1266030300049661952
1266030308614422528
1266030328625364992
1266030328914690050
1266030333004136448
1266030341543751681
1266030350209290240
1266030353908510720
1266030354571366401
1266030382949863425
1266030383625207810
1266030384036433920
1266030388050362368
1266030395499245569
1266030396313042947
1266030404294725633
1266030412603809792
1266030425878589440
1266030442068795399
1266030442685140992
1266030463396667392
1266030472112377856
1266030484020170754
1266030500470124544
1266030509739696133
1266030512826658816
1266030517981347840
1266030529842941952
1266030530241409025
1266030534280597505
1266030542891384835
1266030555738656770
1266030568791257088
1266030572352278529
1266030576127168515
1266030577062420488
1266030592757510145
1266030597962637314
1266030606195896320
1266030610205810690
1266030618883883016
1266030643483250688
1266035114426937346
1266035119082610688
1266035144328183811
1266035148291792896
1266035198057238528
1266035198753415169
1266035206617792515
1266035206932348929
1266035207364390914
1266035236678152192
1266035248699109376
1266035278285869063
1266035282945728513
1266035303619293184
1266035307167834113
1266035311697637377
1266035316483215360
1266035332677619743
1266035337165336576
1266035340948541442
1266035341426692097
1266035362780057601
1266035363040169985
1266035396359499776
1266035396552556544
1266035400121999366
1266035404786077697
1266035408233734144
1266035408577544192
1266035408565153793
1266035408623853570
1266035412499419138
1266035424985665536
1266035429347819522
1266035434242682880
1266035450482999308
1266035455356817412
1266035466568192000
1266035475548160004
1266035476043005952
1266035479696347137
1266035491612381185
1266035504723759116
1266035508712333313
1266035521823875072
1266035525930102784
1266035576756752386
1266035600735510529
1266035601192521728
1266035609078022147
1266035613960040448
1266035618678620161
1266035622461837312
1266035638458966016
1266035659732647937
1266035668305797125
1266035676597739520
1266035676467941376
1266035681018540032
1266035681794686977
1266035688652374017
1266035693781946368
1266035714677895169
1266035748102275072
1266035756025479169
1266035768587411457
1266035773528256512
1266035778083266562
1266035781795229696
1266035786509512705
1266035789944819712
1266035789965611008
1266035790565584896
1266035803190419457
1266035806612918277
1266035814980435969
1266035815098048512
1266035827710267395
1266035835750592512
1266035841014661120
1266035848648069128
1266035869019971584
1266035869456240640
1266035869456220160
1266035869821153282
1266035873575055365
1266035882781376513
1266035891182567425
1266035916373585920
1266035919670456320
1266035944894930945
1266035953434603520
1266035953942003715
1266035961978327047
1266035965879083008
1266035979162279937
1266035979703500800
1266035979854524416
1266035983197147138
1266036024821645312
1266036024729391104
1266036028546011141
1266036029208715264
1266036050469613570
1266036053762342921
1266036054668140544
1266036058355052545
1266036058820620293
1266036059261059072
1266036063094652928
1266036067335102465
1266036079557259264
1266036079594926081
1266036095780884481
1266036104421089281
1266036116622360577
1266036130039894016
1266036133449916417
1266036155511902210
1266036179293609984
1266036184238698496
1266036189322248192
1266036208825708544
1266036209366839297
1266036209329061889
1266036234511618049
1266036235266658312
1266036239339266049
1266036243466510336
1266036251808927744
1266036259899805705
1266036267549986818
1266036273216708611
1266036284595728384
1266036285304692737
1266036285694636032
1266036305470935041
1266036310302773251
1266036318984953856
1266036355752230912
1266036355848712193
1266036356456878083
1266036356872048643
1266036360957304832
1266036380746031104
1266036385162694657
1266036394121707520
1266036410378620928
1266036411209330689
1266036415646834689
1266036439827058688
1266036444394663941
1266036456507740164
1266036482856402944
1266036490133319680
1266036494688542724
1266036503622418433
