1258127433921777664
1258127437675798529
1258127442377609219
1258127446718717952
1258127455078006784
1258127458529927171
1258127462220943361
1258127463248465922
1258127471226114048
1258127487956955138
1258127488385011713
1258127492310802432
1258127501584404480
1258127509033451524
1258127517421985792
1258127526175535104
1258127538255257603
1258127542462091264
1258127542638260225
1258127543485505536
1258127559969161218
1258127584761708551
1258127593905192962
1258127601299869698
1258127602147098626
1258127606223962115
1258127618706153479
1258127626671194113
1258127631322697728
1258127632362885120
1258127635542085632
1258127635571499011
1258127647223283717
1258127651459313664
1258127655683096578
1258127660783370241
1258127677917220866
1258127682132496386
1258127694354669568
1258127698783682560
1258127706325213184
1258127706677489664
1258127723769278465
1258127731553759232
1258127731574870016
1258127735991328768
1258127736469626880
1258127752047312896
1258127756300345349
1258127756988239872
1258127761165750273
1258127777036992514
1258127777875628032
1258127781680107520
1258127799203893248
1258127820284260352
1258127827892871168
1258127828748468224
1258127836872937478
1258127878878834693
1258127920469553152
1258127920599461888
1258127933329117184
1258127936735055874
1258127945358544897
1258127949808775170
1258127975020716032
1258127999884541952
1258128000136118273
1258128004011585538
1258128007992049664
1258128008893935622
1258128016712118272
1258128021237772295
1258128025952149505
1258128034328121344
1258128042402201606
1258128059103883265
1258128062555852803
1258128067249221633
1258128076816482305
1258128092515745792
1258128100451332098
1258128117673140224
1258128125629657089
1258128129685549057
1258128155589644289
1258128158357946369
1258128163701493760
1258128167694409730
1258128185042051072
1258128197717286914
1258128209943592961
1258128222237216770
1258128222996267012
1258128234748805120
1258128235050737666
1258128239689523200
1258128256164933632
1258128256311664642
1258128259763634176
1258128269427146752
1258128272405270528
1258128293875810305
1258128294387437568
1258128297394913286
1258128302591614977
1258128306249125892
1258128309910745088
1258128310778892291
1258128323990786048
1258128369209749504
1258128377225121792
1258128378311426049
1258128385118633986
1258128390739169280
1258128395142967298
1258128399156965376
1258128399400394753
1258128419188965377
1258128419541454855
1258128418941566978
1258128420275437573
1258128436545105920
1258128440504406018
1258128444346568708
1258128444451196928
1258128445512581126
1258128457306763264
1258128461715079170
1258128465339068416
1258128512126500864
1258128519814504449
1258128524055130119
1258128532665925635
1258128545609658372
1258128553503318019
1258128557856956416
1258128567709208576
1258128579038261255
1258128590761340929
1258128599963467776
1258128600932462593
1258128612294905857
1258128613020438530
1258128625167224834
1258128625137856513
1258128649930387456
1258128654657368065
1258128658251874306
1258128662760689667
1258128671241637888
1258128679248506881
1258128696621379585
1258128717076979714
1258128717957738496
1258128738820198405
1258128739289964550
1258133015718432768
1258133038321590273
1258133087784968194
1258133088502251520
1258133104373444612
1258133112363548672
1258133113458307073
1258133113714008064
1258133138636705797
1258133142134829056
1258133142281637893
1258133142713651203
1258133162976317446
1258133171326955521
1258133172463603713
1258133204873216001
1258133209264447488
1258133214184513537
1258133239295770628
1258133246971244544
1258133247151820803
1258133247709663234
1258133251195121670
1258133259613069317
1258133268202958860
1258133277174620160
1258133309693079553
1258133322645069825
1258133343369072646
1258133344765657088
1258133347512930305
1258133348221882368
1258133360133705730
1258133360284774405
1258133369197457408
1258133369197670400
1258133377754042374
1258133377208553473
1258133381050707976
1258133423585181696
1258133428144398337
1258133444124688385
1258133462097317891
1258133473543553026
1258133494242443266
1258133494858997760
1258133499334156288
1258133515209588737
1258133520448466951
1258133532049903618
1258133532838375427
1258133561447714818
1258133562949279744
1258133570197094407
1258133586613432325
1258133590883393536
1258133590912745472
1258133595006177281
1258133599305564160
1258133620121731072
1258133624492191744
1258133637431611392
1258133641936297985
1258133650127847426
1258133659317686273
1258133674580729856
1258133674966515714
1258133675356684296
1258133679626477570
1258133695443144704
1258133704649539584
1258133713147301888
1258133717299499009
1258133737415548929
1258133755081850880
1258133758944833536
1258133763361472518
1258133771074842633
1258133780457574400
1258133797049995266
1258133801055723520
1258133834790506496
1258133851379060736
1258133855631847424
1258133864368791553
1258133864549167104
1258133867841630208
1258133867862487040
1258133867774476288
1258133868567072769
1258133888829804546
1258133892646797312
1258133923084763136
1258133947847970823
1258133952465760256
1258133956567928837
1258133969146699783
1258133972816744448
1258133973261258753
1258133973647187968
1258133981494759429
1258133989149282305
1258133994065072129
1258133993922473987
1258133998586540034
1258134006480109571
1258134010217336836
1258134010603220993
1258134015078531075
1258134039711682560
1258134039887851520
1258134039933878277
1258134045122269188
1258134074343993345
1258134102626238475
1258134110566002690
1258134111954317317
1258134112029806595
1258134115867492352
1258134116073177094
1258134124210069508
1258134136138502144
1258134144401301504
1258134170154524673
1258134174998966281
1258134179746734081
1258134183194615808
1258134199887966208
1258134208758898693
1258134208834203648
1258134236894130176
1258134237607329798
1258134245807132681
1258134249770823686
1258134270201098240
1258134279055446020
1258134282809245697
1258134283304173568
1258134296054898696
1258134308180631552
1258134312064516096
1258134316716036096
1258134355073011714
1258138645577510912
1258138669879156737
1258138670604918784
1258138674555949058
1258138686803369985
1258138720420737026
1258138720722653184
1258138733720690688
1258138738384867334
1258138746341466113
1258138771314421760
1258138787936235520
1258138797398622208
1258138800250736642
1258138805334355968
1258138813731348483
1258138826314301442
1258138830244384768
1258138834027585537
1258138884145385477
1258138893381242881
1258138896963174404
1258138913417375748
1258138918366531585
1258138938767622144
1258138955511463936
1258138959827415041
1258138969126121473
1258138969025503240
1258138972632604673
1258138993012682758
1258138997295140871
1258139005859663872
1258139006111551488
1258139014080724994
1258139014130884608
1258139014856675329
1258139022683144193
1258139026462212098
1258139031239606273
1258139039246561282
1258139044464283649
1258139051896434688
1258139052533968896
1258139077523709952
1258139086113566721
1258139110679683072
1258139110746841088
1258139123031977990
1258139123887587328
1258139127771475970
1258139128035713024
1258139136483000321
1258139141512081408
1258139148726272009
1258139148868861953
1258139149099577349
1258139156695269378
1258139160629706755
1258139170230489088
1258139186684735495
1258139191126495237
1258139194406420480
1258139199271833600
1258139215935803392
1258139216116154368
1258139220725678080
1258139232704569347
1258139248731082753
1258139257887170561
1258139266036703237
1258139271271243777
1258139275201335298
1258139279324336133
1258139283472502787
1258139290934161413
1258139308722192386
1258139312119517190
1258139312761298948
1258139312912322561
1258139315902840834
1258139321732825088
1258139329353973767
1258139337503330304
1258139338220675073
1258139350086430721
1258139366305796096
1258139370638450693
1258139379878342656
1258139425105731589
1258139459138314240
