1266215113209417729
1266215130255122432
1266215133958639616
1266215147137306624
1266215163990085639
1266215164300472321
1266215168201166848
1266215168557678592
1266215173024632832
1266215174559719427
1266215196781170688
1266215197338984449
1266215223125512194
1266215239558860800
1266215248341729283
1266215256470228992
1266215265630482432
1266215276795908097
1266215291706658816
1266215307850534912
1266215315995680771
1266215322802991105
1266215322849177601
1266215335901851648
1266215361940279296
1266215399290437637
1266215402851491840
1266215403098906624
1266215415123976193
1266215419792297986
1266215421553913856
1266215433495085057
1266215436569493504
1266215436833693696
1266215440839143424
1266215441355149318
1266215482593619969
1266215490910904320
1266215508698820608
1266215512846917633
1266215515565035520
1266215520132640769
1266215525400576001
1266215525639761921
1266215528424706050
1266215532337889281
1266215537899700224
1266215546032439296
1266215553636732928
1266215568501170179
1266215577112195072
1266215578546647041
1266215583449841664
1266215585534402560
1266215592375259141
1266215597106495488
1266215598150705152
1266215603510996992
1266215604702322689
1266215626491809793
1266215646070575106
1266215650566868993
1266215655990231046
1266215669437100033
1266215670561116160
1266215671144177664
1266215679054819328
1266215718544171014
1266215735845478400
1266202605342072832
1266202605404983296
1266202605862170624
1266202611126075392
1266202618235404288
1266202622500929536
1266202623356604416
1266202623864078336
1266202624342327298
1266202627685208064
1266202630558277634
1266202630516346880
1266202631363366912
1266202647218081794
1266202674719932416
1266202690041888769
1266202705980203009
1266202707074916354
1266202710661050369
1266202712170876928
1266202716541460481
1266202723315150850
1266202728981762048
1266202752935477248
1266202753753366528
1266202765048647683
1266202770673029120
1266202771243622400
1266202777220526080
1266202784610701312
1266202794425348096
1266202799626489857
1266202804126769152
1266202853892292608
1266202854311653377
1266202862456958978
1266202875325149190
1266202875811606528
1266202877841866752
1266202895621386241
1266202899412967426
1266202903578116098
1266202909219438593
1266202916857286657
1266202920325955594
1266202921785364480
1266202932770373638
1266202933886160898
1266202936771850242
1266202946347270144
1266202953519632384
1266202958091468800
1266202960159281152
1266202966043885574
1266202968241721345
1266202974382104577
1266202975665618945
1266202980388241408
1266202984813400066
1266202997320822784
1266203004866265088
1266203016362893313
1266203020506923008
1266203021924589568
1266203024852041728
1266203033567932417
1266203044133384192
1266203064945373184
1266203084012871682
1266203085048672257
1266203093043118081
1266203117974163457
1266203125389631489
1266203127549693953
1266203130909384705
1266203138165538818
1266203147355095041
1266203147959238657
1266203148244389888
1266203163318718466
1266203172894359553
1266203173049503744
1266203173909389317
1266203177751203843
1266203181517885440
1266203189608620037
1266203192997658624
1266203193475809283
1266203226107375617
1266203239252451328
1266203240649109510
1266203243786440705
1266203248517451778
1266203252565118977
1266203260626653184
1266203267962490882
1266203269749182469
1266203280956289024
1266203320714215431
1266203329102831616
1266203333343293442
1266203339601174531
1266203343803895813
1266203360589381632
1266203361461907456
1266203377253449728
1266203398921207811
1266203407926394880
1266203430235762688
1266203437072449536
1266203441015083008
1266203441900032003
1266203444668329984
1266203471654432769
1266203475614085120
1266203478097100801
1266203486632333314
1266203496233218048
1266203504399593473
1266203509352996870
1266203511991173123
1266203513312378880
1266203524209283073
1266203530697809920
1266203554945159168
1266203558514311168
1266203571311108096
1266203571579740160
1266203576482721794
1266203578907189249
1266203596246462464
1266203596640489474
1266203622376738816
1266203644136837120
1266203649677688832
1266203654496776192
1266203658380853248
1266203664063950850
1266203676219228161
1266203682292600833
1266203683383119872
1266203704849428483
1266203713523376130
1266203721970696192
1266203747480481792
1266203780476891136
1266203785598242816
1266203796637650944
1266203797514121216
1266203806603202561
1266203806808838144
1266203813758660608
1266203837075017734
1266203839042072577
1266203839381876736
1266203843097792513
1266203865315020800
1266208290628947969
1266208291471929344
1266208303618707457
1266208305875005440
1266208306563031040
1266208311487029248
1266208322396409858
1266208327513628672
1266208331284135937
1266208339568078856
1266208353820323840
1266208357624557568
1266208369712312320
1266208383213977600
1266208395381571584
1266208397722083329
1266208406400090115
1266208411261288448
1266208432136368132
1266208439685967873
1266208444907810823
1266208446535348225
1266208448015990785
1266208448552845314
1266208449177759744
1266208454001262592
1266208456991793154
1266208479708172294
1266208502831214592
1266208508850159616
1266208561387929601
1266208561798934530
1266208574864228352
1266208579687608321
1266208586994200578
1266208591578574853
1266208592002052098
1266208593189142528
1266208594766200834
1266208620506607618
1266208624248000515
1266208681332314113
1266208696725430273
1266208716673748997
1266208727314694147
1266208746809819137
1266208755496169475
1266208758926962688
1266208760248360961
1266208763524120586
1266208768330776580
1266208771086454784
1266208771421777921
1266208775347810309
1266208776635297793
1266208797737000960
1266208797984534528
1266208798848552970
1266208801562046464
1266208810491920384
1266208834114080768
1266208864220872710
1266208879890755584
1266208883367968768
1266208898886832128
1266208902124888065
1266208909368406030
1266208914833657856
1266208927412346880
1266208929115181056
1266208930713264128
1266208934676717570
1266208942926880769
1266208943099064321
1266208947528241153
1266208960190742529
1266208981313347584
1266208996031033344
1266209015643570177
1266209015899607040
1266209016130174977
1266209025244479488
1266209035977666560
1266209036971597824
1266209037722554368
1266209039811297281
1266209049458233345
1266209070236626944
1266209073634181120
1266209082559434753
1266209086342705152
1266209089685774344
1266209089996181505
1266209094970429441
1266209103782842368
1266209106597228545
1266209107842936834
1266209115862380550
1266209135957348352
1266209145495191553
1266209175970988037
1266209178156240898
1266209186121203713
1266209187882610689
1266209194836807681
1266209195671662595
1266209199475904524
1266209208216797185
1266209225216274433
1266209229972680704
1266209237862092800
1266209249828368386
1266209266052063232
1266209276953010181
1266209278450270210
1266209292023148544
1266209303590916101
1266209309290926084
1266209312143097856
1266209322129915905
1266209338361655298
1266209345806782465
1266209359622803457
1266209393164484608
1266209401645350912
1266209384012509184
1266209411917381633
1266209417021861888
1266209417592274945
1266209434705047553
1266209446428127232
1266209481928478720
1266209486966005760
1266209490434764801
1266209494008238081
1266209505857028097
1266209513335595009
1266209515462164493
1266209526354567168
1266209526975520768
1266209535309553664
1266209540959281153
1266209553382858752
1266209561377214464
1266209581681774597
1266209582323511296
1266209582491357187
1266209585863540737
1266209612828749825
1266209612870627328
1266209620672086017
1266209633292750849
1266209639839850496
1266209640414507008
1266209665546846208
1266209687143407616
1266209686690332672
1266209689844322305
1266209695125168132
1266209708635049987
1266209716629393414
1266209724317536256
1266209744068509696
1266209752654049280
1266209756877905926
1266214215804760064
1266214238781136900
1266214246435586050
1266214249459843073
1266214262822760448
1266214265813417984
1266214269902880768
1266214271609761794
1266214271785918464
1266214273971347461
1266214275489636353
1266214280019488769
1266214282993287168
1266214284557611008
1266214305105674242
1266214312005242881
1266214316493213696
1266214326618259456
1266214330611249152
1266214370939293703
1266214376488370179
1266214391613018115
1266214400547074053
1266214400815292416
1266214401146671104
1266214408956440576
1266214431089975298
1266214422931894272
1266214447359488000
1266214451969024003
1266214456209469440
1266214468972879874
1266214479756275712
1266214481102856192
1266214488052764673
1266214501768028160
1266214505429831680
1266214522710142978
1266214543744733184
1266214552699572230
1266214584999800832
1266214585641492480
1266214590393864193
1266214616427790337
1266214618457915395
1266214620122902528
1266214624359141383
1266214624367652865
1266214627018452992
1266214628020957185
1266214643560861696
1266214699298885632
1266214702503387136
1266214707058348035
1266214715228934145
1266214720115216385
1266214744815472640
1266214749974519809
1266214754458071042
1266214756471451649
1266214756660195328
1266214761441767429
1266214774532190209
1266214775555579906
1266214778273488898
1266214781444374528
1266214787341357056
1266214792257208321
1266214795952480258
1266214803032305664
1266214805494542337
1266214806694105089
1266214811701923840
1266214836628684801
1266214845231267842
1266214855364628480
1266214857386479616
1266214863363178497
1266214874901856256
1266214905037930497
1266214912667385857
1266214912688185344
1266214923731959815
1266214940773437440
1266214949442990080
1266214958947336192
1266214974315098112
1266214974839537667
1266214977423081472
1266214977490292740
1266214991084036096
1266215026290864128
1266215026366582784
1266215042065760257
1266215043819098113
1266215046234832896
1266215076308160512
1266215110910947328
