1258426373905006592
1258426379080777730
1258426407883100163
1258426412014333954
1258426412853231616
1258426416338800642
1258426441936654339
1258426445816356865
1258426449553432583
1258426449972903937
1258426449930981376
1258426450450890752
1258426462375481344
1258426466171305986
1258426471355502603
1258426483682488321
1258426491727036417
1258426496127062016
1258426500526870532
1258426504054280192
1258426504565972992
1258426508365967361
1258426525038178304
1258426525860474881
1258426529714823168
1258426550191562752
1258426563399266304
1258426567417450496
1258426567602040832
1258426572001943552
1258426575843885056
1258426580143136769
1258426588527501312
1258426592461836289
1258426600535793667
1258426605141098496
1258426613089394688
1258426609813671936
1258426622014902272
1258426626624253952
1258426634207666181
1258426654680141825
1258426655628025857
1258426659247738881
1258426659868495874
1258426672241471488
1258426680324038664
1258426693213138945
1258426726595649537
1258426730492067840
1258426760175198210
1258426764851904512
1258426764868628483
1258426776763547649
1258426785211068417
1258426797265428482
1258426798653743112
1258426818971013123
1258426822661980160
1258426823203074056
1258426827493855234
1258426835454623745
1258426857147506688
1258426861115375617
1258426861308260353
1258426869038436352
1258426862612762625
1258426885949792257
1258426890479689729
1258426890718711814
1258426894686523394
1258426903146397698
1258426907164643330
1258426907370061824
1258426915112710145
1258426919718133760
1258426931466440704
1258426940496592897
1258426995282714628
1258427011544109057
1258431280959668224
1258431286127050754
1258431286382919686
1258431294272425989
1258431303004889091
1258431310793715712
1258431310751817728
1258431315206008832
1258431319262068739
1258431319253663744
1258431344834682881
1258431348886376449
1258431385947209728
1258431391412260864
1258431394621149185
1258431424425680897
1258431428985004038
1258431441072844801
1258431440884244483
1258431457657270284
1258431474501591041
1258431478658207744
1258431479199260672
1258431479140540421
1258431483120889857
1258431487050989571
1258431516469854208
1258431516960526342
1258431520878071809
1258431528947908609
1258431529287585792
1258431533335097352
1258431541765693450
1258431542130401281
1258431542168256512
1258431542239649797
1258431554021396481
1258431553861894144
1258431554457665541
1258431554642214913
1258431558593048581
1258431571138396165
1258431583314477057
1258431584182644736
1258431587915612167
1258431587957575686
1258431588125286407
1258431592525172738
1258431596786585600
1258431600108462082
1258431600683028480
1258431604936060930
1258431617292365826
1258431626142507008
1258431633952092160
1258431642676281346
1258431650184265730
1258431658480394243
1258431658795118592
1258431659214544901
1258431672074358789
1258431680110628864
1258431677480800256
1258431680714604546
1258431693079433223
1258431697395372032
1258431717792256001
1258431730282872834
1258431751170351105
1258431760376967168
1258431764365807627
1258431764185395201
1258431790118821897
1258431797429334016
1258431801594429440
1258431801665761289
1258431814525489155
1258431822725369856
1258431848423792643
1258431856195723264
1258431856267182082
1258431856371957761
1258431860205588486
1258431865104601089
1258431873698709505
1258431873727950848
1258431902417027075
1258431906984722433
1258431906225553414
1258431911426437120
1258431919068495872
1258431931475267589
1258431932079185930
1258431936105775105
1258431944137850880
1258431944804704257
1258431956586389505
1258431956909522944
1258431957295419392
1258431977616740354
1258431978203951105
1258431994993745920
1258432002883153920
1258432019991867393
1258432027520577536
1258432032432099334
1258432045275066371
1258432061389582337
1258432066691227648
1258432082730237952
1258432083342565376
1258432086974717952
1258432096068161536
1258432108571308044
1258432112417550336
1258432137457360897
1258432158156414976
1258432158697480195
1258432162711375873
1258432162560278528
1258432178964385794
1258432183691288578
1258432188145528832
1258432204843233281
1258432208328691712
1258432216792813568
1258432221637214208
1258432229870632960
1258432234156994560
1258432242336124929
1258432271192915970
1258432292818694145
1258432309742710784
1258432321696354304
1258432326482132993
1258432334824722434
1258432334828896258
1258432342013538304
1258432342621896704
1258432346723962880
1258432351052464130
1258432372824997888
1258432381423419393
1258432381293338626
1258432385378631680
1258432409667801088
1258432409604771840
1258432410053758976
1258432416831737856
1258432426629529600
1258432439422259201
1258432439598419972
1258432439757742081
1258432456027406336
1258432455989702658
1258432455666794498
1258432456606146560
1258432460183961602
1258432460322299905
1258432464751558657
1258432469042372610
1258432476957020161
1258432477342978056
1258432477561053186
1258432490085199874
1258432502005485573
1258432506321305601
1258432510876319749
1258432531181047810
1258432531466203136
1258432543893970944
1258432548272832512
1258432561287700482
1258432573921001472
1258432577851076608
1258432578203389957
1258432581625733120
1258432586709336064
1258432595060297728
1258432598575124481
1258432598499524612
1258432598839308289
1258432606787559424
1258432607131521032
1258432615423586305
1258432616161673216
1258436986072756224
1258436989931708419
1258437006939561985
1258437019660963842
1258437023863582721
1258437044797308929
1258437053320052737
1258437053508988930
1258437057011159040
1258437061830311936
1258437065789919232
1258437065869533184
1258437074568597505
1258437082101342209
1258437104058667009
1258437111440527360
1258437115781746695
1258437124027629568
1258437124338180098
1258437128767385600
1258437132517101568
1258437136753270789
1258437136887545856
1258437153559904256
1258437157594599424
1258437165157019648
1258437171155030020
1258437178964803590
1258437179237425152
1258437187059748864
1258437204491239426
1258437212879781888
1258437213039321088
1258437229132865537
1258437228361105408
1258437238226116610
1258437242114265088
1258437258711105537
1258437258954395649
1258437267326152704
1258437271004393473
1258437275324755969
1258437284019548160
1258437288473829378
1258437309260804096
1258437312809230337
1258437355955867648
1258437359701458946
1258437368157286402
1258437368211742723
1258437368459268104
1258437376034177027
1258437376499691522
1258437379217436672
1258437380064804865
1258437384963649536
1258437409794068485
1258437413984260097
1258437418660900865
1258437426856558592
1258437427225600001
1258437424180584451
1258437447630929922
1258437447903580161
1258437452093685762
1258437455969206272
1258437485618741248
1258437493294198794
1258437497798848513
1258437498088361985
1258437527444180994
1258437526873915392
1258437535354818562
1258437556527644672
1258437565427916807
1258437572986109953
1258437585623552006
1258437594335059968
1258437598898319360
1258437619349782528
1258437636852797444
1258437640275267584
1258437648873553920
1258437649116823552
1258437653239914496
1258437661645307906
1258437665982230528
1258437678699143169
1258437694818070529
1258437688665006082
1258437698580332546
1258437706733907969
1258437706935402500
1258437711687344128
1258437732445151234
1258437745359405056
1258437750094737408
1258437761830465547
1258437766100054016
1258437766603517952
1258437770185510913
1258437774719541249
1258437782755835909
1258437803513221121
1258437807871320064
1258437816343805954
1258437817027440645
1258437825294409730
1258437841744470017
1258437841966845959
1258437850099585029
1258437863227695105
1258437870756511745
1258437871255642119
1258437879086362628
1258437892541685761
1258437895997841409
1258437908501012480
1258437917925654530
1258437921436205056
1258437925198606340
1258437929518628871
1258437934350548992
1258437946480431104
1258437955099779072
1258437963651911680
1258437971344330753
1258437972019474439
1258437983759486976
1258437991816499201
1258437993016115201
1258437996933795843
1258438005628567552
1258438014042333186
1258438017091502080
1258438022724378624
1258438026683920385
1258438034829213696
1258438038843203584
1258438051832967171
1258438092756791307
1258438106233126912
1258438110460944384
1258438114231582721
1258438122284687362
1258438148230541312
1258438155964833792
1258438177095856134
1258438177452326918
1258438190249148419
1258438223602253824
1258438227192496130
1258438240245297152
1258438244045336576
1258438248545898497
1258438252392046592
1258438252614176768
1258438260726157312
1258438265230647302
1258438273938178054
1258438277562015744
1258438281747972096
1258438299091378176
1258438310898413569
1258438315981836289
1258438320578801674
1258438320524275712
