1258217175896272896
1258217182959480833
1258217187581390849
1258217188093079552
1258217197027106816
1258217200319696898
1258217204459474954
1258217204723650567
1258217212877238272
1258217229646213126
1258217230208086017
1258217233832124418
1258217243298549760
1258217250676338690
1258217258737901568
1258217268430934019
1258217280036626432
1258217284134453253
1258217284478345219
1258217288236445696
1258217301729374208
1258217326996062209
1258217338828140544
1258217342892494850
1258217346906206208
1258217348294721536
1258217360772796416
1258217367995285510
1258217372407574530
1258217376404905984
1258217377508057089
1258217377696632833
1258217389281480712
1258217393253474304
1258217397472899074
1258217402753523717
1258217422084964352
1258217425805271040
1258217436345593858
1258217443383623680
1258217448194674688
1258217448924303360
1258217465139453954
1258217473247150080
1258217473511321601
1258217478427213828
1258217481132544002
1258217495292514309
1258217498467500032
1258217498954076161
1258217502657609731
1258217519363559431
1258217519657226242
1258217523880869889
1258217541547114506
1258217561931513864
1258217570089472001
1258217573528883202
1258217578616385536
1258217623696936969
1258217662804615168
1258217665333653505
1258217677996294144
1258217678348537859
1258217687517454336
1258217691573178368
1258217717196156929
1258217742177427458
1258217742534049792
1258217745906311168
1258217750092226561
1258217753862787073
1258217762125762560
1258217762771496961
1258217770438754304
1258217775501279232
1258217784888176640
1258217803900792834
1258217804655923200
1258217809747668994
1258217821068238850
1258217834556977152
1258217842740277249
1258217859618045952
1258217867557826560
1258217871538376704
1258217900768288773
1258217901556809728
1258217905633845248
1258217909953761280
1258217929851768837
1258217942375976961
1258217951766827009
1258217964672880640
1258217968183283712
1258217976781832200
1258217977536630784
1258217984562286594
1258218001108799488
1258218001205063680
1258218002207715330
1258218014379511808
1258218015063068672
1258218036038905856
1258218039146942466
1258218039801024512
1258218047845756928
1258218048428916739
1258218052027658242
1258218055882215430
1258218068443979778
1258218111251165186
1258218119371190272
1258218122823307266
1258218127868989441
1258218135192137728
1258218139571163142
1258218143639646211
1258218144193118208
1258218161595461636
1258218161872285696
1258218161993912321
1258218165303234562
1258218181455470592
1258218182529167362
1258218186887045121
1258218186790576129
1258218190351601664
1258218199679524866
1258218203789930496
1258218207640346625
1258218254167916544
1258218262174760962
1258218266612260869
1258218274917138434
1258218287466340352
1258218295825588224
1258218303463571462
1258218312154206213
1258218321608159235
1258218333381562369
1258218341866409984
1258218345469341696
1258218354445295616
1258218354826833920
1258218367489581056
1258218367669997568
1258218392290557952
1258218399831920641
1258218400347828224
1258218404801966081
1258218413803134978
1258218421239463938
1258218441485533185
1258218459235627009
1258218463044104192
1258218483717943297
1258218484242223104
1258218496892104704
1258222799325409285
1258222845978570753
1258222849648726023
1258222862760136708
1258222870779637763
1258222871735701504
1258222874877464578
1258222900185714688
1258222900596875264
1258222900714315782
1258222901360078849
1258222921211801600
1258222929621536768
1258222930749583360
1258222963205255169
1258222968171384835
1258222972713697287
1258222997191774214
1258223005454471168
1258223005580353539
1258223006922530816
1258223009355010048
1258223018167480320
1258223027441012737
1258223035624153088
1258223067974848518
1258223081073577991
1258223101805867008
1258223105484353536
1258223105912209412
1258223106977484801
1258223118679601154
1258223119036284930
1258223127550734342
1258223127756062722
1258223135985467392
1258223136174157829
1258223139475075077
1258223181829005312
1258223186291961861
1258223202276274176
1258223220890746886
1258223232177635333
1258223252478078977
1258223253362888704
1258223257729110016
1258223273344729089
1258223278793072640
1258223290491043840
1258223291568979968
1258223319544926210
1258223323823169538
1258223328721960960
1258223344853364736
1258223348900933633
1258223349077086214
1258223353409789952
1258223357855764480
1258223378395213825
1258223383164129285
1258223395688325121
1258223400805298176
1258223408187408385
1258223420057190401
1258223432912732160
1258223433118298112
1258223433386586112
1258223437673189376
1258223454387658753
1258223463195725825
1258223471831560192
1258223474868473857
1258223495630270466
1258223513892241408
1258223517243334657
1258223522129813507
1258223529163665409
1258223538445717504
1258223555180978178
1258223559731642369
1258223593567195137
1258223609723654146
1258223614496825344
1258223622834909184
1258223622948298754
1258223626169520128
1258223626136039424
1258223626190336002
1258223627150950411
1258223647002673153
1258223650873856000
1258223680988962817
1258223706603573249
1258223711053926403
1258223714593898498
1258223727533228034
1258223731157225481
1258223731400474625
1258223734650884096
1258223740137193473
1258223747447783424
1258223752388714500
1258223752547979264
1258223756805173248
1258223764799655937
1258223768805269505
1258223769396658188
1258223774027132928
1258223798022598656
1258223798249074689
1258223798328848390
1258223803299246080
1258223831963107328
1258223861012848646
1258223869300744192
1258223873100832769
1258223873285185537
1258223874266796039
1258223874904334336
1258223882672226305
1258223894810423300
1258223902976815104
1258223928528560128
1258223936350892033
1258223941212086273
1258223944408223744
1258223958685388800
1258223969674682373
1258223969871622146
1258223995393986562
1258223996111163392
1258224004504137734
1258224008090263552
1258224028441083906
1258224037366390784
1258224041225224193
1258224041988632576
1258224054995165184
1258224067288748035
1258224070497189888
1258224075530473473
1258228369793007621
1258228391238684672
1258228415829770244
1258228416622366720
1258228420632141829
1258228433202470912
1258228466106994688
1258228466266193922
1258228479843328000
1258228484016504833
1258228491994226688
1258228517021659147
1258228533488431104
1258228542887702528
1258228546012688384
1258228551486246912
1258228559727824896
1258228572063502338
1258228575863521280
1258228579193651200
1258228630758572032
1258228638866124800
1258228642548572160
1258228658965266435
1258228664141066246
1258228683887775746
1258228701721956352
1258228705521922048
1258228714812383233
1258228714996981766
1258228718281129986
1258228738480697349
1258228743560200194
1258228751466446849
1258228751755890688
1258228759636832257
1258228759800557568
1258228760572297216
1258228768218513409
1258228772232445953
1258228777152282633
1258228785058664448
1258228791245242370
1258228797230514177
1258228798090346502
1258228823658815488
1258228831837716480
1258228856256954368
1258228856978206720
1258228868504313857
1258228870010023938
1258228873176723456
1258228873658896384
1258228881934385152
1258228886342598656
1258228894450307073
1258228894903046144
1258228895339380738
1258228902314438657
1258228906739597312
1258228916436819968
1258228932454776832
1258228937097768960
1258228939907936257
1258228945016651777
1258228962192474115
1258228962263613440
1258228966252396544
1258228978848018432
1258228994610278401
1258229003586060291
1258229012683423744
1258229017330823168
1258229023647371264
1258229025031544840
1258229029171343360
1258229036532355072
1258229055184408582
1258229057587683328
1258229058296569862
1258229058464124928
1258229061546983424
1258229067695788033
1258229074641616897
1258229082791305216
1258229086608150529
1258229095869136897
1258229111937359876
1258229116412866562
1258229125770346496
1258229171529998336
1258229204421799936
1258229221488386049
1258229284604387329
1258229288228155398
1258229289671065600
1258229289830346752
1258229292514885633
1258229305357803520
1258229314564153346
1258229318439907330
1258229326283186191
1258229347162480640
1258229348563406850
1258229360974274561
1258229376514220039
1258229386156924939
1258229393945739264
1258229398911713285
1258229410500612097
1258229419241377793
1258229439441199105
1258229443920662528
1258229451801923586
1258229451948785664
1258229452531740677
1258229457220857856
1258229457438953472
1258229478129455104
1258229498115272705
1258229502515257346
1258229523113324545
1258229523356823555
1258229531372109824
1258229532039024641
1258229553194954752
1258229556886061056
1258229561365540871
1258229565224374280
1258229586355159048
1258229591501504512
1258229595645472768
1258229604185108480
1258229607670652929
