1257174611445374979
1257174642869121024
1257174651622416384
1257174656206995456
1257174656362196992
1257174673009152001
1257174674414460928
1257174676800860160
1257174676977016832
1257174686489862144
1257174707050176514
1257174718609633283
1257174719213604870
1257174732996313088
1257174747651215360
1257174748783656961
1257174749035130884
1257174765950963714
1257174770128269312
1257174774058414080
1257174783101243392
1257174785450180610
1257174791662047232
1257174799287083008
1257174814978007040
1257174820921282563
1257174833223229446
1257174840118702080
1257174840345153536
1257174857680216065
1257174858011512834
1257174863346794497
1257174873681657858
1257174877993340928
1257174882498023430
1257174886893707264
1257174891121565696
1257174904702734336
1257174907781292032
1257174911325310977
1257174917570756613
1257174941071544327
1257174941608312833
1257174958553227265
1257174982779637765
1257174984058900480
1257174984528662528
1257174998990503937
1257175001117208577
1257175008478064640
1257175021371326464
1257175025951670273
1257175028929638400
1257175029592158210
1257175039075639301
1257175042925838336
1257175050723131392
1257175055374495746
1257175067626287105
1257175080079167494
1257175089184825345
1257175089289797632
1257175092443910146
1257175092968034304
1257175097334550528
1257175101407191041
1257175102132756480
1257175126350589954
1257175138723868680
1257175168755081219
1257175196689203200
1257175202015989760
1257175205451124736
1257175206520598528
1257175209045397510
1257175209980727296
1257175211314688000
1257175213487329286
1257175231686295552
1257175240196702209
1257175247037575168
1257175267719577603
1257175274367488000
1257175281393184773
1257175281787211781
1257175286627463170
1257175306957291525
1257175309952135168
1257175311441178624
1257175316000366592
1257175326322380801
1257175356533923840
1257175373072089088
1257175376725409792
1257175393553059840
1257175403078320128
1257175403699068928
1257175406844751873
1257175410296664064
1257175432123658240
1257175449328730113
1257175464763781126
1257175470191173633
1257175486343462912
1257175486708367361
1257175495491424256
1257175540693209090
1257175544682201089
1257175546796150785
1257175562822602753
1257175577997373442
1257175587380252672
1257175595127123968
1257175596511014913
1257175609370800128
1257175612285833216
1257175612768178177
1257175615830134784
1257175632871436288
1257175634268348416
1257175638026465285
1257175642224971778
1257175658096099329
1257175668078477312
1257175672432328704
1257175684214149121
1257175687657472001
1257175696356630530
1257175703684108288
1257175705638457345
1257175708255825920
1257175718930247681
1257175725297340417
1257175734189264896
1257175747417890817
1257175771942203392
1257175792762662916
1257175814577229826
1257175817366450176
1257175821644476418
1257175826405232640
1257175830318518273
1257175830817619969
1257175834894503937
1257175834709749761
1257175846810456064
1257175851549913088
1257175851986116612
1257175856163799042
1257175860584615938
1257175871808589824
1257175890288656389
1257175893044314112
1257175894386282497
1257175897939103744
1257175909418668032
1257175909708201984
1257175918331793414
1257175930830643206
1257175935830253568
1257175947691716615
1257175949881327616
1257175951915565057
1257175957137272832
1257175960035618818
1257175968243830786
1257180214418956289
1257180230617198593
1257180235059138561
1257180235851870209
1257180238951313414
1257180242269126665
1257180243493883904
1257180251848761346
1257180264163274753
1257180264779808768
1257180272518238208
1257180277723537409
1257180284279156736
1257180284958769152
1257180285902426112
1257180302151163905
1257180314289475596
1257180322023817216
1257180322480848896
1257180338834587648
1257180339216080897
1257180343549001734
1257180355305627650
1257180386527866880
1257180395298263040
1257180397768593409
1257180397856645120
1257180402193760262
1257180406106828800
1257180411110797313
1257180418337411072
1257180418434088960
1257180441158627328
1257180441196392449
1257180462415581186
1257180468782514176
1257180487014952961
1257180495730733056
1257180502794145793
1257180515213295616
1257180545018101767
1257180545215275009
1257180565985517570
1257180580002689027
1257180582414598145
1257180615214063617
1257180623883599872
1257180625615892483
1257180670247477253
1257180684294262791
1257180686953222144
1257180717378727936
1257180720973447169
1257180725218029568
1257180732801323009
1257180739159891968
1257180750862061568
1257180758193713152
1257180764694884353
1257180788824641536
1257180795896303617
1257180804087570433
1257180805476081667
1257180808604835840
1257180810085621763
1257180813478645765
1257180816653774848
1257180829668818944
1257180834265591811
1257180835301687296
1257180843044470784
1257180864917585922
1257180871444115458
1257180872589090818
1257180902427201536
1257180901563392000
1257180905329680387
1257180922958319616
1257180952587010049
1257180953169940482
1257180959276924929
1257180960484982784
1257180965622779906
1257180972493099010
1257180976607670279
1257180976980963328
1257180977987805186
1257180990314737664
1257180997692436480
1257180999533817858
1257181006341246976
1257181015799463937
1257181022854275078
1257181035684663297
1257181045398568961
1257181050419044353
1257181077468307456
1257181078089093122
1257181078344744960
1257181081024880640
1257181081406590978
1257181083281559552
1257181083457720323
1257181085806411776
1257181090688782336
1257181098494361601
1257181099756621824
1257181103439437825
1257181111165177866
1257181136104480769
1257181145659301893
1257181146514968577
1257181150012772353
1257181152986595328
1257181161622831109
1257181161975173121
1257181170640359424
1257181178341158913
1257181179087917057
1257181182191640578
1257181182263021568
1257181194036396034
1257181212549898245
1257181217105076224
1257181244741345285
1257181249648488448
1257181253247393797
1257181262235807749
1257181270804750337
1257181275590258688
1257181276659826690
1257181286818594816
1257181287443386368
1257181288085311494
1257181303847387136
1257181328832786432
1257181329843605504
1257181342812352513
1257181343345082369
1257181345450790919
1257181345534496768
1257181367269539842
1257181372323475461
1257181376366948353
1257181384180817921
1257181384411688963
1257181387788103681
1257181387725197317
1257181412693872641
1257181413343932419
1257181421497712641
1257181426090467335
1257181426434355200
1257181429148069888
1257181429319888896
1257181445916725248
1257181446063763458
1257181447443578883
1257181450165555200
1257181456196984837
1257181467932872704
1257181475293798401
1257181480473812993
1257181488027594752
1257181498333179906
1257181522789937154
1257181527059902464
1257181539286351872
1257181564582064129
1257185827114766337
1257185864188178432
1257185871691825153
1257185875550785537
1257185885122002944
1257185885189177344
1257185896081821702
1257185897713332225
1257185901165318144
1257185901307932672
1257185905950982148
1257185909663031297
1257185914121527296
1257185926347800576
1257185927333654528
1257185930005356544
1257185930818891778
1257185944102416384
1257185946455486464
1257185956018262023
1257185965237514247
1257185968546811904
1257185968592809985
1257185971935735808
1257185980122980352
1257185980693581831
1257185998070362112
1257186019322892290
1257186022800031746
1257186023160770562
1257186043737944065
1257186065225412617
1257186069214138370
1257186072708018178
1257186094099189760
1257186097672515587
1257186098414940161
1257186114273783813
1257186119881330689
1257186120028295168
1257186127037050886
1257186132258721792
1257186132942483458
1257186140974485509
1257186141578526722
1257186146616061953
1257186148595744768
1257186154195169282
1257186169810550784
1257186182296997888
1257186187913105409
1257186196410769408
1257186197996056577
1257186198986141697
1257186207152422912
1257186216342171648
1257186232154484751
1257186235585568768
1257186237858885633
1257186242128723969
1257186245072969728
1257186244917944322
1257186257831989248
1257186269546737666
1257186273950916609
1257186273980080128
1257186279206215681
1257186282616299520
1257186287892803587
1257186294800809984
1257186296222679040
1257186299313709057
1257186299401785345
1257186303726292992
1257186329059827714
1257186371694768128
1257186397162594305
1257186416213127168
1257186420608778240
1257186442532417537
1257186445900406784
1257186447192395776
1257186453941096450
1257186472144363521
1257186472446304256
1257186505489100800
1257186513089171456
1257186533779496962
1257186539580190725
1257186542906269698
1257186547172065286
1257186547654365185
1257186568693075969
1257186576280489985
1257186577266114561
1257186581401591809
1257186585981808641
1257186613744078848
1257186615245471744
1257186631578079234
1257186639715069955
1257186651912105987
1257186653246050305
1257186664541089792
1257186668878139392
1257186673441615872
1257186677073735680
1257186680513212417
1257186739539660800
1257186743293489152
1257186757038215171
1257186765871312896
1257186770552225793
1257186772603174913
1257186773307764738
1257186773702189063
1257186777376403457
1257186777640718337
1257186777976242182
1257186781193293824
1257186781402816512
1257186791846707200
1257186794686332928
1257186802735161344
1257186802324000768
1257186811820093444
1257186827556945921
1257186832279887872
1257186837044490240
1257186837421887489
1257186841981140993
1257186845424787456
1257186850051174403
1257186854421639175
1257186866052435968
1257186873212112897
1257186878551252992
1257186891205472256
1257186891322896384
1257186900500045824
1257186904098865153
1257186911891963911
1257186921681485824
1257186929419915268
1257186932372590592
1257186936826892289
1257186941465845762
1257186950047395841
1257186967265124353
1257186984864317440
1257186995480285184
1257187004216774657
1257187004720152576
1257187033656619008
1257187083380117505
1257187088795004930
1257187104087584768
1257187109930221574
1257187122479394817
1257187125474320384
1257187126313189377
1257187141970354177
1257187150589603840
