1262068003786629124
1262068004143104000
1262068007351865345
1262068008425451520
1262068012267507714
1262068058606231563
1262068059012923394
1262068079410008064
1262068091393060864
1262068103711621120
1262068112238587904
1262068124670742528
1262068125077561346
1262068146661289987
1262068151208083456
1262068154500407296
1262068158778785793
1262068163027533834
1262068163182768131
1262068171395088385
1262068171860836354
1262068204714758145
1262068212759289857
1262068217633280000
1262068221265534979
1262068222204968961
1262068225367515137
1262068226160234496
1262068226105790464
1262068238344650753
1262068251619549186
1262068254689935360
1262068272238911496
1262068276986818562
1262068280816275465
1262068284393955328
1262068288730705920
1262068301578067974
1262068306019848192
1262068335103148033
1262068351100051456
1262068359698558976
1262068359836942339
1262068360981942272
1262068370469531649
1262068372298235907
1262068397426249728
1262068398340689920
1262068402602020865
1262068427772039169
1262068431630852099
1262068444440211456
1262068457337741313
1262068460143738881
1262068481928957952
1262068486756589569
1262068510785777666
1262068516070453248
1262068516045406208
1262068523381207040
1262068531660754946
1262068532012974080
1262068536354078721
1262068544172417024
1262068545204207619
1262068548970647552
1262068552837849100
1262068556793106442
1262068569485033482
1262068587214356481
1262068595116445698
1262068607535722501
1262068612464066565
1262068636837085189
1262068640800784384
1262068645536116736
1262068645716537344
1262068650246197248
1262068650607067138
1262068665383600133
1262068682647363584
1262068687428870146
1262068707959943173
1262068708580577280
1262068708660383745
1262068708857360384
1262068725836062720
1262068728839233536
1262068733427752960
1262068733830475776
1262068741728342017
1262068758560026624
1262068762980712448
1262068763328987144
1262068766373969920
1262068766722207744
1262068766566998019
1262068779015692289
1262068784065662977
1262068787874017280
1262068791665668096
1262068800322756614
1262068800415059970
1262068804294569984
1262068804970045448
1262068808438517762
1262068812825767936
1262068814063251458
1262068817569579008
1262068846426386432
1262068851723825155
1262068871357509632
1262068913447284736
1262068926059442176
1262068929901416449
1262068951934054400
1262068985341886470
1262068997480050690
1262069005818396672
1262069006242058243
1262069014177681408
1262069015058567169
1262069030883450882
1262069051662180353
1262069056213000192
1262069056439496710
1262069060633636864
1262069065109176323
1262069069093707783
1262069072474312711
1262069073053130753
1262069089390014464
1262069089360642049
1262069107085565952
1262069115327561730
1262069131874050049
1262069135611170824
1262069152883367939
1262069152925323265
1262069156742139911
1262069160902885397
1262069161519452167
1262069169706672128
1262069173334749184
1262069173368303618
1262069173846528000
1262069190275608576
1262069194159423493
1262069203651133440
1262069211955855360
1262069215923703808
1262069216091529217
1262069228032741377
1262069232604454912
1262069248635146240
1262069253089435648
1262069265915621378
1262069273930932227
1262069291093946368
1262069303404195840
1262069312358977536
1262069312602456067
1262069312803745792
1262073581963317249
1262073594927955968
1262073607620042753
1262073615794581505
1262073623604596736
1262073632551034881
1262073636141359109
1262073682782048256
1262073683314716673
1262073690654556160
1262073703380238340
1262073712150368261
1262073724708122625
1262073725500915713
1262073732836716549
1262073737773551617
1262073745033871361
1262073749207040000
1262073749211361289
1262073749362401281
1262073753929908224
1262073757574651905
1262073767326625796
1262073770912608257
1262073774343622656
1262073778571554816
1262073778420449280
1262073779095732227
1262073795755429888
1262073803875770371
1262073808908771328
1262073812784492545
1262073812797054976
1262073862797373440
1262073871022374913
1262073875732541443
1262073888894341120
1262073892342038529
1262073895957532677
1262073904883019776
1262073908909531136
1262073912822607872
1262073920989118467
1262073942417825795
1262073950982623233
1262073960423755778
1262073963276120064
1262073967864451074
1262073972230959106
1262073977146499072
1262073977171673088
1262073997841203205
1262074005936312320
1262074009950224385
1262074013519577089
1262074017776836608
1262074023267237893
1262074030540161025
1262074039410946056
1262074039864000521
1262074051654291457
1262074056439980034
1262074077176446976
1262074077327613952
1262074081530253318
1262074098387165188
1262074101545316352
1262074118192627712
1262074135384997889
1262074168696352768
1262074173993758724
1262074185913978882
1262074186459164673
1262074186656296968
1262074194709397506
1262074202137325570
1262074207871041536
1262074215626346497
1262074219036315650
1262074223813681154
1262074228171571200
1262074236602126337
1262074240670539783
1262074269443461121
1262074286807724032
1262074299999010823
1262074303232835590
1262074303991988224
1262074308375072769
1262074324577484800
1262074329262690304
1262074332831940609
1262074336304906246
1262074357632958465
1262074357607591937
1262074358522052608
1262074361890123777
1262074366524903424
1262074367346868225
1262074375320338433
1262074383071350787
1262074391845916672
1262074411848368129
1262074421893902337
1262074425370804224
1262074442345259009
1262074484011479040
1262074499983269888
1262074500838981632
1262074504714399744
1262074508791308292
1262074509634527236
1262074517301522432
1262074517679030274
1262074526315225095
1262074567255785474
1262074567817920512
1262074568786747392
1262074580979548162
1262074584016314368
1262074597031194624
1262074605742800904
1262074614471168000
1262074613888102406
1262074622020902914
1262074638860865538
1262074651481706499
1262074651926298625
1262074655470432256
1262074660159537158
1262074676911542272
1262074677096259586
1262074677503184901
1262074681235996672
1262074710923321346
1262074722470240256
1262074723787247617
1262074747682271233
1262074761137418240
1262074764992172032
1262074773590458369
1262074777298231297
1262074798156505088
1262074798223568897
1262074807300108289
1262074810915590144
1262074819169808385
1262074822911279107
1262074824177987590
1262074848664260610
1262074865223446528
1262074869149077504
1262074881899933701
1262074882046791683
1262074886140440585
1262074886152843264
1262074886488559622
1262079152565424129
1262079157304991745
1262079160513486848
1262079169858613252
1262079176984723460
1262079181233328128
1262079193535389699
1262079201806606341
1262079202368671744
1262079215203213319
1262079232261468160
1262079236346609665
1262079239702142977
1262079245028864005
1262079245414813699
1262079247767617537
1262079248329609216
1262079252561825797
1262079265937424385
1262079273059450882
1262079274850365449
1262079285734649856
1262079298900557824
1262079302427742208
1262079307964231680
1262079324519186432
1262079328784797697
1262079344756903936
1262079357805363201
1262079382417403905
1262079391145889792
1262079408128417793
1262079419969081344
1262079428382863361
1262079454286929920
1262079469713530880
1262079475753287680
1262079475912544256
1262079478601113600
1262079479008186368
1262079479746363392
1262079486889254915
1262079492442542080
1262079500378087431
1262079504413077509
1262079504878534659
1262079504941494273
1262079521198653440
1262079542522413060
1262079546758742016
1262079547220131841
1262079571580588040
1262079571714850816
1262079571987509253
1262079587732934657
1262079587862884352
1262079591977541633
1262079596935049216
1262079597002272774
1262079604522725376
1262079613301227523
1262079622197514242
1262079629851938816
1262079630086778880
1262079638030950400
1262079639360544771
1262079647178727424
1262079647262572546
1262079656183967750
1262079659094597632
1262079672743067648
1262079675976822785
1262079679860822017
1262079685376323588
1262079701843161090
1262079705588682754
1262079709652889600
1262079723061968896
1262079723158503425
1262079726820229126
1262079739210022917
1262079746978037764
1262079747057729538
1262079748311842816
1262079756092289025
1262079776833101825
1262079777357389826
1262079781207711747
1262079789587783680
1262079802854572032
1262079814099513352
1262079861667123200
1262079878024835078
1262079886019231747
1262079894306971648
1262079894814511105
1262079902725165057
1262079908152475648
1262079924824875010
1262079927534436352
1262079940117368832
1262079949365706752
1262079949541969921
1262079961013207043
1262079961667641344
1262079977840836608
1262079998720184323
1262080003128414208
1262080016604696583
1262080020840878081
1262080028482781184
1262080036850581505
1262080044978987009
1262080053451476993
1262080053858447362
1262080058753081345
1262080086985015296
1262080090453823488
1262080103640633353
1262080108048744448
1262080112930861056
1262080117351858177
1262080129750102016
1262080138558279681
1262080145520758784
1262080158544154624
1262080162990043137
1262080179309916160
1262080180006391808
1262080188059246593
1262080188000714754
1262080188525010945
1262080192081793025
1262080191435804675
1262080196833882117
1262080205511970818
1262080208649236482
1262080208833839106
1262080233802477578
1262080234641375234
1262080234800717825
1262080237870952455
1262080238642585600
1262080244028145665
1262080255101227011
1262080259480080389
1262080267335995392
1262080268422258689
1262080275640733703
1262080284071165953
1262080283987369984
1262080292703162368
1262080314517721088
1262080318942691334
1262080326270177280
1262080330753880065
1262080333761183744
1262080338593005574
1262080343227674624
1262080342577512451
1262080356670484480
1262080358855651332
1262080372558442497
1262080377302245379
1262080388702371847
1262080397543968768
1262080406444077057
1262080423435345926
1262080439868510210
