1257100924306157568
1257100941788151813
1257100950147399680
1257100957411708928
1257100957793599489
1257100971592675328
1257100974910369794
1257100975380279297
1257100975505956864
1257100987367645184
1257101007533694976
1257101017549803527
1257101020619997188
1257101033173446656
1257101046557618187
1257101049866801152
1257101050328182784
1257101066371399681
1257101070792196096
1257101074697158656
1257101083668774913
1257101084000088064
1257101091818352643
1257101100076785664
1257101113477734401
1257101121098641414
1257101134470266884
1257101138249289733
1257101138542891008
1257101158725881856
1257101158625263617
1257101163901726720
1257101172827193350
1257101176681742337
1257101181039652864
1257101187972726789
1257101192544559106
1257101205534277634
1257101206305959937
1257101209938399232
1257101218138259457
1257101239843786752
1257101243010486274
1257101259456167936
1257101281249894401
1257101285058379777
1257101285410705408
1257101298417074176
1257101302011658240
1257101309628514312
1257101322438037505
1257101326606983168
1257101327399743489
1257101327928352769
1257101339990962176
1257101343380176903
1257101351571447808
1257101356596432896
1257101368520609792
1257101378805272578
1257101390532489216
1257101390532554754
1257101392998731778
1257101393816674305
1257101398128418818
1257101401932681224
1257101402217648128
1257101427954069505
1257101437122699264
1257101469507096577
1257101495331217408
1257101502956498944
1257101503212523520
1257101507448598528
1257101507612356610
1257101508341989387
1257101511802445825
1257101512238604290
1257101532719468544
1257101540533374977
1257101546057334784
1257101566634590209
1257101574905659394
1257101579460608000
1257101582153334784
1257101587178237952
1257101607960969216
1257101608552448001
1257101612109225985
1257101616424955904
1257101625002516481
1257101654723305472
1257101671647379463
1257101675594211329
1257101692375429121
1257101703725355008
1257101704274874368
1257101708083093504
1257101709622550531
1257101730438942736
1257101750844022784
1257101763506823168
1257101771438096384
1257101784994078720
1257101785338019840
1257101796398395392
1257101839650168837
1257101842938564608
1257101847501983745
1257101863800930306
1257101876694183939
1257101886039130113
1257101893135974401
1257101897510432768
1257101909770424320
1257101910709907456
1257101913432227841
1257101914837262337
1257101931367055360
1257101935192297477
1257101938988105733
1257101943698309124
1257101956683902977
1257101968805421058
1257101973083611146
1257101985804890116
1257101986773647360
1257101997682987008
1257102002519228416
1257102006373810176
1257102007141167110
1257102018772156418
1257102026724573184
1257102035385675776
1257102048182534156
1257102073306456074
1257102094076526593
1257102115714957312
1257102116318883840
1257102123420061701
1257102127874355202
1257102129547882499
1257102132106444800
1257102135872929794
1257102133503184901
1257102145104601088
1257102149621710849
1257102152691904518
1257102156508749824
1257102161374261249
1257102170140205056
1257102191082508290
1257102191980015617
1257102195671080966
1257102198661668864
1257102208123969536
1257102208241487872
1257102217795993601
1257102228965470211
1257102236464721920
1257102246908768257
1257102250306134016
1257102250574397440
1257102258195611648
1257102258786963458
1257102267028652032
1257102270723833856
1257102288377839616
1257102292693790722
1257102295587852294
1257102299463323650
1257102299123585025
1257102300838891520
1257102309026402305
1257102321432948736
1257102321819009030
1257106623702720512
1257106628580704256
1257106633555095558
1257106633785774080
1257106636705009665
1257106653092237317
1257106662860754945
1257106671069024256
1257106671379329029
1257106688106209280
1257106688198533120
1257106691918831616
1257106704745091074
1257106737821298689
1257106745706663936
1257106746969128960
1257106746864066561
1257106750991409152
1257106755223502850
1257106762206937089
1257106767277776897
1257106767173095425
1257106792326344705
1257106792045260801
1257106813217984512
1257106817752223744
1257106837977079810
1257106846416023552
1257106851746979841
1257106863990112258
1257106893706801153
1257106893446807552
1257106917572272129
1257106930629259265
1257106930998431752
1257106964586401792
1257106972723347456
1257106976531759107
1257107019074592768
1257107035382038533
1257107035654631424
1257107068424683522
1257107069276090368
1257107076830158849
1257107081729097738
1257107089945620480
1257107101979160581
1257107107075125248
1257107115103182863
1257107139841028096
1257107144853393409
1257107153279647744
1257107156383531009
1257107157348048896
1257107160938528769
1257107162033197058
1257107166168846336
1257107178621562881
1257107183361130497
1257107186288750592
1257107191712157697
1257107216060080130
1257107220237635585
1257107223710330880
1257107253129179136
1257107253380907010
1257107254353903616
1257107274339934208
1257107303356084227
1257107303616176128
1257107308569559044
1257107311593586690
1257107316484321285
1257107321353695233
1257107325866950658
1257107328404533248
1257107329293697025
1257107341557760000
1257107346595082240
1257107350466383872
1257107354954301441
1257107366534930439
1257107372209844225
1257107387124613121
1257107396066869248
1257107400978546688
1257107426148585475
1257107429105360896
1257107429042593793
1257107429856358406
1257107429856210944
1257107433731903491
1257107434079793153
1257107434872569856
1257107441822695432
1257107447443054594
1257107450475491333
1257107454426517516
1257107459648262145
1257107482146746370
1257107496675745793
1257107497246175232
1257107501402583041
1257107501859983363
1257107512756785152
1257107513146736640
1257107522395275270
1257107527248089088
1257107529483640832
1257107530855124993
1257107531274600450
1257107543811338241
1257107562991767552
1257107568402599936
1257107593866080256
1257107601403400198
1257107602523082752
1257107613373906948
1257107619359195137
1257107626606952448
1257107627189981187
1257107636106883073
1257107639110164480
1257107639445721088
1257107653161103360
1257107677571878912
1257107680864452608
1257107693338148864
1257107693808029696
1257107694256705536
1257107694609223682
1257107719070179329
1257107723675594752
1257107727718871040
1257107735474298880
1257107735902117890
1257107737067925504
1257107736615104513
1257107762233790464
1257107764981174274
1257107773545824256
1257107777350184963
1257107778159640587
1257107778436509697
1257107778746945536
1257107794857086976
1257107795142479877
1257107798565040134
1257107799412178944
1257107807154909185
1257107819268055042
1257107824334852097
1257107831829999617
1257107837416693762
1257107849504833538
1257107874192535554
1257107878630096904
1257107888193052674
1257107915879710721
1257107929246732288
1257107970950926338
1257107975614935040
1257107979859570688
1257107991108685825
1257107991431610369
1257108000956915718
1257108004442460160
1257108008020082688
1257108008141815809
1257108012155748352
1257112379705327616
1257112382645481473
1257112395131940864
1257112395589324804
1257112396256047104
1257112399368290304
1257112412823552001
1257112413016666113
1257112425159028736
1257112433761456129
1257112434608832513
1257112434642485249
1257112438048161793
1257112446885642240
1257112449754554368
1257112466112176130
1257112488052588545
1257112488975511552
1257112491169058817
1257112510303358977
1257112533678411778
1257112534626086912
1257112539315539974
1257112559955726337
1257112563705196544
1257112564179189760
1257112580625059840
1257112585650016257
1257112588111970306
1257112593145217025
1257112597800914950
1257112601319923715
1257112609838546950
1257112610052464645
1257112613911068672
1257112614695550976
1257112622509494272
1257112636287676416
1257112648635879430
1257112655657132032
1257112664377040898
1257112664997855232
1257112667740868614
1257112672786620418
1257112685151498241
1257112698908749824
1257112702436212742
1257112705938358272
