1261960211100827648
1261960211725770752
1261960214766641152
1261960218088439809
1261960222303834112
1261960266155163648
1261960268617318401
1261960289194409985
1261960299189547008
1261960310526816256
1261960319787847680
1261960331552632834
1261960332429471745
1261960356219555841
1261960358400593921
1261960361743470592
1261960366155849729
1261960370614202376
1261960370769534976
1261960378185023488
1261960378893963265
1261960411542360065
1261960419721297921
1261960424540405761
1261960428231356416
1261960431851261952
1261960432190816257
1261960432950161408
1261960433445089280
1261960445436534785
1261960459495919616
1261960461370580992
1261960479968120832
1261960486578540544
1261960487991865344
1261960491523624960
1261960494832857088
1261960509387165696
1261960515724533767
1261960542278815747
1261960557604876289
1261960567021019137
1261960567029407745
1261960568564379650
1261960578706190336
1261960578949697537
1261960604488798208
1261960605449064449
1261960609853104130
1261960634888892416
1261960638676467712
1261960651112497153
1261960666656751617
1261960666765766656
1261960688798318593
1261960694079029251
1261960717634342914
1261960722860269569
1261960722755530753
1261960730292768768
1261960738031181826
1261960738840752128
1261960743592787970
1261960751197159424
1261960753084608512
1261960755647328256
1261960759522672640
1261960763603849216
1261960776908247040
1261960793593176064
1261960802392825856
1261960814010998784
1261960820059246593
1261960843815612416
1261960847506599937
1261960852606861312
1261960852829241345
1261960857132716032
1261960857241759745
1261960872672604165
1261960889663619073
1261960894533246977
1261960914628050945
1261960915433353216
1261960915559297024
1261960918080028676
1261960935129993217
1261960935477919744
1261960940439863296
1261960941626933248
1261960948648198146
1261960965513523200
1261960969695133699
1261960970441646081
1261960972903813120
1261960973134360576
1261960973340094464
1261960985784602624
1261960993770520577
1261960994525511680
1261960998547869696
1261961007100035072
1261961008156999681
1261961011218841600
1261961012846051328
1261961015224406017
1261961019670138880
1261961023218749441
1261961025319890944
1261961052738240512
1261961059444969473
1261961078289756161
1261961120312692737
1261961133335986176
1261961136959746048
1261961138394333185
1261961192769302528
1261961204064325632
1261961212889268225
1261961213371535361
1261961221068263425
1261961224352337920
1261961237748842497
1261961258720538625
1261961263367610369
1261961263908872192
1261961267633369088
1261961272175853568
1261961276454055938
1261961279570235394
1261961280539279362
1261961296402055169
1261961296532000773
1261961314093522945
1261961322687631361
1261961339150499840
1261961343466258432
1261961360419635201
1261961360398835712
1261961364781830144
1261961367864725506
1261961368904876032
1261961377452904448
1261961380439240704
1261961380552486912
1261961381118652417
1261961397140746240
1261961401473646593
1261961413225902080
1261961419370582016
1261961423443202048
1261961425586659333
1261961434952597505
1261961440505798658
1261961455819251712
1261961459812065281
1261961472730714112
1261961480766992385
1261961498609487872
1261961510420611072
1261961519631265792
1261961519862099972
1261961522286219265
1261961548068683776
1261961561549287426
1261961574387863552
1261961582709530624
1261961589806247936
1261965872161267713
1261965873431982080
1261965922035568640
1261965922870235138
1261965928708931590
1261965940419203072
1261965951878094849
1261965964134035458
1261965965580959744
1261965972300353537
1261965977916497921
1261965981959757824
1261965986376282112
1261965986816602115
1261965987060101121
1261965993913585664
1261965994832138240
1261966006148378625
1261966011005390850
1261966011877769217
1261966016193708032
1261966016181080065
1261966016705449985
1261966033268682752
1261966041762103296
1261966048212865026
1261966052964986880
1261966053287931904
1261966102818512896
1261966109340848128
1261966115435171841
1261966129301512192
1261966132069744640
1261966133558685696
1261966144359018496
1261966146183598081
1261966149685837826
1261966158770700289
1261966179804999681
1261966188491481088
1261966199623159810
1261966200285749248
1261966207839686656
1261966209420890113
1261966216417226752
1261966216413011969
1261966237443280896
1261966246599262208
1261966247333433344
1261966250961334272
1261966254685818880
1261966262852296705
1261966268153786370
1261966279243714566
1261966279675650048
1261966288319942657
1261966295811186689
1261966316656898048
1261966317252419584
1261966321538998273
1261966337712312321
1261966338429501442
1261966355458220034
1261966372445151232
1261966406565851144
1261966414224687104
1261966425490677761
1261966426442567680
1261966426447007745
1261966434776817665
1261966439990415361
1261966447665991680
1261966455416840192
1261966456872468480
1261966463231053824
1261966467618275329
1261966475553918976
1261966480796717061
1261966506646175744
1261966526707412992
1261966539445731331
1261966540045316098
1261966543983951873
1261966547733618688
1261966564183638017
1261966569363533824
1261966572673007616
1261966576712105990
1261966594709827589
1261966595112472577
1261966599071903744
1261966599960977410
1261966606176907264
1261966606932103171
1261966614955790336
1261966622597791744
1261966631489732608
1261966652184412162
1261966662309482496
1261966665492787201
1261966681720729601
1261966723797975045
1261966737311965185
1261966740663103488
1261966741690675200
1261966745767682048
1261966748846178304
1261966756676960256
1261966757117464577
1261966765803929600
1261966804651474944
1261966807432409088
1261966808577433600
1261966820606529538
1261966821147709440
1261966836595376129
1261966845143404544
1261966854291144705
1261966854450536450
1261966859676585984
1261966878676668416
1261966888948514816
1261966891574276097
1261966892736151552
1261966899761602560
1261966916920446976
1261966917058744320
1261966918103203841
1261966921458544640
1261966950831284224
1261966962520973312
1261966963070234624
1261966987468603392
1261967000743493637
1261967004510158849
1261967013909536769
1261967017382461442
1261967035535409152
1261967037737209856
1261967047598247936
1261967050932539393
1261967059078000641
1261967061271613440
1261967064757133313
1261967088534671360
1261967104829513728
1261967106888761346
1261967121116024832
1261967122223075329
1261967126342053888
1261967126702764032
1261967127155814400
1261967140317540352
1261967143576514560
1261967147200401408
1261967155945508869
1261967161037373440
1261967165671997440
1261967177487433728
1261967185330741254
1261967186161209344
1261967199050149888
1261967218356768769
1261967222714454016
1261967223608016897
1261967230830555137
1261967231144955906
1261967230935457792
1261967231879168000
1261967237113450496
1261971501038874625
1261971506600574977
1261971509947494400
1261971518562668544
1261971534287175681
1261971535855857664
1261971542826614785
1261971558983061504
1261971564800675840
1261971578579025920
1261971592579596289
1261971615811694593
1261971626398187520
1261971643112570880
1261971652893708288
1261971661986820102
1261971688524259328
1261971703250501633
1261971711211319296
1261971711659921408
1261971711727149057
1261971712327012352
1261971715548119042
1261971711983058944
1261971727548059660
1261971735362101248
1261971740219105280
1261971740852236289
1261971740911173632
1261971756455038977
1261971778131427328
1261971782187323392
1261971783336341506
1261971806963073024
1261971806799478786
1261971807382302721
1261971820531548161
1261971820699410432
1261971825095053314
1261971832195989504
1261971832501989381
1261971838059634691
1261971848763506688
1261971857902714880
1261971862885748737
1261971865339224064
1261971870598881280
1261971875254751232
1261971883009773568
1261971882938679296
1261971891981635585
1261971894904840192
1261971908700094465
1261971909467660291
1261971914186272770
1261971920825835521
1261971937061978114
1261971938844475397
1261971942791352320
1261971958230650880
1261971958360653826
1261971962139729920
1261971974605221888
1261971980418514945
1261971980628250624
1261971983887216640
1261971991537561600
1261972009812144128
1261972012437696513
1261972016745402368
1261972025649909761
1261972038488637441
1261972047191781377
1261972096919515137
1261972113717702656
1261972121527349248
1261972127655346178
1261972130553647107
1261972138065637376
1261972143304138752
1261972160471617536
1261972160903630848
1261972173431988224
1261972184911708161
1261972184903409664
1261972193619120128
1261972197993668609
1261972211432394752
1261972231934132225
1261972236090531841
1261972252352032768
1261972255677878272
1261972261684170754
1261972269867454466
1261972278251847680
1261972286359236610
1261972286418149376
1261972294429270016
1261972319867752448
1261972324212813825
1261972336346984448
1261972341073915904
1261972348229562368
1261972352759447552
1261972364755120128
1261972374217424897
1261972378801917952
1261972391414190080
1261972397600669697
1261972411907477505
1261972415120388096
1261972420866514944
1261972421143416833
1261972424129744896
1261972425585000450
1261972427611025409
1261972432153448454
1261972440944709643
1261972441519120385
1261972441636708352
1261972466945208321
1261972470027956225
1261972469306384387
1261972471449780225
1261972474243108867
1261972478794051586
1261972464629841921
1261972495055323136
1261972500927221760
1261972503813066752
1261972511740305410
1261972517276790784
1261972517356474368
1261972525342511105
1261972549921050625
1261972554736185344
1261972559924510720
1261972566035570688
1261972570099703808
1261972571303673857
1261972576521392130
1261972578391867397
1261972592149139456
1261972592392536069
1261972608179998721
1261972612260990976
1261972622335782912
1261972630690766848
1261972641776201728
1261972659476127744
1261972675515355136
1261972684734377985
1261972685958950915
1261972687468941312
1261972692946890755
1261972695761268741
1261972704472829958
1261972718024450053
1261972721854033920
1261972748135325697
1261972763411185665
1261972771728502784
1261972801147285505
1261972802858614786
1261972813344358400
1261972817735794688
1261972818285203456
1261972827303018496
1261972827844030465
1261972835972657153
1261972836220121089
1261972839944663040
