1256343071240962048
1256343072562085890
1256343077024935936
1256343080514605061
1256343085317074944
1256343101028925445
1256343101817454592
1256343105986613248
1256343115427971074
1256343130657472515
1256343138702102531
1256343147233173504
1256343151360557058
1256343151683481600
1256343177029545984
1256343180796026880
1256343180905189379
1256343189784494086
1256343201629106176
1256343206784049152
1256343222827184129
1256343236400099329
1256343239864524804
1256343240535535616
1256343243941388288
1256343256226508801
1256343273045520384
1256343281841160195
1256345052474941441
1256345060318294026
1256345064273596416
1256345068614504448
1256345085794349057
1256345111455313920
1256345119613169668
1256345123971117056
1256345135106801664
1256345140521820162
1256345144871321600
1256345157332463616
1256345160398577671
1256345169919647747
1256345173052850176
1256345173417582592
1256345203201449986
1256345203167956992
1256345210717642753
1256345215746613248
1256345219676737536
1256345227843035137
1256345232733585408
1256345258083799041
1256345266279583745
1256345279084797954
1256345282402562048
1256345282880528385
1256345286810710016
1256345295404883970
1256345299292807169
1256345308243480576
1256345316502241281
1256345316648988673
1256345320340021248
1256345320851636224
1256345328908976128
1256345332784431109
1256345336701808640
1256345350090248193
1256345354036862976
1256345362656366593
1256345370264772608
1256345375432224769
1256345384286380039
1256345392054231040
1256345392465117184
1256345394893729797
1256345403617837058
1256345403911536644
1256345420399284224
1256345421041016833
1256345421594742784
1256345433691041794
1256345441433681920
1256345446458499072
1256345450514395139
1256345479488483328
1256345492046270464
1256345492163891201
1256345497142464513
1256345500325867520
1256345504469774338
1256345508638912512
1256345517765939209
1256345530248171521
1256345530810028032
1256345538397638656
1256345547226656770
1256345550762450946
1256345559771705344
1256345567355002880
1256345571553497088
1256345613551181826
1256345634518364162
1256345635281711104
1256345644329046016
1256345651161567243
1256345660124618752
1256345660900536321
1256345663572508673
1256345668605677573
1256345676881055745
1256345681213734912
1256345689291763713
1256345697940537344
1256345698443771904
1256345701740658689
1256345702155894784
1256345709839740928
1256345711303708674
1256345718266056704
1256345726700924928
1256345727007166470
1256345731142737921
1256345732006776842
1256345756358729728
1256345756564414464
1256345769692377090
1256345777972051969
1256345806308700160
1256345810687725572
1256345814902935554
1256345824235307010
1256345841041899524
1256345848662953984
1256345851972259840
1256345852924182528
1256345933610188800
1256345949376577538
1256345949393297414
1256345949850435590
1256345961733017603
1256345962613800961
1256345970310348802
1256345970280935424
1256345971061149696
1256345978795409408
1256345982968741889
1256345987884429316
1256345996059082757
1256346011833942016
1256346011968176128
1256346020822253573
1256346033858248704
1256346036869758977
1256346041206669313
1256346062442422284
1256346075297914881
1256346095728431105
1256346100191150081
1256346113088589827
1256346141886644225
1256346151671881728
1256346155908304898
1256346141395955713
1256346172207194112
1256346183842304000
1256350457993330690
1256350462078484481
1256350423587454981
1256350462703554560
1256350467023667203
1256350467464007682
1256350479883231232
1256350484194971650
1256350487890153472
1256350496010485760
1256350500112551936
1256350517841649664
1256350521537048577
1256350537534095362
1256350538381381632
1256350555716419584
1256350571751247873
1256350575580626949
1256350579510706176
1256350588821925888
1256350596514357248
1256350597906923526
1256350604605239296
1256350613987831811
1256350614033969152
1256350618261893128
1256350638893682690
1256350647525441537
1256350647470997504
1256350659592454144
1256350659848347654
1256350664239841283
1256350667700080640
1256350668505440256
1256350669172355073
1256350681453129729
1256350701883666438
1256350705649979392
1256350706166095874
1256350710301691905
1256350710473592832
1256350718988075008
1256350730346086400
1256350743067594752
1256350742928977920
1256350747349958656
1256350747664384000
1256350747505106945
1256350748054401024
1256350778098438144
1256350785731952644
1256350790387728390
1256350798486867969
1256350818971705344
1256350827377315840
1256350827704315904
1256350839557566466
1256350839813419009
1256350845098012672
1256350864589152258
1256350890677669894
1256350894070865920
1256350894175645696
1256350903017172992
1256350916476878850
1256350920385970176
1256350923384897537
1256350954364035072
1256350961188114436
1256350973720702976
1256350978825043968
1256350991282319360
1256351000048222209
1256351007694639104
1256351011695927296
1256351012178313223
1256351012752777216
1256351020948602885
1256351037105061890
1256351041752305664
1256351045904670721
1256351057862553600
1256351061884846081
1256351074946027520
1256351076011274240
1256351078678855681
1256351091584835584
1256351096550895616
1256351096752177153
1256351099566555136
1256351104163442688
1256351109205028864
1256351116373061633
1256351137441230863
1256351137944399872
1256351142403022855
1256351175047290880
1256351175118598145
1256351183373053954
1256351188376850438
1256351192285937666
1256351193124745217
1256351193300905984
1256351209264381953
1256351243108302852
1256351247214489600
1256351254760042496
1256351260233662465
1256351267317788673
1256351271625383936
1256351309722202113
1256351309768384514
1256351313702592513
1256351321772310528
1256351322636419073
1256351326688153600
1256351330727313410
1256351338910281728
1256351359890161664
1256351360167170050
1256351381499318276
1256351393369161728
1256351393532821506
1256351393847394306
1256351394220646401
1256351406224805889
1256351414550437890
1256351427288420352
1256351431080022016
1256351431671656450
1256351443822546949
1256351460436127745
1256351461241487361
1256351461736198144
1256351468753498118
1256351472838729728
1256351481625804802
1256351482204610560
1256351485463531526
1256351490786111488
1256351494573559811
1256351494573449216
1256351502341464065
1256351514764800000
1256351519856721920
1256351535723921413
1256351553927208960
1256351586898477056
1256351595366961155
1256351616980008960
1256351621207867392
1256351624357974016
1256351628476678147
1256351632616538113
1256351637205069828
1256351637364371457
1256351649431302149
1256351658109353984
1256351658650542081
1256351678703558657
1256351679898927105
1256351677436833798
1256356027127259136
1256356033141846016
1256356036602146823
1256356040846774272
1256356044835418113
1256356046131605507
1256356049050841090
1256356074598400003
1256356079048568837
1256356079203766272
1256356082903064576
1256356083364495361
1256356087508410375
1256356091576807425
1256356100645040128
1256356108576395270
1256356112695267336
1256356124745519107
1256356129304711168
1256356129808015362
1256356150221647884
1256356150167187459
1256356163056091136
1256356163618328577
1256356170434052098
1256356180596842498
1256356183956492288
1256356188414861312
1256356188519833600
1256356204181196800
1256356213207556098
1256356217267597320
1256356217632456712
1256356227681943552
1256356239153541123
1256356246388695051
1256356279779577863
1256356284519063553
1256356288772157440
1256356292542844930
1256356292622516228
1256356292660203520
1256356304848916480
1256356313765801984
1256356326483075080
1256356334636859394
1256356335047675905
1256356346787778562
1256356359953698816
1256356359978864640
1256356368187043840
1256356426433261568
1256356427586772992
1256356427561656324
1256356447316779018
1256356448348459008
1256356460759601153
1256356469177413632
1256356473900326912
1256356477574557696
1256356480883855360
1256356484990066691
1256356485224947716
1256356489666670593
1256356514970906627
1256356523355320320
1256356527046303746
1256356552388329473
1256356561154236417
1256356569484103680
1256356574362099712
1256356574358011905
1256356577679982595
1256356578237661184
1256356587280703493
1256356595174424576
1256356611976687616
1256356619874680833
1256356627801915393
1256356628246474752
1256356631857807366
1256356640749748224
1256356644814041088
1256356645359271937
1256356648584720384
1256356666469203970
1256356666531930112
1256356669606461442
1256356683103821824
1256356686786420736
1256356687444946950
1256356691622285314
1256356700212379648
1256356715706167296
1256356720772816897
1256356733515005952
1256356737076076547
1256356749793263617
1256356753949761536
1256356758748049410
1256356762707472387
1256356766713077772
1256356799709679616
1256356808085700608
1256356813038972929
1256356824988581888
1256356826100137987
1256356829476589569
1256356830005080065
1256356837194113026
1256356838129446912
1256356838242570245
1256356858488553476
1256356858656407565
1256356862947180545
1256356863706378240
1256356863689572353
1256356872392761344
1256356888876367881
1256356888993837057
1256356892957384705
1256356901136158720
1256356901555757060
1256356922112032770
1256356929909207042
1256356934883487744
1256356943075012609
1256356946539618305
1256356946975895552
1256356947739111424
1256356955930546176
1256356963891412992
1256356964365451264
1256356964537438211
1256356972665794560
1256356981083795456
1256356984112254976
1256356993897508869
1256357005574516738
1256357014336425990
1256357018534895616
1256357023228166145
1256357031436402688
1256357035278569472
1256357043746803713
1256357047475585024
1256357051447599104
1256357052332544000
1256357065095819264
1256357098407047168
1256357102387212288
1256357110557880328
1256357114907254785
1256357114945175552
1256357119080759298
1256357125481279490
