1266987787896541185
1266987822470356994
1266987835363491843
1266987835627896834
1266987874991259650
1266987886206947328
1266987888094429184
1266987911062437889
1266987948802801671
1266987955362635777
1266987956981694464
1266987960198746113
1266987960286588928
1266987987369263104
1266987998488391680
1266988007795519493
1266988010098184202
1266988024916656129
1266988028884475905
1266988055883284481
1266988089945124866
1266988102926708736
1266988118827098113
1266988123679895553
1266988127454887938
1266988135789060097
1266988136237871104
1266988160971501568
1266988174468943872
1266988178302353408
1266988186900869123
1266988190088548353
1266988194727374849
1266988211382956036
1266988212884561920
1266988216613101568
1266988216982228993
1266988224427233281
1266988227946254337
1266988233415507969
1266988241170956292
1266988242378907657
1266988248745689089
1266988249576169474
1266988250901516294
1266988271340527616
1266988286846709760
1266988295923232774
1266988299425419264
1266988305129844736
1266988312524394497
1266988324679561216
1266988337136644096
1266988345218838528
1266988358028242946
1266988372167294977
1266988375174569984
1266988375208349700
1266988383710011393
1266988385031225344
1266988393147310080
1266988395810734080
1266988397035479040
1266988397807034368
1266988406044635136
1266988408200663048
1266988414018048000
1266988416639610881
1266988417709195264
1266988431248367616
1266988437627899905
1266988441595592710
1266988467956916224
1266988468862717954
1266988496524398597
1266988513070899203
1266988527197306881
1266988533996089346
1266988538672930817
1266988539641659393
1266988547027939329
1266988573183610882
1266988581211512833
1266988585460346880
1266988589377871879
1266988598785605634
1266988626921099264
1266988627835473920
1266988639650791424
1266988644029661184
1266988645032038400
1266988648077107200
1266988656054751232
1266988656578920448
1266988694042480641
1266988715768832000
1266988715982893056
1266988731103432706
1266988731422162945
1266988740188102656
1266988744894296065
1266988752179613696
1266988765739769856
1266988779530682370
1266988790947725313
1266988824321839104
1266988844924182528
1266988845720989697
1266988861525315599
1266988861873434629
1266988866390487040
1266988879279603713
1266988880756080641
1266988880873631744
1266988886456250368
1266988886544302083
1266988900150435841
1266988904567255041
1266988909050892289
1266988925987377153
1266988938201309184
1266988942051684360
1266988954714345474
1266988954856960001
1266988957939585024
1266988967766917121
1266988976780369920
1266988979053789184
1266988979225792512
1266988984334462981
1266988987010281474
1266988987253751809
1266988996372172801
1266989003691024384
1266989005108727808
1266989012952027142
1266989016655597568
1266989016903110658
1266989020430643200
1266989024901824514
1266989034959548417
1266989058359726081
1266989059693400064
1266989063153700864
1266989072192548866
1266989073060761600
1266989085157187584
1266989104752996355
1266989109777596416
1266989119105912833
1266989131143557120
1266989131952988163
1266989139666362369
1266989146796707849
1266989164257587200
1266989164790251521
1266989168019804160
1266989168086917120
1266989171849064449
1266989175905095680
1266989180875354112
1266989186327949312
1266989189016383488
1266989206217256960
1266989206519394305
1266989209832714241
1266989219395833857
1266989230602899456
1266989231949438984
1266989236743520257
1266989240862289920
1266989247019401219
1266989255487700992
1266989266950815745
1266989273070239744
1266989278761910275
1266989284680228866
1266989294398382081
1266989310089232386
1266989311603273729
1266989332142964737
1266989332633616384
1266989333090795521
1266989335099957248
1266993771297857536
1266993772740608000
1266993795482169344
1266993807976837120
1266993814981378049
1266993816814436354
1266993823470817280
1266993824988975105
1266993841992687618
1266993845373370368
1266993845763530755
1266993852327452674
1266993866609250305
1266993873928155138
1266993877862375424
1266993882471915520
1266993883055116288
1266993890944565250
1266993896766296065
1266993915367849984
1266993929762664449
1266993940546424833
1266993951753396230
1266993954312118273
1266993961995866112
1266993976516718592
1266993979293265920
1266993979545059328
1266993983646908416
1266993987426168832
1266993987556007936
1266993995621773313
1266994000407511043
1266994018480603136
1266994052278423552
1266994068040691712
1266994071299657729
1266994060130160646
1266994088059920385
1266994091629449216
1266994098336141312
1266994108184354816
1266994109446631425
1266994134096711681
1266994143525560320
1266994150035120128
1266994158826373122
1266994160294297605
1266994171476353025
1266994190786887687
1266994192942878720
1266994196814192640
1266994200953774080
1266994201113264129
1266994209946390528
1266994210344845312
1266994211833950208
1266994211930492929
1266994231379255296
1266994234000891908
1266994251100909568
1266994259476934656
1266994281505533955
1266994282143105025
1266994285163032576
1266994286798581760
1266994290108047361
1266994294260264960
1266994301218799618
1266994309628387331
1266994315525591042
1266994315902939137
1266994316154560512
1266994316528025601
1266994320499855361
1266994324132134912
1266994353316278272
1266994353219801088
1266994362682011649
1266994387206078464
1266994407254962176
1266994408152420352
1266994411428331527
1266994418961330176
1266994427362447363
1266994428100689920
1266994471473942528
1266994473600348160
1266994479992459265
1266994480089047040
1266994507393818625
1266994512515260421
1266994532303994881
1266994540608544768
1266994554856787968
1266994555099979776
1266994566541963264
1266994572187615232
1266994574888583169
1266994564839202817
1266994569494900738
1266994612121612288
1266994620275154944
1266994620287848453
1266994620896030720
1266994625476083712
1266994628525527046
1266994634225528834
1266994642677125120
1266994651078307840
1266994658158301185
1266994662318931968
1266994675786960899
1266994677485465601
1266994702156472321
1266994714877685760
1266994717440356352
1266994721743831040
1266994725019680768
1266994729088159744
1266994734435840003
1266994734884483072
1266994737933844480
1266994743524950016
1266994751519277061
1266994772213981186
1266994780250071041
1266994784645853185
1266994800403771395
1266994809828528128
1266994815104946176
1266994819064348674
1266994819181707264
1266994825569734656
1266994840689995778
1266994842967605248
1266994847665344513
1266994871870656512
1266994885430779906
1266994889805279239
1266994895199375360
1266994898076667904
1266994902870695937
1266994905638932484
1266994935980535808
1266994943211405312
1266994951365079040
1266994960689172480
1266994968117350401
1266994973259554817
1266994980930887681
1266994983174844422
1266995015227711488
1266995022714621952
1266995028171173888
1266995053991464961
1266995054121349121
1266995065995444224
1266995079056699392
1266995086665166848
1266995090427428864
1266995090742038528
1266995090893025286
1266995094630121472
1266995111252168705
1266995111541514240
1266995115106668544
1266995116977336322
1266995119686922241
1266995133515362315
1266995134224310272
1266995140117385216
1266995144563326976
1266995154394775552
1266995156848455680
1266995158547083264
1266995166335950849
1266995166767915008
1266995173545971712
1266995178516164608
1266995183121358848
1266995183549329409
1266995200125067264
1266995201584893952
1266995204852027394
1266995215593701379
1266995229854445568
1266995234317258752
1266995253803757574
1266995262096097281
1266995265996808192
1266995270438576129
1266995287211405312
1266995301107134465
1266995307960602624
1266995308732579842
1266995316345253889
1266995316466778114
1266995345940082691
1266995347357908997
1266995347479552000
1266995368052621318
1266995371886198784
1266995384263471106
1266995400222953472
1266995409668325376
1266995421248970752
1266995425967435776
1266995430811930624
1266995434263887872
1266995442530652161
1266995444141490176
1266995447488528384
1266995455449280512
1266995460197224450
1266995460830457857
1266995464085426177
1266999843282706433
1266999855865401346
1266999867122921473
1266999868960063494
1266999875922771968
1266999880372781062
1266999889122058240
1266999896307044359
1266999898676834305
1266999901382115329
1266999902036307968
1266999911309930496
1266999927239933952
1266999930255704065
1266999943073542144
1266999951848017922
1266999972399992832
1266999986203561984
1266999997033336832
1267000010056572929
1267000012363444226
1267000019359596544
1267000036765904899
1267000043913056256
1267000056735039489
1267000063240351745
1267000077572345858
1267000077911982081
1267000102016581632
1267000110950514688
1267000115635634176
1267000127694049280
1267000133960548356
1267000135558537223
1267000137135673344
1267000137534095362
1267000149370302465
1267000149848412161
1267000157469622280
1267000178051080193
1267000178147557376
1267000182144712706
1267000186292834305
1267000191153926146
1267000191313309696
1267000191409946631
1267000196224954369
1267000200297472001
1267000207385997312
1267000227787157504
1267000236255428608
1267000238482624512
1267000245902336000
1267000245969457152
1267000248926449666
1267000257143070720
1267000258933846018
1267000272150298625
1267000275128193026
1267000276084547584
1267000278185902080
1267000279628763137
1267000279775485952
1267000300356984833
1267000307592167424
1267000307759951875
1267000309680873474
1267000326424539138
1267000330161655813
1267000333357768706
1267000337178652672
1267000343411515393
1267000371387531271
1267000383148187648
1267000383991361539
1267000387396984832
1267000387850174470
1267000388584169472
1267000392287752192
1267000413112287232
1267000417428353024
1267000442216726529
1267000451947520000
1267000455684489216
1267000456347176961
1267000459748925446
1267000469714612224
1267000471929131008
1267000473413959680
1267000475787964419
1267000479919288332
1267000488077205505
1267000497354899457
1267000497652760576
1267000501884915712
1267000509510139904
1267000517995175936
1267000526220255232
1267000529911197699
1267000535871299585
1267000543483957249
1267000552333795328
1267000556972765185
1267000560290422785
1267000573510873089
1267000586731499523
1267000589688492033
1267000592616038407
1267000597414154241
1267000598219550731
1267000601034067969
1267000601746997249
1267000605731696641
1267000614007029761
1267000623008034816
1267000627156201472
1267000649050439680
1267000651600539655
1267000655786455041
1267000660056301568
1267000664963469313
1267000669833170944
1267000672303669248
1267000678343479300
1267000678737760256
1267000701818986497
1267000704612339713
1267000728465346560
1267000728775688193
1267000732609380352
1267000733359996928
1267000736866500608
1267000743665430528
1267000757062115333
1267000779618975744
1267000795406442502
1267000803237208064
1267000857268301824
1267000857821958147
1267000867586297858
1267000870316789772
1267000884627636224
1267000899865640960
1267000904726740997
1267000904823209986
1267000913023184896
1267000949509369856
1267000949610033158
1267000950876631040
1267000951308681216
1267000957956763648
1267000958703157248
1267000981352583168
1267001003955666946
1267001005373177856
1267001013514444800
1267001033160626176
1267001033454166016
1267001073199394822
1267001079603924993
1267001089133383682
1267001097312321542
1267001121689800707
1267001133651935232
1267001139914059776
1267001178262552576
1267001188400214021
1267001192812548097
1267001194066505729
1267001198193840128
1267001198273540096
1267001213842751489
1267001226752937984
1267001227994374149
1267001253336211456
1267001255664197632
1267001263650209792
1267001264723955714
1267001272529555457
1267001278795784207
1267001281002065920
1267001285133418496
1267001287150731264
1267001287280701440
1267001289101266944
1267001289281593344
1267001299251474433
1267001302715969537
1267001318561984513
1267001318834651137
1267001339395149825
1267001349574660096
1267001359607332864
1267001360333131776
1267001360823828480
1267001360744054786
1267001367476015107
1267001368725860353
1267001375554060288
1267001381501755394
1267001381690306562
1267001424199577600
1267001428767379457
1267001433548824577
1267001435847262210
1267001440314236929
1267001457582227456
1267001469326237703
1267001494701826048
1267001494747795456
1267001495771181056
1267001504751218688
1267001515270684672
1267001528147079168
