1264543082256535553
1264543091089969153
1264543096542572545
1264543097075138561
1264543112699039744
1264543112791068674
1264543121263788032
1264543121716715522
1264543126179532801
1264543137629900802
1264543137378140160
1264543141501288451
1264543143040552960
1264543146698067969
1264543160316952580
1264543162841935872
1264543171587039233
1264543176041390080
1264543204445224960
1264543204885610496
1264543204860473344
1264543206164828160
1264543209868460038
1264543222505734144
1264543227211681793
1264543230277926913
1264543234279251971
1264543254923620355
1264543260011356160
1264543276075569154
1264543276553646081
1264543280928260097
1264543288486440961
1264543288855539714
1264543289295941633
1264543330538577920
1264543335714258944
1264543338939723777
1264543348678955019
1264543372846469122
1264543385114808320
1264543385441890305
1264543403313778688
1264543414395248641
1264543415544483842
1264543419097022464
1264543431759663106
1264543440672456704
1264543460591308800
1264543529101131777
1264543545509187586
1264543587259355137
1264543590828724229
1264543607811276800
1264543632285224960
1264543641491705856
1264543654921801728
1264543662605840385
1264543662878404615
1264543665776734208
1264543671237697536
1264543675507511299
1264543691349295105
1264543692708249602
1264543721145552899
1264543728582004736
1264543737532895240
1264543738229149701
1264543743039934466
1264543750082179074
1264543751176929286
1264543754721136645
1264543760135925760
1264543763952697345
1264543767618564109
1264543775088664576
1264543783703674884
1264543825042698240
1264543834450558976
1264543867287846912
1264543880164376582
1264543901580496898
1264543914611994624
1264543926914031616
1264543931104190464
1264543944232361984
1264543952817942531
1264543955691110401
1264543956781563905
1264543960560738304
1264543960762023937
1264543964956327937
1264543980680884224
1264543989002317826
1264543994354323457
1264543997403504641
1264544011408355328
1264544018903511040
1264544022321860615
1264544022455939072
1264544023789871105
1264544027136995329
1264544043276529665
1264544056270565376
1264544065221038080
1264544065418338305
1264544069029711873
1264544069595717632
1264544091272105984
1264544098272321536
1264544098880376837
1264544124478337024
1264544136025313281
1264544139716079618
1264544178161287168
1264544212428689409
1264544246717018112
1264544249485430784
1264544249569214466
1264544253415501825
1264544290648317952
1264544291457646593
1264544292338577408
1264544300932583425
1264544309019369473
1264544313389707264
1264544337280421889
1264544354523365376
1264544366552547328
1264544370923114496
1264544371531288584
1264544376086310912
1264544392456609793
1264544395803586560
1264544405404319744
1264544413679640577
1264544418247237633
1264544438325575680
1264544442310066176
1264544459846488064
1264544463306854401
1264544468109230081
1264544471590547462
1264544476674039808
1264544487885266945
1264544492679553027
1264544497465274368
1264544501302996992
1264544500812320768
1264544505480589312
1264544505568440320
1264544513894289409
1264544522425569281
1264544522765324288
1264548980245102592
1264548988017147904
1264549005935013890
1264549022716645382
1264549030434164736
1264549039242047488
1264549040320110594
1264549044736663552
1264549047047725058
1264549048880467968
1264549064609280000
1264549081373966337
1264549081550147584
1264549081873035266
1264549086184775680
1264549097492451329
1264549103205318664
1264549103578615812
1264549110125940736
1264549118682238976
1264549124453457920
1264549127406354432
1264549128484335621
1264549131155943424
1264549147744534528
1264549153184473090
1264549173015334912
1264549173707374593
1264549198302605312
1264549203755270144
1264549208251482112
1264549211372019714
1264549219727060995
1264549227650113536
1264549245077635073
1264549257660346375
1264549265382076416
1264549286932549633
1264549290870837248
1264549291663806466
1264549307299926016
1264549332998590465
1264549333313236997
1264549342259695616
1264549344918855681
1264549350304350208
1264549361490571264
1264549362748751873
1264549366745886720
1264549374937518080
1264549382680174592
1264549387222560786
1264549387264458757
1264549396261240833
1264549400333991941
1264549412610740225
1264549415060209664
1264549432881745924
1264549434752294913
1264549461419646976
1264549467325263873
1264549472102735872
1264549487516758021
1264549487923453952
1264549492692586498
1264549512636497920
1264549517304762369
1264549521813618695
1264549526477705217
1264549529417854978
1264549530013519872
1264549546568421377
1264549556324368386
1264549559767912450
1264549564679323648
1264549572401135617
1264549572925206531
1264549588528226312
1264549592374394882
1264549593120825344
1264549593171275776
1264549596857942016
1264549601648001025
1264549610481123328
1264549613756911618
1264549614402797569
1264549618597183488
1264549623412207616
1264549627552051200
1264549631356293120
1264549632086085638
1264549635655335936
1264549638725685248
1264549649089613824
1264549655322517507
1264549659411910656
1264549664365346822
1264549680505073665
1264549689376079873
1264549711261896704
1264549714604650496
1264549715422490625
1264549727355502592
1264549727137402882
1264549739732893698
1264549739795828736
1264549744887517185
1264549755893538816
1264549756417826816
1264549760398131200
1264549768979599360
1264549777699569665
1264549782367993856
1264549786444861446
1264549802689400832
1264549853507411969
1264549866560249856
1264549879033946118
1264549881789759488
1264549882129506304
1264549895589036032
1264549902740226048
1264549906968186881
1264549912504500224
1264549919676944385
1264549920696160259
1264549924642983936
1264549924630409217
1264549932721147904
1264549941017554948
1264549946465943553
1264549953063575561
1264549962190389248
1264549967198326790
1264549970709012480
1264549978346860544
1264549979043115008
1264549988304117761
1264549990971604998
1264549990988279809
1264549995547590656
1264549996721913856
1264549996864638977
1264550016066207745
1264550032897908743
1264550046307139584
1264550049809420291
1264550054842548224
1264550062123671553
1264550067777810434
1264550075839250437
1264550079148576772
1264550079408431105
1264550079505072130
1264550083095334913
1264550087868497920
1264550091509174273
1264550092901683201
1264550104113065984
1264550109674684422
1264550125323423744
1264550155962978304
1264550158571896832
1264550159280553984
1264550163474984962
1264550167925014529
1264550176187920384
1264550181107687424
1264550184727523330
1264550188498157573
1264550197385990146
1264550214607630340
1264550221465468929
1264550229908402176
1264550234916560902
1264550251979030528
1264550260749328384
1264550260963258368
1264550269158854656
1264550272296259585
1264550298233823232
1264550302419566593
1264550305892466695
1264550314260258821
1264550318588809216
1264550324171272192
1264550326348242945
1264550327711420416
1264550340407558145
1264550344761249799
1264550356098449413
1264550391271784449
1264550394757132288
1264550398926491648
1264550399253438465
1264550402139226112
1264550406488719360
1264550444367523840
1264550448146583553
1264554908558282757
1264554936886530055
1264554940401410053
1264554953529602048
1264554965584019465
1264554983124463616
1264554987251806211
1264554995862720512
1264554999662678016
1264555000732225536
1264555002921713665
1264555008282025984
1264555025717739522
1264555041698000896
1264555045451898881
1264555049163853824
1264555054629113861
1264555066515582978
1264555074438692864
1264555078851063811
1264555079161589761
1264555124489244672
1264555129803550720
1264555143003082753
1264555145573986304
1264555163798220800
1264555176049983489
1264555196127965189
1264555205649145858
1264555205712060416
1264555206378950656
1264555213081509888
1264555221457354752
1264555234250166273
1264555238104739841
1264555242659745793
1264555243083378688
1264555243452264451
1264555243825700865
1264555250297405443
1264555250561810437
1264555259084574720
1264555260225490944
1264555284791537665
1264555292995403777
1264555297428791296
1264555298422841356
1264555309818839041
1264555314461974534
1264555319520309248
1264555325941854210
1264555330601717760
1264555344266776576
1264555376437080065
1264555380614615041
1264555385983168514
1264555389737226240
1264555397924470793
1264555406778527748
1264555410335371264
1264555410532585478
1264555415116922880
1264555424709095424
1264555432275828736
1264555439867527170
1264555443726233602
1264555452089511942
1264555465750409216
1264555469546422272
1264555474055200768
1264555486059388930
1264555489498664965
1264555506288345088
1264555506527465472
1264555524529573889
1264555532586754048
1264555540568584193
1264555550009892864
1264555586252922888
1264555586936549383
1264555587322470401
1264555591801978881
1264555603596279810
1264555607719362560
1264555611443920898
1264555620541313025
1264555628774789120
1264555640954826753
1264555649297514497
1264555650232791040
1264555658218819584
1264555661951672320
1264555662186631170
1264555670503817217
1264555700249739265
1264555712304173056
1264555728980914176
1264555758756270080
1264555767174254594
1264555770923843598
1264555784869949442
1264555809142386688
1264555825223344134
1264555825667821569
1264555846362632194
1264555880382476288
1264555883842977792
1264555885130444800
1264555892634255360
1264555922874986501
1264555926494883840
1264555930437459968
1264555934724100096
1264555951027339270
1264555951006322688
1264555951157280768
1264555951467778048
1264555951513915392
1264555956127641602
1264555959642456069
1264555964277166081
1264555977162063872
1264555981628899328
1264555985047347200
1264555985596809216
1264555992848588800
1264555998024536065
1264555998255239168
1264556006031450114
1264556009785143297
1264556010330640387
1264556014361329668
1264556019449020423
1264556022519267329
1264556022896590848
1264556028206518272
1264556028344991744
1264556048154865666
1264556065200504834
1264556072674693120
1264556102101983234
1264556102861152256
1264556119214751746
1264556127834050561
1264556149455458304
1264556157844275200
1264556164932608000
1264556166174081024
1264556174201978880
1264556178778075136
1264556178983604225
1264556183119179782
1264556183832190977
1264556203574726656
1264556203696443393
1264556248999092234
1264556252782366720
1264556253952585729
1264556261829378050
1264556283132182529
1264556291202125825
1264556294440181762
1264556295048384514
1264556295253667840
1264556316061818880
1264556317282152449
1264556325821911040
1264556341344993282
