1284669266655158274
1284669274968264704
1284669287387369477
1284669287471489026
1284669296782782465
1284669304974249984
1284669309139120130
1284669309579677697
1284669329246695426
1284669329552875520
1284669327581614080
1284669346120433664
1284669346372030464
1284669350046314496
1284669355486257152
1284669363627450369
1284669363946246144
1284669364516552704
1284669367729487875
1284669405788549121
1284669406270885888
1284669414634254339
1284669418593759232
1284669427368296450
1284669430669115392
1284669438747451392
1284669442316808193
1284669460029349888
1284669476189896707
1284669479910289410
1284669485014675456
1284669490366566403
1284669492409163776
1284669493185089537
1284669493776486400
1284669497568161792
1284669506120450048
1284669514718814208
1284669523443023873
1284669524898459648
1284669535887515648
1284669561183313920
1284669561267269638
1284669576253526016
1284669577247354881
1284669581232148480
1284669589876404224
1284669590249672704
1284669603701043201
1284669607568125953
1284669607937286144
1284669637897199616
1284669638714982400
1284669645732093952
1284669656188387330
1284669665008996352
1284669668784037889
1284669673259376644
1284669674899345408
1284669683027910662
1284669683858386944
1284669685385113605
1284669691974352896
1284669707010879488
1284669736647659523
1284669739982258179
1284669746739322880
1284669755173949440
1284669761813647360
1284669775034163201
1284669782583767040
1284669783426969600
1284669792096419841
1284669792444657673
1284669800086597634
1284669805002289153
1284669808433405957
1284669815815200768
1284669818990292993
1284669821582442496
1284669830096916480
1284669834907668480
1284669845615685633
1284669849025736706
1284669853832445952
1284669861998649345
1284669863424929792
1284669888427184128
1284669889186344966
1284669897600126976
1284669901064613890
1284669904659128322
1284669912418590722
1284669918047281153
1284669942781050880
1284669950217592832
1284669955183710208
1284669959076040705
1284669962838302722
1284669971205849088
1284669976637394946
1284669981066539008
1284669991732813825
1284670000146419712
1284670001765658624
1284670035001253889
1284670038377664513
1284670039073755137
1284670047160393730
1284670069428097025
1284670071386906624
1284670076499701760
1284670102693085190
1284670110406508544
1284670172557705216
1284670173853646853
1284670187007074310
1284670190458937344
1284670198524649473
1284670201561112576
1284670206682554369
1284670207756136449
1284670210444791808
1284670219273805825
1284670224059359232
1284670226424987650
1284670239435784192
1284670269999714306
1284670272893865984
1284670283333414912
1284670287825432576
1284670282515521538
1284670331400192002
1284670333916573696
1284670336747753472
1284670349272068097
1284670349809000450
1284670352510136320
1284670357899628545
1284670379513057280
1284670397028298754
1284670404859179008
1284670412018851842
1284670411796549634
1284670416846336001
1284670428200435714
1284670429357961216
1284670436739919872
1284670453848522752
1284670458483355651
1284670471217262597
1284670486501351424
1284670491333201921
1284670507556585472
1284670508185931776
1284670522341519360
1284670538619555841
1284670553882628096
1284670579367436289
1284670581242163200
1284670583792435200
1284670625626324994
1284670631234220033
1284670639014641665
1284670639324794880
1284670646442758145
1284670655015858181
1284670658530684935
1284670672585752577
1284670673496014850
1284670703111815169
1284670717414514688
1284670722405806080
1284670726251974657
1284670742353924097
1284670781352554507
1284670782493257728
1284670790684876800
1284670797735358464
1284670806656778240
1284670815225606144
1284670827766730752
1284670847563829249
1284670848893423621
1284670861807620096
1284670869000859649
1284670873845161984
1284670874218569728
1284670885144809476
1284670885643923457
1284670887267098624
1284670890937135104
1284670891872395265
1284670893659234304
1284670899145396224
1284670900135030784
1284670907693150210
1284670927834406919
1284670928811630594
1284670932833853445
1284670943646883840
1284670962064150528
1284670983589298178
1284671011556929536
1284671016053219331
1284671017063833600
1284671019920302081
1284671024047497216
1284671033841074176
1284671063213985794
1284671070604267522
1284671082843316224
1284671083728080899
1284671091634511873
1284671096080355330
1284671096420052994
1284671112857649153
1284671121007284225
1284671134315749376
1284671141550927873
1284671171754164225
1284671175323336704
1284671178574041088
1284671189122719746
1284671192893394944
1284671197775568896
1284671203769294849
1284671208840146944
1284671208835833858
1284671213340626945
1284671221397966849
1284671237734752257
1284671246735740930
1284671250745511936
1284671254688079873
1284671258773327872
1284671264544763904
1284671268093132800
1284671268093034497
1284671290633154560
1284671301588844545
1284671323323666435
1284671338138009601
1284671349353525248
1284671351328960512
1284671363924529152
1284671385558810626
1284671386829676544
1284671401929011202
1284671405154426880
1284671452373901312
1284671466211020802
1284671469469921281
1284671473307865088
1284671482203975680
1284671503003455488
1284671515972313088
1284671518786506754
1284671519529086978
1284671523421409281
1284671528676851712
1284671545290326016
1284671549224689665
1284671554371170305
1284671556665266176
1284671560884858880
1284671569114075139
1284671570401607680
1284671570858905600
1284671578685542400
1284671596259684354
1284671598755147776
1284671600420204544
1284671619353309184
1284671623174533124
1284671629491081217
1284671649908809732
1284671653545275393
1284671658914177030
1284671674588299265
1284671675095748608
1284671679981957120
1284671688307859456
1284671700504805376
1284671707454689281
1284671729860857857
1284671732666769409
1284671736592703490
1284671751830544385
1284671758151241729
1284671759451652102
1284671766078427139
1284671768418910208
1284671775532560385
1284671785301155841
1284671792137699333
1284671804573974530
1284671812832382976
1284671826849718274
1284671837662781440
1284671838916759552
1284671841462870018
1284671871468711940
1284671891614003202
1284671897792393217
1284671898056450048
1284671900237664258
1284671935415226368
1284671936006684672
1284671954658754562
1284671955824594944
1284671967497461760
1284671979732295680
1284672006865256448
1284672007884472320
1284672010333954049
1284672025789898752
1284672031229870086
1284672039434031105
1284672057112920065
1284672043808550914
1284672068156624899
1284672074066403333
1284672078298468353
1284672085261004800
1284672085478891521
1284672093842370562
1284672094522028032
1284672094907838474
1284672095075663874
1284672097139093504
1284672099206885377
1284672106656149505
1284672109806080001
1284672110405746688
1284672119163572227
1284672139476586496
1284672144891355136
1284672145730174976
1284672147856797696
1284672156542971906
1284672156643790848
1284672157625266178
1284672162272608258
1284672164579467268
1284672164474449920
1284672168937369600
1284672170082344960
1284672203129327616
1284672206564397056
1284672236125904897
1284672244984283138
1284672263304835072
1284672271202897920
1284672273425801216
1284672282540093440
1284672282590248960
1284672286914744321
1284672299363434496
1284672306816712704
1284672309169721345
1284672329096798208
1284672340459167744
1284672357551026177
1284672375678808065
1284672375741652992
1284672376437964801
1284672385543745536
1284672387900780545
1284672390891474945
1284672395832262659
1284672417504190464
1284672433119793152
1284672434755342336
1284672439574646786
1284672442913431553
1284672451339640832
1284672462043713536
1284672468020592641
1284672468435820545
1284672496596406273
1284672496915144706
1284672530133979136
1284672535473397760
1284672545296388096
1284672558357348353
1284672558906904576
1284672559850459136
1284672551596077056
1284672569237483520
1284672580348149761
1284672592129884160
1284672594499776514
1284672607078322176
1284672621813157890
1284672622438109186
1284672627437563905
1284672633993338881
1284672642826465281
1284672643262820355
1284672644462399488
1284672648270708736
1284672651890290689
1284672669103857664
1284672673285648386
1284672686782910465
1284672690951864321
1284672699021893634
1284672701253197824
1284672706504531970
1284672718605111298
1284672722983772166
1284672723587756033
1284672727043854336
1284672727316434944
1284672735562600448
1284672743624015872
1284672745469403136
1284672749118660608
1284672757075238912
1284672764473901058
1284672769230176257
1284672778172604417
1284672785285971969
1284672802579243012
1284672810649030656
1284672811177574401
1284672837089812482
1284672841745481733
1284672862427639808
1284672873181806594
1284672881864183809
1284672883554385921
1284672883717926917
1284672888579268610
1284672894275129344
1284672928823427078
1284672929687535621
1284672934263640069
1284672940563456000
1284672963711774720
1284672967197233152
1284672971882131456
1284672975799750656
1284673001263374336
1284673015926665221
1284673020758499328
1284673028706770944
1284673033660256256
1284673051217424387
1284673058117222400
1284673058213629955
1284673062584156170
1284673066035970049
1284673109254180866
1284673120721223682
1284673126215880704
1284673126526324737
1284673131127492610
1284673135313391617
1284673144024977408
1284673147149733893
1284673147325874176
1284673147703144448
1284673155903246336
1284673159728267264
1284673180888596487
1284673185359622144
1284673188585189378
1284673196822867968
1284673204779245568
1284673211326705664
1284673217295265792
1284673243975086081
1284673244268826624
1284673253059866624
1284673269237456898
1284673280104779776
1284673282327756801
1284673285502971905
1284673293799194625
1284673313621651456
1284673327626321920
1284673360614621185
1284673364301357057
1284673373461721090
1284673383242711041
1284673386099044353
1284673389190352898
1284673394840043523
1284673396014567424
1284673409713152009
1284673412409946112
1284673418986749952
1284673423331995651
1284673437299019776
1284673440834871299
1284673446048227330
1284673470526181376
1284673487303585792
1284673498170847233
1284673498179342336
1284673499819315205
1284673516030185472
1284673519041708033
1284673548477509632
1284673549307973637
1284673563765682178
1284673566286344194
1284673579141836800
1284673579645362179
1284673583151632384
1284673590676389888
1284673592735797248
1284673596414144512
1284673611631124482
1284673612826451969
1284673616026771456
1284673616219529216
1284673617914138624
1284673629947441152
1284673634557218821
1284673636717268992
1284673644896100352
1284673650592014336
1284673655696318464
1284673683454337025
1284673688634179584
1284673691037560833
1284673705319165952
1284673718359166981
1284673734385774593
1284673737913061376
1284673739041406978
1284673752563769344
1284673754044534786
1284673755508166656
1284673802555850753
1284673809694339072
1284673814131949568
1284673817818861569
1284673827948175360
1284673829734879232
1284673830707802112
1284673844893159424
1284673859254456321
1284673869144612870
1284673893152817152
1284673895782645768
1284673896457871363
1284673906037551105
1284673919153209346
1284673931597750272
1284673938904289282
1284673947783409665
1284673948714774533
1284673964661448705
1284673976157892608
1284673982701207553
1284673984987045889
1284673986648047618
1284674005627273217
1284674006335946752
1284674010534612992
1284674026619592704
1284674029027295238
1284674039265611777
1284674043740815361
1284674066503405569
1284674066696163328
1284674068717821953
1284674093804130305
1284674099449597953
1284674099277639681
1284674106533740544
1284674106592559105
1284674111155900416
1284674112212873216
1284674115555569664
1284674141413609477
1284674154558402560
1284674161487552512
1284674174535909376
1284674184082124812
1284674191262875653
1284674191946649601
1284674194819645443
1284674202671423488
1284674206936883200
1284674212549009408
1284674253292482560
1284674258753511424
1284674269746790400
1284674292073078784
1284674295923441664
1284674304005804032
1284674309055746053
1284674325195431936
1284674321005379584
1284674338352820226
1284674345470758912
1284674356300386306
1284674366958166016
1284674367327211520
1284674368254013441
1284674371186036738
1284674372335173634
1284674383491895296
1284674384435830784
1284674407496114183
1284674408683118595
1284674429851598850
1284674443101405184
1284674448193454080
1284674451498512385
1284674454262554631
1284674459522215937
1284674460268638208
1284674467604713473
1284674472205664256
1284674492841652224
1284674498030194695
1284674518947172354
1284674527503540224
1284674539889123328
1284674555961802754
1284674564098674689
1284674573128970240
1284674582729957377
1284674582918696962
1284674597590167553
1284674597590204416
1284674602661285894
1284674603848282113
1284674606247313409
1284674611372843008
1284674618272305152
1284674627059347456
1284674673628848128
1284674677600813056
1284674678913511425
1284674682327891968
1284674690766843906
1284674690968158208
1284674699922939904
1284674714733031427
1284674721695576069
1284674731145342977
1284674736505708544
1284674741236899841
1284674756965326848
1284674766012428290
1284674770131398660
1284674774531280897
1284674778255618048
1284674778264145921
1284674779195346947
1284674782265593856
1284674804570710016
1284674807276228611
1284674808970727424
1284674811872960512
1284674821729554432
1284674824191778817
1284674831988989952
1284674833398272002
1284674836472659968
1284674841790963712
1284674849026256896
1284674854759743490
1284674857050013696
1284674858559963137
1284674869939113984
1284674871100731393
1284674892890140675
1284674899152457728
1284674903166390272
1284674904579805184
1284674904554639361
1284674912293019648
1284674929892274176
1284674934795431936
1284674936829861890
1284674942169157633
1284674942613823488
1284674946942337024
1284674949437886465
1284674950641704960
1284674958698917888
1284674968274558979
1284674987077570563
1284674992181927937
1284674996200247297
1284675001740861444
1284675016865353729
1284675018631282693
1284675027074334721
1284675034829582336
1284675043436486657
1284675060771377152
1284675063137132544
1284675068786888705
1284675071123107840
1284675080627396608
1284675102211297281
1284675104409104396
1284675105336025091
1284675114206986240
1284675144225443840
1284675146641530880
1284675147706830849
1284675164328923136
1284675192346812420
1284675192824967168
1284675202534772737
1284675202929111042
1284675210755612673
1284675214979338245
1284675239604113421
1284675240925073409
1284675261032800256
1284675266078539776
1284675276425900039
1284675278443184128
1284675283140907010
1284675311804743680
1284675331413045249
1284675335393382401
1284675336865632256
1284675341089415174
1284675357547823104
1284675381681729536
1284675387578966016
1284675390238318592
1284675390502350848
1284675391651753986
1284675395019653120
1284675399029579777
1284675407313350659
1284675412044337153
1284675420550561792
1284675422114836480
1284675427831894019
1284675437210157056
1284675446198730752
1284675452909481985
1284675466859814913
1284675475671900160
1284675488804491264
1284675495699849218
1284675504176496642
1284675504985870336
1284675520437694465
1284675520542552066
1284675533351948288
1284675545930727425
1284675546442424332
1284675549315641347
1284675559650406400
1284675572849733632
1284675575127269381
1284675576612048899
1284675583256002563
1284675591413932037
1284675595826233344
1284675599395622912
1284675609503965185
1284675621889601540
1284675630332882946
1284675633579085824
1284675639723921409
1284675643205091329
1284675668714938369
1284675676126081025
1284675694115450880
1284675704215539714
1284675704525856769
1284675706325209090
1284675713040343040
1284675722238234625
1284675725732216832
1284675746485633027
1284675752772825088
1284675754676989952
1284675755893391361
1284675756568739841
1284675767666966529
1284675771621978113
1284675774298181637
1284675786318831616
1284675797555519490
1284675801187782659
1284675805809762306
1284675806682177536
1284675806527184896
1284675816236945413
1284675835258114050
1284675835769782275
1284675842874855427
1284675847786463233
1284675856393273344
1284675857089327106
1284675862252617728
1284675862244274177
1284675882750226440
1284675889071038465
1284675891038224384
1284675895127613442
1284675927423819777
1284675948332318721
1284675957249449984
1284675962227982336
1284675974509076480
1284675990350901249
1284675990464139264
1284675993979039745
1284676000090075136
1284676014719868928
1284676019090157569
1284676020298297347
1284676020486967299
1284676031442558977
1284676031568211968
1284676036496707585
1284676041387245570
1284676056662904832
1284676074086060037
1284676078959620097
1284676086253547521
1284676086534598657
1284676113390800897
1284676122073010187
1284676125487255558
1284676125759766529
1284676132743176193
1284676133208776705
1284676147192541184
1284676147737812992
1284676157254832128
1284676158399877120
1284676167002464262
1284676171905429504
1284676174350897157
1284676183364435973
1284676199562661888
1284676199545843714
1284676200342880257
1284676210023227393
1284676212883812353
1284676212967776256
1284676221809373185
1284676229740859393
1284676232794210304
1284676242164215808
1284676251295322113
1284676251693789184
1284676258958381057
1284676270408646657
1284676289081876482
1284676289392267265
1284676293619933184
1284676333717643265
1284676335101771776
1284676342727024641
1284676343582646274
1284676343876079616
1284676346946486277
1284676363631255552
1284676372624027648
1284676372657561600
1284676385672327170
1284676402587955200
1284676406581043200
1284676415766626306
1284676434313850880
1284676435513413632
1284676438201950208
1284676439397281792
1284676439778816000
1284676444589715457
1284676467775770624
1284676469600419842
1284676484750344195
1284676497773658114
1284676498239238144
1284676505486782464
1284676518409646081
1284676524445237248
1284676525162328068
1284676535794925573
1284676544800030720
1284676568737026049
1284676585547681794
1284676590564257792
1284676598726307842
1284676603423928328
1284676619982893056
1284676628866641922
1284676636139552770
1284676640920883200
1284676669052092416
1284676698349408257
1284676733099286535
1284676751335976960
1284676759313690624
1284676761456906245
1284676765621932032
1284676786702426113
1284676792096358401
1284676799000129536
1284676830927007745
1284676833233866758
1284676847251402752
1284676860127907841
1284676867052666881
1284676874979799040
1284676884656123904
1284676885339938817
1284676898354876423
1284676904264462336
1284676904411430913
1284676918470512640
1284676926645428225
1284676927085785088
1284676946937262081
1284676951957860353
1284676966734495744
1284676968273907712
1284676983855542273
1284676988373016583
1284676997940207616
1284677001605857281
1284677014071521280
1284677018685042689
1284677022627835906
1284677022652882944
1284677023768686592
1284677030588698625
1284677031511425025
1284677040122322944
1284677047890010112
1284677052440821760
1284677054852665346
1284677060842201089
1284677085156511750
1284677097194090496
1284677105444425729
1284677115280007169
1284677119881224192
1284677124322975744
1284677130618470405
1284677141225811968
1284677145130872833
1284677148121468930
1284677148792352768
1284677151422283781
1284677185828200448
1284677199556214788
1284677202412548102
1284677204597788674
1284677207718342656
1284677211769974785
1284677216207601664
1284677218690572288
1284677233223839744
1284677236088438784
1284677244548337664
1284677249036439552
1284677256179265537
1284677261812211712
1284677270288961537
1284677286759890945
1284677290547273729
1284677295031169025
1284677295744131075
1284677311434911745
1284677312517214209
1284677352795123712
1284677373019992065
1284677383438704643
1284677398668226560
1284677404972191744
1284677415529263105
1284677420617027591
1284677425314402305
1284677437008289792
1284677441085075456
1284677480561799170
1284677487654580225
1284677492750639104
1284677501013446656
1284677503622287360
1284677517983588352
1284677518264537088
1284677521313759234
1284677522748321792
1284677527013924864
1284677538455982080
1284677543757410305
1284677547163373568
1284677550040588293
1284677551676260352
1284677558265688065
1284677567505670144
1284677567807717376
1284677574954631169
1284677592814096385
1284677643028307968
1284677646887145473
1284677647092658176
1284677654575104000
1284677665165803526
1284677669486039040
1284677672954626048
1284677710703403010
1284677742869598208
1284677744148844545
1284677757822279680
1284677768890982403
1284677772129046528
1284677780630908928
1284677782191169536
1284677789308743683
1284677801359138817
1284677802147500033
1284677831604215810
1284677852391067648
1284677875178901504
1284677877099909120
1284677902727077888
1284677906610843650
1284677909261594624
1284677915851071488
1284677945639018496
1284677952890974210
1284677954300030976
1284677963045318661
1284677973942112256
1284677994573975552
1284678013880164353
1284678037234122752
1284678071602184195
1284678083547734016
1284678088979296258
1284678092347375616
1284678100383670273
1284678125427843072
1284678134118469633
1284678141752020992
1284678143475953664
1284678150748684290
1284678158503927808
1284678167597383681
1284678187985895425
1284678214745387008
1284678216775618560
1284678216809091072
1284678217463468038
1284678257208463360
1284678258873831424
1284678259465007104
1284678268663345152
1284678271683133440
1284678273385951233
1284678280789069824
1284678297092124673
1284678302146285568
1284678339576295425
1284678335994359808
1284678356080812034
1284678364968611840
1284678365241368576
1284678384417517569
1284678388633030658
1284678387886436357
1284678402541314048
1284678415497527297
1284678430634770432
1284678437211459588
1284678443595001856
1284678444144615424
1284678456232611841
1284678457910349824
1284678457851600896
1284678469935345665
1284678470690377728
1284678477577248768
1284678482920796160
1284678495029714944
1284678498968379395
1284678511807078400
1284678519746785280
1284678520866832386
1284678535676940289
1284678550289866752
1284678553661997057
1284678557877317633
1284678558426767360
1284678569898082305
1284678570552569860
1284678571726962690
1284678573559820293
1284678578043486217
1284678587782533120
1284678590374846464
1284678595953164289
1284678602555088900
1284678603100303363
1284678608137551872
1284678619705597952
1284678620846280704
1284678628677160960
1284678636872667136
1284678642925137920
1284678643298586624
1284678644653150214
1284678658788139008
1284678669932339200
1284678674093084681
1284678684402757632
1284678699149910016
1284678704312905730
1284678705403445248
1284678713406304261
1284678722000310272
1284678724311547905
1284678725980827649
1284678729730527235
1284678753847844870
1284678766082641922
1284678770981507072
1284678774601273344
1284678796617158656
1284678813281124353
1284678819031416833
1284678829248839680
1284678829525663744
1284678833384361985
1284678848592752641
1284678851445096454
1284678854389436418
1284678862832635905
1284678864162168833
1284678866976546821
1284678880784117760
1284678892553412610
1284678896303079431
1284678905266343937
1284678914435174405
1284678934072684545
1284678939911376896
1284678961071624192
1284678965400006658
1284678973398511616
1284678982307205120
1284678993547898880
1284679014490107904
1284679038968176642
1284679044731215873
1284679060409458693
1284679063953604608
1284679074057773056
1284679077794742273
1284679078293856256
1284679089639563268
1284679090893709313
1284679098749480960
1284679102171996161
1284679082668695553
1284679122762051584
1284679125127421953
1284679131448434688
1284679135613329409
1284679157834747906
1284679164923084800
1284679169004183552
1284679179884204032
1284679180064628736
1284679186578374666
1284679204722937857
1284679215137402881
1284679223488262150
1284679236247158784
1284679248607928321
1284679250528829440
1284679274927095814
1284679278156816384
1284679290349641728
1284679296301166598
1284679317897842688
1284679333240602624
1284679333521612801
1284679334825914370
1284679351015837696
1284679351385174016
1284679357768675334
1284679368254488577
1284679379784617985
1284679389813321728
1284679395815223306
1284679397564461056
1284679399720148992
1284679401217470464
1284679441965133824
1284679458130145281
1284679496130592770
1284679504921862145
1284679505580367879
1284679506553438208
1284679518855331840
1284679526597955585
1284679527054970881
1284679531509489664
1284679537997930496
1284679546780835840
1284679553047298048
1284679560357912576
1284679585330847745
1284679588199542785
1284679589499994113
1284679590473080833
1284679592431759363
1284679592700186625
1284679598190456832
1284679609204854785
1284679615424819200
1284679618234990592
1284679623993896963
1284679634953605121
1284679635847045120
1284679637046628352
1284679637079998464
1284679642662789120
1284679652523552768
1284679655883255809
1284679660824125443
1284679665161043968
1284679687189323776
1284679702138036230
1284679714351706113
1284679732123054082
1284679732840353792
1284679752326901761
1284679760652546048
1284679761864863745
1284679782236651526
1284679782525882368
1284679789735890950
1284679794320240643
1284679802084036608
1284679807096074240
1284679823793758208
1284679824607346689
1284679840386486272
1284679843779493888
1284679857654231040
1284679868144209920
1284679882195312647
1284679894820061184
1284679912931106816
1284679924574564354
1284679941142044673
1284679954286837760
1284679963132616710
1284679974537043968
1284679976508428288
1284679986763517959
1284679990504837123
1284679995814580227
1284680000294096897
1284680001447763970
1284680007441362945
1284680013749653505
1284680026575822850
1284680030656897025
1284680034708590594
1284680058616123392
1284680067042414592
1284680088701698049
1284680091507789825
1284680093026201601
1284680095630675969
1284680116719751168
1284680130317647872
1284680132611969030
1284680134142959616
1284680142527356929
1284680172214640641
1284680184726159361
1284680188240904193
1284680192338923520
1284680193714589696
1284680194201128960
1284680196780707840
1284680209019670528
1284680223263469569
1284680225972867072
1284680234118156289
1284680235921879043
1284680261808971776
1284680281774006272
1284680293169852416
1284680306696400896
1284680314066022401
1284680318293880835
1284680337348599809
1284680339693219841
1284680343799255045
1284680348945854464
1284680355933491200
1284680383116738561
1284680417006813184
1284680419791777792
1284680420223680513
1284680427328933888
1284680435373494272
1284680440427749377
1284680446039789569
1284680476100370442
1284680478868439040
1284680479082377216
1284680480239923201
1284680490113544192
1284680498376331268
1284680503879184385
1284680524489842690
1284680525408600064
1284680540407259138
1284680540847779844
1284680562800812033
1284680565413818369
1284680578168569857
1284680584111861760
1284680586980782081
1284680595948232706
1284680596342611968
1284680607566630914
1284680607717416960
1284680612469788672
1284680612952014849
1284680615716151303
1284680628907192323
1284680633436995585
1284680645558652929
1284680664466563072
1284680683277910018
1284680696800280576
1284680704157265920
1284680709014269952
1284680710079553541
1284680718010941446
1284680718409437187
1284680721471205376
1284680726257045505
1284680726525485056
1284680734704381952
1284680735325065217
1284680747329171457
1284680747765374983
1284680760264323073
1284680771249278981
1284680775309201408
1284680794175201280
1284680819320250371
1284680851331186691
1284680852379766784
1284680859677790214
1284680861343002625
1284680864354299904
1284680872780689408
1284680877474226178
1284680884982091776
1284680892947009537
1284680911804493824
1284680914392485888
1284680915000659968
1284680915185102849
1284680931073314816
1284680935338840064
1284680964568842240
1284680966422892547
1284680968113213442
1284680968369045507
1284680970327797760
1284680974194872321
1284680976778489856
1284680981157490689
1284680990720434176
1284680994155573250
1284680995095171072
1284681022668525571
1284681022945341440
1284681030998401024
1284681035574390785
1284681035670675456
1284681052632555520
1284681054411001861
1284681056730447873
1284681069074276352
1284681075155972096
1284681081439039489
1284681081464094720
1284681106839810054
1284681119162662919
1284681120051798017
1284681149722370048
1284681150099750912
1284681155476938754
1284681161466421249
1284681161571065856
1284681171369000961
1284681174388858880
1284681185084338177
1284681199542132736
1284681205338824704
1284681224359776260
1284681250188529665
1284681259323494401
1284681267498213376
1284681283264753671
1284681283994447872
1284681297022144512
1284681303468789765
1284681308900405248
1284681322536083456
1284681335768903680
1284681346544291841
1284681364382470146
1284681370955067392
1284681360498720770
1284681369269022723
1284681375736631296
1284681380631379970
1284681385161240578
1284681389955309568
1284681388999020544
1284681390202683392
1284681396166983680
1284681413246115840
1284681421479526400
1284681431072026627
1284681440081383426
1284681460637523968
1284681461141037057
1284681463531593729
1284681471790182401
1284681485266681856
1284681489054085123
1284681492816293889
1284681501708365825
1284681506074624003
1284681506640691202
1284681510633734144
1284681511288082432
1284681525993168897
1284681526756679680
1284681544293142530
1284681544854933504
1284681553923252226
1284681557257535488
1284681557756612608
1284681564127977473
1284681577595691009
1284681585770602496
1284681586806534146
1284681601591521285
1284681618867748864
1284681627344556039
1284681636576137216
1284681637070950401
1284681639885516803
1284681669967044609
1284681690900766720
1284681703940915200
1284681704813105152
1284681708420452354
1284681737017217027
1284681740502667269
1284681741492350977
1284681754113118208
1284681761792888833
1284681790054191105
1284681803903598593
1284681812036464645
1284681830541688833
1284681845095817216
1284681846253473792
1284681847507542017
1284681849277571072
1284681859037900802
1284681862124732418
1284681870089826305
1284681878285381634
1284681887492050947
1284681892374048769
1284681922271207426
1284681926016729094
1284681929535569922
1284681933377736709
1284681938385723392
1284681946581225472
1284681947730542592
1284681951505522700
1284681965241655297
1284681977174478848
1284681984078487558
1284681984720216074
1284682013476368384
1284682026151362560
1284682044166098944
1284682081432412160
1284682092446511105
1284682100826943488
1284682101686710272
1284682106111619072
1284682118141038594
1284682123597635584
1284682131055063040
1284682139208826881
1284682140550979584
1284682144376328195
1284682151871410176
1284682152488185856
1284682153507328001
1284682155054886912
1284682155520667648
1284682156644630528
1284682165549244424
1284682180371730433
1284682186000666625
1284682193134956544
1284682194502418434
1284682198055104512
1284682202412793857
1284682211824816128
1284682229038419969
1284682235581472768
1284682240895655937
1284682248743194624
1284682252459429889
1284682261095419905
1284682277323190275
1284682281194405888
1284682282540793857
1284682288031248385
1284682299813093378
1284682303063633927
1284682304246419457
1284682304460210177
1284682315323412480
1284682323133423617
1284682332629155842
1284682339952611328
1284682340971634689
1284682349653811201
1284682353894461441
1284682353957310464
1284682378158518279
1284682391357812736
1284682392595304448
1284682404280463360
1284682408491659266
1284682411318681603
1284682436979417090
1284682442167717888
1284682444642430977
1284682448555606016
1284682449159626753
1284682451000991746
1284682458450010117
1284682465907531782
1284682466679091200
1284682483989012481
1284682487386517505
1284682487516368896
1284682505694535682
1284682542063456257
1284682542604591110
1284682545947455488
1284682547302035457
1284682554851786754
1284682559058702336
1284682567250321409
1284682567602573314
1284682571314376704
1284682572333821953
1284682576297291776
1284682581296979969
1284682587928240130
1284682597814149121
1284682606068600832
1284682615140712449
1284682625832099846
1284682637433540610
1284682647214723072
1284682613026885634
1284682654420545537
1284682668068700161
1284682671105466368
1284682676297822210
1284682679951253509
1284682683654668288
1284682692483674112
1284682697105747969
1284682697944846336
1284682706064998402
1284682706715107329
1284682706907873280
1284682709231697922
1284682725664972801
1284682731230830593
1284682740139323394
1284682751082463232
1284682755629027328
1284682755704532994
1284682757252284416
1284682767947698177
1284682772070699008
1284682772712316929
1284682784615759872
1284682792652148737
1284682823996248069
1284682856829259778
1284682858012049408
1284682865503096833
1284682881772683264
1284682881533644802
1284682894305370112
1284682911841566720
1284682916266512384
1284682924881661953
1284682943722655744
1284682956901167105
1284682966782730240
1284682966980067329
1284682995274850304
1284682998546345984
1284683004632342529
1284683025939390465
1284683028904554497
1284683029626130432
1284683029651296256
1284683031983165440
1284683036794081280
1284683046290169856
1284683053382668288
1284683091404099585
1284683095015215105
1284683095610925057
1284683111901679616
1284683112631476224
1284683121393369089
1284683121489702912
1284683129320427520
1284683138053083136
1284683160417009666
1284683162807869440
1284683166415048708
1284683175000633346
1284683177240469504
1284683180373467136
1284683188502175744
1284683196152475648
1284683199751348224
1284683208664027136
1284683210970902528
1284683212141232128
1284683226900987905
1284683242873008128
1284683246090035201
1284683247599996928
1284683256470794240
1284683263479554048
1284683279589769218
1284683298837536769
1284683321021095936
1284683321096589314
1284683332303888386
1284683332467470337
1284683338364510209
1284683346665062401
1284683349076975617
1284683351690010625
1284683360766513154
1284683364536967169
1284683372686524417
1284683398431346694
1284683398683021312
1284683417934630918
1284683420040261633
1284683421789368320
1284683426520371200
1284683434749767691
1284683457017393156
1284683464181088256
1284683469847760898
1284683472985038848
1284683473584820225
1284683476927643648
1284683477179219968
1284683489271590912
1284683493683888128
1284683516370968576
1284683518665203712
1284683523257888769
1284683548180480002
1284683560780271617
1284683579835002881
1284683586315018240
1284683586386497537
1284683599351099394
1284683613133369344
1284683614907768832
1284683620179943426
1284683623862546432
1284683641193291776
1284683642221076480
1284683696054980608
1284683700219924481
1284683700341547008
1284683704577687553
1284683707496964096
1284683708486705157
1284683720868286465
1284683721493356545
1284683724412661763
1284683725054369792
1284683729139576832
1284683737851199488
1284683760181538816
1284683764430524416
1284683764405202944
1284683766674251776
1284683784332480513
1284683784630099968
1284683795065712640
1284683800933478406
1284683803525558272
1284683810194456576
1284683813956747264
1284683815680540673
1284683824895533056
1284683825944158211
1284683827219173376
1284683832738734080
1284683841622487041
1284683854540763137
1284683860677099527
1284683864363929600
1284683870693216256
1284683872010199045
1284683929342091264
1284683935012847618
1284683935667159041
1284683938863239174
1284683944638767106
1284683952448561157
1284683956143546368
1284683964708511746
1284683968709832706
1284683981196349441
1284683992717881344
1284684006575890433
1284684013211463680
1284684018580168709
1284684026054410241
1284684055137579009
1284684074179629056
1284684090587975680
1284684101975506945
1284684103015714816
1284684115191705600
1284684115078336512
1284684115652968448
1284684119419621377
1284684148146307074
1284684152789508096
1284684162176360448
1284684186427809793
1284684196460421120
1284684200059101185
1284684204014542848
1284684207789244416
1284684208615698432
1284684211690115072
1284684213107724289
1284684219785109504
1284684237917114369
1284684244980101121
1284684257114206209
1284684262516629506
1284684275636289536
1284684283928432644
1284684299233636352
1284684299438968832
1284684304732258304
1284684321962565636
1284684329197633538
1284684340606246912
1284684345006084098
1284684349053558785
