1289033020805013504
1289033041101217792
1289033041747345409
1289033051251658753
1289033062869643268
1289033075825967104
1289033079021961216
1289033085040898048
1289033088144744452
1289033101344157696
1289033108277219329
1289033113658462210
1289033116401754112
1289033132990181377
1289033139839537153
1289033141810864128
1289033146609139713
1289033150790799360
1289033152934092800
1289033155093999621
1289033159871467520
1289033177122533376
1289033193631281155
1289033200703086592
1289033200866660354
1289033217744543745
1289033219065733120
1289033226271457280
1289033238275485697
1289033242595663874
1289033252225916928
1289033255052808192
1289033260543033344
1289033265362477056
1289033282131243013
1289033293740929025
1289033301269843968
1289033316050460672
1289033319909339136
1289033334606245889
1289033342873083904
1289033344395640834
1289033361231667201
1289033376662528001
1289033390793072642
1289033431104405504
1289033431251386368
1289033432039751682
1289033443922386944
1289033462587031552
1289033465808089088
1289033489925337088
1289033491321991168
1289033510825545728
1289033511379312640
1289033520958980096
1289033523840659456
1289033540273942528
1289033549102878721
1289033556853952515
1289033557608927233
1289033575329931264
1289033578341380099
1289033586893557766
1289033608947269632
1289033621479849984
1289033630207995904
1289033638206746626
1289033649095049217
1289033663481442304
1289033679822401536
1289033687099682816
1289033692023869440
1289033708679225356
1289033716266745856
1289033718611488769
1289033724885995520
1289033729504153602
1289033730649141251
1289033730716123137
1289033733396475910
1289033733966716928
1289033734646149120
1289033737045450752
1289033755361828866
1289033768364150785
1289033771824685056
1289033787918004226
1289033795895787521
1289033805081190400
1289033805768962049
1289033818054242304
1289033826950209536
1289033839617155074
1289033842175639558
1289033842142203906
1289033846470717441
1289033847364091904
1289033855152914433
1289033859368128512
1289033869103173632
1289033879702118402
1289033906327445504
1289033934261694465
1289033935280672773
1289033935469645825
1289033939399606272
1289033943128240128
1289033956008972290
1289033969657434112
1289033990024773633
1289033997411024907
1289034002368794625
1289034007603224576
1289034009968705537
1289034019846254592
1289034024070057986
1289034031175278592
1289034032928284672
1289034040054632448
1289034044899041281
1289034044739588096
1289034046115328004
1289034049227563051
1289034051752321024
1289034062716375045
1289034068546539520
1289034069334847489
1289034070412992513
1289034090088411137
1289034108027338759
1289034111827365889
1289034120471994368
1289034128302587904
1289034128856354821
1289034139820335104
1289034191028416513
1289034196493766657
1289034232812244992
1289034249446858753
1289034278546767874
1289034283986944001
1289034293109559296
1289034300688666624
1289034328110964736
1289034333265698816
1289034339364343808
1289034341377552384
1289034367722029057
1289034378719330304
1289034389427347458
1289034396637462528
1289034404174725120
1289034417168678915
1289034422382190597
1289034425829744641
1289034438328770562
1289034460785074176
1289034476660690945
1289034498449928192
1289034500903776257
1289034511586533377
1289034530289070086
1289034534227410945
1289034548043489281
1289034546499989505
1289034567920148485
1289034568746573824
1289034577839886336
1289034595053297664
1289034609406156800
1289034610974715904
1289034627823198209
1289034640330645504
1289034651814760448
1289034653836484608
1289034657095471104
1289034657451905027
1289034661247643650
1289034670064230400
1289034685050490881
1289034703929057280
1289034719464742913
1289034727651868672
1289034739672707072
1289034741023256577
1289034750573731841
1289034757158981632
1289034760958836737
1289034765748842496
1289034777920757764
1289034787529863174
1289034791464194048
1289034800234467329
1289034800850800641
1289034811496177665
1289034811978452993
1289034821260345344
1289034849257390080
1289034857121755136
1289034871474491392
1289034872313454593
1289034895252217857
1289034909743448064
1289034912146894848
1289034912553672705
1289034933432987655
1289034959626305539
1289034971982643203
1289034972473331714
1289034975359033344
1289034977120845824
1289034984272080896
1289035001942757376
1289035012281700352
1289035013485404161
1289035016807354368
1289035021555204096
1289035031524986880
1289035041532604418
1289035046326800387
1289035083693690885
1289035085489082370
1289035089649729536
1289035106779369476
1289035110529064960
1289035151591301120
1289035152107085829
1289035154732843008
1289035156381151233
1289035176215896067
1289035177763586048
1289035180468891648
1289035181781745664
1289035203088756737
1289035206222061573
1289035206926700545
1289035224089858053
1289035237121351680
1289035255551328257
1289035255752667143
1289035269296054272
1289035277391007744
1289035291613962240
1289035298131697666
1289035306340098050
1289035307078176768
1289035310370758661
1289035314820976641
1289035316033093634
1289035312073715712
1289035320004972544
1289035320445603845
1289035324614684673
1289035331845722112
1289035335632994304
1289035348010348544
1289035349621116928
1289035356575133696
1289035358823358468
1289035371347693568
1289035386514219013
1289035393946365952
1289035406445555714
1289035410564247552
1289035448652713987
1289035453300178944
1289035453606305792
1289035465320882177
1289035470236725249
1289035477677375490
1289035479296479237
1289035487206875136
1289035491774431234
1289035495024939009
1289035496232902657
1289035504353124356
1289035509235355649
1289035517473021955
1289035519884746752
1289035522027982848
1289035536678531072
1289035542198456320
1289035542454325249
1289035549026787329
1289035567485853696
1289035570912600064
1289035571067846664
1289035597634514945
1289035601237475328
1289035609579937792
1289035625438601219
1289035631130157056
1289035631356715008
1289035654018535425
1289035666962223104
1289035684280512512
1289035687660937216
1289035692635455488
1289035697555492865
1289035698318778368
1289035726798168064
1289035727372783616
1289035730627383296
1289035735715074048
1289035743772512256
1289035760750952448
1289035768711860224
1289035776190226433
1289035793298862080
1289035797539303425
1289035801808969728
1289035813947412482
1289035834944102401
1289035835741003777
1289035836000960512
1289035859602354177
1289035868502667265
1289035881500692480
1289035899729317889
1289035906930954241
1289035914589679616
1289035919383621632
1289035927243825152
1289035943593287682
1289035957765722112
1289035982621290498
1289035986572378119
1289035998375051267
1289036049931542529
1289036054528499713
1289036074422022144
1289036075046850560
1289036075214700544
1289036085952208896
1289036100007231490
1289036107619774464
1289036120974438400
1289036130277564416
1289036148568989697
1289036166541594626
1289036168152207361
1289036169825538048
1289036179887669248
1289036187580211200
1289036188481880064
1289036195029118976
1289036201119420416
1289036213819543554
1289036218492215296
1289036225492455426
1289036227094683651
1289036231242784769
1289036233285554177
1289036241447550976
1289036256085774337
1289036275064770561
1289036298234163200
1289036312864067584
1289036314013306880
1289036318664687618
1289036322477232129
1289036322968133633
1289036330530484225
1289036342060515334
1289036346565132289
1289036375426293762
1289036379855261696
1289036405780418560
1289036414818979841
1289036506628202497
1289036509673390081
1289036514459090944
1289036526626705408
1289036526966525952
1289036531282345989
1289036531454410752
1289036531760496641
1289036539691798528
1289036547635974145
1289036547120140289
1289036564300005378
1289036564803268608
1289036566355222530
1289036573862961152
1289036573917446144
1289036574651490308
1289036576794775554
1289036582494797824
1289036586953236481
1289036589566500864
1289036590787043328
1289036595954216961
1289036607035596802
1289036611376873473
1289036614862282752
1289036635401666560
1289036641026408448
1289036650123857920
1289036662824034304
1289036673964060672
1289036687218278400
1289036709108170752
1289036711138189312
1289036720814657536
1289036724379713538
1289036727667978242
1289036738065772545
1289036748585160705
1289036748966699012
1289036749549731840
1289036757078544385
1289036768138784768
1289036771280510979
1289036795070488582
1289036799361159168
1289036802012131330
1289036811994464256
1289036820093730816
1289036819762380800
1289036829560373249
1289036836791300096
1289036849424498688
1289036867799674880
1289036884354535424
1289036887538180096
1289036889811550210
1289036908614443009
1289036921226895360
1289036927342174209
1289036927308627968
1289036929309257730
1289036935294418944
1289036939077787650
1289036947613155328
1289036951832625152
1289036959969472514
1289036960510730242
1289036972116152320
1289036975903846401
1289036980857143296
1289036988432056322
1289036989845524480
1289036989673676801
1289037010334818304
1289037012767592450
1289037021651050497
1289037032249933827
1289037036364730370
1289037038453436416
1289037043599900673
1289037068727918594
1289037075879096320
1289037085098283008
1289037088910913539
1289037092899524608
1289037093998669825
1289037094451589120
1289037097542836224
1289037097689665538
1289037114508808192
1289037134695993346
1289037135174131714
1289037135723614209
1289037147010457600
1289037147719323650
1289037152899207170
1289037157659639809
1289037161141088256
1289037169500151809
1289037172201287680
1289037173287788545
1289037178866032640
1289037191293947904
1289037194208751617
1289037199002886144
1289037206779297794
1289037212063903744
1289037219768881152
1289037227243134977
1289037227314552832
1289037245861761024
1289037249737302018
1289037269484134400
1289037270247505927
1289037277830799360
1289037278606536704
1289037278099144704
1289037281299488774
1289037294310027264
1289037298655428608
1289037306989547520
1289037315457740806
1289037349955997697
1289037354779508736
1289037355459006464
1289037371330174979
1289037392809062401
1289037425189236736
1289037425503862784
1289037428360183808
1289037427693084672
1289037430906028032
1289037433414266882
1289037445871423489
1289037459280584705
1289037462661038081
1289037463458131969
1289037467203571712
1289037478574174209
1289037480050794497
1289037480469999616
1289037492637835264
1289037492566593537
1289037493187129347
1289037506281787394
1289037513873666049
1289037513999278080
1289037523113705472
1289037528859803653
1289037530923327489
1289037534115356672
1289037534518038528
1289037534996176896
1289037541778370560
1289037572518211586
1289037576809021441
1289037601911918592
1289037606726955008
1289037614490587141
1289037631284633600
1289037632295624707
1289037659776716800
1289037662796558336
1289037667657818112
1289037685974278145
1289037688302010368
1289037693779734529
1289037702474719232
1289037739040571392
1289037740936269824
1289037743142690818
1289037747391348737
1289037751279669249
1289037751476772866
1289037752198103040
1289037755524292608
1289037763514454016
1289037771861000192
1289037776780840961
1289037785806979073
1289037815783862272
1289037815766974464
1289037820229632000
1289037823031599104
1289037832669949953
1289037836335882242
1289037839666118656
1289037848725708801
1289037852869685248
1289037853654163457
1289037857701732352
1289037862583885824
1289037866195013632
1289037873723985920
1289037882829701120
1289037902844854272
1289037906644893696
1289037914710499330
1289037923627671552
1289037953520611328
1289037961263276032
1289037983643922433
1289037996000514049
1289037997527257091
1289038004657573888
1289038011309518850
1289038016393011200
1289038020499443712
1289038020893696001
1289038026052718598
1289038028107911168
1289038036496535552
1289038042133487616
1289038054246711296
1289038062996148225
1289038068893327360
1289038078162608128
1289038096957190144
1289038099683713025
1289038103949258763
1289038108101468160
1289038113164197889
1289038116460933122
1289038117177970688
1289038145447755776
1289038145577721856
1289038151399374848
1289038154578554885
1289038175827107840
1289038189806718976
1289038206785196038
1289038217883168769
1289038220416569344
1289038251223810048
1289038252540755968
1289038271767404549
1289038272593661954
1289038279824814080
1289038318357712897
1289038319192608768
1289038323495735297
1289038326092009472
1289038346812108802
1289038360091283456
1289038385349300224
1289038411689598976
1289038428470784000
1289038436888989696
1289038444044390403
1289038469109407745
1289038470824878082
1289038482871062528
1289038485295374337
1289038504836702208
1289038521186033670
1289038529624969227
1289038537862643714
1289038553922576394
1289038557773012993
1289038575544270849
1289038596658221056
1289038605554417671
1289038606758223872
1289038612999204864
1289038620045848577
1289038623820709888
1289038624604987392
1289038637225713671
1289038640690192384
1289038641407221760
1289038642690682881
1289038651528114176
1289038666808135680
1289038673997045763
1289038678367653888
1289038682050015232
1289038691986477061
1289038699053948928
1289038700916113415
1289038716216832000
1289038726820171776
1289038728690896896
1289038730020507648
1289038743320424448
1289038753718312963
1289038770335936513
1289038771720077312
1289038774639325190
1289038798010167296
1289038804616003584
1289038805438103553
1289038805656272898
1289038823217696769
1289038826913095681
1289038841458941952
1289038867039952896
1289038867090284545
1289038871607554048
1289038872790421510
1289038872899399681
1289038888682414081
1289038894130966529
1289038898866388992
1289038901026463751
1289038905191194626
1289038909725380608
1289038914968322048
1289038925311488002
1289038930155839488
1289038931598569472
1289038936443035648
1289038940041691137
1289038940616437762
1289038959314644992
1289038959494873088
1289038962976202752
1289038969397751808
1289038972161855491
1289038976096116737
1289038978344202240
1289038981120876544
1289038998199914503
1289039006118948865
1289039015551918080
1289039019595034626
1289039022937878531
1289039040897941505
1289039048082894848
1289039053506015232
1289039074020532224
1289039077245775872
1289039085705756673
1289039085592555520
1289039075874406406
1289039091397529601
1289039095365279746
1289039098028503040
1289039102906695685
1289039107117768706
1289039110569512960
1289039115615236096
1289039141360095233
1289039142299545600
1289039156727906305
1289039158325817344
1289039161027112961
1289039165166845952
1289039170103648256
1289039181252104192
1289039186733891584
1289039211367104513
1289039214860857345
1289039215284514816
1289039220464590855
1289039228349878273
1289039234163187712
1289039239989133313
1289039244460093447
1289039254098792448
1289039265410629632
1289039273862275074
1289039279193075713
1289039295626567680
1289039307135569921
1289039310205984775
1289039310281256963
1289039335040471043
1289039331403993090
1289039338097934339
1289039345832402944
1289039353835073536
1289039361871355906
1289039361783324673
1289039363691515904
1289039367936208896
1289039371023327233
1289039380963684352
1289039384121991169
1289039401243164679
1289039401436303361
1289039409145196546
1289039416816742400
1289039417160740864
1289039476224700416
1289039483849986048
1289039492037390344
1289039497993129991
1289039506662973442
1289039508588113920
1289039510144245763
1289039510194487298
1289039516947292164
1289039547456614402
1289039554880483328
1289039564963811328
1289039573247561735
1289039588783251458
1289039592923037696
1289039594277801984
1289039596903444483
1289039599193341958
1289039609612120065
1289039610543251456
1289039602091786240
1289039614569717760
1289039632211095553
1289039677782142976
1289039685566771202
1289039687298973696
1289039702599884806
1289039732916260874
1289039750280740865
1289039750649839619
1289039781146632192
1289039783725998082
1289039803380461568
1289039810653491205
1289039812796616705
1289039824805076992
1289039845294133248
1289039855192887298
1289039856467759105
1289039865833615361
1289039875480489984
1289039883416350722
1289039890278121475
1289039894929649664
1289039895659286529
1289039915771199493
1289039915775188992
1289039917692010501
1289039928588869632
1289039936591745024
1289039942904160256
1289039961694580736
1289039974600527873
1289039975024074753
1289039976370515968
1289039979600019457
1289039979935682560
1289039984520056834
1289039985375686659
1289040009635323904
1289040017025900545
1289040018032545792
1289040035342364672
1289040051322535937
1289040054388760582
1289040054485123072
1289040055533580288
1289040071249862661
1289040097426497543
1289040100807106561
1289040105492152320
1289040106700013570
1289040114958708738
1289040121925427203
1289040125050028032
1289040126836740097
1289040129521332224
1289040131278753792
1289040138920579072
1289040141777088512
1289040142460751872
1289040147263127552
1289040151293779968
1289040156343713792
1289040158772215810
1289040167714643973
1289040185553035265
1289040197808582659
1289040197917835264
1289040202153984000
1289040217706500097
1289040244269096960
1289040251437096960
1289040254821900288
1289040263290200067
1289040273394356226
1289040286727827456
1289040298127921155
1289040302527975424
1289040305451405313
1289040315857297408
1289040322438156288
1289040347427827712
1289040369762664449
1289040377564008459
1289040385654829057
1289040385927503873
1289040393326047232
1289040393883889664
1289040399395221505
1289040399982645249
1289040404537647105
1289040407297499137
1289040407574261761
1289040415492993029
1289040419725213696
1289040424917782528
1289040448716242946
1289040453774405632
1289040454256713728
1289040456907661314
1289040465803632640
1289040470237163522
1289040486343335936
1289040492144058368
1289040525035741186
1289040527996796928
1289040550365200384
1289040558090932225
1289040568425750528
1289040575493177344
1289040582510358528
1289040590202531841
1289040598893318144
1289040599467864064
1289040604735901696
1289040613195776002
1289040630128099328
1289040638038573056
1289040647429795840
1289040652102066176
1289040666618662913
1289040670364139521
1289040674835161090
1289040683383357440
1289040697316712454
1289040704706973696
1289040705025748992
1289040717982183425
1289040726391533568
1289040730225352705
1289040746000113670
1289040755487584258
1289040787704029184
1289040825867833344
1289040831505145857
1289040860169068545
1289040864103276544
1289040869069209600
1289040893891284992
1289040894537039872
1289040944071942146
1289040977114603520
1289040990720802819
1289040990783721472
1289040995624132610
1289040997591048193
1289040999533154311
1289041011092721664
1289041011310649349
1289041016171819009
1289041023633461248
1289041044324130816
1289041057498292225
1289041057771134976
1289041058370748416
1289041078897610753
1289041099475038211
1289041107368554496
1289041112217206784
1289041129376296960
1289041141363605504
1289041148737015809
1289041150741889025
1289041158983659522
1289041167758262272
1289041188281098241
1289041190608949248
1289041195398701061
1289041195805446145
1289041196376035329
1289041198905200641
1289041201203568641
1289041208568840192
1289041220140843010
1289041225824251906
1289041242043453447
1289041266186113026
1289041274461462528
1289041287803539461
1289041298205413377
1289041309785894912
1289041342639808513
1289041356019478528
1289041360251748355
1289041363502325760
1289041368065531905
1289041371597287427
1289041375535693825
1289041393642545154
1289041402609856513
1289041418732867584
1289041427507359744
1289041430371917826
1289041455227514880
1289041456410382348
1289041463356067840
1289041467873271808
1289041477771956230
1289041481513279490
1289041489285324801
1289041501977223168
1289041506624561153
1289041507224301568
1289041515772145664
1289041518225960961
1289041518330884098
1289041522357186560
1289041523494068224
1289041532629028864
1289041536324440066
1289041557979619328
1289041561590747136
1289041565734797312
1289041568792547328
1289041568817655809
1289041574836547585
1289041581480316930
1289041582294011905
1289041587666788357
1289041605823885312
1289041619916918784
1289041631912398848
1289041639114145792
1289041662203686914
1289041666695823361
1289041670202445824
1289041679358582786
1289041699411394560
1289041710702448640
1289041713219207174
1289041731653111808
1289041735646097415
1289041739982893056
1289041742222831616
1289041749386690564
1289041750166614016
1289041761059438593
1289041766029697026
1289041767543844865
1289041769586294784
1289041779761840128
1289041781770731520
1289041790197145600
1289041791254032387
1289041791388246016
1289041800661999616
1289041816260456448
1289041828520628224
1289041841615261696
1289041850377134080
1289041858622967808
1289041868374720512
1289041879439495168
1289041894966730753
1289041909030301699
1289041924352090112
1289041935244484609
1289041941993148418
1289041947089305600
1289041951208046592
1289041960167043074
1289041967066750976
1289041972930449408
1289041975979544576
1289041980765491203
1289041981897834496
1289041989455863809
1289041995743322113
1289042006019366914
1289042009861304320
1289042010695925760
1289042022461067265
1289042063573606400
1289042067914739712
1289042076634513409
1289042081940475904
1289042092736446464
1289042114156859394
1289042117411700738
1289042127310041088
1289042127486365701
1289042127624667137
1289042130787344384
1289042135052718080
1289042143802044418
1289042147891646465
1289042148504014848
1289042151603462145
1289042156464742400
1289042163662311425
1289042164899430400
1289042168368082944
1289042169135759360
1289042188580528128
1289042213821915136
1289042222688731138
1289042223905087488
1289042236768952320
1289042244876537858
1289042252107591681
1289042252669440003
1289042253189713925
1289042266485665793
1289042276514246657
1289042311733743616
1289042312077742080
1289042336169840642
1289042348563996672
1289042350694633472
1289042370768580609
1289042381749325827
1289042407066042369
1289042425172963329
1289042436539334657
1289042441505394688
1289042468390998021
1289042478847287297
1289042500460544005
1289042509075750913
1289042515816062977
1289042516382117888
1289042516294082560
1289042516487086080
1289042535684272128
1289042577325469697
1289042583872774144
1289042593687523328
1289042597646745601
1289042598267695104
1289042612305817601
1289042630161113090
1289042655389736961
1289042667637297153
1289042671047192576
1289042692148797440
1289042692056535040
1289042692282908674
1289042692891017218
1289042702580043777
1289042713111912449
1289042722016256000
1289042736319012866
1289042744149716993
1289042745240113152
1289042746511065091
1289042755730255872
1289042769122598912
1289042840039956480
1289042841222578178
1289042851548893185
1289042861904867329
1289042862139682816
1289042891042697222
1289042895597637638
1289042898256900097
1289042904443318272
1289042932394340354
1289042966129119233
1289042966481448961
1289042986970550273
1289042991647137792
1289043006935441408
1289043011687464960
1289043016091611136
1289043020567007232
1289043050149232641
1289043075902451712
1289043082093236225
1289043097360322562
1289043103681146880
1289043117631508480
1289043120504504320
1289043130747158528
1289043132907163648
1289043142306459649
1289043171087986688
1289043179291934721
1289043180848111616
1289043188653723648
1289043193137451009
1289043193942736898
1289043208471810048
1289043246413426688
1289043247600287744
1289043263895347200
1289043266520920065
1289043289350561794
1289043292508827648
1289043292978466819
1289043308602200064
1289043311202725893
1289043313232936961
1289043313446645760
1289043335739392003
1289043345017208834
1289043356970975232
1289043359861026821
1289043368731906054
1289043385425199104
1289043401225183235
1289043411832573958
1289043420317511682
1289043423010394115
1289043426831286272
1289043435970793474
1289043447161266176
1289043451921793024
1289043452081184771
1289043489322340355
1289043493059465217
1289043494317838336
1289043514056032256
1289043514177785861
1289043519806427142
1289043521299775488
1289043524437123072
1289043537221361664
1289043541142822912
1289043553679749121
1289043554116030465
1289043566925434880
1289043571933237249
1289043586957246465
1289043590681952258
1289043594658099200
1289043606146187265
1289043609824759809
1289043628531253255
1289043628694949889
1289043628330024960
1289043633363210240
1289043646822588417
1289043648508764160
1289043654930239488
1289043656578605056
1289043663817973760
1289043673456418816
1289043680003792896
1289043682432299011
1289043686987313152
1289043688509890561
1289043703580037120
1289043707854049281
1289043717593104384
1289043728347406344
1289043729521823746
1289043753383137283
1289043759036919809
1289043763407405056
1289043766934933505
1289043778473402370
1289043783250829313
1289043785104658434
1289043787558330369
1289043802787917824
1289043828771561472
1289043848375631872
1289043855220912128
1289043858161053696
1289043884903890944
1289043887894405121
1289043904550117376
1289043921969000448
1289043927014801408
1289043929975779328
1289043930814640129
1289043939148824577
1289043960711659520
1289043963576426498
1289043968257396737
1289043971805777921
1289043980722868225
1289043987979022337
1289043996778672129
1289043998103855104
1289044001207787521
1289044006861766658
1289044013249527813
1289044019314667530
1289044019956178950
1289044034338435072
1289044040563007489
1289044043792515073
1289044051677913088
1289044065762316289
1289044076797599744
1289044084796129280
1289044104152834048
1289044110125330433
1289044114328059904
1289044122737811463
1289044124881092608
1289044135857606657
1289044156547883009
1289044159165280261
1289044177167122432
1289044190161244160
1289044193638256642
1289044204044181504
1289044220523708416
1289044227108884480
1289044258603892736
1289044260948291586
1289044269953622018
1289044270838677506
1289044274458189824
1289044295476039691
1289044299368353794
1289044315470049281
1289044321828769793
1289044327692472320
1289044328984252416
1289044334210318342
1289044346722029569
1289044347044925442
1289044349460701185
1289044350706614278
1289044361158766592
1289044369786339329
1289044374974857216
1289044382830796800
1289044396239921154
1289044404209156096
1289044405815574530
1289044407623323656
1289044425121959936
1289044426233389056
1289044429991563270
1289044455501246465
1289044462300278784
1289044470420459522
1289044481665306624
1289044496097972231
1289044496609505280
1289044506101383169
1289044513013428230
1289044527085498368
1289044533544550400
1289044560157585408
1289044579350728704
1289044580302807041
1289044584337756160
1289044591824572416
1289044596526182401
1289044614620549122
1289044619041202176
1289044619565596672
1289044623910813696
1289044627136356353
1289044648296624128
1289044655586160640
1289044663681179652
1289044664637485056
1289044668492193792
1289044672422326273
1289044675693809664
1289044698003320835
1289044698447745025
1289044709780811776
1289044715040628736
1289044718085709824
1289044745218658305
1289044764076040194
1289044770694758400
1289044780698271750
1289044780949942273
1289044790848479232
1289044797680783362
1289044801875214336
1289044823224266753
1289044823866060800
1289044828458823681
1289044845672177664
1289044865096069120
1289044868854030340
1289044886591873024
1289044894489677826
1289044895894654976
1289044903260041217
1289044903591387136
1289044903943708672
1289044906791653376
1289044925170872320
1289044926047625228
1289044928820125697
1289044932087492610
1289044932754157570
1289044962710036484
1289044963439845380
1289044965948039169
1289044984205803522
1289044984457502721
1289044987666214912
1289044991659008001
1289044994846797825
1289044996427935744
1289045016262787072
1289045016950845441
1289045020624826368
1289045023934369793
1289045028342398977
1289045037385420800
1289045045450952705
1289045051033694208
1289045059568975879
1289045059804028928
1289045078552522752
1289045085888245760
1289045110374768643
1289045113931550720
1289045116271779840
1289045123267989504
1289045133271302145
1289045141379076096
1289045142150631424
1289045143090339845
1289045152225472512
1289045162681753600
1289045163780628481
1289045164254609409
1289045190129352704
1289045193115799552
1289045210010398721
1289045221234356229
1289045223272718336
1289045230277128192
1289045234467233792
1289045243346771968
1289045247058534401
1289045259792441344
1289045263160471552
1289045268692791302
1289045269217071104
1289045289752551425
1289045292847857664
1289045322249969665
1289045338871992323
1289045364230754304
1289045369024806912
1289045369322708992
1289045378105581568
1289045382379446274
1289045383298113538
1289045397332037632
1289045405838258180
1289045414285582336
1289045416529539073
1289045429015810048
1289045436519653376
1289045439845548033
1289045441489887232
1289045449781977088
1289045449790365696
1289045451627429888
1289045459672141824
1289045461568040961
1289045504479961092
1289045550608855040
1289045557923569665
1289045559039463424
1289045562218749953
1289045566618468353
1289045567256043520
1289045578211422209
1289045581097304075
1289045608981045248
1289045613531795457
1289045621408661505
1289045624701288449
1289045626064379908
1289045638479396864
1289045662856884224
1289045667491479552
1289045667395010565
1289045675552862209
1289045685287911424
1289045691491328001
1289045696788566017
1289045701142310914
1289045701863845888
1289045715377823745
1289045718104027137
1289045746910728193
1289045760131162114
1289045763478245376
1289045775905894400
1289045776643928064
1289045777042624512
1289045787477807105
1289045817588879367
1289045817966366720
1289045825499181056
1289045840254902272
1289045840368107520
1289045844688359424
1289045846214848517
1289045851080450048
1289045864347033602
1289045869560508416
1289045885070897152
1289045888715939845
1289045903094022144
1289045903047716864
1289045917459337216
1289045926628253696
1289045936161697792
1289045944118501377
1289045964347514881
1289045973935837185
1289045985516232705
1289045991325413376
1289045992873103360
1289046001752223744
1289046014540750848
1289046020903428096
1289046022295977984
1289046023088640000
1289046031879921664
1289046041078177792
1289046051845025799
1289046077551722497
1289046104554844160
1289046107616673792
1289046111789883395
1289046118718828545
1289046121214484480
1289046128093143040
1289046129162817536
1289046141443747841
1289046148733210624
1289046158053081099
1289046163337949185
1289046185907326976
1289046188239417347
1289046192081350656
1289046233894588416
1289046242811457536
1289046245798031360
1289046253180014593
1289046259521728515
1289046259701911553
1289046263493799941
1289046287258734593
1289046290681208833
1289046294997217281
1289046312877543424
1289046331026223109
1289046342782812168
1289046347316961280
1289046357920092161
1289046358746255360
1289046360243634176
1289046361867001856
1289046369836003330
1289046372725882881
1289046380082679808
1289046413545013248
1289046413792477185
1289046417244397568
1289046422868963328
1289046450534518784
1289046456444256256
1289046479588347904
1289046488958611463
1289046500849246208
1289046513264594945
1289046532646346752
1289046533971689477
1289046534613393408
1289046536261898242
1289046536857378816
1289046547867435008
1289046561910120448
1289046568922906625
1289046585691664384
1289046585901322248
1289046588145324034
1289046591081455616
1289046599516278786
1289046607460052992
1289046613780987905
1289046618193330177
1289046618491117568
1289046640972660737
1289046643313004546
1289046648929361921
1289046663982710784
1289046669439442947
1289046682118828032
1289046691459473408
1289046692487213056
1289046695150383104
1289046698749288448
1289046710770176001
1289046716725911552
1289046723554410497
1289046726855274496
1289046752289599488
1289046757171695616
1289046773114126339
1289046778965192706
1289046782777860096
1289046790398808064
1289046840445411328
1289046850994151426
1289046882182979584
1289046884875563011
1289046891452391425
1289046894665228293
1289046902986555392
1289046911765315584
1289046913132539904
1289046917742080000
1289046930144673792
1289046936541106176
1289046971207110657
1289046993726300161
1289046996133842950
1289046997006049281
1289047001007403010
1289047017541390336
1289047024550047744
1289047029725958151
1289047030304710657
1289047047560077312
1289047050819010561
1289047060998688768
1289047069047623682
1289047079067643904
1289047106401918976
1289047115059077120
1289047117428862976
1289047132008091649
1289047132473896960
1289047140401127424
1289047145887277056
1289047146977583104
1289047152396775429
1289047160491655168
1289047160340783104
1289047163411079170
1289047167441674240
1289047167861055489
1289047172814602242
1289047177982083073
1289047178179153920
1289047181572399105
1289047203114172416
1289047206390042624
1289047206453026818
1289047211641380865
1289047217899216896
1289047219958689802
1289047231740477441
1289047231941603328
1289047249021030400
1289047299176292352
1289047301713993728
1289047311994064896
1289047312879116292
1289047326175240193
1289047328536625154
1289047339781558273
1289047340301651969
1289047346433662977
1289047353496760322
1289047353979092992
1289047377266049025
1289047377647505408
1289047394009653250
1289047404789010432
1289047429778677760
1289047431481397249
1289047440369373186
1289047475001667584
1289047478701117440
1289047478726275072
1289047486737330182
1289047488003899392
1289047492479213569
1289047513232637954
1289047516193857536
1289047516328202247
1289047538876796929
1289047541330219009
1289047551702966279
1289047563337965573
1289047565833510912
1289047574607953920
1289047575442722816
1289047575455293440
1289047586989584384
1289047587157417985
1289047592370765825
1289047596674224129
1289047614604947464
1289047618383941638
1289047625333739522
1289047629326766080
1289047634674671617
1289047642169737217
1289047645361643520
1289047655201546240
1289047662159966209
1289047663606935552
1289047679193014273
1289047688609243137
1289047702521577472
1289047716023037954
1289047739779735552
1289047741855707136
1289047743311183872
1289047746754891776
1289047746918457351
1289047756867239936
1289047760109547520
1289047767457832961
1289047768363872256
1289047768820887554
1289047776920244224
1289047781328293889
1289047782100217856
1289047786596503552
1289047798185254912
1289047800605560833
1289047822268997632
1289047824009584642
1289047826320756738
1289047832247361536
1289047838471618560
1289047842536009728
1289047854099714048
1289047857249628161
1289047871883550720
1289047894117486593
1289047910521245696
1289047918310297603
1289047931513954305
1289047948492288000
1289047968218320896
1289047970445496321
1289047974098751490
1289047978980675584
1289048003421057024
1289048004104609792
1289048006738636800
1289048006680027137
1289048008286502912
1289048023415181312
1289048049000632325
1289048060761276416
1289048063814840320
1289048077643333633
1289048081988632577
