1283763301361479681
1283763302309355522
1283763304620490752
1283763304830169094
1283763313093021698
1283763321653678080
1283763338393063424
1283763339311616000
1283763343115911168
1283763351487762434
1283763355275210756
1283763364452278274
1283763376598941696
1283763397843210244
1283763401324453890
1283763406307237893
1283763431728910336
1283763439685570562
1283763451534303234
1283763473415987200
1283763485353050112
1283763485256683520
1283763485588037633
1283763502646165506
1283763505997533184
1283763506051940353
1283763506244878342
1283763528214745089
1283763539849740290
1283763548213047296
1283763565506244609
1283763573328674819
1283763578600935424
1283763582413320192
1283763582669172737
1283763585764614145
1283763589912961024
1283763590885969921
1283763598427389953
1283763620845944832
1283763624142491648
1283763624532512768
1283763624880865280
1283763627976163329
1283763628391497728
1283763628546707458
1283763640265437184
1283763640483475462
1283763641494523905
1283763657772597258
1283763658418466816
1283763674230988800
1283763691146678274
1283763712642494467
1283763715784019969
1283763717021356034
1283763724986146817
1283763737304809474
1283763737334296576
1283763778782482436
1283763796092362752
1283763803805626373
1283763818410266625
1283763830187753473
1283763834042245120
1283763837825691648
1283763842158190594
1283763858864320521
1283763858864132096
1283763859958968320
1283763863037648898
1283763866720231424
1283763872021860352
1283763884516536320
1283763888648007680
1283763914522517504
1283763918196944896
1283763921451577344
1283763925931175937
1283763934407753734
1283763963360997376
1283763964858556417
1283763984349331456
1283763988728147968
1283764001638363142
1283764043212369920
1283764052129452032
1283764052062339072
1283764068445233152
1283764068608815104
1283764080617152513
1283764081011425280
1283764081476984833
1283764086493323264
1283764089294995456
1283764098979647499
1283764103048163328
1283764106324054017
1283764122941902850
1283764123155783680
1283764139584884737
1283764153413521410
1283764161445376001
1283764168932364289
1283764177421529091
1283764181838082048
1283764182568009730
1283764194488332290
1283764194920353797
1283764199039152129
1283764206358204416
1283764211080851459
1283764211471048705
1283764211638829056
1283764220191023109
1283764223684890625
1283764235852566528
1283764237043552259
1283764253032235008
1283764262138044419
1283764266311593987
1283764274956034050
1283764303854571525
1283764307432538115
1283764311475671040
1283764315628199936
1283764321424601089
1283764324603957253
1283764328353554432
1283764328726966272
1283764336930979843
1283764341284786176
1283764341737754624
1283764349144793093
1283764357894221829
1283764367125819392
1283764375250251777
1283764378974720002
1283764387451408384
1283764391100379140
1283764391381471233
1283764391540924419
1283764396213362688
1283764407621881858
1283764408506896385
1283764421299523584
1283764429327421441
1283764429549563904
1283764441939619845
1283764445806833665
1283764453876666369
1283764454677774336
1283764462994903040
1283764467956805632
1283764475816886272
1283764480053252102
1283764495882620929
1283764504577351680
1283764517847961600
1283764518372311042
1283764525725093894
1283764533618774016
1283764556104425473
1283764571233234946
1283764571585630208
1283764589113442306
1283764609221046274
1283764613805494272
1283764625633402882
1283764634911203328
1283764648093745152
1283764651680047105
1283764651893850112
1283764664606679040
1283764689445347328
1283764693782454274
1283764705744437249
1283764706453458946
1283764718851719168
1283764732034314240
1283764735440084992
1283764735754874881
1283764744688504832
1283764752838098944
1283764763995119622
1283764765601533953
1283764777773420544
1283764781305004032
1283764785247596544
1283764786170396673
1283764798992392192
1283764802217795596
1283764815182344193
1283764819070455809
1283764819330568192
1283764835381985281
1283764837122801666
1283764845435748354
1283764849164595202
1283764852620693504
1283764861546180609
1283764862477361152
1283764895125626880
1283764899735318528
1283764899873804288
1283764942286413827
1283764954533974017
1283764970468052992
1283764978407923714
1283764991821316102
1283765008732651521
1283765008955039751
1283765017289138177
1283765020506107905
1283765037102886913
1283765055289516032
1283765058091155457
1283765096460648448
1283765109014372352
1283765125418225667
1283765130661105670
1283765150277926916
1283765167260663809
1283765168363704320
1283765188005634053
1283765218183544834
1283765218645086219
1283765226840653825
1283765230460260353
1283765239809404931
1283765259384303616
1283765264329441280
1283765267630194689
1283765276513894408
1283765277210148864
1283765294146613248
1283765314337955842
1283765318788276224
1283765325599617024
1283765320700661760
1283765335066198018
1283765343568068615
1283765347804311560
1283765365542195206
1283765381497331715
1283765381857898496
1283765394499604486
1283765398224109569
1283765402082750465
1283765402959400960
1283765427685019648
1283765431694761987
1283765439861002243
1283765444050997249
1283765452209033216
1283765452326555648
1283765457548447746
1283765469854433280
1283765477819527170
1283765482508689408
1283765482210971648
1283765485847351298
1283765490691842049
1283765498186956800
1283765499957055489
1283765510954299394
1283765512045043713
1283765515169730560
1283765525009637376
1283765549009219584
1283765561671983104
1283765579019694082
1283765591484981248
1283765595390062597
1283765599236026371
1283765603912822787
1283765611617755136
1283765613047971840
1283765621231099904
1283765625932746754
1283765638171815936
1283765645683769345
1283765653510533120
1283765653770559488
1283765667016007680
1283765683529097218
1283765700071432194
1283765699245158401
1283765725166022656
1283765733017686016
1283765738667249664
1283765742010130432
1283765745755750402
1283765745847951362
1283765767738097668
1283765779339583488
1283765783756234753
1283765792576659456
1283765804723568641
1283765826055811078
1283765838923923456
1283765851867537408
1283765859136278528
1283765859429883905
1283765872281088000
1283765884918599680
1283765885220515844
1283765889112748035
1283765889481895937
1283765900953432064
1283765901175775232
1283765944247083008
1283765956632870913
1283765972680298496
1283765980754317313
1283765980884135936
1283765997816754183
1283765998760280068
1283766005974495233
1283766006243041280
1283766011670310914
1283766027092996098
1283766039675887616
1283766051843514374
1283766056197033984
1283766065311494144
1283766073846890496
1283766078376730626
1283766079760805890
1283766091173507072
1283766106696691714
1283766106549899270
1283766110991650817
1283767375364595713
1283767378862460928
1283767411787722753
1283767415344467969
1283767416217051137
1283767440170606593
1283767445166206978
1283767448802656256
1283767449381294080
1283767458327867393
1283767490875539456
1283767491362033666
1283767498966474752
1283767499646013446
1283767504494628864
1283767507514531842
1283767520063664128
1283767524308525059
1283767533611266049
1283767541043654656
1283767541635006464
1283767542046228482
1283767555497365504
1283767558521458688
1283767562371772417
1283767563017760777
1283767570768723969
1283767592490905603
1283767608488017920
1283767612543991809
1283767620689330176
1283767621738016770
1283767633377140744
1283767642336174080
1283767647117639680
1283767696459542530
1283767701584982016
1283767713999892481
1283767718622175237
1283767739446898688
1283767746849837056
1283767755615936514
1283767784615403522
1283767794140540929
1283767797198262272
1283767798070521858
1283767805830033415
1283767809508618240
1283767838705176577
1283767844044509184
1283767844304388098
1283767867780018179
1283767876676009987
1283767885781856257
1283767906342440960
1283767909710528512
1283767911375532033
1283767927238537217
1283767928148709377
1283767939343290368
1283767940710576128
1283767943780806661
1283767948688216070
1283767957164892161
1283767960759304193
1283767964714532867
1283767968694972417
1283767973333745665
1283767982284353536
1283768003021209602
1283768003167952896
1283768028505792514
1283768044326719490
1283768052992094213
1283768061368184832
1283768062379003904
1283768066996940802
1283768082125791234
1283768099955601408
1283768103059501056
1283768108105084928
1283768136567672832
1283768145778561024
1283768149813460993
1283768166833729538
1283768166829588480
1283768170407276545
1283768183707533317
1283768196458090497
1283768200283303941
1283768225797480448
1283768226078310400
1283768229677207558
1283768237495181312
1283768241878441992
1283768254897565696
1283768258714361858
1283768259083407361
1283768262438850561
1283768271259545600
1283768275407495168
1283768279035793408
1283768284853174274
1283768296190414848
1283768300892192768
1283768308244852736
1283768313408114688
1283768317958737921
1283768322492977159
1283768338787831810
1283768346962530306
1283768371650207749
1283768372673511426
1283768380634222592
1283768380961546241
1283768384539127808
1283768396627144704
1283768401559789568
1283768410099322883
1283768413593231360
1283768417837875203
1283768442856906760
1283768451358695424
1283768459885764610
1283768460137439232
1283768476243496960
1283768484812533761
1283768485999513601
1283768490047021059
1283768514512207872
1283768522993094656
1283768523333029889
1283768531775926273
1283768539384623106
1283768543620722688
1283768547605389316
1283768560502763520
1283768560469381121
1283768560775503872
1283768565464735744
1283768585312063494
1283768589514924033
1283768594158047233
1283768595324047361
1283768606497488898
1283768636168196097
1283768644674228228
1283768652450467841
1283768656955166720
1283768661304639490
1283768669722554369
1283768682406195201
1283768690371186690
1283768690702536710
1283768695492276225
1283768699560714241
1283768711460139008
1283768722994401282
1283768725099945986
1283768744792125440
1283768753382141955
1283768758167797760
1283768783543377920
1283768799632728065
1283768800429711362
1283768804057780225
1283768808558211072
1283768809141211136
1283768809145470977
1283768811896938496
1283768820666994688
1283768833187225600
1283768833359126529
1283768833711513601
1283768842636808193
1283768845597990912
1283768850597711874
1283768854749958146
1283768857757458432
1283768859024031748
1283768871439273997
1283768875578990592
1283768883887792128
1283768892704395265
1283768905048227840
1283768921150169089
1283768921598963713
1283768925352792065
1283768925638008833
1283768933691138049
1283768942763356166
1283768941697957889
1283768954863878147
1283768975139184642
1283768992407138304
1283769018034290692
1283769022211907585
1283769026091446272
1283769042902364160
1283769047532949504
1283769067850076162
1283769072891711488
1283769084761509888
1283769110602620928
1283769118500564992
1283769127836856321
1283769136301178880
1283769147898368000
1283769151811715075
1283769156249231365
1283769181348016129
1283769185080934401
1283769227648917504
1283769235483889664
1283769253808803842
1283769256895709186
1283769261190778882
1283769261459046401
1283769274222481408
1283769278269808641
1283769281675620352
1283769295416070145
1283769299304407042
1283769302529777666
1283769316467507202
1283769331915137024
1283769332846202880
1283769341234774016
1283769344779063297
1283769361749012480
1283769373988016128
1283769378173972481
1283769378710802432
1283769391478460417
1283769395232169984
1283769399439228928
1283769407580393473
1283769668457467910
1283769668763697153
1283769672597479424
1283769693161926662
1283769710484557824
1283769760124145669
1283769764104400896
1283769780995010561
1283769788880293889
1283769806349406209
1283769811399581701
1283769818727022592
1283769819972730881
1283769832119447555
1283769848669986817
1283769856228233216
1283769860544180224
1283769882874535936
1283769895591661574
1283769902336282625
1283769907650400256
1283769920539578369
1283769927841853440
1283769941066420224
1283769947894751232
1283769957499768832
1283769986863886336
1283769987639971841
1283770011350437896
1283770041175994369
1283770050579750912
1283770078652035072
1283770078903840770
1283770080183058435
1283770084029157376
1283770092275339264
1283770099963506691
1283770097795043328
1283770104673701888
1283770108460929024
1283770121622884352
1283770121979191296
1283770149875576835
1283770150437769216
1283770171472125953
1283770171820257286
1283770171950276609
1283770179835568128
1283770180234104832
1283770184176672770
1283770221531222019
1283770225658228739
1283770239243583488
1283770246243840000
1283770246701219841
1283770246864744448
1283770267618217984
1283770268310069250
1283770276812136452
1283770279961989125
1283770300929376256
1283770309435244545
1283770313470349313
1283770317740085249
1283770322500702208
1283770338539638786
1283770343606366210
1283770351596511234
1283770352280240128
1283770359603331072
1283770368558272513
1283770376716275713
1283770381086658560
1283770385293598720
1283770393069645825
1283770397842984962
1283770414414663682
1283770414620123136
1283770418688655363
1283770423658733569
1283770430743089157
1283770439722921985
1283770444437319680
1283770447780347906
1283770447407046656
1283770448854110208
1283770465832636416
1283770477970956289
1283770489660420096
1283770519657959426
1283770531687301124
1283770536871387136
1283770553136971776
1283770557998272512
1283770566206541824
1283770579221389312
1283770579263188994
1283770586066489344
1283770586477416450
1283770594459295745
1283770600633151493
1283770607885119490
1283770611219783681
1283770599408635904
1283770628684738560
1283770640932143105
1283770645453701125
1283770645776564224
1283770646325936128
1283770699329474561
1283770700633759744
1283770716400295938
1283770716941410304
1283770721907482625
1283770728622546945
1283770742337937408
1283770749627576325
1283770750671912960
1283770783542710272
1283770797203628033
1283770804354850816
1283770808314335232
1283770816744902657
1283770833563877379
1283770834746736641
1283770854808195073
1283770855407988744
1283770875427225600
1283770885275389953
1283770896688316416
1283770900999884807
1283770905240449024
1283770917756325889
1283770931257565184
1283770934172758017
1283770934369947650
1283770938228527104
1283770939008851968
1283770938912317440
1283770947917549570
1283770948227928065
1283770967895035906
1283770981312540672
1283770989168427009
1283771006335639552
1283771018948096002
1283771022383239169
1283771023268155392
1283771030129872896
1283771035385573377
1283771035783921670
1283771040494170114
1283771048371126272
1283771056772325376
1283771068197502981
1283771106269134850
1283771120072765441
1283771131707617281
1283771153727787008
1283771182676955136
1283771195544924160
1283771199395250177
1283771199642689542
1283771206768959490
1283771215161839618
1283771219398012930
1283771219863576576
1283771228629667841
1283771249441767426
1283771257993834498
1283771265996730368
1283771296787116035
1283771303607046144
1283771308694700032
1283771312293523456
1283771313191104513
1283771317335068672
1283771325719379969
1283771329167187968
1283771333692788736
1283771345713553411
1283771346019921926
1283771358841696256
1283771362344079360
1283771375027499016
1283771375623327744
1283771387824545792
1283771399912460293
1283771400411545606
1283771405528715265
1283771438164566016
1283771442442547201
1283771455235391488
1283771455600304129
1283771468044816384
1283771468472614912
1283771471932862466
1283771475191672833
1283771479528701952
1283771479734222851
1283771488844341248
1283771492249948160
1283771525687054338
1283771530573426688
1283771538743926784
1283771555953115141
1283771563225960448
1283771563406434304
1283771563918188544
1283771567625863175
1283771576106864650
1283771580322111488
1283771594154708992
1283771598097403905
1283771601998106627
1283771626564186113
1283771626996273152
1283771634579456000
1283771634982293505
1283771652384395375
1283771659833405441
1283771672798154752
1283771680876376075
1283771698366554120
1283771698634993664
1283771702779019265
1283771710953730056
1283771714594316288
1283771719501492224
1283771736534786048
1283771739923795980
1283771743744798720
1283771745019682824
1283771747783725056
1283771748291248128
1283771748618432512
1283771757422358529
1283771757699055624
1283771782185447424
1283771786069520384
1283771786610393091
1283771786631340033
1283771795129208843
1283771803224203274
1283771810971111433
1283771836745027592
1283771840696131584
1283771865152942081
1283771882890842114
1283771886158188546
1283771911227559938
1283771911655301120
1283771945213923328
1283771949412384768
1283771963224272897
1283771969905795073
1283771975551328261
1283771978428542976
1283771988339838981
1283771999454552067
1283772000050315264
1283772029955723264
1283772042802798595
1283772045797535744
1283772071911264256
1283772075283558400
1283772079469408262
1283772080199274502
1283772088097148929
1283772088550076419
1283772088650801153
1283772096171008002
1283772096858947585
1283772100969299968
1283772104471650306
1283772108863086593
1283772118052683782
1283772130744836096
1283772134083502082
1283772142098800640
1283772142816047105
1283772147031302145
1283772164412329984
1283772172830248960
1283772193525178372
1283772197039943687
1283772205776568321
1283772205931929601
1283772214102290435
1283772222000238595
1283772223107395585
1283772239184265216
1283772252249522176
1283772252358574080
1283772259753230337
1283772259975520258
1283772268385046528
1283772268406079488
1283772268410101760
1283772280854675462
1283772294058225665
1283772327709171712
1283772343467290625
1283772357312684034
1283772372965875712
1283772377021718529
1283772390036692992
1283772390665748480
1283772397917806592
1283772405597343751
1283772410936922114
1283772414812401664
1283772419912667137
1283772423876292609
1283772428502654976
1283772431916826627
1283772444071919616
1283772464955191297
1283772470198071296
1283772483108319233
1283772487042506752
1283772487025729536
1283772490683224064
1283772507061805060
1283772507481411585
1283772519695044609
1283772524287885317
1283772532080828417
1283772532244525057
1283772541660622848
1283772565706678273
1283772566289526784
1283772595121217536
1283772608215826432
1283772612783550467
1283772613194547201
1283772617246289920
1283772637894914049
1283772641220993025
1283772645775998977
1283772667083063297
1283772667208794115
1283772675337355268
1283772696627683328
1283772696996786178
1283772716932366336
1283772726000390144
1283772730190561281
1283772730106613761
1283772746770649088
1283772746917445632
1283772747311702018
1283772763740594176
1283772809324314626
1283772826676105216
1283772842966949888
1283772859396042752
1283772859484196867
1283772880879104003
1283772888487571456
1283772897404706820
1283772901825679366
1283772905357225984
1283772905529040896
1283772905998790656
1283772914442080263
1283772918112149504
1283772927335378944
1283772930724372480
1283772935459745795
1283772939624689664
1283772940194992128
1283772948592173057
1283772960659001344
1283772972998766600
1283772973107773440
1283772976937070594
1283772977151184897
1283772977860022272
1283772986290515968
1283772990728044545
1283772993802588161
1283773015420030978
1283773048622067712
1283773061179768832
1283773061364248576
1283773064992309249
1283773086416896005
1283773087113072640
1283773090191880192
1283773099436060676
1283773107401109504
1283773108789424128
1283773120596152320
1283773133036675077
1283773136442359809
1283773140317999104
1283773141047816193
1283773141161050117
1283773158546235394
1283773178989420544
1283773204415168512
1283773204637638656
1283773207506558976
1283773207779127297
1283773212355170304
1283773220722814981
1283773220894707715
1283773224384368640
1283773229216169985
1283773233553080320
1283773237348823042
1283773241031487490
1283773250024218624
1283773250296860676
1283773254843457536
1283773262867070977
1283773270723092480
1283773275189981186
1283773275206754305
1283773275441520640
1283773283285053440
1283773291828838401
1283773300347244546
1283773300766892032
1283773313546883074
1283773325504843776
1283773329862799360
1283773333993996288
1283773350293143553
1283773363052253185
1283773371759628288
1283773379464568832
1283773392500424704
1283773401518297088
1283773401778266112
1283773401807704068
1283773405456719874
1283773409814622212
1283773421596352512
1283773430953701376
1283773434628059138
1283773438902054913
1283773443360555008
1283773446971850753
1283773472439771136
1283773488944132096
1283773494262665222
1283773514437328896
1283773522469425158
1283773531600363520
1283773552441921536
1283773561115758593
1283773576513036288
1283773577607569410
1283773581965627393
1283773594586275840
1283773598419881987
1283773602203140097
1283773607177527296
1283773622964953088
1283773627750588416
1283773627813355520
1283773628170080262
1283773636105498624
1283773644200726529
1283773644276031488
1283773652169875460
1283773661225222144
1283773665746665472
1283773672679895041
1283773673762062342
1283773690430226433
1283773694398156800
1283773698655154176
1283773719291322368
1283773723812802562
1283773732817965062
1283773752778600448
1283773757304315906
1283773765776744449
1283773787788451840
1283773787725541378
1283773799247147008
1283773799494647815
1283773804410527745
1283773819795243009
1283773824610136064
1283773832621326336
1283773832772358144
1283773845409804289
1283773854700249092
1283773854758973440
1283773863072092161
1283773874308624385
1283773875055140865
1283773879203307520
1283773884248887297
1283773885624619008
1283773900917096448
1283773908668354561
1283773912879443969
1283773913391038466
1283773916339744768
1283773924942049280
1283773925500035072
1283773929396600832
1283773962389016578
1283773962581954561
1283773974921396225
1283773975760457731
1283773984358764544
1283773996643880961
1283774004990369792
1283774030139416576
1283774047176671232
1283774047738724354
1283774050679099396
1283774051530543106
1283774084090863622
1283774084371959815
1283774098099908609
1283774105452515328
1283774126830825473
1283774130165288967
1283774131083730945
1283774142869917696
1283774142882279424
1283774152047042561
1283774164147503104
1283774176835198976
1283774189363765248
1283774194107453443
1283774214235774976
1283774223790608385
1283774227569692674
1283774235643727873
1283774239535960065
1283774248591298562
1283774256845856768
1283774260327133186
1283774260134047752
1283774264190144513
1283774268514295808
1283774277108498433
1283774285937549312
1283774311409557504
1283774332217389056
1283774332515254274
1283774365994299398
1283774365927182338
1283774373711749122
1283774382406373378
1283774391092944897
1283774394414882816
1283774398760181762
1283774398839656448
1283774399825338370
1283774403789099009
1283774403659157505
1283774412018405376
1283774424039264257
1283774429135360005
1283774432989925376
1283774432947863554
1283774433597943808
1283774433484845061
1283774442229755905
1283774449188298757
1283774453361659906
1283774466695278597
1283774474488340486
1283774474408656897
1283774475004149766
1283774474962247687
1283774491567566848
1283774491630481412
1283774506918535169
1283774508445335554
1283774516800487425
1283774520575365120
1283774525792940032
1283774529035292672
1283774541387436036
1283774545783132162
1283774571867443200
1283774574723817472
1283774575323443201
1283774579215757313
1283774583359799296
1283774587872792576
1283774588439138304
1283774621880389634
1283774629836812290
1283774647079763969
1283774663810785283
1283774676716662786
1283774696543191041
1283774696568377346
1283774696664768519
1283774709079969794
1283774714045960193
1283774718198321152
1283774718156439559
1283774722086510594
1283774722271059973
1283774730525384704
1283774734572937216
1283774752092565506
1283774759331753984
1283774767795965954
1283774768668381186
1283774772938027009
1283774793595199501
1283774798640881670
1283774814889664513
1283774818853294080
1283774818987450371
1283774822271442945
1283774836280635393
1283774847303028736
1283774864373870592
1283774865623977986
1283774873572118529
1283774911174062081
1283774916068810753
1283774919080280064
1283774923689910276
1283774932372070401
1283774948499238923
1283774956699037696
1283774957579833344
1283774961614635008
1283774965477597189
1283774969676210177
1283774970099884032
1283774972926636032
1283774982791802880
1283774985828536320
1283774995437682688
1283774999229276170
1283775007303380995
1283775007471153157
1283775020205051904
1283775020108582919
1283775020444131328
1283775023807959040
1283775048986300416
1283775052840935425
1283775053579128834
1283775057211334660
1283775065608400897
1283775070796754946
1283775074202521606
1283775078736560134
1283775086412079109
1283775091306881024
1283775099963871232
1283775100173660161
1283775103902285825
1283775108247683073
1283775108520177664
1283775113238896640
1283775116170727424
1283775124932571136
1283775129839898626
1283775142112268290
1283775146587762688
1283775132062953476
1283775158419886081
1283775166422499328
1283775196407595009
1283775199851229184
1283775199989706753
1283775213935775745
1283775217312190465
1283775225402810369
1283775230234841090
1283775246915506184
1283775250824663040
1283775250820292609
1283775254318456832
1283775262753280000
1283775263017283584
1283775263357181954
1283775271200579584
1283775301080645635
1283775310048178177
1283775317266571265
1283775347344003076
1283775350871175168
1283775354906320897
1283775359624847360
1283775376955592704
1283775384828489728
1283775388955684864
1283775389270245377
1283775389417058309
1283775410447228933
1283775422199549958
1283775422929334272
1283775426607960064
1283775435558416384
1283775451677237248
1283775455603101696
1283775456341155840
1283775459906539520
1283775460095201281
1283775480865292289
1283775481205022721
1283775485126873088
1283775485990895617
1283775494266249216
1283775497525243905
1283775510330343426
1283775514772156429
1283775518744154115
1283775519406936066
1283775522724630529
1283775536406331393
1283775536536461317
1283775544132337667
1283775544480464896
1283775552789164032
1283775560980758532
1283775565842063360
1283775574150807553
1283775581746855937
1283775582640070656
1283775585769013248
1283775590047166464
1283775594149212160
1283775598997975041
1283775623694082049
1283775624520388608
1283775631906480128
1283775654027235329
1283775657265123328
1283775665419046912
1283775669579767808
1283775669596565506
1283775683769114630
1283775686298214400
1283775686428307456
1283775694850465792
1283775699942346752
1283775700122640384
1283775708079304704
1283775717038268419
1283775746230476801
1283775762118709251
1283775774462361600
1283775775481749511
1283775792342798337
1283775795224121345
1283775808050475010
1283775809162031109
1283775813163286528
1283775813201072130
1283775820646023169
1283775825268146178
1283775846210326534
1283775849792184325
1283775850631049216
1283775879387189250
1283775896994803714
1283775897045065728
1283775908562731008
1283775925511913479
1283775929928617984
1283775950681812995
1283775959464849408
1283775959473238016
1283775967694131200
1283775980897570817
1283775984123215872
1283775985515560967
1283775988690825219
1283776002129264641
1283776013886001152
1283776022098391040
1283776035708964868
1283776047603908608
1283776052356173824
1283776052385415169
1283776056906965000
1283776063995166720
1283776064125194240
1283776073227018242
1283776076502560768
1283776081724616705
1283776085889634305
1283776094798151688
1283776094970286081
1283776097604304898
1283776098023739397
1283776115182407680
1283776126763053056
1283776127891320832
1283776131255214080
1283776169540640769
1283776177598083077
1283776186339020807
1283776189383892994
1283776193875996673
1283776203065683969
1283776207834628097
1283776227615137793
1283776232300048385
1283776232841248768
1283776253955375109
1283776262301872134
1283776273681014784
1283776278760390657
1283776287245365249
1283776329293299719
1283776337518493699
1283776341159161857
1283776345932214272
1283776357055361030
1283776370628268032
1283776370795921409
1283776379474059267
1283776386801569792
1283776387179065345
1283776387346767873
1283776391159451649
1283776391926800384
1283776391918559232
1283776392174477313
1283776395227787265
1283776395328487424
1283776399413858304
1283776417197678593
1283776420423114752
1283776429398691840
1283776433886724099
1283776437682450432
1283776442304782336
1283776471463391240
1283776479889948676
1283776483618684928
1283776497199706112
1283776521568686080
1283776522071965702
1283776525066661890
1283776534067716097
1283776538232709120
1283776551331475458
1283776563612225542
1283776563956207616
1283776571812306945
1283776575687852034
1283776584839659520
1283776588824350726
1283776589684043777
1283776592104222720
1283776597468774400
1283776604926337024
1283776621737136128
1283776622538174469
1283776626657034253
1283776634458304512
1283776638384140288
1283776643220242437
1283776646781304837
1283776647892803586
1283776659884310528
1283776663571116041
1283776664539934723
1283776689336541184
1283776694105501696
1283776697880449025
1283776706260733954
1283776714334777347
1283776727865597954
1283776727966273536
1283776735994097665
1283776747847262217
1283776752825901057
1283776785776168960
1283776793745354752
1283776802461294592
1283776824196173825
1283776827966795778
1283776828054921216
1283776831573942272
1283776835965329408
1283776857117204482
1283776874183892994
1283776886103998465
1283776891376283651
1283776894786244609
1283776895050493953
1283776898565378048
1283776899437793282
1283776923911348225
1283776928449810433
1283776945533022208
1283776949593104385
1283776953271623681
1283776957243588608
1283776958061596673
1283776966622150656
1283776969843322881
1283776974717165568
1283776983143288832
1283776991192387587
1283776995793371138
1283777012675551232
1283777020950974466
1283777024692236289
1283777032824819713
1283777037472129024
1283777041284820992
1283777057772785665
1283777070674452480
1283777075938304000
1283777087711719425
1283777100537901057
1283777104044339200
1283777117860306947
1283777121526128641
1283777133542887424
1283777138013941761
1283777142904389635
1283777155638452224
1283777166900170758
1283777184432369664
1283777187989065730
1283777205198356480
1283777217361739782
1283777218091585538
1283777223267426304
1283777242699571203
1283777255362031616
1283777259602665476
1283777263767392262
1283777276098809856
1283777281400254466
1283777284621496320
1283777293157052416
1283777293920301057
1283777301071757314
1283777301524746241
1283777305354006529
1283777309921640449
1283777314317271041
1283777335418777602
1283777339755655173
1283777347313758211
1283777356608557059
1283777363915005952
1283777369287749632
1283777384970248192
1283777389189902336
1283777390498312193
1283777392771764230
1283777406445277186
1283777406503923714
1283777407179280384
1283777411264294912
1283777414364041216
1283777401802153984
1283777431871074304
1283777432387035143
1283777452226027521
1283777457112268807
1283777457452126209
1283777464678875137
1283777473189081089
1283777474191486977
1283777485713227777
1283777490796912645
1283777515513880576
1283777519955705858
1283777520219967488
1283777528503644167
1283777556911730689
1283777561512812545
1283777561772818433
1283777586468921347
1283778098417160192
1283778107082670087
1283778115718742016
1283778131589906436
1283778136208035842
1283778140070907905
1283778165492584448
1283778166209736705
1283778178213974016
1283778178566230016
1283778178918604800
1283778186061520897
1283778198837198848
1283778216549916673
1283778242038702081
1283778245687533568
1283778249156292608
1283778270023102469
1283778278986260480
1283778279250571264
1283778282723450882
1283778283709116417
1283778283931176961
1283778286737293312
1283778287618142208
1283778324398051328
1283778328546226176
1283778328864800770
1283778333889658880
1283778341154295808
1283778349861605376
1283778349995905030
1283778359194005504
1283778363472195584
1283778375753109505
1283778379762761728
1283778388902256647
