1286798300985819138
1286798316320313344
1286798324083957765
1286798328508940289
1286798342190661635
1286798371190124550
1286798391394144262
1286798434691842053
1286798438185619456
1286798439427309571
1286798444053635073
1286798449938063360
1286798479457693696
1286798487997341696
1286798505365757953
1286798517806206977
1286798535149539329
1286798550236569600
1286798556955721728
1286798559266906113
1286798563872329729
1286798567701651456
1286798585384722432
1286798599234310144
1286798600769544199
1286798613524279296
1286798630171680770
1286798652904812544
1286798665181536263
1286798672504729600
1286798677252612098
1286798681589649414
1286798681061175296
1286798688967327747
1286798691404316677
1286798703555207168
1286798718906388483
1286798732898508801
1286798735939375104
1286798759062573057
1286798769279905793
1286798769447677958
1286798777643421697
1286798785893597184
1286798807729082370
1286798824002863104
1286798825001115649
1286798850582355968
1286798853123919872
1286798857389694978
1286798863752364033
1286798867565105153
1286798867875454979
1286798874225577984
1286798882488356864
1286798886724677633
1286798929808556033
1286798934044803074
1286798938180399104
1286798954601086981
1286798972871467008
1286798976738566146
1286798993633292288
1286799008179138561
1286799012067069952
1286799013384089600
1286799029603639297
1286799035467210752
1286799054526189572
1286799070963683329
1286799075556417536
1286799104761307139
1286799114332594176
1286799134549319680
1286799137825001475
1286799140244951040
1286799143994667008
1286799160491073537
1286799176374693890
1286799181579980801
1286799217919328256
1286799219353890816
1286799224311488513
1286799252535025670
1286799262391640065
1286799267659751424
1286799280628469765
1286799306456956929
1286799322848219136
1286799323435536385
1286799335804547073
1286799345686384641
1286799352330149888
1286799356549570560
1286799361993629696
1286799365693157377
1286799374090219522
1286799375625265155
1286799390468866052
1286799396164841479
1286799396332400641
1286799396923899904
1286799400040165376
1286799404431802369
1286799407686410240
1286799412300324866
1286799412170092544
1286799415118893062
1286799427705933824
1286799429564063744
1286799436065243136
1286799450606833665
1286799458332626944
1286799478100500480
1286799487088898052
1286799494693126150
1286799496865882112
1286799499676069888
1286799512162275328
1286799512867164160
1286799515987726336
1286799528881000449
1286799532181790720
1286799536724357121
1286799536879411201
1286799545884708865
1286799557179977735
1286799578382110723
1286799595754983429
1286799604881686529
1286799616525176832
1286799625953988610
1286799634514534400
1286799643704201219
1286799647369986049
1286799658300383234
1286799666630266887
1286799675971055627
1286799689002684423
1286799689015267329
1286799689409605633
1286799693272449024
1286799693251399680
1286799693532614656
1286799699773538304
1286799705398300674
1286799721219203072
1286799727221256200
1286799743696490497
1286799746447933448
1286799749136429056
1286799751229431809
1286799756119941122
1286799760842788865
1286799801028403200
1286799824084520982
1286799864618131461
1286799868384677889
1286799870351810561
1286799872864079872
1286799886218924037
1286799896146837505
1286799907379195905
1286799915578994692
1286799926714757120
1286799957815689221
1286799965872947200
1286799978728509440
1286799989453324299
1286799996734648320
1286800005886382086
1286800008336072705
1286800011737673728
1286800016770846723
1286800024073129988
1286800029269626880
1286800033720000512
1286800039860371457
1286800074253774848
1286800092620439552
1286800092788334592
1286800096147853318
1286800098798821376
1286800102804189184
1286800103324483586
1286800107455811584
1286800115370524675
1286800119774556162
1286800133229809666
1286800149772025856
1286800154805391361
1286800179748679682
1286800183280508929
1286800196878381056
1286800199004954624
1286800223084466177
1286800226674774021
1286800229380100097
1286800246538813440
1286800250284335104
1286800268575813634
1286800274447675392
1286800276385599488
1286800283390156802
1286800304600645633
1286800311965888513
1286800315262459904
1286800319670702081
1286800329498140672
1286800333101043713
1286800334875234305
1286800343767101440
1286800350075379713
1286800355733381120
1286800367393677312
1286800385533976587
1286800387337584641
1286800394379722752
1286800396531499010
1286800400226623488
1286800402189561856
1286800409546424320
1286800410620108801
1286800415602946048
1286800424666832896
1286800431822209024
1286800435932794880
1286800453766803456
1286800456891740162
1286800464793624576
1286800468379701249
1286800474411167745
1286800481675812865
1286800484658028544
1286800503247118337
1286800516849324032
1286800518233366529
1286800518594125830
1286800523912515585
1286800554493128704
1286800557655629828
1286800585967140865
1286800595916132354
1286800608486469636
1286800632670633984
1286800635749208064
1286800639981486081
1286800650228174854
1286800652492894208
1286800653319192577
1286800656314052609
1286800664677556226
1286800667105992704
1286800669928611841
1286800674861142016
1286800689520431106
1286800690430521349
1286800694394134534
1286800704598953986
1286800712173793280
1286800731668799488
1286800740829351936
1286800748957667328
1286800749247098880
1286800757736579075
1286800759359758336
1286800766066294785
1286800768369123331
1286800779349831680
1286800805002125315
1286800805723422721
1286800824891518977
1286800825524854788
1286800828796489728
1286800828989308928
1286800829312163840
1286800830406905856
1286800833313738758
1286800842771898368
1286800859368546305
1286800862279544832
1286800862426230785
1286800863059640322
1286800878276501505
1286800891589398528
1286800895456534530
1286800896433807364
1286800913282355200
1286800914045497345
1286800914171326464
1286800914607734787
1286800922320879616
1286800922765598721
1286800933830168577
1286800934929039360
1286800951098200066
1286800960522727427
1286800970572324871
1286800971599814657
1286800971809644544
1286800983436210179
1286800986418413579
1286800993108336640
1286801002205650944
1286801019494514689
1286801020236906496
1286801034950529024
1286801038201282565
1286801046501818369
1286801055091744773
1286801061336973312
1286801064277221376
1286801066592555014
1286801067137732610
1286801069494931457
1286801072338739200
1286801081910132738
1286801089291927553
1286801093863890945
1286801119679614976
1286801132078034944
1286801144552062976
1286801156174417920
1286801165364023296
1286801166517653510
1286801174096744448
1286801186608291840
1286801187270832129
1286801210310303744
1286801218417786881
1286801233324449792
1286801236063379457
1286801246322556928
1286801247530618884
1286801249220923392
1286801262453948416
1286801272813821955
1286801283438055424
1286801299808419841
1286801305269403649
1286801307802783744
1286801316749217792
1286801320775569408
1286801324231794691
1286801328832905218
1286801328833007616
1286801333350260736
1286801335564808195
1286801340853821440
1286801350429302785
1286801371476439041
1286801373892354048
1286801374236291073
1286801378434744322
1286801392913592322
1286801398454276097
1286801398873587718
1286801401423822850
1286801401524428801
1286801404489805826
1286801419815788544
1286801433623433217
1286801450601836545
1286801459858767873
1286801473213304832
1286801474844889089
1286801478758412288
1286801483770585088
1286801495866867713
1286801517421514753
1286801524878913536
1286801532927782913
1286801547871977472
1286801551609274369
1286801569590194177
1286801576108208129
1286801576594747392
1286801584429490176
1286801597826134016
1286801604193075200
1286801612392902656
1286801628201443329
1286801632261550081
1286801635449229314
1286801637894324224
1286801638024523776
1286801639635066880
1286801665451069447
1286801672174317569
1286801689136246786
1286801689929031686
1286801709478469632
1286801717879767041
1286801720069238790
1286801723118555141
1286801751635525637
1286801752503627777
1286801759147565056
1286801767632642048
1286801772422537222
1286801778185515010
1286801781184487436
1286801789204025344
1286801789417934854
1286801803061989382
1286801816903188488
1286801820086611968
1286801827254677504
1286801834720534529
1286801837107150849
1286801837606281224
1286801839330070529
1286801849278803968
1286801854358323200
1286801861308289028
1286801868631486470
1286801870942539777
1286801873484361730
1286801878685110272
1286801889200406529
1286801898746662912
1286801902278258688
1286801905428115456
1286801921634971651
1286801923979587586
1286801933127364610
1286801944733003776
1286801944833556480
1286801946788212737
1286801951129243649
1286801956489617409
1286801957135568903
1286801967843549187
1286801979050807298
1286801995656044544
1286801998835339264
1286802004317073408
1286802029642428422
1286802042607083532
1286802050341363712
1286802066908884992
1286802072365600769
1286802082297778177
1286802084701102086
1286802100173697024
1286802108688326658
1286802108721889281
1286802114140930050
1286802135200358400
1286802135137558528
1286802135217082369
1286802139231158272
1286802155878457345
1286802163298074633
1286802166204608513
1286802166628392963
1286802178053672960
1286802179530006528
1286802181107200004
1286802188845555712
1286802192309972993
1286802206222626816
1286802237335801856
1286802246408310787
1286802251529555968
1286802259481735169
1286802284979064832
1286802295011893249
1286802316977418241
1286802326502682627
1286802334744444928
1286802340901773316
1286802348082438145
1286802368051310592
1286802368840040449
1286802378587545600
1286802380823044096
1286802382932905987
1286802398774792193
1286802401178124289
1286802416571224064
1286802436208955392
1286802436531789824
1286802449681068032
1286802453309067264
1286802464814116864
1286802469448605696
1286802473319981056
1286802478395260929
1286802479447969792
1286802479577993218
1286802487941500929
1286802490672001024
1286802498964135938
1286802503925813248
1286802504534102017
1286802511190532109
1286802512255877121
1286802520526880768
1286802537207693318
1286802550872846336
1286802555033485312
1286802561492758531
1286802569894014976
1286802577846394881
1286802579913969664
1286802582401200128
1286802600034275333
1286802606791077889
1286802608552738816
1286802633278263297
1286802637833338880
1286802651594854407
1286802658376863744
1286802663036710913
1286802681793785863
1286802703360897029
1286802714052173825
1286802718305259521
1286802720930717696
1286802742263123971
1286802780812980225
1286802787301560321
1286802800756891649
1286802805077020672
1286802808134438912
1286802818628689920
1286802825226473474
1286802828762152962
1286802833250033665
1286802835095670785
1286802835989041158
1286802847053557760
1286802841596698625
1286802859401584640
1286802866653392896
1286802871833460737
1286802877474906118
1286802880138223617
1286802904968568832
1286802911033352193
1286802913352974336
1286802914896470016
1286802916867739654
1286802918662967298
1286802930910113792
1286802970261237765
1286802989852905472
1286802993954852864
1286802997738188810
1286802998199377921
1286803011675869184
1286803012426530818
1286803023935619072
1286803027542777856
1286803030931910662
1286803046908010496
1286803051626496001
1286803076544856065
1286803094072745984
1286803101782073350
1286803113920397315
1286803115111571456
1286803118555049984
1286803126666878978
1286803144559726597
1286803152025485313
1286803157331271680
1286803157641654272
1286803159038427139
1286803175908036608
1286803184241930240
1286803196862779392
1286803203812732928
1286803206207610882
1286803207772164098
1286803231897554945
1286803235706085378
1286803238096965642
1286803245818675205
1286803246347100165
1286803252953022465
1286803254198714368
1286803265049382914
1286803265380810753
1286803281767997443
1286803286964817920
1286803287363158017
1286803292794826753
1286803297899290624
1286803297978978304
1286803302991007744
1286803317557825536
1286803325544009728
1286803330988113920
1286803332007329792
1286803342757429250
1286803343181058048
1286803350638465024
1286803371165442049
1286803399850299404
1286803417256648705
1286803426605662209
1286803427603943424
1286803433249312769
1286803445962375169
1286803449888333824
1286803449955397634
1286803462349623298
1286803480250916864
1286803485611053056
1286803494264025090
1286803502983979009
1286803509824966658
1286803512425361410
1286803522655105024
1286803535695421442
1286803539340201986
1286803550706819073
1286803550702624768
1286803567580286976
1286803569887207425
1286803589952929793
1286803592515653637
1286803594885435396
1286803606465679361
1286803606612529152
1286803609347215360
1286803617824088065
1286803622794129410
1286803632634187777
1286803634299138048
1286803635670851589
1286803645359689728
1286803646856994818
1286803651265167360
1286803655509905408
1286803676703547392
1286803677441908736
1286803678301753344
1286803684895027200
1286803691014586370
1286803695003480068
1286803703182303234
1286803707657674752
1286803708064522241
1286803712325763072
1286803715178016768
1286803735671267329
1286803756772982789
1286803757922226176
1286803770907799564
1286803774938451968
1286803782286733312
1286803794681004033
1286803814998134785
1286803816915054593
1286803827014934529
1286803844048007170
1286803848108146690
1286803853787181057
1286803859529179137
1286803873567592448
1286803877669384192
1286803887287160832
1286803891510751233
1286803909831516161
1286803912499040256
1286803921286111233
1286803921315475460
1286803925899702274
1286803938164047880
1286803939229224961
1286803953074806785
1286803954601463809
1286803967691730944
1286803986910240774
1286803992559804417
1286804000348581891
1286804004144476160
1286804007655219200
1286804010054242304
1286804021169315849
1286804035085963266
1286804041406861312
1286804050651095040
1286804063556780032
1286804073069477889
1286804080732536832
1286804080745238534
1286804081114308614
1286804095592992770
1286804099481112576
1286804108385624064
1286804113368453123
1286804122088296448
1286804122449121280
1286804122503655425
1286804125749932032
1286804129990377472
1286804131756355585
1286804137762422785
1286804154250407942
1286804157475835912
1286804158344028165
1286804168401813509
1286804172294074368
1286804177868513280
1286804186211012610
1286804192590528513
1286804200484216843
1286804207144706048
1286804210340700160
1286804210399535104
1286804223074738178
1286804224047710208
1286804224064598016
1286804230783684608
1286804231073288192
1286804257757372417
1286804260294803456
1286804313847676929
1286804319036006400
1286804323234492416
1286804328620204033
1286804333028204544
1286804335763095558
1286804365743927299
1286804370525282304
1286804374056890368
1286804378456862720
1286804389932314625
1286804394516905992
1286804410153271301
1286804413324173313
1286804415152881666
1286804420634845187
1286804440146567168
1286804447725850626
1286804449550307328
1286804450271617025
1286804453966974976
1286804460333932544
1286804466772000769
1286804466700673025
1286804473143341056
1286804481586405376
1286804486292463619
1286804506915741697
1286804510103318528
1286804517275815936
1286804529346940931
1286804536879976454
1286804538763218945
1286804541690781698
1286804548720513025
1286804561714393090
1286804563723530241
1286804567393411072
1286804569310277637
1286804576314822662
1286804583159865344
1286804584388689921
1286804586850729985
1286804588482494475
1286804588276797441
1286804596258676737
1286804604697456642
1286804605020626956
1286804625409093632
1286804643603865600
1286804675224678400
1286804679914147840
1286804680476041216
1286804682401357826
1286804693101027328
1286804695739060225
1286804696070524931
1286804699811807232
1286804709660131336
1286804725560614912
1286804761086504960
1286804781613363200
1286804786436804608
1286804794422648832
1286804795857272832
1286804795890601985
1286804802999955457
1286804818317762563
1286804818724560896
1286804829420085255
1286804836420407296
1286804847757533184
1286804847619198976
1286804858260074502
1286804845979037697
1286804872281522176
1286804874315943936
1286804889549656065
1286804893374779392
1286804894377222145
1286804898772729857
1286804921824600064
1286804924769210370
1286804928908996609
1286804929437249536
1286804957832925184
1286804961360306177
1286804960974340097
1286804975163551745
1286804990137442305
1286804991735246849
1286804993845141505
1286805014984503297
1286805023326953472
1286805039584030721
1286805040351662083
1286805050967445509
1286805057388916737
1286805068562542592
1286805070542143488
1286805075831095296
1286805112967626753
1286805115987468289
1286805123948326913
1286805142235480066
1286805144068399104
1286805146446565378
1286805153098670081
1286805168156114945
1286805169640964107
1286805169829810186
1286805187840167936
1286805192667693058
1286805214440366080
1286805230781444098
1286805243532128256
1286805245193072641
1286805254479187969
1286805287886880769
1286805296409726977
1286805300952084489
1286805305695715328
1286805309269454853
1286805310250909696
1286805324909801473
1286805325681700869
1286805335890522113
1286805347592790016
1286805371395411969
1286805379565916160
1286805385014398978
1286805389678387200
1286805393583341568
1286805401221173248
1286805406136713216
1286805407034417155
1286805421865480192
1286805425912938498
1286805426122698752
1286805430350602246
1286805434918215681
1286805438055489536
1286805440198778885
1286805463212924929
1286805463544344584
1286805467021348864
1286805466941726723
1286805471190343680
1286805497614499841
1286805534751023106
1286805538328596480
1286805540752916480
1286805556582158336
1286805570566184967
1286805572373712896
1286805573976182789
1286805588501037056
1286805594448572417
1286805651834966017
1286805671149805568
1286805674350071808
1286805695187345408
1286805712455127042
1286805712849514497
1286805719266856961
1286805724501356544
1286805731333808128
1286805741182029825
1286805748727545857
1286805758856908800
1286805763059527680
1286805783267749888
1286805787860443146
1286805799642300417
1286805803664658432
1286805826447925249
1286805841849524224
1286805847176290304
1286805849906786310
1286805871708839937
1286805896895574020
1286805922162118659
1286805957553672196
1286805966164566016
1286805972242104320
1286805983625388032
1286805983952601089
1286806012947816453
1286806016668110848
1286806038415462403
1286806043599790080
1286806044228886528
1286806044706996227
1286806050402971648
1286806058904715270
1286806067381510146
1286806068203384833
1286806072834117633
1286806079201050626
1286806080069173250
1286806101665734657
1286806101585850368
1286806110452629504
1286806115351531520
1286806118522650625
1286806126416273409
1286806126785265664
1286806138340556800
1286806144279875585
1286806146049859589
1286806148511866883
1286806153444429827
1286806157324095489
1286806152546668544
1286806159740080134
1286806181508345857
1286806188441640962
1286806195299393537
1286806197908242432
1286806210767982592
1286806220968464388
1286806222662967298
1286806224613318666
1286806232116928512
1286806233513525249
1286806236533534720
1286806247887368193
1286806260705181696
1286806266967449600
1286806270029176832
1286806275108544513
1286806276597407744
1286806282524073985
1286806285460164609
1286806285967675394
1286806297174659072
1286806299284582403
1286806308298067968
1286806315881226241
1286806321556267009
1286806337217847296
1286806341118558208
1286806365273563144
1286806371095269377
1286806396307230720
1286806396751818752
1286806406738444291
1286806412354564103
1286806412392308742
1286806416997658625
1286806427772882947
1286806429072896001
1286806429710659584
1286806439193870337
1286806441349861376
1286806441450303493
1286806441576345600
1286806462912659457
1286806464795901953
1286806467622903809
1286806488942510080
1286806513713967104
1286806520026542083
1286806524459794432
1286806546786267140
1286806549697093634
1286806558194782211
1286806562640601088
1286806564129648640
1286806573646405632
1286806592306810880
1286806613626478594
1286806614251577346
1286806615816118274
1286806633809678336
1286806638335156224
1286806640700854278
1286806645545279489
1286806651262119937
1286806662834057216
1286806668341211141
1286806709982429185
1286806710955450368
1286806719692144640
1286806732455448577
1286806740932190215
1286806742798446592
1286806755708735488
1286806755578507264
1286806765074513925
1286806768891224065
1286806770518839296
1286806771521265664
1286806772695670784
1286806786352259074
1286806795210678279
1286806802282303488
1286806809341296641
1286806827800367104
1286806832518967297
1286806833500434440
1286806853167403008
1286806855486853120
1286806856267001859
1286806867885334528
1286806873539325952
1286806865200857088
1286806877347688453
1286806882955538432
1286806890295570436
1286806890702397442
1286806910063251458
1286806926609788928
1286806932679020546
1286806935677927429
1286806953855860736
1286806956376641536
1286806962022354944
1286806969001619462
1286806982335365121
1286806985824854017
1286806989474082822
1286806989776003073
1286806997178953729
1286806998915457029
1286807004221145089
1286807011271651328
1286807035963682822
1286807040908759050
1286807041294491649
1286807046860357635
1286807048877936640
1286807055010070530
1286807065378189312
1286807072261251076
1286807078540136448
1286807092892966915
1286807096474972160
1286807097250725888
1286807099222229000
1286807099578744834
1286807104171409408
1286807105610145793
1286807110349729792
1286807113889546240
1286807132927594496
1286807148870107137
1286807153999659009
1286807163487367169
1286807165739642883
1286807168633704451
1286807183703695360
1286807185255739392
1286807210425810944
1286807213433135107
1286807213961441280
1286807224904486912
1286807239009996803
1286807247776026624
1286807268118401024
1286807276381077504
1286807284270718978
1286807293388963840
1286807313614090240
1286807318458400768
1286807330701467650
1286807346329432064
1286807347390820352
1286807354659368960
1286807369238941697
1286807370270744576
1286807373290647555
1286807356374949888
1286807377623343106
1286807389560287232
1286807393855299584
1286807401505665024
1286807405431595008
1286807431641812993
1286807444287496193
1286807451644440578
1286807451803688960
1286807452403544066
1286807457147183104
1286807457554202624
1286807457642295296
1286807491523883008
1286807512646287360
1286807514445750273
1286807529473933312
1286807533559123969
1286807539456315392
1286807555587465216
1286807565553278980
1286807573644161025
1286807581026127872
1286807582770790401
1286807594930180102
1286807595035045894
1286807601796141056
1286807602807046150
1286807610881200130
1286807619005448193
1286807627834576897
1286807632116879360
1286807633521852416
1286807633152835589
1286807650341191680
1286807666942267394
1286807682016407552
1286807694200852480
1286807699607261184
1286807708147089413
1286807708772032512
1286807713134137344
1286807723581927426
1286807724316151809
1286807738945867778
1286807740459950081
1286807762018738185
1286807762115219457
1286807766959415296
1286807774421229568
1286807784848318466
1286807803680772097
1286807833036705792
1286807837365002240
1286807840724627456
1286807846340853760
1286807848505298949
1286807852540190723
1286807880885297153
1286807887021584384
1286807888187531264
1286807888346980352
1286807898383740928
1286807902217367553
1286807910513881090
1286807913252769792
1286807919086927872
1286807934345732096
1286807937856475138
1286807945846468608
1286807950384934914
1286807959075467269
1286807959826292736
1286807975827509248
1286807984975339520
1286807990201327616
1286807994504749058
1286808017032413184
1286808017917419523
1286808029875392512
1286808040478400512
1286808045222330368
1286808081075261446
1286808104018075653
1286808110468706304
1286808115279728640
1286808131021021185
1286808140541906945
1286808140667854848
1286808127304798209
1286808145004658688
1286808148519473153
1286808155515650049
1286808157084319755
1286808168039878656
1286808168060858369
1286808187107069953
1286808200357064706
1286808202659663872
1286808211463573504
1286808212209983489
1286808215339106304
1286808244179087360
1286808249421967362
1286808266920648707
1286808300294742017
1286808303134224384
1286808323761864705
1286808328421679104
1286808338848714752
1286808344322142209
1286808361225289729
1286808399066419200
1286808429164732418
1286808434042712064
1286808434189492225
1286808437054029824
1286808450920374272
1286808459346767872
1286808461540392960
1286808463499288576
1286808463700615176
1286808476749094912
1286808486957977600
1286808491101949952
1286808496038608898
1286808517282652160
1286808522748026883
1286808525264629762
1286808530213916674
1286808550975520768
1286808573369028608
1286808576183267328
1286808580641951746
1286808581199675392
1286808596253089792
1286808604968878080
1286808619711901697
1286808635117576193
1286808642231164929
1286808644525469696
1286808616343760896
1286808672870555648
1286808676280537088
1286808676339273728
1286808716357120004
1286808737894858754
1286808748758118401
1286808751593283585
1286808753879343104
1286808755695505408
1286808777761738753
1286808778063654912
1286808781305741313
1286808786582339584
1286808789677682690
1286808797760167938
1286808814994329600
1286808815648808961
1286808820157579265
1286808820539260928
1286808832505716736
1286808837064921088
1286808841754034176
1286808845050884103
1286808847559135232
1286808847684968449
1286808848347537408
1286808856010645506
1286808856862035969
1286808869277245441
1286808873249255424
1286808903775330304
1286808906375868418
1286808911434199046
1286808912285569028
1286808940144209920
1286808940894982144
1286808945231880192
1286808950059524097
1286808950617395200
1286808952911663104
1286808979365142529
1286808986017320960
1286808994787528704
1286809021312307200
1286809037099671553
1286809040966881282
1286809042225115136
1286809051083337728
1286809063830036483
1286809067953037312
1286809075490201601
1286809075922198528
1286809092665880576
1286809100249174019
1286809100916084736
1286809107740196865
1286809112576241665
1286809116682399744
1286809118712320000
1286809123770626048
1286809124446113796
1286809141097279488
1286809146596130823
1286809147162406912
1286809164128362496
1286809166741409796
1286809167798444033
1286809170705035265
1286809170675740673
1286809172491685888
1286809208902516736
1286809226430488576
1286809227521138691
1286809235217682432
1286809242612244481
1286809265240453123
1286809269577429000
1286809280402739200
1286809281594097671
1286809288921448451
1286809297213677568
1286809301286359040
1286809311532838912
1286809313420271618
1286809315605716993
1286809328029138944
1286809339412480002
1286809347033620480
1286809360228913152
1286809377920430080
1286809380676145153
1286809381175091201
1286809393456128005
1286809397918945280
1286809398787047424
1286809401181995008
1286809410073919491
1286809410820595715
1286809411428724736
1286809419712475138
1286809436309331968
1286809447688548353
1286809454017740806
1286809466885857280
1286809470455230465
1286809474125176832
1286809483172184065
1286809494723452930
1286809508258488321
1286809515527208960
1286809519243366400
1286809527476727810
1286809532694437888
1286809552529182720
1286809554651615235
1286809570833203200
1286809574184497153
1286809574415179776
1286809574972956672
1286809596192071681
1286809596980584449
1286809611807399937
1286809620883877892
1286809624549761025
1286809638281740288
1286809654777933824
1286809661354598400
1286809666379567104
1286809670095474688
1286809697379659778
1286809700462362624
1286809700932169729
1286809712630038529
1286809713565470725
1286809717227106304
1286809721387835395
1286809729919066113
1286809730208468992
1286809747170230273
1286809754568921089
1286809755495944193
1286809755600773121
1286809756154261505
1286809761984450560
1286809764404445185
1286809767143505922
1286809771660554240
1286809781009883136
1286809784449196034
1286809789708865536
1286809809271103499
1286809810126635008
1286809816732700674
1286809817991057408
1286809825272184832
1286809838635438091
1286809846373736448
1286809851159613440
1286809851671150592
1286809852338008064
1286809856758906881
1286809897389240320
1286809901508055042
1286809918578790402
1286809921934315522
1286809926992617473
1286809932499574784
1286809944529002496
1286809973624901644
1286809984114872323
1286810003483979776
1286810023490985985
1286810026238259208
1286810028968730624
1286810033053999104
1286810039227842560
1286810060245671938
1286810077500932096
1286810085860298752
1286810090641731585
1286810103715450885
1286810114524155905
1286810115652366338
1286810121385816064
1286810161814867975
1286810168852873218
1286810169352036352
1286810182580936715
1286810182807367684
1286810187056259073
1286810206517764097
1286810211819425792
1286810254852923394
1286810257658871808
1286810274813673477
1286810297303326721
1286810303586537474
1286810304051994624
1286810312570798083
1286810312688250880
1286810322616033280
1286810325229043712
1286810334049665024
1286810343004569600
1286810349229027328
1286810349556191232
1286810356552097793
1286810358792019968
1286810359274192896
1286810382817005568
1286810380589600768
1286810414366502912
1286810414588858370
1286810418061737985
1286810451473399808
1286810454413762563
1286810458305912835
1286810459715272712
1286810460956893185
1286810473267179520
1286810474995220480
1286810483375452162
1286810487926272002
1286810488479916032
1286810525947617288
1286810527763771393
1286810527860228096
1286810529416318983
1286810539620892672
1286810545220284418
1286810558088515585
1286810611956027392
1286810616729149440
1286810621812539396
1286810621560811520
1286810623880376320
1286810657589989376
1286810659636879360
1286810660173643777
1286810664779108357
1286810674669260811
1286810682835587075
1286810690372730881
1286810699541483521
1286810714770898945
1286810724916965376
1286810732647129088
1286810737021681665
1286810750447566849
1286810756089032704
1286810766163795977
1286810774451625984
1286810774631927811
1286810810967191553
1286810811957207041
1286810815123918848
1286810816172322816
1286810829162254347
1286810833943760898
1286810846094675979
1286810870652243969
1286810880190156800
1286810886947119105
1286810891862777856
1286810898636705792
1286810903833391105
1286810924272291841
1286810929057931267
1286810933004828673
1286810933432430592
1286810954844577792
1286810958715731968
1286810961714851845
1286810975648219136
1286810986763227139
1286810991582314496
1286810999564238848
1286811007596232704
1286811022821490688
1286811029347991559
1286811037623173120
1286811038692900864
1286811045965647872
1286811053679087624
1286811054274682884
1286811071630778380
1286811096272297984
1286811101095768064
1286811105378041856
1286811105508102144
1286811108515426308
1286811117902336005
1286811123065524224
1286811129503784960
1286811132469141504
1286811139783811072
1286811151796523008
1286811176102395909
1286811193525637121
1286811197229150208
1286811201662574593
1286811211397361664
1286811213805092872
1286811214409064451
1286811217676443649
1286811234688524290
1286811238555582464
1286811251444781057
1286811256989593600
1286811281761001472
1286811281803051011
1286811314644570112
1286811320877080576
1286811323758567425
1286811335393603584
1286811345472688128
1286811352166617089
1286811364980228096
1286811366263668737
1286811385301786629
1286811387054956545
1286811387243765760
1286811397649645568
1286811402502627332
1286811410383671297
1286811423008579586
1286811431590035456
1286811432156385280
1286811432609144832
1286811432814813184
1286811433657745408
1286811445066371074
1286811454465867783
1286811474891952128
1286811486116106240
1286811498740776960
1286811504684290054
1286811526465290252
1286811544869904387
1286811546291777537
1286811561848258560
1286811567011631104
1286811583725936640
1286811596195586048
1286811600054255616
1286811624251236359
1286811637769437190
1286811641544409089
1286811645784670210
1286811650222243840
1286811672565383170
1286811695676096513
1286811700843487234
1286811701061603329
1286811704689659904
1286811708904935425
1286811736763518977
1286811738004955137
1286811740253163520
1286811759349768193
1286811759702159364
1286811764693151745
1286811775585980419
1286811793566978050
1286811796255510528
1286811801502355456
1286811813686870016
1286811813833854978
1286811814500749312
1286811821412884480
1286811822469910529
1286811831277883392
1286811843831439360
1286811844091363329
1286811861976076294
1286811873124524035
1286811901268307968
1286811906057990145
1286811914929143808
1286811915851689984
1286811922185302016
1286811936173301761
1286811938966601731
1286811943215476743
1286811943848878080
1286811947673952256
1286811951578972160
1286811953055313920
1286811956888743936
1286811974593122307
1286811991101911043
1286811993647849474
1286811997762461696
1286812010404089856
1286812010907340801
1286812012190760961
1286812014954704896
1286812022806642694
1286812027231633410
1286812031316885505
1286812035649609728
1286812041420967936
1286812053949251586
1286812060903518211
1286812064820998144
1286812070047027200
1286812121058213888
1286812125537734657
1286812132391125000
1286812133582409730
1286812133624356869
1286812146756657154
1286812153136242695
1286812173646401537
1286812182869663750
1286812200582012930
1286812213194436609
1286812213303554050
1286812229673709569
1286812230709907462
1286812241103327238
1286812263807102979
1286812284514381824
1286812292974346245
1286812297709723648
1286812314537271296
1286812322292473856
1286812322300923904
1286812352105664512
1286812367003824128
1286812380442304520
1286812392370745344
1286812393050451969
1286812393423745026
1286812404421210112
1286812406279266304
1286812413879345158
1286812417918263296
1286812417742090240
1286812455365226496
1286812472163393537
1286812495072636928
1286812509828243457
1286812518082543620
1286812526559342594
1286812535014989829
1286812543101612033
1286812552010186752
1286812565348245511
1286812572256280583
1286812584679583745
1286812585292181505
1286812599695421442
1286812601700229121
1286812608452890624
1286812614132105219
1286812620683698176
1286812641013272576
1286812641353240581
1286812656167342080
1286812681396092929
1286812694939668482
1286812700811632641
1286812715860873216
1286812728376557568
1286812728917622785
1286812736379379712
1286812741102051328
1286812741739503617
1286812745065783298
1286812745384390656
1286812752892305410
1286812754209374208
1286812762753175552
1286812765940785157
1286812774614491138
1286812776011374594
1286812800946503680
1286812804486295552
1286812816373161984
1286812820219158528
1286812820911333382
1286812820823302144
1286812830352605184
1286812832508649474
1286812832869253121
1286812833657888768
1286812841748475905
1286812854071566336
1286812862778810368
1286812863609397254
1286812875726688256
1286812879296122885
1286812883989532675
1286812888460668930
1286812892201996288
1286812895590977539
1286812917686571008
1286812925479596032
1286812927379431424
1286812928755343361
1286812938419015681
1286812959419899910
1286812972560592897
1286812973080739840
1286812991820898311
1286812995952300038
1286812997323829249
1286812997701246976
1286812997843746817
1286813011026612226
1286813021453443072
1286813025513746432
1286813039493177344
1286813042571870208
1286813047223279616
1286813068178206722
1286813075862159360
1286813080316329984
1286813088264552448
1286813097085337601
1286813118891462660
1286813123375173632
1286813137010864128
1286813148301991936
1286813151074242560
1286813152575881216
1286813168589651968
1286813197282967552
1286813205659037697
1286813206304813056
1286813219496108033
1286813223677722627
1286813224491507712
1286813239494533127
1286813247551803395
1286813257546768385
1286813273438990337
1286813281449988097
1286813291759783936
1286813293622026244
1286813295958200320
1286813302316847108
1286813337758687232
1286813349552873472
1286813354133159936
1286813361070637057
1286813370943856640
1286813378690854914
