1282162754758086658
1282162760986570752
1282162764274950144
1282162764270784512
1282162766720073731
1282162781421293575
1282162800253480961
1282162800455036930
1282162818951704576
1282162831324884992
1282162846730563585
1282162853261316097
1282162856394403841
1282162868394364928
1282162894889721856
1282162901600460800
1282162901793427459
1282162902544326656
1282162905270509568
1282162920957161472
1282162930843344896
1282162943384264704
1282162947666489345
1282162957590212608
1282162977215520768
1282162980952649729
1282162981422465031
1282162990545068034
1282162990632976384
1282163001659920394
1282163035231010816
1282163040398368774
1282163041446977536
1282163045825949696
1282163056659714053
1282163077174059008
1282163087542497282
1282163091115933697
1282163092403748866
1282163111206596608
1282163111768793088
1282163116978122752
1282163128193544194
1282163140495638528
1282163148548644866
1282163150767308800
1282163161601277952
1282163163660800000
1282163169834594304
1282163183428538369
1282163195017179138
1282163202994970624
1282163213711204352
1282163213841379328
1282163218165592068
1282163221147693057
1282163225337856000
1282163237228818432
1282163239653117952
1282163242048065536
1282163262348333057
1282163270711832576
1282163271471034369
1282163272083546112
1282163280497303552
1282163288109993985
1282163301703720960
1282163305277059073
1282163317323137025
1282163350265372672
1282163363007598593
1282163379965235201
1282163385279426561
1282163392019562497
1282163392636170241
1282163399984480256
1282163404367486976
1282163406636711936
1282163417504034818
1282163417642565632
1282163423036362752
1282163425666150400
1282163426144350208
1282163426698158081
1282163429873037312
1282163435279650816
1282163447396839424
1282163460260818944
1282163478468452353
1282163480066310144
1282163510009409538
1282163519039746048
1282163544578879488
1282163544813953031
1282163554020294656
1282163563990155264
1282163570487095297
1282163578641027074
1282163580650086400
1282163589718192128
1282163600187105281
1282163611541090304
1282163615999631360
1282163639340929024
1282163640251146241
1282163645506555904
1282163646056017927
1282163664942964742
1282163693711572992
1282163694214893568
1282163704587591686
1282163719552761856
1282163724325978112
1282163725005398016
1282163742688542721
1282163752289230848
1282163752977289217
1282163758031187968
1282163770161160192
1282163775756361728
1282163782341529600
1282163791506137089
1282163808782422016
1282163824020381696
1282163837748183040
1282163842663854085
1282163844878684160
1282163851581161473
1282163853762035712
1282163862377095168
1282163864595910656
1282163865589968896
1282163865808039936
1282163889262809088
1282163892609847296
1282163897252880385
1282163897391169537
1282163900876591105
1282163900729843712
1282163907705143296
1282163928760492032
1282163928882188289
1282163931318898688
1282163934582075392
1282163941100204032
1282163968451186690
1282163977250902021
1282164005843460097
1282164014466949120
1282164021341425666
1282164056359608321
1282164067470151681
1282164075611533313
1282164080124424194
1282164084989931521
1282164086025760768
1282164094477438976
1282164110935785472
1282164123732545536
1282164184520830977
1282164190237663233
1282164210823163905
1282164216707915777
1282164223250845698
1282164226916642817
1282164231517859841
1282164238904184832
1282164254238547969
1282164262144622593
1282164262727815170
1282164276745011200
1282164282780725249
1282164302292684802
1282164310341332992
1282164311813578755
1282164317043822592
1282164320126873602
1282164329089916935
1282164337340080128
1282164344302661632
1282164365186088965
1282164373226688514
1282164374988259329
1282164383758512128
1282164387864670208
1282164388196225026
1282164390582681607
1282164420467204097
1282164425252691973
1282164425542131712
1282164425630326784
1282164457448366080
1282164458517860352
1282164479829184513
1282164493154488320
1282164493468921856
1282164504793460738
1282164517192044547
1282164522648625154
1282164528323624965
1282164542462521344
1282164542492024832
1282164582933504000
1282164583155642368
1282164584846110722
1282164587853479936
1282164589589704705
1282164604945133568
1282164609831415812
1282164634112233475
1282164640621883398
1282164651212574722
1282164667377483779
1282164675086606336
1282164688436916232
1282164698608173058
1282164726252793856
1282164727297175552
1282164738521210881
1282164739850657797
1282164760612667393
1282164768619606016
1282164770485833729
1282164811283828736
1282164815633559552
1282164822000443392
1282164823279665153
1282164836856549376
1282164838609780736
1282164859946201088
1282164865000525824
1282164874101944320
1282164881320443905
1282164890518425600
1282164897544048642
1282164899410477056
1282164912274305024
1282164931924824064
1282164933568933889
1282164944499290113
1282164954502762502
1282164960462684163
1282164997020319753
1282165023394021376
1282165027894513664
1282165029975064576
1282165032080609280
1282165040808955906
1282165044160139264
1282165049897910275
1282165050560503808
1282165053450485760
1282165078402490369
1282165086828756992
1282165117682020352
1282165121490526211
1282165122039975938
1282165124170756096
1282165130688712707
1282165132563410944
1282165141832777728
1282165143015583745
1282165172384088066
1282165187512946688
1282165210799837184
1282165213710565378
1282165222891896833
1282165256609988609
1282165263106887683
1282165267456503809
1282165267498336257
1282165269348134914
1282165281088045058
1282165287849283584
1282165289304678400
1282165295965253632
1282165308505993216
1282165326231121920
1282165326327746562
1282165326952579073
1282165331000061952
1282165331251703809
1282165342408544257
1282165347219464192
1282165356493262848
1282165361098407936
1282165361694015488
1282165362126200832
1282165364378316800
1282165368258088961
1282165375874904064
1282165398981337088
1282165406686486530
1282165411329392642
1282165436252139520
1282165440362557440
1282165443029905408
1282165444317712385
1282165463909142528
1282165485455499264
1282165503335845889
1282165518204579842
1282165527440498688
1282165537347457025
1282165549229731841
1282165549590446080
1282165553076097025
1282165555940585472
1282165557991628800
1282165560315240448
1282165576992010240
1282165578480996352
1282165584386568196
1282165599267893248
1282165610462326784
1282165611792039937
1282165620973289473
1282165621484949504
1282165637943447552
1282165648668405761
1282165653441441795
1282165660814999552
1282165663230914560
1282165670139039744
1282165694591729665
1282165709573959681
1282165713818603521
1282165720487325696
1282165736358567938
1282165746060189696
1282165746718707712
1282165766637355009
1282165779836928001
1282165780214198273
1282165797536710656
1282165805774524416
1282165814523621376
1282165815945510912
1282165820878200837
1282165826452197376
1282165839022534656
1282165843829428228
1282165860979798018
1282165864704299009
1282165867778912258
1282165881343287296
1282165885537366016
1282165947013328897
1282165950595432448
1282165968572227585
1282165980056023040
1282165994002288641
1282166001845534720
1282166011156807680
1282166013891448832
1282166025933459459
1282166030303977474
1282166035626500096
1282166038772277249
1282166038860148736
1282166044170256385
1282166101778984960
1282166114018111490
1282166126193999872
1282166158414602240
1282166161061416961
1282166193688735744
1282166197945905154
1282166199103750145
1282166204875014145
1282166207907389440
1282166211418021892
1282166216178704384
1282166228652630016
1282166228904292358
1282166232452669440
1282166236445581313
1282166244422987779
1282166257920413696
1282166263922352129
1282166275326844930
1282166287435812864
1282166290631716866
1282166290921058304
1282166293144059905
1282166299624271873
1282166304519131137
1282166309493628928
1282166312995663872
1282166316418260992
1282166317391458305
1282166325708599298
1282166326144851968
1282166329118568459
1282166338002341888
1282166340552450050
1282166350572658689
1282166362287288326
1282166371179130880
1282166384424652802
1282166415756349441
1282166416976871425
1282166426829123584
1282166435473772544
1282166441861472256
1282166447322456064
1282166452196433921
1282166460022788099
1282166475671736320
1282166479903850497
1282166481174753282
1282166491811635200
1282166533817597953
1282166534006173696
1282166535885185024
1282166541660766208
1282166550527569921
1282166551303434241
1282166558995947522
1282166565224370178
1282166567342678017
1282166572543471616
1282166573143224329
1282166575949283328
1282166580663644160
1282166589232570370
1282166627619020800
1282166633864323072
1282166634929704960
1282166643788075008
1282166646602264576
1282166653082464256
1282166663454978050
1282166663165730816
1282166675710701569
1282166682035924993
1282166689862422531
1282166693339398144
1282166693721243649
1282166700113383424
1282166703011454976
1282166705293156354
1282166710452264961
1282166726554091525
1282166728965775360
1282166731922792451
1282166744346394624
1282166744795119622
1282166745625763847
1282166745998950400
1282166761123528704
1282166765993295872
1282166766982950912
1282166782841761792
1282166783231823873
1282166791435780096
1282166799136522240
1282166809186033666
1282166818686275585
1282166823010603009
1282166835605983233
1282166836189069317
1282166841641627648
1282166843713572867
1282166843868737536
1282166848059047936
1282166852978794497
1282166867222831105
1282166877498769410
1282166877570183168
1282166886428315651
1282166886772477953
1282166891260280834
1282166903125884928
1282166930078564352
1282166948613128199
1282166965889458177
1282166971535065088
1282166974668173312
1282166979378532352
1282166982041694208
1282166986907189251
1282166987095859201
1282166993441832961
1282167002048716801
1282167009850077186
1282167045954535424
1282167053718155264
1282167074672873472
1282167080326967297
1282167080482037762
1282167081497235456
1282167099901612032
1282167101122322437
1282167101411799040
1282167114980360195
1282167116326596608
1282167124853583872
1282167133204406272
1282167135112818688
1282167146332721152
1282167147116953601
1282167147993735168
1282167151395250176
1282167154989645825
1282167168180932608
1282167168918892545
1282167188217122822
1282167188992995328
1282167194801958912
1282167248912822272
1282167252125659136
1282167254566744064
1282167259394449409
1282167267933839360
1282167271301971970
1282167272941826049
1282167273566994434
1282167279828992000
1282167299278077952
1282167302167945216
1282167303086448640
1282167298447626242
1282167312263634944
1282167314972962825
1282167320106774528
1282167327086260224
1282167331133808640
1282167334711390213
1282167335059689472
1282167342630305793
1282167347239772161
1282167363882844161
1282167381306081280
1282167381440073728
1282167382203682816
1282167385722621954
1282167395667243009
1282167415389007873
1282167418232754179
1282167436175908872
1282167443402616833
1282167447500607489
1282167448360239104
1282167448993595393
1282167450239410177
1282167454362292224
1282167456526741504
1282167478542643203
1282167479867973633
1282167491880529921
1282167512570851334
1282167514907148288
1282167523551526912
1282167533127307264
1282167546083512320
1282167547102519296
1282167549111590912
1282167549413650432
1282167549761933312
1282167561241726981
1282167570632601604
1282167578014519296
1282167588923924480
1282167591536955392
1282167628639858688
1282167643445833730
1282167654745280512
1282167663087816705
1282167674135511040
1282167726765600768
1282167743446425605
1282167749679230976
1282167770566680576
1282167787679440897
1282167794218397698
1282167799918424065
1282167810060283906
1282167813613006848
1282167821242269698
1282167827890397184
1282167828167131137
1282167835574190080
1282167837625217024
1282167850942136320
1282167854650056704
1282167871615926273
1282167895045427201
1282167902532243461
1282167910199369730
1282167917862285312
1282167922245267458
1282167923147079682
1282167924464156672
1282167924946464768
1282167928226566146
1282167932693483521
1282167935591735297
1282167943019683842
1282167953035755521
1282167953736122369
1282167959499214850
1282167960992460800
1282167966994399232
1282167985034141696
1282167984962723842
1282167988624355330
1282167989664702465
1282167990251814913
1282168010556485632
1282168014498979840
1282168018567442432
1282168022589833216
1282168053388673024
1282168054793883650
1282168056152829952
1282168061831843842
1282168064314757120
1282168074750353410
1282168077573029888
1282168100205391872
1282168100666748928
1282168100998098944
1282168106509643777
1282168112553615361
1282168119985868800
1282168125576736769
1282168127430643712
1282168136104583168
1282168137513918469
1282168154215587840
1282168157948407810
1282168158938374144
1282168167058608129
1282168171512729605
1282168178827812865
1282168217713205248
1282168226693001216
1282168229167861760
1282168233823477760
1282168236323332097
1282168250214707200
1282168271870087168
1282168274097074177
1282168274331955202
1282168282959753216
1282168288647184385
1282168304241696770
1282168323090726914
1282168326811262976
1282168333580636160
1282168338035044353
1282168364148948994
1282168367672107008
1282168373552402434
1282168375028772865
1282168380032606210
1282168387905499138
1282168399921967104
1282168408944136193
1282168409074147330
1282168414820167680
1282168416967757824
1282168418515312641
1282168421258420225
1282168433514168321
1282168434625622018
1282168435049402368
1282168439411376129
1282168439709274112
1282168451746988032
1282168455139975169
1282168459149709314
1282168466967949313
1282168467467231233
1282168469534826497
1282168477034450945
1282168492737703937
1282168492767064064
1282168497565347842
1282168499562065922
1282168515663929344
1282168519380152320
1282168526875136000
1282168540468875265
1282168547515314176
1282168549373509632
1282168552892461056
1282168544851968001
1282168560471748608
1282168563571347456
1282168571590848512
1282168573964816384
1282168579463536641
1282168591136075779
1282168593757741056
1282168593816289280
1282168594030198785
1282168599193370624
1282168606193782784
1282168606948810753
1282168622413230081
1282168627404238848
1282168639290892289
1282168681410097154
1282168689639297027
1282168689861615616
1282168690826346496
1282168698527072256
1282168722640306183
1282168732488306689
1282168739476062209
1282168740617084928
1282168742378713088
1282168749794250752
1282168753711710208
1282168762435801091
1282168766852288513
1282168770014978049
1282168773546565632
1282168783092817920
1282168787056431104
1282168787614269440
1282168792190156800
1282168824519958528
1282168825719529472
1282168844388372480
1282168850721595393
1282168874977427462
1282168903955709955
1282168909689389056
1282168921752100864
1282168933206941697
1282168933441667073
1282168941624700928
1282168958561345537
1282168961665241089
1282168976546594816
1282168997174116352
1282168998050889729
1282169003658620928
1282169022512082944
1282169026035286017
1282169031504441347
1282169049930174465
1282169056599080960
1282169060592103424
1282169059224756224
1282169065012895750
1282169071849676801
1282169072755580929
1282169073418170368
1282169083975405568
1282169084864389120
1282169089071280128
1282169092783382529
1282169096268771329
1282169110558892033
1282169113759162375
1282169147221176320
1282169165252419584
1282169165575417856
1282169193023115264
1282169196911230976
1282169204301602816
1282169220499795969
1282169226602532864
1282169234949312512
1282169247326711809
1282169261776084994
1282169278066638850
1282169287210405896
1282169289307385856
1282169299591761920
1282169312950669317
1282169315115008001
1282169327987429376
1282169335365206022
1282169336778678273
1282169340641632256
1282169333603618817
1282169344890269697
1282169344848355328
1282169348824739841
1282169361533411328
1282169364612100096
1282169368894300161
1282169377656147968
1282169378033868801
1282169378541146112
1282169379434594304
1282169382463057920
1282169402436325376
1282169404294172672
1282169404625547264
1282169416743084039
1282169425810976771
1282169432882556928
1282169434183012352
1282169436149968896
1282169436397592581
1282169437487894528
1282169438414897152
1282169440378015744
1282169444790345728
1282169445226393601
1282169452977512449
1282169456915935233
1282169458040074240
1282169458488999936
1282169467418497024
1282169467791966208
1282169474968412161
1282169475391946758
1282169475551211521
1282169504194154497
1282169533491376128
1282169534565306368
1282169537065037825
1282169537329344512
1282169540596695043
1282169542920159233
1282169545193644037
1282169578643218433
1282169583785435139
1282169585068912641
1282169594472394753
1282169597211246598
1282169608795942912
1282169617918681089
1282169622570110977
1282169646670438400
1282169650416099328
1282169656816672768
1282169664232194049
1282169666920685568
1282169667340075008
1282169668384563202
1282169689515397120
1282169709597794304
1282169713586569218
1282169721874337792
1282169764509626368
1282169772277264384
1282169812286951424
1282169847342759936
1282169848672456704
1282169852824662016
1282169853520961536
1282169856402632704
1282169877361565697
1282169878267351040
1282169885389320194
1282169889252417536
1282169916074930176
1282169921259151365
1282169925457633281
1282169925638017024
1282169931551907840
1282169947607760896
1282169961192943617
1282169969518809089
1282169970386862080
1282169977118830599
1282169980759363586
1282169991584870405
1282170006827081728
1282170012489351169
1282170015374958593
1282170035600076800
1282170035780243456
1282170048677806080
1282170050665803776
1282170057112473600
1282170058442076160
1282170061873188866
1282170070286966789
1282170106710286338
1282170108056502272
1282170111147687936
1282170113148370946
1282170113177710592
1282170115912540160
1282170120362528770
1282170130500288513
1282170145507614725
1282170157897572352
1282170163106770944
1282170178004975617
1282170192597057537
1282170203565027329
1282170204139782145
1282170204366176257
1282170209093255170
1282170209466343426
1282170214033928193
1282170225723498496
1282170233940303872
1282170251170308096
1282170254261657601
1282170258573283329
1282170314269417474
1282170322989600769
1282170330337824773
1282170341935026177
1282170364764856323
1282170371756584961
1282170371895173120
1282170376643108864
1282170392849911814
1282170398730223616
1282170419080880128
1282170422298128384
1282170425821106177
1282170431303114752
1282170431336615936
1282170432334950404
1282170450433519616
1282170459400937473
1282170471673409536
1282170476580597761
1282170477247631363
1282170480015945728
1282170489276739585
1282170492808552454
1282170494020706305
1282170501318598656
1282170503793274882
1282170505894801412
1282170511397654528
1282170522395201536
1282170530318159872
1282170530951507969
1282170536404148224
1282170538031489029
1282170539604185098
1282170543014379521
1282170547174912001
1282170551809630208
1282170560873553920
1282170569325076480
1282170569996165120
1282170570180714496
1282170574022651904
1282170574140329986
1282170578414309376
1282170585393639424
1282170594834997250
1282170603823222785
1282170607191244800
1282170608130850816
1282170608151703558
1282170635595264001
1282170648002007043
1282170650967314433
1282170658538086401
1282170675323473921
1282170682550489089
1282170688040730626
1282170698606112770
1282170722094202880
1282170728012566528
1282170731799945217
1282170745892765701
1282170761155731456
1282170762401509377
1282170786455990273
1282170789350068232
1282170795309928449
1282170796958339072
1282170800938811397
1282170801299628033
1282170804214435840
1282170808668794880
1282170809281179650
1282170822681976832
1282170825785987072
1282170841355124736
1282170861546549248
1282170860976119808
1282170879514992640
1282170881272434691
1282170881398067200
1282170886993346561
1282170916504367104
1282170917146161152
1282170923056062464
1282170934498033664
1282170942139949063
1282170949853478914
1282170954106277889
1282170962671071232
1282170976591986689
1282170979280719877
1282170981964902400
1282170989158244352
1282170995885785089
1282170996502392833
1282171017650151424
1282171018635771904
1282171033861021696
1282171048025300993
1282171055927365633
1282171059454783488
1282171063326171136
1282171069286297605
1282171069483360256
1282171073824514048
1282171074814390272
1282171080011059200
1282171084393988096
1282171089427165189
1282171101930381312
1282171117721927680
1282171153470062607
1282171156095696896
1282171164245348352
1282171164324921345
1282171181164924928
1282171181471277058
1282171195723378688
1282171199468994560
1282171210038562821
1282171210516832258
1282171220109090816
1282171223758139392
1282171224324538370
1282171244406730753
1282171249171415041
1282171261116792834
1282171264648577024
1282171266858799104
1282171291764588544
1282171307069669381
1282171312631246848
1282171323381436416
1282171337721516032
1282171350182801413
1282171352976445440
1282171359322411008
1282171382814642177
1282171404855783424
1282171406113890305
1282171449013239809
1282171451026616321
1282171451282423808
1282171455371980801
1282171463672434688
1282171466197241858
1282171467799527424
1282171489580535815
1282171492747415553
1282171504973815814
1282171507632861186
1282171511789346816
1282171517380386818
1282171517791428608
1282171517984550912
1282171520744255489
1282171530206687234
1282171532530388992
1282171550020632576
1282171550305787904
1282171555556941824
1282171562150391808
1282171562888695809
1282171566357467139
1282171571700822021
1282171604097736705
1282171604915687424
1282171614419984386
1282171622087163909
1282171639355060225
1282171647114522624
1282171664977915904
1282171689493843969
1282171692245229570
1282171698725318656
1282171727792021504
1282171731180830722
1282171732560760832
1282171735215767552
1282171743751114752
1282171759752409088
1282171767860137984
1282171783039213568
1282171789309706241
1282171790718976001
1282171798545731584
1282171814999781376
1282171826412675073
1282171831450034178
1282171832586706944
1282171841130319872
1282171841432322050
1282171878203891712
1282171886311530497
1282171898604908544
1282171899875921920
1282171906939072512
1282171916162195456
1282171918825603072
1282171918926438401
1282171946252136449
1282171952740761601
1282171971728441347
1282171975419351041
1282171990720360448
1282172002665672705
1282172003915636742
1282172011406487552
1282172014149558272
1282172017488343042
1282172024945688576
1282172026338172928
1282172026375991296
1282172029819662336
1282172030863859714
1282172042129797120
1282172048710787074
1282172048710787075
1282172059401908225
1282172068000231426
1282172068709031936
1282172074535116800
1282172079668961280
1282172095699447810
1282172104712974337
1282172109599334402
1282172114435358723
1282172114447904769
1282172116499156994
1282172116859789313
1282172120269754368
1282172120638779392
1282172134308155392
1282172142964977669
1282172162036527107
1282172174896205824
1282172175009505280
1282172188666105856
1282172202054553605
1282172210355068928
1282172241694748673
1282172241833127936
1282172243213156353
1282172254176940033
1282172275467272193
1282172290734551040
1282172292286623746
1282172309651021824
1282172314671435776
1282172329691414529
1282172338448986114
1282172368308146176
1282172369600016387
1282172373685411841
1282172376759758853
1282172387442688006
1282172390445690881
1282172395802034176
1282172403179753478
1282172416379289601
1282172422758608896
1282172434762862592
1282172439682617344
1282172446980870146
1282172453909942273
1282172455600218113
1282172456954978306
1282172469709701122
1282172473669287942
1282172482472931329
1282172485547569153
1282172485908041728
1282172493785034753
1282172497442549761
1282172497371291654
1282172505004953601
1282172507135647745
1282172508746244097
1282172518489640960
1282172520443961344
1282172523774382080
1282172529218478080
1282172543743361025
1282172544867397632
1282172550206767104
1282172557781684224
1282172571455229952
1282172572814077952
1282172575121051648
1282172575175540736
1282172575540379649
1282172582477934593
1282172571513913344
1282172609916878848
1282172624743936001
1282172632926842880
1282172637519605760
1282172640409432064
1282172642880040962
1282172653000941573
1282172662878535680
1282172668481900544
1282172678393061376
1282172683090898951
1282172700342005763
1282172715554631682
1282172717601521673
1282172718763274240
1282172728498429952
1282172732650721280
1282172734168944641
1282172758537846788
1282172759913590784
1282172764875624448
1282172776191856641
1282172785113157632
1282172790511206403
1282172794529361920
1282172801047310336
1282172805757403136
1282172817266495488
1282172825202118656
1282172833192435717
1282172841866256386
1282172846576472064
1282172858299551751
1282172860467994624
1282172877924470789
1282172884924997632
1282172893305032704
1282172898086662148
1282172907330981888
1282172908626776069
1282172926905716736
1282172943481688066
1282172943649214464
1282172946572705792
1282172951584886784
1282172953699012608
1282172960334176257
1282172971956580359
1282172989459628034
1282172997323952135
1282172999076986880
1282173024800772097
1282173044035813377
1282173048637071362
1282173049350115328
1282173051887669249
1282173065355563008
1282173082388455425
1282173088642334720
1282173099178373120
1282173102206717959
1282173102349312000
1282173106472140803
1282173125338202112
1282173128613875712
1282173141817556993
1282173148763508737
1282173172880535552
1282173173501358080
1282173175758041088
1282173177641172993
1282173179520221184
1282173183127412736
1282173192006701056
1282173197232885763
1282173199426269185
1282173200755908613
1282173216245665792
1282173231697235968
1282173251368546304
1282173261023817728
1282173317940740096
1282173321371455488
1282173330850807815
1282173334172516353
1282173335091269632
1282173327658741760
1282173350890967040
1282173350693924864
1282173353847959559
1282173354728984577
1282173363801042946
1282173368448348160
1282173372344877057
1282173374895132672
1282173375213899777
1282173382579159040
1282173382738563073
1282173384344969217
1282173387696029697
1282173391018102784
1282173393899417601
1282173393857437696
1282173405870133248
1282173410370400256
1282173427491590145
1282173432319275008
1282173441576243201
1282173443513831424
1282173447586504715
1282173456738590720
1282173460161146880
1282173471347236864
1282173473326948353
1282173490485956613
1282173501693198336
1282173509867835393
1282173522689748993
1282173531099238400
1282173531988594695
1282173539035025408
1282173539131559936
1282173548493185024
1282173550518956032
1282173551034826753
1282173566629232641
1282173578750816257
1282173609595637762
1282173611441377281
1282173617791332353
1282173619028791296
1282173626943516679
1282173652461449217
1282173656945303554
1282173663526051846
1282173670014586882
1282173680974323712
1282173693561655299
1282173694274609152
1282173694400397313
1282173695247581184
1282173695176261632
1282173701320871936
1282173706941407232
1282173719671115776
1282173721902485505
1282173723651514369
1282173774113107968
1282173789766385664
1282173796816875530
1282173798020599809
1282173799631171585
1282173805276745729
1282173844275507202
1282173844535627777
1282173848570327041
1282173854421590017
1282173856631816192
1282173867616874498
1282173884674961409
1282173885958377472
1282173895664115713
1282173901099995136
1282173928069308417
1282173929595920384
1282173939381198848
1282173947123912704
1282173949158338560
1282173949724495874
1282173950848413696
1282173962743496707
1282173982381228034
1282173997669429248
1282174003889598464
1282174013893222400
1282174039822225408
1282174062588878853
1282174065801822209
1282174070885199873
1282174076979744768
1282174079399866368
1282174089608732672
1282174095283695617
1282174108785168384
1282174110559137793
1282174119975346176
1282174126308724741
1282174127437217792
1282174129165213697
1282174131442790400
1282174135171379201
1282174144356904960
1282174151935946753
1282174155685638144
1282174158227615746
1282174163998760960
1282174164875407360
1282174167396147200
1282174188896301068
1282174191886831618
1282174193853816833
1282174213357309954
1282174218008838144
1282174256877469696
1282174263282110469
1282174268277653504
1282174284664729600
1282174288662061056
1282174295406522368
1282174297369268227
1282174309394309126
1282174320203255808
1282174323680333824
1282174334732103680
1282174347168235520
1282174355816898560
1282174372552171521
1282174374645243912
1282174380181647360
1282174382043881472
1282174382412947456
1282174385563074567
1282174389090304000
1282174390298271745
1282174395071389696
1282174411093815296
1282174413165588480
1282174421663281152
1282174429288714241
1282174429351550976
1282174436976861184
1282174439577116674
1282174456358670336
1282174457260527616
1282174461320368128
1282174465372237826
1282174465514889223
1282174482292056064
1282174502588174338
1282174503120846849
1282174504886767617
1282174510691545088
1282174513153626113
1282174528341385219
1282174534469074945
1282174544451481601
1282174561564401664
1282174571345350656
1282174588286308352
1282174595244720128
1282174610671378435
1282174612004941824
1282174612587986945
1282174636692652032
1282174653461454849
1282174656187740160
1282174663557181441
1282174671488577537
1282174688190316544
1282174689020792832
1282174696793034752
1282174698500087808
1282174709342310400
1282174710999113729
1282174718272065536
1282174724672491521
1282174737360314368
1282174738891071494
1282174742443765765
1282174744247205888
1282174744570114048
1282174750383456256
1282174753005068288
1282174773179682816
1282174782151237632
1282174783694635008
1282174792477507585
1282174803449765889
1282174813633683457
1282174817840447488
1282174833690730497
1282174835460837383
1282174840930263041
1282174843710889986
1282174872190251008
1282174881463889920
1282174881564692482
1282174881778618370
1282174895086956544
1282174899021176833
1282174931103555584
1282174936690290689
1282174950095441923
1282174965907779584
1282174982089367553
1282174989278408704
1282174991270912003
1282175011210461184
1282175011571347456
1282175014628982785
1282175014700081153
1282175028159606784
1282175035625488385
1282175040054648834
1282175048506208258
1282175057968717824
1282175077979570178
1282175082886868992
1282175084053123072
1282175085349154816
1282175085650964480
1282175087311896576
1282175089891373057
1282175100008071168
1282175101979385856
1282175102063464454
1282175107662782464
1282175108224815104
1282175108279414785
1282175117200629765
1282175132333748226
1282175133528911873
1282175134883880962
1282175140902707202
1282175142022377472
1282175142156800000
1282175149400371201
1282175152868823042
1282175153594462210
1282175154131361794
1282175155175817216
1282175160964046849
1282175161769369600
1282175167066632197
1282175167486205952
1282175175333683200
1282175186922467328
1282175187023204358
1282175192110784513
1282175213841428481
1282175216467075073
1282175226659446785
1282175230086131713
1282175236914294784
1282175241205080064
1282175249606295552
1282175277070606338
1282175286822318084
1282175293860409344
1282175306757861376
1282175316715241472
1282175316782448641
1282175318867025921
1282175324281868288
1282175335526621184
1282175345764884482
1282175358175809536
1282175359899713537
1282175366350565376
1282175367063629825
1282175369055895552
1282175371178278912
1282175377008295936
1282175380569206785
1282175388601290752
1282175390086291462
1282175401842933761
1282175425700073472
1282175436634509312
1282175443240509445
1282175467244515331
1282175471652712448
1282175471862444032
1282175472839716864
1282175480230281216
1282175482990071810
1282175489361301505
1282175490623705088
1282175492557361152
1282175493232488450
1282175496826937344
1282175519765590016
1282175523691524097
1282175528154218498
1282175539755835392
1282175544180842496
1282175545049067520
1282175548467236864
1282175548605599745
1282175560110600192
1282175573004029953
1282175577198387205
1282175598257995776
1282175601818755072
1282175602712354819
1282175615928602625
1282175618470182913
1282175633481703425
1282175656042868738
1282175669502308352
1282175694617710595
1282175695284838402
1282175698325708801
1282175703069323264
1282175713865535489
1282175719343157248
1282175740646232064
1282175741971619840
1282175746341928960
1282175760824926209
1282175771021316096
1282175772023828480
1282175777820336129
1282175796585488385
1282175811596898305
1282175822921523202
1282175828684464130
1282175833327562753
1282175833948295168
1282175841942687744
1282175845562376195
1282175853590384642
1282175874096193537
1282175880668667904
1282175888486891522
1282175908183519233
1282175908527382529
1282175913552216065
1282175933873455105
1282175935085785088
1282175949342154752
1282175951338565634
1282175962927386624
1282175970519048197
1282175978773438465
1282175979591553025
1282175980069482501
1282175985740177409
1282175996301541377
1282175998285373440
1282176000235888645
1282176004367187973
1282176009643520000
1282176019018002432
1282176023425998848
1282176027720966144
1282176028933160960
1282176035862253570
1282176038580088832
1282176051263700993
1282176051800498177
1282176060734541831
1282176081177522178
1282176082087538691
1282176089440153600
1282176095152861185
1282176096419618820
1282176104510390282
1282176113561739266
1282176122936070149
1282176139390148609
1282176159619350528
1282176166074474496
1282176180544667648
1282176187108700160
1282176191173062657
1282176201855909888
1282176203281948674
1282176208239763458
1282176209862848512
1282176212383813633
1282176215571402752
1282176231421751297
1282176231178264577
1282176240451850240
1282176240825360385
1282176241953656837
1282176257581514752
1282176266582532096
1282176266414645248
1282176273389953024
1282176282743181312
1282176308391313408
1282176320206774272
1282176321007742977
1282176331845861383
1282176332768542725
1282176333326569472
1282176336585424896
1282176350543966208
1282176354964983808
1282176387630034945
1282176388116525057
1282176390196944896
1282176395079069696
1282176396815552512
1282176400754081792
1282176410904215553
1282176417631854592
1282176430068183041
1282176432899162112
1282176441778442240
1282176443175362566
1282176446983741442
1282176450125164545
1282176458580824065
1282176459969146880
1282176462171316225
1282176491648737280
1282176500452728832
1282176500746399744
1282176507771674624
1282176512922451968
1282176526360838144
1282176526859956224
1282176563396571138
1282176576394637312
1282176579603324928
1282176580073082880
1282176594656866306
1282176607894016005
1282176614395248646
1282176621122813953
1282176633525243904
1282176634402082816
1282176634896826369
1282176637984026625
1282176638642511875
1282176641465229312
1282176643310616576
1282176656128401408
1282176664764477441
1282176666857549824
1282176668925415425
1282176680954601474
1282176684121362434
1282176696620183554
1282176698222473217
1282176705235279873
1282176711744987136
1282176723849814016
1282176730560487424
1282176742308884480
1282176744070549505
1282176744301178882
1282176756586213376
1282176772709265408
1282176781550784513
1282176785627648003
1282176795580616704
1282176802962550785
1282176819525976065
1282176837225820161
1282176841537683457
1282176843672457216
1282176851830386689
1282176864908279809
1282176870155354113
1282176921053261824
1282176923615911936
1282176935641022465
1282176957304598529
1282176962870444032
1282176973041627136
1282176982982119424
1282176991945531393
1282176994763894786
1282177004968849408
1282177009834012673
1282177024552034307
1282177030734282752
1282177037680218113
1282177045934432256
1282177052662067207
1282177069284306944
1282177071771418625
1282177073985908737
1282177085243621377
1282177099076427777
1282177100439531520
1282177107192197122
1282177131041091590
1282177138788048898
1282177150292914176
1282177176649883648
1282177182911959040
1282177188817629184
1282177191145439232
1282177194064859136
1282177213975031808
1282177216386723840
1282177216881852416
1282177233256210433
1282177239333744640
1282177246812237830
1282177275069378561
1282177290596581377
1282177294921080832
1282177301304586245
1282177310158999553
1282177324989874176
1282177326961360899
1282177350893834240
1282177363707658240
1282177363619524608
1282177365846548480
1282177375430602752
1282177375539781639
1282177396498747395
1282177418124496896
1282177463540281345
1282177463896817665
1282177463796129792
1282177476513484800
1282177490476134400
1282177493093568512
1282177502593429504
1282177507660193793
1282177516141256707
1282177521627389953
1282177531676733441
1282177570964791296
1282177573657538561
1282177592553086976
1282177598890508289
1282177603206393856
1282177603617656835
1282177607404929027
1282177612018671623
1282177620180901889
1282177652850401281
1282177669799350272
1282177670806040576
1282177683665952768
1282177690590748673
1282177708143726592
1282177721041207297
1282177721590661120
1282177734597197826
1282177748882997248
1282177751626260482
1282177754859999232
1282177759205380096
1282177759251324929
1282177776619884545
1282177780411781120
1282177790696214530
1282177797683806208
1282177804726161408
1282177808643485696
1282177813945241601
1282177814397980673
1282177825102077954
