1282555336805814275
1282555353641582593
1282555358393884673
1282555363506524161
1282555367277330432
1282555377322795008
1282555395848855552
1282555397639860225
1282555422126161921
1282555421689909250
1282555434864279553
1282555463742164992
1282555459644293121
1282555481148526592
1282555484986277894
1282555492783452160
1282555493274157056
1282555496524845056
1282555512811290624
1282555515017494529
1282555517332840448
1282555518976954368
1282555520457605120
1282555538270822400
1282555539721981957
1282555543232679936
1282555546860752896
1282555552128806912
1282555554196525056
1282555554091560960
1282555554930589696
1282555563675705345
1282555566292897793
1282555576350900224
1282555576157962240
1282555594377920513
1282555602535944192
1282555607480889344
1282555610446221312
1282555618193285121
1282555628951605248
1282555637675839489
1282555659729461248
1282555664057892864
1282555664707940352
1282555670877794304
1282555678934962177
1282555694273695744
1282555697566285824
1282555706856493056
1282555710052630528
1282555724745195520
1282555739643326464
1282555745716719619
1282555745779752966
1282555747868577792
1282555749986705408
1282555760086446080
1282555765497237504
1282555770274484225
1282555772245872642
1282555776049967105
1282555783259910144
1282555786015563776
1282555786439294976
1282555805582028800
1282555818324484096
1282555836200624128
1282555837651677184
1282555851342065665
1282555893213618177
1282555926638026752
1282555930811355137
1282555951065624576
1282555966232436736
1282555969151664129
1282555974792785920
1282555980048302081
1282556005562355712
1282556019965648896
1282556021421019136
1282556034976899072
1282556046481879040
1282556050743406592
1282556056736940033
1282556059350118402
1282556064672526337
1282556085015056384
1282556089595072512
1282556094460702720
1282556097728057345
1282556098973560832
1282556116962951168
1282556121367158784
1282556125775159297
1282556140715302912
1282556151255769090
1282556159761801221
1282556178350788608
1282556184579526656
1282556185166544896
1282556188635418624
1282556189662785538
1282556197548118016
1282556217504624640
1282556245187219456
1282556249280839682
1282556255547072513
1282556264455606272
1282556273645350912
1282556277743333376
1282556317291421697
1282556337289932801
1282556370483417088
1282556383611834369
1282556385717178370
1282556389630423040
1282556395171323906
1282556399654928385
1282556400313397248
1282556406806147072
1282556428885139456
1282556432898908160
1282556433658261504
1282556445549039616
1282556462838034432
1282556465098752000
1282556470182072320
1282556471360790528
1282556503367602178
1282556519922438145
1282556522296307712
1282556542554796034
1282556546828795904
1282556546728239104
1282556547416154113
1282556554135437313
1282556554579861505
1282556554575675393
1282556561970192385
1282556567913725952
1282556571520765955
1282556576541310977
1282556576994414592
1282556578621612032
1282556579439677442
1282556597886046209
1282556616689278976
1282556616710197248
1282556633076371457
1282556647282360322
1282556651053158401
1282556654010212358
1282556655629033477
1282556701351112704
1282556714966044672
1282556722998120448
1282556747656433668
1282556748046319618
1282556758930657282
1282556766379704320
1282556771551281153
1282556785002377216
1282556790933032960
1282556803419537409
1282556809467789312
1282556811791536128
1282556844494295041
1282556855278022656
1282556859862441985
1282556893827928066
1282556894817574913
1282556903499988995
1282556911670267904
1282556949649924098
1282556965445566464
1282556969874853888
1282556976895979520
1282556986979225600
1282556992385691648
1282556998123507712
1282557012065353729
1282557033686786048
1282557047033208832
1282557056537382914
1282557065412530176
1282557065513197570
1282557077995438082
1282557088217083904
1282557089693544448
1282557095900884992
1282557119678476288
1282557130403311617
1282557135130431489
1282557145230094338
1282557145427443714
1282557158605770752
1282557166092791808
1282557187852840961
1282557191841386498
1282557204583731200
1282557208669179906
1282557216961073154
1282557231909806082
1282557242449879040
1282557262096003072
1282557262809030657
1282557276520415233
1282557292811104257
1282557294480224256
1282557300775903233
1282557309323902976
1282557313434427392
1282557314902429696
1282557320078061569
1282557325455306752
1282557334250717184
1282557335706103810
1282557335966228482
1282557359655714817
1282557369583427585
1282557371332489216
1282557372024619009
1282557379767341057
1282557385052168193
1282557394564702208
1282557405465767937
1282557423677390850
1282557428446314496
1282557429750865920
1282557433307705345
1282557440706281472
1282557451649384449
1282557452316225537
1282557458725167104
1282557460411117568
1282557463493931009
1282557496843001857
1282557499829174273
1282557516682014721
1282557523237703681
1282557533442338819
1282557537355784192
1282557548764164096
1282557549871427585
1282557555617656832
1282557555856809985
1282557566346604545
1282557591231451137
1282557598324019200
1282557601947938822
1282557612773396480
1282557624169496576
1282557633333870592
1282557634160271360
1282557640233623557
1282557663990157312
1282557694163988480
1282557695329923072
1282557706616930304
1282557706826584064
1282557711599546369
1282557721569636353
1282557741605638144
1282557766100541440
1282557769804120064
1282557779589251072
1282557781904691202
1282557791232757760
1282557796173541381
1282557798786707457
1282557801173323778
1282557804373409799
1282557808286654464
1282557808353869824
1282557811805872129
1282557828448743427
1282557844106047489
1282557854550036480
1282557868030533633
1282557874577833984
1282557880449806336
1282557896165711872
1282557900674592768
1282557902968979458
1282557908434120705
1282557930114551809
1282557958988021761
1282557976864268290
1282557994270519296
1282558037040009222
1282558044426174464
1282558047810777089
1282558067385786369
1282558068639723521
1282558072934862854
1282558090320080896
1282558107822903296
1282558122251259904
1282558148797071360
1282558151653376000
1282558165968715776
1282558170024620032
1282558170888433664
1282558173413605376
1282558194510856192
1282558198273110016
1282558198461853697
1282558203117674497
1282558203612540928
1282558208163233793
1282558211208417281
1282558215855542272
1282558215788433413
1282558218129018880
1282558225150349314
1282558233790386177
1282558235761954816
1282558241487167488
1282558245622755328
1282558246998257665
1282558252404875266
1282558262429261826
1282558270172016640
1282558279605014528
1282558281840549888
1282558284231254016
1282558284931555328
1282558288203100161
1282558290342424576
1282558296646463488
1282558304623849473
1282558308017111041
1282558320713375744
1282558321707241474
1282558324354027520
1282558345652527104
1282558353462513664
1282558353705701376
1282558361016262656
1282558362270474240
1282558362530402304
1282558367043473409
1282558386622672898
1282558389252497409
1282558396911226886
1282558424711081986
1282558440154337280
1282558448329203712
1282558471498539009
1282558476472872961
1282558492654657537
1282558501932298243
1282558504985939970
1282558506130829312
1282558521549246467
1282558534048256001
1282558537219149824
1282558542512377856
1282558546979192832
1282558576704118785
1282558579040387072
1282558603220549633
1282558622770368512
1282558635021721601
1282558625496489984
1282558638536765440
1282558651446829060
1282558652218408961
1282558654944813056
1282558663048265728
1282558669012574209
1282558670098911232
1282558671667396608
1282558672506441729
1282558672544161792
1282558676637605888
1282558685454073856
1282558689019338753
1282558689895944192
1282558690269245441
1282558709512757248
1282558710926082048
1282558722703687680
1282558736427560966
1282558743251546112
1282558747940925445
1282558753733251076
1282558753775030272
1282558763828785152
1282558764688855047
1282558780576800773
1282558793709166592
1282558810004086784
1282558828542713864
1282558835186561026
1282558849543790595
1282558852936826880
1282558877905686528
1282558883416936449
1282558897119809536
1282558909207777280
1282558911556415490
1282558921199124480
1282558923283681280
1282558923778789377
1282558935782678534
1282558950001401856
1282558953893834754
1282558969127538689
1282558974466723847
1282558975808921600
1282558992904941570
1282559008562393089
1282559020235198464
1282559020679585792
1282559032209764352
1282559036366389249
1282559048932458498
1282559050111164419
1282559066854821888
1282559074366783488
1282559091907461120
1282559130667016192
1282559145565016064
1282559146890534913
1282559146731216896
1282559155736199168
1282559158064156672
1282559164162564096
1282559167249735682
1282559171536121856
1282559176842059777
1282559181308993536
1282559199998664704
1282559202410369025
1282559205547761665
1282559212657299461
1282559214494183424
1282559222488510464
1282559229098897408
1282559231682588672
1282559234337574912
1282559238011621376
1282559239546789890
1282559251219611650
1282559254394818560
1282559260703035392
1282559273336217600
1282559273965285376
1282559275802308608
1282559277459095552
1282559279535476736
1282559286489477121
1282559293347074048
1282559309109395457
1282559317304963072
1282559342789775365
1282559359797678080
1282559361794150400
1282559363865952260
1282559364230819841
1282559373001125888
1282559403367907329
1282559419742470145
1282559426428153856
1282559442953949184
1282559448842526720
1282559460582596608
1282559469726191616
1282559503901155328
1282559523740438533
1282559541196906496
1282559549363195904
1282559557449986049
1282559605323726850
1282559616862298112
1282559619303432192
1282559649749901314
1282559650106273792
1282559653520584705
1282559660042657792
1282559661414051840
1282559665910341638
1282559682863869952
1282559693525852160
1282559698974146562
1282559701553516544
1282559702912516098
1282559706045849602
1282559724966350848
1282559758554161153
1282559764975636482
1282559772710129664
1282559780004016128
1282559781132107776
1282559781668917250
1282559783766089728
1282559808197910528
1282559808332107777
1282559811075411974
1282559817572405250
1282559822286602241
1282559823532429312
1282559827554848768
1282559838401290240
1282559854171820033
1282559857179099136
1282559862556237824
1282559867098525696
1282559867299999745
1282559868474277888
1282559886958759936
1282559912736960513
1282559917220560896
1282559928524251136
1282559932374454272
1282559951676878848
1282559951995498501
1282559967359373312
1282559969112408064
1282559972014948352
1282559976750428161
1282559997688328198
1282560003753246721
1282560009642090497
1282560014800969730
1282560028017176576
1282560039606202373
1282560048623804416
1282560059957022721
1282560070845227008
1282560074225987590
1282560090126467072
1282560093611937792
1282560095277191168
1282560109919395840
1282560110951202817
1282560115254554625
1282560128131035136
1282560127187464192
1282560176969510920
1282560185391775744
1282560186838691840
1282560202542202882
1282560221433311232
1282560232959414273
1282560240425160704
1282560263783407620
1282560274290159616
1282560288504635392
1282560308431773696
1282560319387205632
1282560341138976768
1282560351817605121
1282560354472677376
1282560358151073794
1282560374391427074
1282560384675622914
1282560395740422148
1282560412920107008
1282560417068273664
1282560424991272961
1282560426295783424
1282560426828414977
1282560435867148289
1282560438010408960
1282560438467727360
1282560442188136448
1282560443479756800
1282560454284308480
1282560505677307904
1282560506746806273
1282560511134117888
1282560519925198848
1282560529442041856
1282560535951740929
1282560555035906048
1282560565315907584
1282560568466051072
1282560579572391938
1282560584999940096
1282560634761228288
1282560636996718592
1282560651395829760
1282560664393773056
1282560671931146240
1282560676154802176
1282560684459524096
1282560688720949249
1282560689668624384
1282560714234716160
1282560718433169415
1282560721096605696
1282560727975329793
1282560728503930881
1282560732186517504
1282560733096493058
1282560735508299776
1282560735499911169
1282560735604887555
1282560739069370369
1282560748284043264
1282560747353112576
1282560750318280706
1282560755167047680
1282560757100539905
1282560756576391169
1282560760816836608
1282560765224980480
1282560787899248640
1282560790244065282
1282560791946747904
1282560797764472833
1282560798578049025
1282560798796025857
1282560805532102656
1282560808711528448
1282560823756378113
1282560823836258306
1282560829066371074
1282560850407161856
1282560862662754305
1282560869625483266
1282560873626771458
1282560874188689408
1282560883785371648
1282560897186246656
1282560924117680129
1282560925250117633
1282560932577779712
1282560939053559808
1282560942195318785
1282560946204901377
1282560967025594368
1282560966404833280
1282560983588716544
1282560988139581440
1282561005923348480
1282561007873712129
1282561018703384578
1282561025045340161
1282561043814912001
1282561055215034368
1282561055441510402
1282561063947571201
1282561084302323712
1282561102123896832
1282561109023744000
1282561130171441152
1282561135774969856
1282561137561788417
1282561142498430976
1282561144171843585
1282561147120410624
1282561147887972354
1282561158172381184
1282561195409436672
1282561196663599104
1282561197884280832
1282561205933158400
1282561216691318785
1282561217383370753
1282561226606669825
1282561228251041793
1282561239059533827
1282561254905667585
1282561259469246464
1282561261465735169
1282561267966701568
1282561277722673152
1282561284248973312
1282561286363111425
1282561288585965568
1282561295489937412
1282561298614501377
1282561315504918533
1282561323184906243
1282561327672594439
1282561372358709248
1282561378650214400
1282561382542725121
1282561393552535553
1282561387248652291
1282561395251392515
1282561406521323520
1282561411651182598
1282561428742864896
1282561456467111937
1282561505049718794
1282561511559438336
1282561514906570752
1282561520887574529
1282561524540813312
1282561537308266501
1282561538654498816
1282561552667815936
1282561555398365184
1282561557654904832
1282561573827952642
1282561580324974593
1282561582606815233
1282561586561941505
1282561588772429824
1282561595781120001
1282561604542849024
1282561604928798726
1282561605490954240
1282561611975270400
1282561620191834112
1282561625967357952
1282561654711103489
1282561667684016129
1282561672608010240
1282561675997184000
1282561683978772481
1282561696536592385
1282561697329352704
1282561713297076225
1282561713481506816
1282561718162305024
1282561725548527616
1282561727025078273
1282561745807044609
1282561762777153536
1282561775758532608
1282561785388838912
1282561785929756672
1282561800320376833
1282561802014830592
1282561811691249667
1282561814845247488
1282561831991681026
1282561832578940928
1282561835988729856
1282561843978878976
1282561859501977606
1282561872449826816
1282561900891435008
1282561907019350016
1282561914107645952
1282561926191448064
1282561932101332992
1282561935662174209
1282561948123619329
1282561953072852992
1282561960337440768
1282561964808560643
1282561975281737728
1282562003635240960
1282562006399123458
1282562022689783808
1282562026947174401
1282562028561891328
1282562029291630593
1282562031627849728
1282562069536165889
1282562078104932358
1282562087504482304
1282562087609237504
1282562091996442624
1282562102469812224
1282562113014095873
1282562115044139008
1282562121062998016
1282562146275139586
1282562147717836807
1282562172283875328
1282562174787948545
1282562188868296704
1282562227870904321
1282562234724556800
1282562234724433920
1282562235189981184
1282562253947011079
1282562258871222272
1282562259143852039
1282562263128449024
1282562296246439941
1282562297802760194
1282562317381558272
1282562338638434305
1282562347232645125
1282562351456288768
1282562362554408960
1282562364798144512
1282562418376245248
1282562418749702144
1282562427784065024
1282562430934147072
1282562431240204288
1282562431672352769
1282562433777713153
1282562448197857281
1282562468754137089
1282562478560419842
1282562488765120512
1282562489146802176
1282562496851775488
1282562507937320961
1282562518859124736
1282562519530340352
1282562522650783744
1282562526165774336
1282562540619173888
1282562544339611648
1282562546973597698
1282562546969522176
1282562557669257216
1282562560420720640
1282562565856362497
1282562570482679810
1282562581543165953
1282562586236588032
1282562597515079680
1282562614556418049
1282562615856824321
1282562623335051265
1282562631170236416
1282562639407640576
1282562648727384064
1282562658005159936
1282562656289857542
1282562664762183683
1282562681082466306
1282562689336631296
1282562697880453120
1282562698333413376
1282562704415379457
1282562713000935424
1282562724069666817
1282562727961980929
1282562764284674048
1282562767493509120
1282562779249913856
1282562783519936514
1282562793447870466
1282562803778367489
1282562804440903685
1282562804856221696
1282562821046206464
1282562822329827328
1282562823634264066
1282562829913067520
1282562844756566019
1282562866793545729
1282562868219531266
1282562872124604417
1282562878286049280
1282562890080251904
1282562895407022081
1282562898049429505
1282562903304843265
1282562908115865600
1282562912389943301
1282562916261101568
1282562916303151105
1282562917926227968
1282562932635840512
1282562934057492480
1282562940009279491
1282562943889166338
1282562954026725376
1282562956429914113
1282562967318532096
1282562967691649024
1282562974960381952
1282562979188350977
1282562984460668929
1282562986180214784
1282562987983659009
1282563001049112576
1282563001749364736
1282563003129323520
1282563004333199360
1282563005654413312
1282563017524367360
1282563020875395077
1282563023367032833
1282563048524451841
1282563101632724993
1282563102018383872
1282563112189562880
1282563117923201024
1282563123170275328
1282563125414420480
1282563125607231488
1282563127545077761
1282563131873660928
1282563134771757056
1282563135925366784
1282563140165734403
1282563145404489728
1282563156712144896
1282563160419872768
1282563184465870848
1282563195425533952
1282563203373977601
1282563205819101184
1282563214354649088
1282563226803339265
1282563228984389633
1282563231580651526
1282563233350422528
1282563235883806721
1282563257555877889
1282563259845861376
1282563274240712704
1282563304024502272
1282563306427826177
1282563310756536321
1282563331648184320
1282563335355953153
1282563335901216769
1282563338388504579
1282563348295413760
1282563356319080448
1282563368914575360
1282563370269339648
1282563383401709571
1282563384802717697
1282563388778790912
1282563405048451072
1282563406650736642
1282563423788728322
1282563425491546114
1282563440180109312
1282563449176895488
1282563458056126464
1282563458555420672
1282563464104259585
1282563471381598209
1282563472237060096
1282563477358415874
1282563483964452865
1282563487533658113
1282563488435625985
1282563489697951744
1282563495591018496
1282563497423966208
1282563510610911232
1282563527203590146
1282563534128218112
1282563538175721474
1282563550792359937
1282563560305037312
1282563567426981891
1282563568865607681
1282563579363778562
1282563579594502149
1282563604558999552
1282563606035533827
1282563614466084864
1282563616705662976
1282563630693666816
1282563631490752513
1282563634787385344
1282563637781991424
1282563657012883456
1282563666483843072
1282563668954083328
1282563669184962561
1282563679855112192
1282563726240088067
1282563730673475584
1282563731713490945
1282563748159528966
1282563756392767489
1282563768862507008
1282563772696219648
1282563793554419719
1282563811132620800
1282563815650004992
1282563835530899456
1282563855898472448
1282563882611961857
1282563913163341824
1282563915814178816
1282563928996773888
1282563932452945920
1282563958847664129
1282563973326360576
1282563990015500288
1282563997087170561
1282564003676540928
1282564006817918976
1282564011037425666
1282564016661880833
1282564020743045120
1282564032810176513
1282564042587099138
1282564049520205824
1282564053118980097
1282564059825659904
1282564066469437440
1282564078817308672
1282564083464601600
1282564096504856577
1282564100934062080
1282564100942372865
1282564107867164674
1282564109897101312
1282564111793033216
1282564116465385473
1282564121074909189
1282564128133922816
1282564129090412545
1282564142201626624
1282564151097749506
1282564174644744197
1282564175991013376
1282564176565735424
1282564176750182401
1282564157691183104
1282564166553755648
1282564195704283136
1282564200838070274
1282564202142416896
1282564207989460993
1282564234740510720
1282564285110063104
1282564296426192896
1282564297592201216
1282564298988900352
1282564300993789952
1282564314298060800
1282564340835467264
1282564343272402944
1282564363795214336
1282564378705956865
1282564381394579458
1282564392740098050
1282564399543148544
1282564404144480257
1282564426340732928
1282564435320528896
1282564437077983232
1282564438902534144
1282564443470266371
1282564447647657988
1282564458540232705
1282564470640803840
1282564476403806208
1282564489603420160
1282564501741731841
1282564503633301506
1282564508859293696
1282564509488406533
1282564524554416128
1282564527343783936
1282564533265952768
1282564545748312064
1282564548118171651
1282564558108766208
1282564570226147328
1282564593915531265
1282564610638221313
1282564625037500417
1282564638450712576
1282564642561236994
1282564662643564544
1282564666787377152
1282564674836328448
1282564677822603266
1282564703160418306
1282564703999451137
1282564704242548736
1282564712832487426
1282564727839784962
1282564763961176066
1282564776330055681
1282564796441751554
1282564800002904066
1282564839483695104
1282564839626256384
1282564839617949697
1282564850141388800
1282564857431293952
1282564865584795648
1282564869057699840
1282564871242960897
1282564879044341760
1282564882055847936
1282564902863831041
1282564911504125952
1282564913228128256
1282564925106331649
1282564941988409347
1282564960757977088
1282564964180529154
1282564975848902658
1282564979787530240
1282564989086203904
1282564997101629441
1282565000553365504
1282565006601535488
1282565010946797568
1282565011424985088
1282565020522631168
1282565022552473600
1282565034686713856
1282565045231038465
1282565047823327232
1282565047932162049
1282565056006246400
1282565062041964545
1282565065053544449
1282565070829092864
1282565081671360512
1282565094312800256
1282565095307071493
1282565099501346816
1282565119776448513
1282565130912440321
1282565134750068736
1282565136675463169
1282565148733878273
1282565156392677376
1282565158221385728
1282565179050528768
1282565188177158145
1282565204396642304
1282565211237478400
1282565212462145536
1282565220234407936
1282565227989495808
1282565228891443200
1282565229885321217
1282565232464932865
1282565233257652225
1282565236743122944
1282565248197832705
1282565257290891264
1282565261275652098
1282565265851584515
1282565281500422144
1282565288760709121
1282565300131692545
1282565308436406273
1282565324546564097
1282565332402462720
1282565337779757056
1282565338551537666
1282565342477205504
1282565345904144395
1282565347674075136
1282565351331565568
1282565354322038785
1282565366703484929
1282565367961923584
1282565369857814529
1282565369870159872
1282565380825927680
1282565384063901697
1282565395866673158
1282565405400334338
1282565412895498240
1282565413340164097
1282565424693907456
1282565429232152576
1282565429748260864
1282565414048854016
1282565436123385856
1282565445036511238
1282565450161967105
1282565461817925633
1282565463814270976
1282565467299872771
1282565470244286466
1282565479521873921
1282565484076953600
1282565492574613505
1282565517929152512
1282565521351700481
1282565522328961030
1282565530478575616
1282565530818412544
1282565533808963584
1282565538317848576
1282565566167998464
1282565572304211968
1282565580986281984
1282565582068514817
1282565600397713408
1282565605732708353
1282565608521920512
1282565613060120576
1282565619422867458
1282565638578491392
1282565642193797121
1282565645305958400
1282565646866214914
1282565669544800256
1282565677748903938
1282565681771413504
1282565684107460609
1282565688519847936
1282565722082701314
1282565723068538886
1282565728575553538
1282565731910066176
1282565737417109504
1282565748934803456
1282565751661002752
1282565752437055490
1282565754475343873
1282565760259432450
1282565773010108416
1282565775039987712
1282565779561549824
1282565781595848704
1282565783311183872
1282565793679646720
1282565801640263680
1282565812751138819
1282565817096273920
1282565826529374208
1282565837694566400
1282565882275758080
1282565899166203904
1282565901007683586
1282565911942176769
1282565929952411648
1282565939989446656
1282565942061539330
1282565954359029760
1282565966593814530
1282565966740639744
1282565970482077698
1282565973422161925
1282565982993747968
1282565990413250561
1282565993773117442
1282566008188760064
1282566022084481024
1282566022126419970
1282566024424878080
1282566042754129920
1282566051021160449
1282566059472695297
1282566064463806464
1282566075293425664
1282566077772439552
1282566082830598151
1282566083053072384
1282566098391629826
1282566105169399808
1282566112299884545
1282566121149788160
1282566130901544960
1282566150824615937
1282566152326017024
1282566154205028354
1282566155119603712
1282566162472144896
1282566168264364039
1282566172312035328
1282566179035455490
1282566191731671041
1282566192708886531
1282566198027264000
1282566204893409281
1282566223142633474
1282566227827634177
1282566229597667330
1282566231418195969
1282566231917121536
1282566239546511360
1282566242742595584
1282566259624734721
1282566259687608326
1282566267086438400
1282566267858231297
1282566276976705538
1282566289123401728
1282566289651675136
1282566296903626752
1282566300989104128
1282566301542748160
1282566319364206593
1282566328386293762
1282566347994562560
1282566349726912512
1282566357125668864
1282566365870612480
1282566369956048899
1282566385525075968
1282566393934700545
1282566403451686912
1282566406907756544
1282566423546560512
1282566440843804674
1282566452579467264
1282566478261374978
1282566503171330048
1282566512058884096
1282566532237799427
1282566532485324800
1282566537199509504
1282566542173982720
1282566550042664965
1282566553486188544
1282566563040604161
1282566564001112067
1282566578530250753
1282566587178815488
1282566587518554112
1282566599317364738
1282566600470798337
1282566601217204224
1282566603016507392
1282566612604915712
1282566617113796610
1282566621840564226
1282566634016657408
1282566651418783747
1282566670310084608
1282566671668924417
1282566676723175425
1282566688316313601
1282566692426711043
1282566695765385217
1282566697506013185
1282566705789562880
1282566707664437250
1282566709581242368
1282566717672230912
1282566720557850624
1282566729659555841
1282566740384206848
1282566751838973952
1282566752426029057
1282566762031206400
1282566762077343744
1282566762714656769
1282566762756575234
1282566764384129024
1282566767814950913
1282566772617383936
1282566775637512193
1282566780175687680
1282566788082020358
1282566805681139712
1282566817102417924
1282566818226470913
1282566830364733440
1282566851860541440
1282566860995608576
1282566864191791104
1282566868088258560
1282566868046278657
1282566870697009153
1282566873075392514
1282566874924900352
1282566886748815360
1282566900984102912
1282566901445492736
1282566902552854531
1282566911125884929
1282566934232363008
1282566934702092288
1282566957791756289
1282566964490141696
1282566972304166923
1282566984748670976
1282566987328245760
1282566989555175424
1282566993162276864
1282567013659885568
1282567019192176642
1282567021050253312
1282567032521715712
1282567053077958656
1282567065166127105
1282567075223924736
1282567076868091907
1282567106920435713
1282567133906579456
1282567145218617344
1282567165145542661
1282567165187629056
1282567166890409989
1282567170375987200
1282567179041308672
1282567195910799360
1282567203905208320
1282567210955931648
1282567215607361537
1282567224264359936
1282567224981516289
1282567225757413376
1282567233219121152
1282567242215854080
1282567259047686144
1282567271076904960
1282567283156688896
1282567298927284224
1282567318028070914
1282567320016060416
1282567327666434049
1282567339263827968
1282567364488249346
1282567366803693568
1282567377402699776
1282567388781740034
1282567400609722368
1282567408239079425
1282567409052741632
1282567412504616962
1282567426882887681
1282567428979822592
1282567436370247681
1282567442196131840
1282567450886905856
1282567472776908801
1282567499259809792
1282567504305565705
1282567521963347968
1282567527428546560
1282567543841071106
1282567546730721280
1282567548181950464
1282567549314494466
1282567559141892096
1282567577978286086
1282567580327178240
1282567580859981824
1282567585058263042
1282567586480365576
1282567594285793280
1282567595779072000
1282567596081057797
1282567603072847872
1282567618210086912
1282567623482281985
1282567631032258560
1282567640255348737
1282567644781006848
1282567651202482176
1282567662166515717
1282567681648898048
1282567700540096512
1282567702939201536
1282567709914329089
1282567715505475584
1282567716856041472
1282567739618603010
1282567750590689280
1282567762200662017
1282567773412089856
1282567777400893441
1282567781951700994
1282567795637534721
1282567811009638400
1282567810778935297
1282567817477402624
1282567817871519744
1282567821185052672
1282567832568504320
1282567859252547585
1282567865896296449
1282567870849810432
1282567875035713537
1282567884477169664
1282567894711144449
1282567901279432705
1282567901518499842
1282567911605800960
1282567912457306118
1282567914202136576
1282567924205727744
1282567929264046080
1282567934942957568
1282567974633832450
1282567975371804672
1282567992719466496
1282568000114167809
1282568025682571265
1282568026974552064
1282568033857425409
1282568039515295745
1282568040085884929
1282568041881051136
1282568042015100929
1282568042388393984
1282568051452530688
1282568056733159425
1282568085719912456
1282568108582961154
1282568123909115904
1282568131538350080
1282568146864476162
1282568151637594112
1282568153587908608
1282568156544983041
1282568167508803585
1282568168469336065
1282568170478297088
1282568173221564421
1282568175540940802
1282568190631874560
1282568207186817024
1282568215902646272
1282568202124513282
1282568243593596928
1282568244495126528
1282568255974993922
1282568269661118470
1282568274803384320
1282568282676113408
1282568284085219329
1282568297712545792
1282568311822118918
1282568315651719169
1282568318361182208
1282568322765250560
1282568322928660480
1282568323746500609
1282568325005025280
1282568345032830976
1282568345536081920
1282568361331822593
1282568365064835072
1282568394307325952
1282568406219329536
1282568408438116353
1282568411738894336
1282568444349689857
1282568456903286786
1282568459717500930
1282568502772211712
1282568524968402944
1282568528797802496
1282568532757225472
1282568533197586437
1282568534577405952
1282568537089945600
1282568540525142018
1282568541426855936
1282568549756620803
1282568553200340992
1282568568048148480
1282568576344432640
1282568578848325632
1282568589921452033
1282568601325756417
1282568606002434048
1282568616383135747
1282568617473617921
1282568620485140482
1282568630551666689
1282568634754187266
1282568637421740032
1282568639644930054
1282568642542964737
1282568657973870594
1282568658842120193
1282568659324604417
1282568664596787200
1282568687191384064
1282568698050629634
1282568699996786688
1282568702857056257
1282568706112053248
1282568717528903680
1282568718556381184
1282568720854863873
1282568730824847361
1282568733777702912
1282568744389287936
1282568751054032904
1282568767785107456
1282568767806099458
1282568776421199874
1282568777905758208
1282568779151613953
1282568784906260480
1282568792728457218
1282568797916930049
1282568802245500928
1282568814404734976
1282568818800222209
1282568822915043330
1282568830502354946
1282568836114341888
1282568837099995137
1282568860353409024
1282568860575694849
1282568860940599296
1282568865919242243
1282568867705786369
1282568888845131776
1282568901885333509
1282568907870490626
1282568910483738624
1282568914233225217
1282568922907185152
1282568924324868096
1282568929378856960
1282568931065171968
1282568931379572736
1282568939634122753
1282568949830488066
1282568949935349766
1282568961586892800
1282568973549219841
1282568978586652672
1282568986241245184
1282568990338908162
1282568999436341248
1282569025768370176
1282569026519130112
1282569031984091137
1282569037436903425
1282569040406417411
1282569045024227333
1282569050359398400
1282569052494282753
1282569060559974401
1282569086703206406
1282569117732687873
1282569125915766784
1282569128008548352
1282569130478931969
1282569133595426817
1282569147210059776
1282569150490202112
1282569162594738177
1282569166822809601
1282569189501239297
1282569199311781888
1282569203954978816
1282569207947964416
1282569209319391232
1282569210045112321
1282569210791682048
1282569217963950080
1282569224309870592
1282569225949913090
1282569228294520832
1282569228743131136
1282569229372276736
1282569234950656000
1282569239107338240
1282569243293351937
1282569248783532032
1282569251585318912
1282569266856779778
1282569277208485888
1282569299220000768
1282569300033908736
1282569300251836417
1282569305691959297
1282569323937247233
1282569331037966337
1282569343646064640
1282569359446212608
1282569368073904130
1282569372251443205
1282569380899860480
1282569382095462400
1282569384821698560
1282569389473062913
1282569390970613761
1282569405906313218
1282569413770829824
1282569422222196737
1282569427314249728
1282569427741859842
1282569432636821504
1282569435862061057
1282569442900299776
1282569452085579776
1282569439637114882
1282569459295821824
1282569481718390784
1282569482800488448
1282569498206171136
1282569501511495681
1282569503214383105
1282569507278479360
1282569518942949376
1282569520083644417
1282569526132051971
1282569530611396608
1282569536231796737
1282569541105577984
1282569548466655232
1282569556045606912
1282569558268805120
1282569565965152257
1282569578137088001
1282569581446541314
1282569584780865537
1282569592397795328
1282569601847627776
1282569626887565312
1282569641420828672
1282569646952968193
1282569651009069057
1282569656385994752
1282569656767832065
1282569667442286592
1282569672232062976
1282569677189926913
1282569691500892162
1282569693807747072
1282569707514716160
1282569717115428864
1282569703727132672
1282569730843463681
1282569731292053506
1282569749990240256
1282569751521308673
1282569759272448002
1282569763315568641
1282569774766096384
1282569779463598080
1282569780575252488
1282569784236769280
1282569788972314625
1282569835096887296
1282569840637534210
1282569849948958727
1282569867174895617
1282569870283087872
1282569874313826304
1282569876670832642
1282569879313428480
1282569879921418240
1282569883461414913
1282569898225328128
1282569913899638785
1282569918974578688
1282569923424776194
1282569928038653952
1282569939711217664
1282569940499943424
1282569946548121605
1282569958107615234
1282569963077865472
1282569963937558530
1282569976696770560
1282569977023860736
1282569979620024321
1282569985710161920
1282570000360849408
1282570008690712583
1282570013858304001
1282570018962669568
1282570023907790849
1282570026118115328
1282570028001312768
1282570048352083970
1282570053242613762
1282570056124137472
1282570056040247297
1282570073648123904
1282570088047153152
1282570089057751040
1282570090379010048
1282570093411663873
1282570093805948929
1282570097828098054
1282570099925438465
1282570100005056513
1282570104908115968
1282570109182070785
1282570110495072256
1282570121676914690
1282570162386767872
1282570170574286850
1282570192891961345
1282570193382674432
1282570194968367104
1282570203663130624
1282570222520512514
1282570230942724096
1282570241361326086
1282570244737740800
1282570253088718848
1282570260780990464
1282570275956154368
1282570290350788611
1282570307954454528
1282570317517529088
1282570318268203010
1282570320155746305
1282570320432336897
1282570320537284608
1282570335640903680
1282570343165521922
1282570343563980802
1282570343631052800
1282570345812197377
1282570349167566849
1282570352447586304
1282570361620451329
1282570373431726080
1282570374215954434
1282570386232795136
1282570395418112001
1282570398639562752
1282570404029177859
1282570411784523776
1282570413059371008
