1283914293260570625
1283914295907094529
1283914297123446784
1283914300617367553
1283914325896372224
1283914334549291011
1283914337808027651
1283914345328660481
1283914350869327874
1283914359111065600
1283914359132106754
1283914359681368064
1283914363548704771
1283914367436816384
1283914383857348608
1283914388550885376
1283914393026093057
1283914401838444546
1283914426404368384
1283914426869878786
1283914434059161600
1283914454976036864
1283914477675708417
1283914484457918464
1283914501256024064
1283914502304493568
1283914513780060160
1283914531035652096
1283914534932164610
1283914539478601729
1283914543052337152
1283914544713170946
1283914551776313344
1283914560496455681
1283914560089595904
1283914576463978496
1283914576619241473
1283914607485018114
1283914628100239363
1283914640850853888
1283914686895972354
1283914699441090562
1283914703769612296
1283914707590668288
1283914711264788481
1283914716453261313
1283914719095472130
1283914728310366209
1283914761592332291
1283914774405738496
1283914775186022401
1283914783616413697
1283914784358850560
1283914790428127232
1283914791338287106
1283914803275337730
1283914811579957253
1283914811965931524
1283914815971483650
1283914825068769280
1283914828390834177
1283914828579401728
1283914841049100288
1283914845851717632
1283914853585805312
1283914853875359750
1283914855183986694
1283914862092005376
1283914866147950594
1283914866366046211
1283914903837908992
1283914904488103943
1283914922246709250
1283914934351532034
1283914941737709568
1283914954886860806
1283914972511326208
1283914992031543298
1283915000944320512
1283915009316261888
1283915031277645824
1283915035408912386
1283915048042278913
1283915063083098119
1283915075619889153
1283915080866893824
1283915088877903875
1283915113922203650
1283915113997754372
1283915139184578562
1283915146948034560
1283915152803467264
1283915156666363905
1283915163716980737
1283915164774006790
1283915172608958469
1283915195518193667
1283915198496219137
1283915202002661376
1283915215613177856
1283915224555220992
1283915227529203712
1283915230641299457
1283915231765204993
1283915240414089217
1283915244260208641
1283915248798294017
1283915251960995841
1283915261519650816
1283915270155718656
1283915286773665792
1283915290477244418
1283915298341556232
1283915303097978882
1283915303580307472
1283915307745239042
1283915311528513536
1283915319631904768
1283915332445523969
1283915362380259328
1283915379224514562
1283915387080306688
1283915391434186759
1283915391656513538
1283915392008613891
1283915411134615553
1283915412879572998
1283915428427894791
1283915428729720832
1283915434073354240
1283915437105975299
1283915437831593984
1283915453153316865
1283915466470313984
1283915486971846656
1283915495800860672
1283915505770749952
1283915512938979329
1283915513140318208
1283915517854715905
1283915521122021376
1283915525119082498
1283915537987166209
1283915556010196992
1283915567779450881
1283915579175235586
1283915583130439681
1283915587484295179
1283915591422795776
1283915603946987526
1283915613551955972
1283915625585422337
1283915626621304837
1283915655901843456
1283915664147779584
1283915672481722371
1283915672532254720
1283915676755922944
1283915677313708033
1283915679918428160
1283915683735183360
1283915697316401152
1283915708905205760
1283915714995183616
1283915735413202946
1283915742900035586
1283915751729106946
1283915763812839425
1283915768678232064
1283915772641734656
1283915802228543489
1283915848671846401
1283915860998930432
1283915864849420288
1283915872843689986
1283915873997078530
1283915880909484032
1283915894532513797
1283915907018838016
1283915908050759680
1283915910571491328
1283915911855058945
1283915915885780998
1283915920751165440
1283915949582757888
1283915956335579138
1283915957661061123
1283915961267970049
1283915965575692291
1283915969094578176
1283915970017480705
1283915970747269120
1283915974052392960
1283915988119859202
1283916000082223107
1283916027781435395
1283916053043646464
1283916071573942272
1283916087411773447
1283916105426313219
1283916107489976323
1283916115786321927
1283916116486758400
1283916117065465856
1283916117589856257
1283916129744953345
1283916134228647941
1283916141547737093
1283916146077577218
1283916154201870336
1283916157934870531
1283916171578765312
1283916188066750466
1283916196652306432
1283916210132996096
1283916212804739074
1283916225307799553
1283916242504556544
1283916245943881729
1283916250456956928
1283916263278940160
1283916271671812099
1283916271889809408
1283916275752865794
1283916275752873984
1283916275895406593
1283916276583276544
1283916279276097536
1283916287719223296
1283916305486295055
1283916317381267456
1283916329909714944
1283916339804020736
1283916351233568769
1283916351753641990
1283916352298901504
1283916352252719109
1283916355788435456
1283916356455403520
1283916359357923328
1283916385916194819
1283916389892464640
1283916398633390080
1283916401242263553
1283916402555006983
1283916402731020288
1283916406002790400
1283916423207755776
1283916439431282688
1283916473870712839
1283916480703332352
1283916501976846337
1283916505839788037
1283916505713803266
1283916512483348480
1283916514366824453
1283916518510780418
1283916522851913729
1283916531165011970
1283916540069453825
1283916541080338433
1283916577096691712
1283916578782875649
1283916581630812160
1283916603290198017
1283916603604819970
1283916606943432704
1283916607664779265
1283916615533432835
1283916615793467393
1283916640535576576
1283916662002065410
1283916691588685825
1283916724501450752
1283916733787578369
1283916779585069056
1283916784274485248
1283916784500912129
1283916786677809154
1283916804381831168
1283916804931428353
1283916813525540874
1283916828016816130
1283916842726301702
1283916845645467654
1283916847331540992
1283916849814441985
1283916855070134272
1283916855233650688
1283916855443206144
1283916858291191809
1283916863001567232
1283916868210896896
1283916880340819968
1283916888645537792
1283916901782040576
1283916904764252161
1283916905758236678
1283916908501389313
1283916925375074304
1283916926633365504
1283916943288758272
1283916960414105600
1283916977325498368
1283916988063059968
1283916988364947458
1283916989493325825
1283917009806405632
1283917010347458564
1283917010993385473
1283917013996339200
1283917015065989120
1283917018786344968
1283917022565466112
1283917027590189058
1283917034380820484
1283917038776451072
1283917043692187651
1283917051732668417
1283917052143706119
1283917067931049984
1283917077359861767
1283917084712472576
1283917093088497666
1283917097366503425
1283917102844276736
1283917115930574851
1283917126957400064
1283917132003045376
1283917136818319360
1283917162122326016
1283917183047872514
1283917198420054016
1283917215905939456
1283917225238257664
1283917240790810625
1283917245480140800
1283917253281488903
1283917256691519488
1283917261724618754
1283917270545084416
1283917275012136961
1283917278820528128
1283917287511199745
1283917287544598528
1283917295622840321
1283918319150673921
1283918323961532424
1283918325832208386
1283918335902658566
1283918343414648832
1283918344681410569
1283918347961348096
1283918361122963457
1283918365262843904
1283918365296402432
1283918368731529218
1283918390927568896
1283918394690019328
1283918402235641856
1283918403061809159
1283918411702181889
1283918426919100416
1283918433130872839
1283918813830864896
1283918814095253504
1283918835268165632
1283918847494565888
1283918854968815618
1283918863772651525
1283918864275968000
1283918875940261893
1283918885604012034
1283918890125283329
1283918892964777985
1283918893803868160
1283918906189664257
1283918909477797891
1283918918248267776
1283918918575362048
1283918939823550467
1283918943359340544
1283918955053080578
1283918956756172803
1283918961353129984
1283918972090490882
1283918973852094469
1283918980642672640
1283918985881321472
1283918989765292033
1283918994597085185
1283918997428166656
1283918999387021314
1283919003035955201
1283919010124398592
1283919019259486209
1283919027245637638
1283919044769447936
1283919048238145536
1283919053514563584
1283919053594165252
1283919056102404098
1283919061307600896
1283919061173166080
1283919070103044101
1283919073080946691
1283919082027442178
1283919086435667969
1283919089732395008
1283919090529312768
1283919094014672896
1283919101824512001
1283919103346929664
1283919111735726080
1283919115850309639
1283919086918029313
1283919123844608001
1283919140730937345
1283919149996150784
1283919165691170822
1283919173467246592
1283919187048566791
1283919204161380352
1283919209009905666
1283919223396286465
1283919241721327617
1283919246263635968
1283919249396776961
1283919274940063744
1283919283936952321
1283919307664171009
1283919342631968770
1283919346893561857
1283919350920093702
1283919362026622976
1283919367147630593
1283919372466049025
1283919383748841472
1283919395799138305
1283919397686358017
1283919397862572032
1283919404674293761
1283919413541036032
1283919417538158592
1283919438085976065
1283919442569760770
1283919460806479872
1283919464640024577
1283919467882385410
1283919475889274886
1283919480746201088
1283919492553363456
1283919501818580992
1283919505492598784
1283919506440515585
1283919513914945537
1283919518834675713
1283919525491154945
1283919531262369793
1283919538413875201
1283919543375732737
1283919543547592704
1283919552003346432
1283919555975233538
1283919605623189504
1283919615530328065
1283919622220152833
1283919639031025664
1283919647503462401
1283919660245753857
1283919661181132800
1283919674204467203
1283919695247269888
1283919707440062465
1283919707771490305
1283919710984126464
1283919711949000704
1283919711978369030
1283919714297827328
1283919720249462784
1283919724032778243
1283919727581106182
1283919744551325696
1283919745260167170
1283919761450000384
1283919762809139200
1283919807021293571
1283919807025299456
1283919811295301633
1283919844652580867
1283919861031137280
1283919882912968704
1283919916077395974
1283919916748410880
1283919920988917765
1283919921483673600
1283919932883824641
1283919933471162370
1283919950105780226
1283919966576816128
1283919970380861441
1283919970427183105
1283919974529032192
1283919987258929153
1283920000416456704
1283920025766768640
1283920026911858688
1283920034721665024
1283920041713512453
1283920046151139328
1283920062995263495
1283920071103045638
1283920079806181376
1283920081391702016
1283920088236732418
1283920105131446275
1283920109283741697
1283920118628614144
1283920134156017667
1283920147602968576
1283920148269797382
1283920159137075200
1283920171552444420
1283920172978323457
1283920188602150912
1283920194814050311
1283920201239732224
1283920205777862658
1283920205836689408
1283920223695966209
1283920226812334081
1283920253064536064
1283920260190568448
1283920262086356993
1283920264615559174
1283920268436611072
1283920282999234560
1283920284555214848
1283920285100421120
1283920294302740480
1283920312896294917
1283920315618398208
1283920328457105408
1283920331191844864
1283920340909989889
1283920345171243009
1283920337240039426
1283920365853593602
1283920373822574593
1283920390813888515
1283920391346573312
1283920403971350528
1283920420601769985
1283920424238149632
1283920425014231040
1283920429380493316
1283920429590163456
1283920433025175552
1283920453187153921
1283920465518645248
1283920490587987974
1283920504643096578
1283920508258529280
1283920524008185863
1283920533093003264
1283920537484435456
1283920542463139840
1283920567339450368
1283920575644282885
1283920579612082176
1283920583667793920
1283920601787314178
1283920634100297729
1283920655176605697
1283920658246713344
1283920672566190081
1283920692778606595
1283920696314179584
1283920710394617856
1283920713834012675
1283920717667393541
1283920727067054080
1283920752249536512
1283920756095713287
1283920756548808704
1283920764505214978
1283920805299212289
1283920805273964544
1283920818435743750
1283920826342014976
1283920826828382208
1283920838979354625
1283920839973507072
1283920847460343808
1283920855999840261
1283920890070212618
1283920898878300161
1283920898987372545
1283920902145662976
1283920903299117058
1283920927776882688
1283920928469123072
1283920936064954368
1283920947775447040
1283920961369042944
1283920965731184640
1283920965966213121
1283920968889532424
1283920969120219136
1283920981355114497
1283921008416690176
1283921008462909440
1283921023126167552
1283921032244494336
1283921036228964352
1283921037873250311
1283921041732128775
1283921048283430913
1283921061302677504
1283921065928876033
1283921078197219329
1283921086237880321
1283921087500361739
1283921095574335488
1283921103195430918
1283921112435499008
1283921121746788358
1283921125508968448
1283921128751235073
1283921137429184512
1283921169960144896
1283921170232946695
1283921174150471680
1283921174515388416
1283921191699279873
1283921191938531328
1283921195914661888
1283921205507100674
1283921212540891136
1283921220816252930
1283921224788140032
1283921225115471872
1283921228630122496
1283921235215151105
1283921238830641152
1283921250453159948
1283921250683949057
1283921250826489856
1283921251476451329
1283921255763070976
1283921330073743361
1283921342048468992
1283921354329333765
1283921356476817414
1283921359819681799
1283921363963707393
1283921367822368769
1283921367922929664
1283921371223867393
1283921371655860224
1283921379604279299
1283921379717341184
1283921380988289028
1283921388731092993
1283921401204932616
1283921405713809408
1283921410319101957
1283921413766885376
1283921413858967552
1283921452413091846
1283921456288735237
1283921465457250310
1283921477864091648
1283921481370685440
1283921489671131136
1283921522588033024
1283921523489865728
1283921541105942528
1283921548844298241
1283921560424919047
1283921561125359618
1283921568545026048
1283921573578145792
1283921578384916482
1283921618973138948
1283921623985397761
1283921631480631301
1283921632294326273
1283921640385064960
1283921648199106560
1283921653647515655
1283921657078390784
1283921661352275968
1283921665974403072
1283921670835769346
1283921687839477760
1283921711302418434
1283921719871377408
1283921720597000192
1283921744542281729
1283921778272804866
1283921792222953473
1283921803857952770
1283921809386151936
1283921830479183873
1283921845218140161
1283921847524958208
1283921871008931841
1283921879216996357
1283921880324464641
1283921883365281792
1283921892253073409
1283921892454346753
1283921901371428864
1283921903866966017
1283921904198393856
1283921914239447040
1283921920967286784
1283921922108141570
1283921922439487489
1283921926012973057
1283921926050779136
1283921938390429699
1283921951531175938
1283921958510440448
1283921964101283841
1283922014022053890
1283922027343118340
1283922031273283588
1283922036117536768
1283922036071555072
1283922043138793472
1283922054727835648
1283922068288004096
1283922081336430593
1283922105596338176
1283922134733975552
1283922135342358528
1283922140060950529
1283922140937494529
1283922144196464641
1283922151771377664
1283922177260167168
1283922181739642880
1283922186353311744
1283922190124163073
1283922190560370688
1283922198629978113
1283922199666208775
1283922223150096384
1283922232906047488
1283922248525651970
1283922278825091073
1283922290992836609
1283922302967656448
1283922307300438018
1283922314879533057
1283922324157333506
1283922325306396673
1283922349687861248
1283922361801232389
1283922382869213184
1283922386727796736
1283922387466059777
1283922395431153665
1283922395930275847
1283922400523038722
1283922416088027136
1283922433125363713
1283922446349828097
1283922450481393664
1283922450728620032
1283922459205554181
1283922462724546560
1283922470110662657
1283922470664376322
1283922496941588480
1283922500926267395
1283922512284393472
1283922513345613825
1283922513832148992
1283922521428033538
1283922526356164609
1283922526314299397
1283922534925139968
1283922546270908417
1283922554525061121
1283922555129040896
1283922566806147072
1283922581087612929
1283922588180328450
1283922600285044737
1283922605980954626
1283922616844201985
1283922630114971649
1283922630756704256
1283922638990180353
1283922642819518464
1283922642961985537
1283922642895081475
1283922651677892609
1283922656149024771
1283922672590696449
1283922681436475398
1283922685446090752
1283922685676920832
1283922694271045632
1283922700973617154
1283922701686644738
1283922706338119681
1283922718006620163
1283922719160111116
1283922722167222272
1283922727288676356
1283922734712532993
1283922736230825990
1283922736411181059
1283922739649220609
1283922739724791808
1283922748105011207
1283922760658558979
1283922765318324224
1283922774017355777
1283922795198582784
1283922805831208960
1283922823065608194
1283922828388114432
1283922831206756352
1283922831424839688
1283922848411779072
1283922851872022544
1283922852723515392
1283922861045035014
1283922864551325697
1283922869601345536
1283922887187914752
1283922898361683968
1283922953810436099
1283922966049361926
1283922970365157376
1283922970558201860
1283922995531087878
1283923004368605184
1283923012652335104
1283923036522020864
1283923041358172161
1283923041811148808
1283923050186981376
1283923066980974593
1283923086690013185
1283923092213911553
1283923100585910275
1283923108383141890
1283923112195584000
1283923112174784518
1283923138267381760
1283923154558214146
1283923157955555330
1283923158995804163
1283923162900520961
1283923167162114049
1283923167371616256
1283923179585642497
1283923184262148096
1283923185075916800
1283923187722592258
1283923205384810497
1283923205657374722
1283923210048864257
1283923213228093441
1283923213525946368
1283923225181855751
1283923231179776010
1283923238381252610
1283923242059628545
1283923247667523584
1283923258597728257
1283923259252146178
1283923264188882945
1283923272795660288
1283923285999325185
1283923288700473349
1283923290076131329
1283923293301436416
1283923301635624960
1283923301731983360
1283923314377994245
1283923335102058496
1283923343104593922
1283923343805218821
1283923356086145025
1283923356148957188
1283923365472821249
1283923369939918848
1283923372628414466
1283923373194653703
1283923380241141762
1283923384867401734
1283923385173458944
1283923385802797056
1283923389560705024
1283923393201545221
1283923393885229057
1283923401569005569
1283923402500321280
1283923403209089024
1283923411266412546
1283923436377710592
1283923439531720705
1283923444191703040
1283923444434735104
1283923447941300224
1283923448868339712
1283923456569085954
1283923481093181440
1283923486881320968
1283923494103683072
1283923498986020864
1283923504098709506
1283923511732580352
1283923540132139008
1283923569127444481
1283923579231367168
1283923594406498304
1283923595287240705
1283923603566796802
1283923612429246464
1283923615264632832
1283923615440941057
1283923632742252544
1283923641793753088
1283923658138882049
1283923658252054528
1283923658600144897
1283923666896670720
1283923678422601728
1283923679316004866
1283923679311585280
1283923687767449600
1283923695346618368
1283923696399327234
1283923715823071232
1283923720025694208
1283923732688510979
1283923745833234432
1283923749704617984
1283923763541803010
1283923767664668673
1283923771737419778
1283923776724512768
1283923783867195392
1283923788422356997
1283923797435994113
1283923800783032326
1283923800984354816
1283923829518000129
1283923829866168320
1283923834068844545
1283923834501042176
1283923851651547136
1283923855782719488
1283923860325310475
1283923867648569344
1283923871729692673
1283923872191045633
1283923876829896705
1283923885113704453
1283923888439787520
1283923893556785153
1283923897453350913
1283923897876770816
1283923904906571779
1283923905653219329
1283923918412226560
1283923918508756994
1283923930227539968
1283923952113455106
1283923977132367873
1283923980546535426
1283923993234485248
1283924011441885185
1283924014533140481
1283924017817235458
1283924018706317312
1283924022145814532
1283924030462947329
1283924030911844360
1283924031608168449
1283924035282391040
1283924040147767297
1283924044157509635
1283924048183869441
1283924073031127041
1283924098544959489
1283924102579998722
1283924106799386638
1283924110276534273
1283924111094415361
1283924112486752262
1283924123132076033
1283924127263252480
1283924157172822016
1283924160708612096
1283924174893981698
1283924186210029572
1283924191746691079
1283924198184763392
1283924206577745923
1283924250018099200
1283924254329909248
1283924258616422401
1283924267055407106
1283924267256762369
1283924288295383040
1283924315763769345
1283924329512595457
1283924337993687045
1283924349704007680
1283924362425401346
1283924371237552128
1283924376241360896
1283924388136591368
1283924391093514241
1283924396168495104
1283924400161435648
1283924425612627968
1283924425948135425
1283924430310309889
1283924434143850497
1283924471934529536
1283924475923365890
1283924483384975366
1283924500439011328
1283924512946499584
1283924513990643712
1283924526338727936
1283924529996279808
1283924543057219584
1283924543174840320
1283924543518781443
1283924554730082310
1283924577240805376
1283924577496768512
1283924581502324736
1283924584203317248
1283924589328789505
1283924590251479040
1283924596924841985
1283924601374945280
1283924610388570118
1283924610619252736
1283924614981263361
1283924619217580032
1283924619364151296
1283924622031781888
1283924630647050240
1283924651727392769
1283924652268507136
1283924656894943232
1283924669154897920
1283924674070540290
1283924680844419073
1283924685001043968
1283924685646893057
1283924689744789504
1283924698506633216
1283924707708932096
1283924735236157440
1283924743406616582
1283924743738056710
1283924747915493381
1283924760620150784
1283924765351149569
1283924781532762113
1283924781633437698
1283924786364715012
1283924790877622272
1283924799534903297
1283924808250597376
1283924811165716480
1283924815829704705
1283924824927109121
1283924841247145985
1283924844879519744
1283924845177253888
1283924845621739520
1283924856925495297
1283924861312733185
1283924864118579200
1283924866316619776
1283924871659962369
1283924877620260865
1283924880090693634
1283924886201733121
1283924891012608002
1283924899778760704
1283924902945402880
1283924904132386816
1283924916929208320
1283924919726731265
1283924929361129472
1283924948915019777
1283924949082632192
1283924949711773698
1283924954669621250
1283924958490632193
1283924962160660480
1283924983685808131
1283924988492255232
1283924992564969472
1283924999401885696
1283925016682401792
1283925020251586561
1283925020352425991
1283925021161738240
1283925024475357184
1283925025490436096
1283925037184159749
1283925038064861190
1283925042775183360
1283925046222782469
1283925046545833984
1283925050505060352
1283925068326809600
1283925071174742017
1283925088367083520
1283925091907239939
1283925093303775232
1283925096596271105
1283925101998534656
1283925104771182592
1283925105018408960
1283925106448912384
1283925110093688837
1283925126270971906
1283925126472445953
1283925126602469376
1283925130943631360
1283925147649441792
1283925171284238336
1283925177613668353
1283925188959260674
1283925190158639105
1283925197414903808
1283925201542172680
1283925204779929601
1283925205828751361
1283925206332039171
1283925226972155911
1283925227739774976
1283925229874540545
1283925234593214464
1283925234567966722
1283925248124084231
1283925267950350336
1283925273184923649
1283925284975149057
1283925289249071106
1283925314595323905
1283925314851074048
1283925315228700673
1283925318353522689
1283925319607558145
1283925332555378691
1283925339123544064
1283925340730077185
1283925343187787776
1283925362167209986
1283925368618004480
1283925369112850432
1283925373693165568
1283925390331961344
1283925397915213824
1283925401941745664
1283925402252173312
1283925403086860291
1283925406953943050
1283925420732080129
1283925445554180097
1283925458782949376
1283925461970628618
1283925462553690112
1283925462595641344
1283925465565102081
1283925469000237056
1283925473639055360
1283925478701703169
1283925488050810888
1283925498775691265
1283925499786469376
1283925507935961089
1283925519470395396
1283925528525910020
1283925533202558976
1283925553125490688
1283925553393709057
1283925573551689730
1283925574797451266
1283925592619061248
1283925613187944448
1283925620569841664
1283925645806845952
1283925652740075520
1283925662995107840
1283925717596528641
1283925729747464193
1283925737758765057
1283925742334685185
1283925746864607232
1283925750551281666
1283925751927054338
1283925756050120710
1283925759942246400
1283925763604000768
1283925770927312897
1283925772550447105
1283925781240926210
1283925787893051393
1283925793081630730
1283925800979517443
1283925817475637254
1283925834550697986
1283925846781071360
1283925856620929025
1283925864158244864
1283925880293724167
1283925919120232449
1283925940645457920
1283925956890112000
1283925977190420481
1283925994655498240
1283925998938075136
1283926003627294720
1283926006374576130
1283926005661474816
1283926023751507973
1283926036598710278
1283926061042946048
1283926077430206464
1283926090495516672
1283926090818433025
1283926115887788032
1283926133923340288
1283926136502849536
1283926136657854464
1283926140655149056
1283926141582155777
1283926149194711042
1283926165598633987
1283926174566100994
1283926187165626371
1283926213317165057
1283926217507442689
1283926221986729984
1283926226088804352
1283926253758799874
1283926271295094784
1283926275506057222
1283926276592500737
1283926280195325952
1283926283278262283
1283926287187419136
1283926288340852737
1283926292442877953
1283926308255338497
1283926310209769473
1283926313917702145
1283926321823748096
1283926326651400192
1283926338303385600
1283926367822848000
1283926373036253185
1283926375955525634
1283926379550191622
1283926384327491585
1283926392946733057
1283926400873963520
1283926401842724864
1283926414086025216
1283926418137796609
1283926418229989378
1283926418586468352
1283926425670746114
1283926430292807680
1283926442787700741
1283926442951221255
1283926446910521345
1283926447137206273
1283926455890726912
1283926480045649926
1283926480368529409
1283926484479094784
1283926489122189312
1283926493903695877
1283926493924429824
1283926506452987904
1283926506989916167
1283926510408269826
1283926514447392770
1283926518712999942
1283926547397779456
1283926551202009089
1283926556834959363
1283926560605708289
1283926564590116865
1283926572400021505
1283926576963497987
1283926577710080000
1283926577865060352
1283926593845497858
1283926593874857987
1283926598484324353
1283926598471700480
1283926606541656064
1283926607548133376
1283926611876876288
1283926640834351104
1283926640784019457
1283926660509827072
1283926672979394560
1283926674686410752
1283926685625323521
1283926699076247553
1283926723961270272
1283926724170756096
1283926728134533121
1283926748875255808
1283926749886046208
1283926754088951810
1283926761718329346
1283926774758494208
1283926784015310848
1283926790684184576
1283926798636584960
1283926807633428480
1283926811580215302
1283926813916434439
1283926815569063936
1283926816479117312
1283926820358848515
1283926820484718595
1283926824939028480
1283926828055502848
1283926829623947264
1283926832329498627
1283926834422349824
1283926866064224256
1283926867574231041
1283926874482020353
1283926909210984451
1283926923312353280
1283926929272451072
1283926937577181184
1283926939598716928
1283926962168229888
1283926970867351552
1283926979037847553
1283926996104478721
1283927018535436289
1283927026064412673
1283927028115427329
1283927035451146240
1283927064115130369
1283927068745572358
1283927075334881280
1283927084189003776
1283927088290869249
1283927090174124032
1283927096385921024
1283927104816656384
1283927114887069696
1283927127167918086
1283927144171798530
1283927148345131009
1283927156255596544
1283927184999153664
1283927186077028356
1283927193207353346
1283927193475846144
1283927197527441411
1283927209682632705
1283927210722619392
1283927211662118914
1283927215185391616
1283927223821570049
1283927230863699968
1283927239784976384
1283927269266735106
1283927281459765249
1283927281992298497
1283927294675951621
1283927295414198276
1283927302770814976
1283927311071551491
1283927336442908673
1283927341643833344
1283927353324904448
1283927362598559744
1283927390968639488
1283927392403230722
1283927407397871616
1283927429212504065
1283927432467148801
1283927441736634368
1283927442017722376
1283927449609351171
1283927453157797890
1283927466118193152
1283927470903832580
1283927474951225344
1283927491086815233
1283927495494909952
1283927520308424704
1283927524561620997
1283927534019674116
1283927537245204480
1283927538310377473
1283927541452091395
1283927545482747904
1283927546501963788
1283927550331441152
1283927558304813056
1283927562905882624
1283927563228917761
1283927571915091968
1283927571999133696
1283927575882940416
1283927578995240963
1283927605029347329
1283927629406642176
1283927668652748801
1283927677125238784
1283927685509591041
1283927694158127104
1283927704941719552
1283927717398884353
1283927722314653701
1283927725670006786
1283927729986056198
1283927746855555072
1283927751896911872
1283927755055411200
1283927756913467392
1283927759358550017
1283927760986091522
1283927768858800135
1283927778279272448
1283927789930938375
1283927790316695552
