1288368642908983296
1288368645228253184
1288368646604173312
1288368651695882240
1288368681337196544
1288368684658905088
1288368688094228480
1288368690073935872
1288368690505818113
1288368702862372864
1288368706993750016
1288368710420295681
1288368715227181057
1288368717672386560
1288368739692556288
1288368740556398592
1288368749020471296
1288368755513360384
1288368762744385537
1288368761909600257
1288368773486059521
1288368786022768640
1288368786467323904
1288368796923650048
1288368807346688000
1288368810613825537
1288368810844594181
1288368812312715264
1288368818163609600
1288368830838792194
1288368836824010752
1288368857640566785
1288368860392034304
1288368864905109504
1288368871049658368
1288368874950283266
1288368877009866753
1288368883129364481
1288368884681236485
1288368885239078912
1288368885289213952
1288368888330166277
1288368890964316160
1288368896685363201
1288368902003503104
1288368907938496513
1288368919246331904
1288368916557787137
1288368925558833152
1288368932349452288
1288368937571438592
1288368941648273409
1288368943141462016
1288368957435518977
1288368964184059905
1288368967472447489
1288368969389408257
1288368972455280640
1288368980223299584
1288368990834827265
1288368992470667269
1288368996430077953
1288369008333467649
1288369011965587457
1288369012418592775
1288369038276648960
1288369038742237185
1288369046367268864
1288369047214555137
1288369072015585280
1288369089229053953
1288369092072747008
1288369100075360257
1288369104793907204
1288369114617012224
1288369121609027584
1288369125899874304
1288369127426490368
1288369131067072512
1288369134221307904
1288369134955184128
1288369145898131456
1288369148771409920
1288369163078164480
1288369166810931201
1288369180421443584
1288369180886982657
1288369189951025158
1288369191595188224
1288369198872383488
1288369200894029824
1288369206359142400
1288369224600223745
1288369231499796487
1288369232355393538
1288369246930636800
1288369277192400897
1288369313779523585
1288369322595889153
1288369352304218112
1288369353088434176
1288369360659152897
1288369374412374017
1288369382553538562
1288369403168468992
1288369416338644994
1288369401935216640
1288369422185508864
1288369423389270016
1288369416728645633
1288369424303624192
1288369426631360512
1288369411833946112
1288369437343703043
1288369440069804033
1288369444662566912
1288369449775460352
1288369527164678144
1288369527319924736
1288369548911996929
1288369550912888834
1288369551114211328
1288369554004029440
1288369570734989317
1288369571829821441
1288369591945756672
1288369596991406080
1288369618105413633
1288369645745995777
1288369654855999488
1288369680483266560
1288369688293117953
1288369700288761856
1288369702272561154
1288369717900644353
1288369721587437573
1288369724066234368
1288369728566829058
1288369744610033664
1288369746350505984
1288369762880425984
1288369767301226496
1288369768597057536
1288369781054361600
1288369792789831680
1288369797583892481
1288369800029315072
1288369831885012994
1288369846426783745
1288369856153296896
1288369872905236480
1288369874310443009
1288369882082316288
1288369884070440960
1288369884695425024
1288369923266412544
1288369939775197184
1288369942815895552
1288369943390466050
1288369956099325952
1288369959391854593
1288369969915404288
1288369975103762437
1288369982598975488
1288369983572123648
1288370001607626754
1288370003910287362
1288370015096340480
1288370024370130945
1288370045207359488
1288370048122228736
1288370048827097088
1288370054426394625
1288370062554886146
1288370071383859201
1288370089704730626
1288370093882257408
1288370107324997632
1288370121015140352
1288370130058121216
1288370138459156480
1288370153672114176
1288370164241661955
1288370171099242496
1288370175540998144
1288370178338611200
1288370186123268096
1288370190615552000
1288370203529629696
1288370205014609921
1288370207136911360
1288370211213594624
1288370211830345728
1288370215504367618
1288370215433142273
1288370217127686144
1288370223633051648
1288370224358731776
1288370236673204226
1288370240775225344
1288370249650249730
1288370252229808129
1288370255333482496
1288370263302656003
1288370277017980928
1288370303828201472
1288370309989507072
1288370311663149058
1288370314104250368
1288370328197095424
1288370332043280386
1288370334937186305
1288370358316195840
1288370364360216578
1288370372279140352
1288370378264449024
1288370383100547073
1288370387454173190
1288370413601521669
1288370418043297792
1288370422698909699
1288370423290191874
1288370428981809153
1288370429153878016
1288370437982953473
1288370467439390720
1288370473223557122
1288370478487351296
1288370486615842818
1288370490885771266
1288370492559233024
1288370512494723074
1288370525438345216
1288370526751137795
1288370530337390592
1288370550763597824
1288370551870947331
1288370565070426112
1288370571999404032
1288370573769428992
1288370586067050498
1288370591620378624
1288370605599920130
1288370612721930243
1288370623165628417
1288370627594858496
1288370632246296577
1288370635136282624
1288370637308866560
1288370641176088576
1288370651644846080
1288370651829436416
1288370654719258624
1288370667365240832
1288370682787762177
1288370689146150912
1288370699619282945
1288370703213965312
1288370719349305346
1288370723950559234
1288370731974197248
1288370745643544576
1288370748453720064
1288370751779741697
1288370755336654848
1288370777948127232
1288370803936047104
1288370805760376832
1288370833618898944
1288370852606681090
1288370871762116608
1288370873196519425
1288370878376550400
1288370878665887745
1288370882155552768
1288370885490028546
1288370887213723648
1288370896269434880
1288370923091816451
1288370928016150529
1288370967199141890
1288370970592346112
1288370971129401344
1288370978985332736
1288370986736168960
1288370992373477376
1288370993916870657
1288370994470514688
1288370995972247555
1288370997318434816
1288371005598175232
1288371006273445888
1288371008563445760
1288371008777461760
1288371014494302208
1288371029618888704
1288371042688405506
1288371044902813697
1288371051571884032
1288371063190036480
1288371064591065088
1288371088620232704
1288371097646243841
1288371114415206400
1288371139857666048
1288371162695831552
1288371162943127552
1288371171486990342
1288371184841756672
1288371190315118593
1288371213115392000
1288371221751504901
1288371222963720192
1288371231222198272
1288371231822172162
1288371238382043137
1288371238348283904
1288371244702658560
1288371250721689600
1288371253628239873
1288371264457969665
1288371266416570369
1288371298243153920
1288371299539066880
1288371304375050240
1288371314835824647
1288371316618178563
1288371333500407809
1288371334221766656
1288371339707871232
1288371341658185728
1288371343247933440
1288371343977848833
1288371354043965440
1288371360239095809
1288371368074121216
1288371370213224448
1288371380988207105
1288371394175217669
1288371395408404483
1288371400936497159
1288371410562355202
1288371410835058691
1288371434285420550
1288371441579094016
1288371444632748034
1288371458901565441
1288371467177140225
1288371477201420289
1288371507056476160
1288371533388435457
1288371542393487360
1288371547736924160
1288371558646534144
1288371562370957312
1288371579760467968
1288371585129287680
1288371586983243776
1288371594918801409
1288371596269363200
1288371612555923456
1288371617773608960
1288371622894645250
1288371626564820993
1288371630067023874
1288371632763961344
1288371651646820353
1288371656990158848
1288371662296162304
1288371667123572738
1288371671196266496
1288371672677003265
1288371674270904320
1288371676569313281
1288371677668073472
1288371685322829824
1288371677978664960
1288371691400204294
1288371696768913408
1288371697473789952
1288371712195788806
1288371712669577216
1288371713583923200
1288371722278694913
1288371731275685888
1288371735423668224
1288371736501612544
1288371739567616002
1288371753648115712
1288371769120894976
1288371770165211137
1288371774078373889
1288371781514952711
1288371784467849216
1288371786720018433
1288371786913140736
1288371788846698496
1288371788947177472
1288371819351666688
1288371819708321793
1288371822581317633
1288371831401926656
1288371832693747712
1288371839467692033
1288371846547746816
1288371856064512000
1288371873382883328
1288371881217871873
1288371888884940800
1288371896963272704
1288371912394059776
1288371930890985472
1288371922976362496
1288371947965906944
1288371957981904896
1288371962297765888
1288371965380747265
1288371968245403649
1288371970338430978
1288371969805737984
1288371991712542720
1288372013610995712
1288372016152809472
1288372017352171522
1288372018509996032
1288372020162568194
1288372023601881093
1288372024847605760
1288372029243056131
1288372031923290112
1288372034171543555
1288372043650674689
1288372053876322304
1288372056313204736
1288372060947791873
1288372063938457601
1288372082326216705
1288372089465053189
1288372096234446848
1288372099216740353
1288372117629743105
1288372120372871169
1288372147015098374
1288372178535292928
1288372192632352768
1288372198118481920
1288372199280132097
1288372206804914177
1288372218645209088
1288372229156331521
1288372235124736000
1288372248290693121
1288372259976032258
1288372275624833025
1288372283749277696
1288372284781191168
1288372294176452608
1288372298055995392
1288372302070128640
1288372331388252160
1288372344080064513
1288372355450802176
1288372368692277248
1288372379375341569
1288372387910737920
1288372392973053953
1288372403488186368
1288372407405699072
1288372414519353346
1288372418445271040
1288372431640436736
1288372476163108864
1288372489547112449
1288372491207847937
1288372491291779074
1288372493309353984
1288372493552619520
1288372494508756992
1288372496538963970
1288372499172843520
1288372507196698626
1288372533494984705
1288372539350163456
1288372543662022658
1288372550028767232
1288372552998375424
1288372554365669376
1288372558912356353
1288372583419846656
1288372603137044480
1288372606782119936
1288372608803565568
1288372612637302789
1288372614679818240
1288372617175543808
1288372625140588544
1288372631985627136
1288372636766990336
1288372637459075072
1288372649719205888
1288372663669477378
1288372665485537280
1288372666177654786
1288372668891369472
1288372669214347265
1288372672796164098
1288372674935300101
1288372680790380545
1288372681738465280
1288372687308374016
1288372691771170816
1288372712964907009
1288372727510962176
1288372731801722880
1288372763112157187
1288372767109320704
1288372777292980224
1288372784356360192
1288372790253551616
1288372801217474562
1288372808809172992
1288372821312274433
1288372826299301888
1288372827998101504
1288372836743012353
1288372848738934785
1288372853788860416
1288372863045521409
1288372863846645760
1288372871849488384
1288372877058887680
1288372892162330626
1288372896880930816
1288372922633957377
1288372923074588672
1288372923946938368
1288372933446864897
1288372939709190145
1288372947963580418
1288372947858665473
1288372972747722757
1288372981257900032
1288372983036354560
1288372983699050496
1288372983740813314
1288372985787752450
1288373011024941056
1288373017505140737
1288373027978260480
1288373030503284736
1288373030981447680
1288373035632746496
1288373039474683906
1288373043379625984
1288373065366114304
1288373068050477061
1288373074027413504
1288373081354846210
1288373095439319041
1288373097431740416
1288373099835076615
1288373106868920325
1288373122530336769
1288373136510136321
1288373138997129216
1288373141526331395
1288373144445747201
1288373151261290498
1288373157343232000
1288373161872957441
1288373166214205441
1288373172522237954
1288373172610441217
1288373187353468928
1288373224577720320
1288373229787078656
1288373231838208007
1288373263006146562
1288373272128757761
1288373281616207873
1288373284556349441
1288373291099406337
1288373291531423747
1288373303581839360
1288373325832609794
1288373329561292801
1288373341867384833
1288373342127271937
1288373371386892288
1288373385702125568
1288373400231018496
1288373400541564928
1288373412050735104
1288373428618252289
1288373437568880640
1288373437795381253
1288373451095453700
1288373459567800321
1288373467138740224
1288373470271803392
1288373471777624065
1288373475443449856
1288373478584983554
1288373491159293952
1288373496188411905
1288373497815760898
1288373505315221504
1288373516430127104
1288373518825066497
1288373535350480897
1288373535476453381
1288373537879678978
1288373538899009542
1288373539813429250
1288373542568882177
1288373546993901569
1288373550194335744
1288373559857881088
1288373563712577536
1288373571258068993
1288373595769638913
1288373604560695297
1288373615449247745
1288373624399749120
1288373635942580225
1288373642078937089
1288373666263310337
1288373671115935744
1288373681299894272
1288373684361523201
1288373686685270016
1288373686844694528
1288373692926320640
1288373714115948544
1288373715605086208
1288373739076440064
1288373739625656320
1288373757296377856
1288373765651349504
1288373765726846977
1288373767077494784
1288373782676086784
1288373788736802816
1288373794986369026
1288373822618390529
1288373831309185024
1288373848304361474
1288373848925261825
1288373852238745600
1288373853052379138
1288373882546601984
1288373900129308672
1288373915568361472
1288373923286003714
1288373932907589632
1288373938892886016
1288373946124062720
1288373951165607939
1288373941472382976
1288373965732360194
1288373967586304005
1288373969209290752
1288373970350141440
1288373978281648130
1288373981628846085
1288373981867847682
1288373983474262016
1288374003908980737
1288374013496946688
1288374024976961536
1288374030697988096
1288374042001637376
1288374059852378114
1288374059936485377
1288374069616873472
1288374071995105281
1288374076042485760
1288374080148840448
1288374081298010112
1288374101644460032
1288374113807941633
1288374118002446336
1288374143549931521
1288374146863370240
1288374150944366592
1288374168468193280
1288374171945168897
1288374172238983169
1288374180308688898
1288374187988418560
1288374197110988800
1288374198855901184
1288374210507632640
1288374217797521411
1288374226198700032
1288374247312838656
1288374255743205378
1288374272570916867
1288374280456110085
1288374281647210496
1288374300421042178
1288374309702918145
1288374319995904000
1288374345681625088
1288374349297319937
1288374351440404480
1288374364392640512
1288374389197676544
1288374390112104448
1288374398278410240
1288374400949972993
1288374407317004289
1288374408130768897
1288374423813152769
1288374428703821825
1288374436500996097
1288374436631121921
1288374440078610433
1288374443094372352
1288374449302011906
1288374452187693057
1288374456944152577
1288374459578167296
1288374466678943744
1288374470315409408
1288374474165882880
1288374489223372801
1288374495372283904
1288374498367078400
1288374511398563841
1288374512015245317
1288374515223818240
1288374522656313344
1288374528637165569
1288374537508143104
1288374543594250240
1288374549709381637
1288374564871737345
1288374570882342914
1288374576368386049
1288374582932434945
1288374590213722113
1288374593229656064
1288374595045728256
1288374603262201856
1288374618055729152
1288374623982088192
1288374632681222145
1288374649492037635
1288374657347796992
1288374670480351232
1288374691141308416
1288374734627930112
1288374756379471872
1288374757528870915
1288374759059787776
1288374773295091712
1288374778068455424
1288374790105862144
1288374790697279488
1288374803900989440
1288374812348485632
1288374814231625728
1288374818295787520
1288374819201802240
1288374832921554947
1288374855805566976
1288374861681680385
1288374879998238720
1288374883555172355
1288374890563637249
1288374898851815426
1288374914416644096
1288374923791138817
1288374932313907200
1288374933471387648
1288374942157996032
1288374963947347968
1288374971652161538
1288374974185709568
1288374977364992000
1288374980175179776
1288374981416681472
1288374994406387712
1288375032289214466
1288375039989932033
1288375043244818432
1288375058080108544
1288375060898578433
1288375067349483523
1288375078896283648
1288375086811099136
1288375088732020736
1288375099192614914
1288375110781538304
1288375118956081153
1288375156310564867
1288375186769817601
1288375190594809856
1288375206885588993
1288375215366590464
1288375240775499776
1288375255380049920
1288375257162629121
1288375259138318336
1288375265710702593
1288375270467084289
1288375276204892160
1288375276179775488
1288375300720664576
1288375304466116611
1288375307821432832
1288375314859479041
1288375316734500864
1288375324598706178
1288375327836614656
1288375338444046337
1288375342810324993
1288375346480521218
1288375350456487936
1288375351471742976
1288375378797453312
1288375393892925440
1288375404869242880
1288375420262297600
1288375431847174145
1288375432127995904
1288375443469426691
1288375458099269634
1288375483059634178
1288375484930236416
1288375489208483840
1288375492018679814
1288375494799392768
1288375501573193728
1288375512180625410
1288375516958019585
1288375519768182785
1288375544589897728
1288375558108135430
1288375569671913472
1288375591566225409
1288375594330316800
1288375607659843586
1288375617671569410
1288375619131019265
1288375632041320448
1288375635149230080
1288375635300286464
1288375652228501504
1288375654900289539
1288375662173130755
1288375663938998273
1288375664089866241
1288375670129790977
1288375672541347840
1288375672797196288
1288375680212901888
1288375683849191424
1288375699649130496
1288375709820280833
1288375709740695552
1288375715579285505
1288375715742638081
1288375736546594819
1288375744012443653
1288375749494202368
1288375758566678528
1288375761569746944
1288375762714681344
1288375764337950720
1288375767093698560
1288375773145907200
1288375775046119424
1288375776992165888
1288375783719927808
1288375791802351616
1288375793991782406
1288375799058272257
1288375802749423617
1288375820700905474
1288375826090786817
1288375833606881280
1288375850065436672
1288375853764825090
1288375865701793793
1288375865810722816
1288375872408305665
1288375882088714240
1288375886157234176
1288375902779260928
1288375904876597248
1288375911977488385
1288375914561036288
1288375917736341508
1288375918256443396
1288375924426145792
1288375931212640256
1288375997239369731
1288376029925576705
1288376049605083136
1288376055665917952
1288376059910475776
1288376073357389824
1288376085382483968
1288376109927628800
1288376110460231681
1288376111441813504
1288376112322506752
1288376124150513666
1288376151455354881
1288376156924735489
1288376159336460288
1288376164029849600
1288376189162344448
1288376196389048320
1288376197697740800
1288376204345647106
1288376218308341760
1288376231336042497
1288376242836660224
1288376253993512960
1288376255981608960
1288376264269627393
1288376271790133248
1288376289498484736
1288376299564802048
1288376302370787328
1288376326978588673
1288376339590856705
1288376350219423744
1288376351251206144
1288376357681090563
1288376370603659264
1288376374126718976
1288376381328560128
1288376387498254338
1288376392732643328
1288376396000174082
1288376415340003331
1288376428644323328
1288376437091819520
1288376452145004545
1288376463331217409
1288376465122308096
1288376466187735040
1288376458025545728
1288376475331235841
1288376477956952064
1288376478552350721
1288376487893176321
1288376525461557248
1288376532487020544
1288376540758073344
1288376544252002304
1288376551067856896
1288376567446384640
1288376590557216769
1288376608001265664
1288376612161912833
1288376630969212929
1288376634035154945
1288376645523398656
1288376649700872192
1288376657561006081
1288376659540938753
1288376660216221696
1288376663642968065
1288376682890448896
1288376710342291461
1288376725655547904
1288376725903007744
1288376727127748609
1288376744785981441
1288376759193415681
1288376762573787137
1288376766055161859
1288376767745372160
1288376767883943936
1288376772434616320
1288376776083812352
1288376789715173381
1288376792340889600
1288376793980760065
1288376796128452608
1288376796270874625
1288376797541720069
1288376801279053826
1288376807176187904
1288376824519700480
1288376831230521346
1288376833004703744
1288376834069995520
1288376836205010945
1288376839426080769
1288376855477784578
1288376863228932096
1288376866395566080
1288376870027722752
1288376876449185794
1288376881209720833
1288376906656751617
1288376930325032960
1288376949128212480
1288376950025859072
1288376959194427393
1288376969734893568
1288376974201819136
1288376986000228352
1288376996406403074
1288376996737818624
1288376998784630784
1288377001624174592
1288377007101943808
1288377015209529344
1288377036285739013
1288377037053337600
1288377040081547266
1288377043374280704
1288377047660847104
1288377060935622656
1288377081634721792
1288377082238697472
1288377108532736001
1288377111154028544
1288377116019613696
1288377117722386432
1288377146432512000
1288377150014468099
1288377160902705152
1288377166086975488
1288377166405816321
1288377168578220035
1288377187389845504
1288377218154913792
1288377228598734848
1288377232239591424
1288377236785999873
1288377253949300736
1288377268734029825
1288377276569210882
1288377279551283200
1288377304616300544
1288377311255916550
1288377317958582277
1288377328628666368
1288377333439750144
1288377334807040002
1288377338791636992
1288377345309458432
1288377346102366209
1288377347255631874
1288377350162452481
1288377351647232000
1288377375118434306
1288377388359757824
1288377410593972225
1288377424108040193
1288377440415305728
1288377442848124929
1288377444349558785
1288377445226180608
1288377459944169472
1288377464444424192
1288377467057577984
1288377456349478912
1288377479900487680
1288377514759344128
1288377516604809216
1288377519486513155
1288377535147933696
1288377535521099776
1288377556392005632
1288377585785810944
1288377591473287168
1288377614244208640
1288377614437175296
1288377631600259074
1288377640064188417
1288377644916936706
1288377645890072576
1288377651862941696
1288377664546324480
1288377672574345216
1288377678874193921
1288377683546710016
1288377690525925377
1288377716350181376
1288377716488712192
1288377722973171714
1288377750202593280
1288377753281142786
1288377754145173504
1288377762366001159
1288377771136364544
1288377771866173441
1288377772126150656
1288377780292509698
1288377790572703744
1288377792627978240
1288377794892828672
1288377816996704257
1288377837750300672
1288377841399345152
1288377843345272832
1288377857077518337
1288377857769529345
1288377874064396289
1288377875897319431
1288377876337704960
1288377894402744320
1288377896847908866
1288377897015808000
1288377902636183555
1288377919052623872
1288377922168877057
1288377933481074688
1288377955261902848
1288377961960181760
1288377967748546561
1288377975335981057
1288378018768052225
1288378022580621312
1288378035545051136
1288378037336256512
1288378051689164800
1288378067845603328
1288378075512594433
1288378094454284289
1288378099671994371
1288378100678451201
1288378103404752896
1288378105518841856
1288378113106345984
1288378114762915840
1288378131011772416
1288378138255339521
1288378155179429889
1288378159184793600
1288378161026170880
1288378164645855235
1288378165459550214
1288378172115947520
1288378185684594689
1288378207532732417
1288378209093001220
1288378218261516288
1288378233398996992
1288378237681192962
1288378249047715840
1288378265078562817
1288378269977518080
1288378279137771526
1288378290068230144
1288378294036029441
1288378311417053187
1288378311522029569
1288378330128027648
1288378335639134208
1288378337287720960
1288378339917467650
1288378343935574016
1288378347714641920
1288378350814343168
1288378358510817282
1288378373404860417
1288378375531159552
1288378378769186821
1288378392602173441
1288378392849653760
1288378398134345730
1288378402660114433
1288378404270755840
1288378405235261441
1288378406946537474
1288378426584260609
1288378437070192640
1288378441222565888
1288378445370597376
1288378446058606592
1288378449334280192
1288378451028713475
1288378455369887746
1288378459467784195
1288378464505147392
1288378466719502336
1288378490878713856
1288378509543591936
1288378528753483776
1288378531227951106
1288378531551076353
1288378592523476994
1288378596462133248
1288378601507713024
1288378611427430400
1288378617605419009
1288378620940103680
1288378631710896135
1288378639403429888
1288378650140778496
1288378658823036928
1288378660416712705
1288378664518918144
1288378667215859714
1288378668952227840
1288378678112468992
1288378700225032194
1288378703651758081
1288378722664493056
1288378727554940929
1288378734391824384
1288378740485939200
1288378769632194560
1288378771725197312
1288378792709259264
1288378813278281728
1288378814079197185
1288378817623609345
1288378821255651335
1288378836149661696
1288378843296759809
1288378845247217664
1288378851530141697
1288378869989421058
1288378874452205568
1288378875836162048
1288378876201074688
1288378882207490049
1288378886573756416
1288378896405221376
1288378899068596224
1288378911009787905
1288378927900049408
1288378929833639937
1288378942865448960
1288378954630529024
1288378957159698432
1288378968987635712
1288378971424399360
1288378976457695233
1288378979963908096
1288378983227301888
1288378991254986752
1288379004118953984
1288379005310251009
1288379007361327104
1288379004299485185
1288379019809812480
1288379023471587328
1288379024662827009
1288379028567621638
1288379052441710592
1288379054232674304
1288379062197473280
1288379064001191936
1288379073761284096
1288379096280506369
1288379118707527681
1288379120884289536
1288379124822810626
1288379132502347776
1288379138940850177
1288379170725212162
1288379171060711427
1288379179139051521
1288379181416493056
1288379193756016640
1288379207245074432
1288379210134966272
1288379232549208065
1288379232851234816
1288379246021287936
1288379254237851648
1288379276174163968
1288379276782428161
1288379277541404673
1288379280116912128
1288379317727170560
1288379318842863616
1288379321913167872
1288379323041198081
1288379326187134976
1288379336127647744
1288379337662697472
1288379339847790594
1288379340997234688
1288379365483524097
1288379370701168640
1288379375717474304
1288379381040197632
1288379381656817666
1288379388858208257
1288379415601090560
1288379425315336192
1288379425466220544
1288379436786753539
1288379447066759168
1288379450028101635
1288379453115047936
1288379460924985345
1288379463412125696
1288379470412357632
1288379486992502785
1288379493695000576
1288379498740637696
1288379514951802880
1288379515924885504
1288379520211329024
1288379524737044480
1288379552016801797
1288379554013368321
1288379575181774848
1288379580051529729
1288379608073736192
1288379614474035203
1288379618702118912
1288379622955134976
1288379627874861056
1288379628659171328
1288379635470925824
1288379636250861569
1288379648448122881
1288379661999722496
1288379684418453504
1288379712704622592
1288379721026281473
1288379733596676098
1288379742484172800
1288379744401141760
1288379749467914240
1288379753204985856
1288379754429775873
1288379757193605120
1288379794464428037
1288379805537153024
1288379814446010368
1288379818271215617
1288379824147324929
1288379828752789509
1288379832204767232
1288379850747650050
1288379850911145984
1288379853629206528
1288379858272358402
1288379866874773504
1288379868892323840
1288379871941390336
1288379872365010944
1288379874516832256
1288379876416749569
1288379895664369665
1288379896016695296
1288379905328263168
1288379906934497281
1288379918905036800
1288379926555643904
1288379927809658881
1288379932452757505
1288379937569873920
1288379942019796992
1288379944981143552
1288379945689870337
1288379952857899011
1288379954430914560
1288379969048117251
1288380000756932609
1288380001767657473
1288380006935097345
1288380018981089286
1288380024291196928
1288380024815378432
1288380029261537282
1288380030951649280
1288380037352361991
1288380048874131456
1288380059317948416
1288380066750238721
1288380084194349057
1288380087990018048
1288380091509153793
1288380092079538176
1288380093627355136
1288380107808215041
1288380109431296001
1288380111209848833
1288380134601273344
1288380134999781381
1288380138284032000
1288380140909670400
1288380145171079168
1288380149784883200
1288380166972948480
1288380176250753024
1288380190297448448
1288380193812484097
1288380194747711490
1288380195225903116
1288380199885832193
1288380201819308034
1288380216000147457
1288380216176447489
1288380217522675712
1288380221230665728
1288380221973037056
1288380231917735936
1288380237525520385
1288380251412639745
1288380253094780928
1288380261051269120
1288380271323045890
1288380279044931585
1288380282094018565
1288380292785410048
1288380309877260289
1288380310246191105
1288380311504650240
1288380315476647937
1288380317359722496
1288380338520162306
1288380341896515584
1288380344979267587
1288380348217405441
1288380361865666561
1288380363631452167
1288380366684749824
1288380367586709504
1288380370837274630
1288380371638390784
1288380386301448195
1288380387232821252
1288380393339723776
1288380409072324608
1288380416940888064
1288380423207256064
1288380425568542722
1288380426336243712
1288380445655269377
1288380445965430784
1288380449824190470
1288380470217117697
1288380470498144256
1288380493721993216
1288380495726870528
1288380525305102337
1288380546498932739
1288380564601364483
1288380568946634752
1288380580732772354
1288380589553233925
1288380611560972289
1288380652555919360
1288380654590271489
1288380658956611584
1288380673326231552
1288380673485668352
1288380677000441857
1288380678405591040
1288380679785336837
1288380681068908545
1288380683979829249
1288380693001584648
1288380695908245504
1288380711976738816
1288380718129717250
1288380740917485568
1288380764753555457
1288380770436780039
1288380790078832640
1288380794969509889
1288380797347561473
1288380799377604608
1288380800103092224
1288380805329424385
1288380824090554369
1288380839588507648
1288380840129503232
1288380848291614720
1288380848862113792
1288380857640615941
1288380866222317568
1288380868797648897
1288380879161774080
1288380883297329152
1288380888162562054
1288380890523959296
1288380895544713216
1288380896421146625
1288380899487289345
1288380912359677952
1288380913248862208
1288380919368290304
1288380919355760640
1288380934664753153
1288380941401034752
1288380956055703552
1288380956169011205
1288380957809094657
1288380978638069766
1288380980714246145
1288380996459671552
1288380991090782209
1288381012238635008
1288381021180788737
1288381024955760640
1288381035659636736
1288381036586385408
1288381046086672390
1288381058245750789
1288381074595143692
1288381075819884545
1288381092257583106
1288381098079195136
1288381099089866752
1288381104920170496
1288381106350260225
1288381108284018689
1288381111328890881
1288381112297824256
1288381126122373120
1288381132887609344
1288381135257509888
1288381142220115969
1288381143520292865
1288381160955969536
1288381165280399360
1288381171018022912
1288381174264606721
1288381191503085570
1288381211123957760
1288381221207080960
1288381225741230080
1288381237674102784
1288381237954977793
1288381239079186433
1288381260734148609
1288381280569176064
1288381284465676288
1288381302865985536
1288381311820771328
1288381329046827010
1288381335111905281
1288381337834004480
1288381346746859520
1288381348558716928
1288381366682431488
1288381390673805312
1288381419379740672
1288381432918753280
1288381435288551424
1288381436471508997
1288381440577556480
1288381444398755841
1288381446516858881
1288381447812919296
1288381492582928384
1288381494420004864
1288381494734524416
1288381498354053121
1288381498568011777
1288381502674350086
1288381508084891648
1288381525793308673
1288381531069845509
1288381537939988480
1288381538262847489
1288381551147966465
1288381552330670080
1288381560333328385
1288381583666405378
1288381605363556352
1288381613198499841
1288381616474034179
1288381625328312320
1288381626448334848
1288381634505400321
1288381638821515269
1288381639236648960
1288381655175122944
1288381658652119041
1288381658786226177
1288381667732791297
1288381669775351809
1288381679136956416
1288381680886190080
1288381681859256320
1288381686720475136
1288381687064297477
1288381692676210688
1288381692886102016
1288381693376655360
1288381697420140544
1288381699064201216
1288381704646701056
1288381716814426113
1288381722522836992
1288381751039934464
1288381755943276545
1288381763723698177
1288381765086859264
1288381778886111233
1288381790034563073
1288381792269905920
1288381797739319297
1288381806488805376
1288381809085079552
1288381810234269696
1288381821739249666
1288381827577786373
1288381843197382657
1288381854739910662
1288381863032217601
1288381864789413888
1288381867482181633
1288381876487327745
1288381883693379586
1288381890106462209
1288381893222764544
1288381907843964929
1288381912847912960
1288381920443686913
1288381938772799488
1288381944367988738
1288381948075925505
1288381948902211584
1288381953343971328
1288381966459363328
1288381966719623169
1288381968363794432
1288381972037935104
1288381972209901568
1288381973392547842
1288381985623126017
1288381988949200896
1288382003042115584
1288382007982972929
1288382010801651713
1288382010868654082
1288382011443261441
1288382016149315585
1288382036957368321
1288382040891510784
1288382056385449984
1288382065424048129
1288382085296791553
1288382099507093504
1288382109271445504
1288382113134379009
1288382113398562817
1288382120797274113
1288382125616631810
1288382128133230592
1288382129869651968
1288382138501521414
1288382140107952128
1288382141256962049
1288382157111668737
1288382168071249922
1288382187012681729
1288382196831735813
1288382227173187589
1288382227785621504
1288382250346860544
1288382272882737152
1288382275583959040
1288382275571167232
1288382280155697152
1288382288024104960
1288382295112585221
1288382302624522242
1288382303736074245
1288382309498945536
1288382319758319621
1288382337584107525
1288382349055426562
1288382350645178371
1288382354059403264
1288382365572591617
1288382392013529088
1288382397894057984
1288382408774037505
1288382423206629377
1288382425836531717
1288382429485572096
1288382446216441856
1288382449727283200
1288382459483045892
1288382474368593920
1288382480807014400
1288382492026822656
1288382500209917952
1288382506656555008
1288382508657254400
1288382508858585089
1288382531025408006
1288382532287954944
1288382532514349062
1288382532984111104
1288382544535117826
1288382550776459264
1288382558170951682
1288382564068134912
1288382589418577921
1288382604983459841
1288382610964701185
1288382616320655366
1288382642136784896
1288382645647355905
1288382657970216960
1288382659379343360
1288382668862873600
1288382671698231297
1288382680921518081
1288382719336972288
1288382726631022592
1288382728388390912
1288382736332255233
1288382737527779328
1288382751280754689
1288382752165974016
1288382756162949120
1288382758041956354
1288382777969303552
1288382780397821952
1288382781341470720
1288382788735885313
1288382793446129664
1288382801067364352
1288382807476076544
1288382818892935168
1288382821749460994
1288382826572918784
1288382830523953152
1288382836471484416
1288382841651437568
1288382841827536896
1288382859472969728
1288382885565739010
1288382904486129664
1288382909317971968
1288382911054524416
1288382919728418818
1288382933410160641
1288382957430996992
1288382965400006661
1288382970554912768
1288382974837305345
1288382993392783360
1288382995095859200
1288382999650852865
1288383011772227587
1288383042202075136
1288383052826259456
1288383056504598528
1288383105766694912
1288383111089344512
1288383118618091520
1288383153246093313
1288383171545960450
1288383172644704256
1288383184716128264
1288383195105370113
1288383209156222977
1288383225228931073
1288383226030039040
1288383227128758272
1288383247001493504
1288383248863764481
1288383249501376512
1288383253867401216
1288383257898356737
1288383279759073281
1288383282317594624
1288383302731214848
1288383305109315584
1288383311753048064
1288383341322887169
1288383357202493440
1288383360667181057
1288383361493266432
1288383362634330113
1288383368699101189
1288383371626913792
1288383376970452992
1288383390916308992
1288383391277051904
1288383407970549760
1288383426173628417
1288383427931062275
1288383452769787904
1288383464769814528
1288383466141294592
1288383472306802688
1288383493165199360
1288383497028001798
1288383502489182208
1288383529953505280
1288383532117766145
1288383537503064065
1288383547980615681
1288383557560410112
1288383562283134977
1288383566804656133
1288383570919206912
1288383573855285248
1288383574421495810
1288383588560523264
1288383589181095936
1288383606306615298
1288383629182345217
1288383630520221696
1288383663810514944
1288383668973711360
1288383681149546496
1288383685083963392
1288383725131177984
