1283733246526840836
1283733247537475584
1283733254110089216
1283733261957713923
1283733282262220801
1283733282912436224
1283733287702269952
1283733294677360642
1283733294589173765
1283733332388458496
1283733350352670722
1283733357847883776
1283733358149656576
1283733374784462848
1283733380941721600
1283733384485916672
1283733386620805120
1283733387472248833
1283733391565901834
1283733392585035776
1283733396749983745
1283733399761453056
1283733400696885248
1283733405272698881
1283733407780884480
1283733409630748672
1283733417587343360
1283733419755597824
1283733429562081281
1283733445475270658
1283733450353082368
1283733451170934784
1283733454090235904
1283733463640793089
1283733471991681025
1283733479549739009
1283733484511657984
1283733492509995009
1283733527125786627
1283733542581796864
1283733547711373313
1283733571740606464
1283733575993561088
1283733584839401472
1283733592158269440
1283733602493173761
1283733606280519680
1283733614224535554
1283733619358326785
1283733630301478913
1283733632256008192
1283733642657665024
1283733643236696066
1283733647615504385
1283733652267040769
1283733652443209728
1283733659342823425
1283733660001349632
1283733664128536581
1283733681253670912
1283733698777620480
1283733699205398531
1283733707040464896
1283733707631865859
1283733716150493185
1283733719220654081
1283733737084194816
1283733752544362497
1283733761989976065
1283733765945057280
1283733786967126020
1283733802414755841
1283733806428504066
1283733831992786944
1283733830541680641
1283733831963402241
1283733839928528906
1283733849344634880
1283733853404889089
1283733856609337344
1283733856663871489
1283733862342815744
1283733874271498241
1283733878109351936
1283733882911760385
1283733894811070464
1283733895511498754
1283733907658215425
1283733912905187328
1283733920014622721
1283733920677163009
1283733920773595137
1283733931230203910
1283733946274967555
1283733952977657856
1283733953015316485
1283733965778702337
1283733978302894082
1283733979804426243
1283733988075601925
1283734013878824960
1283734025342013442
1283734028546441220
1283734045596229632
1283734051610923010
1283734057965232129
1283734062222516224
1283734071655325697
1283734083105783808
1283734091746033664
1283734101716094976
1283734104471560193
1283734106115903489
1283734134020386818
1283734141754892288
1283734142186921986
1283734142040113154
1283734146557370368
1283734150168694784
1283734154761428992
1283734163149991936
1283734168552316928
1283734172381700096
1283734177637109762
1283734181160390656
1283734188324278274
1283734210449149954
1283734214811230209
1283734243269586944
1283734247560196097
1283734255676391424
1283734256716591105
1283734268519354371
1283734271971201025
1283734272763985921
1283734278258528257
1283734288631050240
1283734314316959745
1283734315285741568
1283734319232700417
1283734319761154048
1283734322651049984
1283734328510500865
1283734336072757248
1283734340292227074
1283734340392964097
1283734356117291008
1283734361691611137
1283734364694732807
1283734369690165248
1283734374651842560
1283734411415101440
1283734412010586113
1283734415378710529
1283734423364665349
1283734431706910720
1283734455501434880
1283734457418223616
1283734457506312192
1283734465492254721
1283734466624737282
1283734481946517505
1283734482353299456
1283734491324874753
1283734491597377536
1283734492142854145
1283734514976645120
1283734515228311552
1283734515475787777
1283734521599283200
1283734525290266625
1283734536002699264
1283734561180889088
1283734561910853638
1283734566847557633
1283734578310635520
1283734592105701378
1283734592713703426
1283734600158765056
1283734613597323264
1283734624364101632
1283734632727556097
1283734633834844160
1283734650393894913
1283734654579814401
1283734666797879299
1283734674473316352
1283734683444842496
1283734687215767552
1283734709395009536
1283734729087488009
1283734741620068355
1283734754085330944
1283734758254682112
1283734759055806469
1283734764277694464
1283734775807848453
1283734779855171585
1283734818807615489
1283734821722890240
1283734826873434112
1283734838952906753
1283734850604859393
1283734855851941889
1283734884956213253
1283734885740490756
1283734901917986816
1283734902031224833
1283734902035316738
1283734905755783168
1283734906087059461
1283734911040532482
1283734913624276993
1283734940459372544
1283734956464906242
1283734972558434306
1283734974278008833
1283734981903183874
1283734982524129280
1283734989562171392
1283734998022066177
1283734999271964676
1283735006561677312
1283735006733574145
1283735014870589441
1283735019589185536
1283735027835174915
1283735032532738054
1283735044159180805
1283735053504147457
1283735056255778817
1283735066275835905
1283735073993498624
1283735086458970114
1283735093828186112
1283735099117379584
1283735099851313154
1283735115802140673
1283735125151248386
1283735127416332288
1283735127730913280
1283735131631624192
1283735149113294849
1283735166796603392
1283735174061031431
1283735174765670401
1283735178112901121
1283735178205175808
1283735178641276932
1283735179782021120
1283735191018586112
1283735199663235073
1283735208093790209
1283735211985891328
1283735220139761671
1283735220345348096
1283735224468242433
1283735227815415808
1283735228842901504
1283735236531159040
1283735242201800705
1283735308975124481
1283735312779415557
1283735317690949632
1283735320190767105
1283735321100738560
1283735325865639936
1283735350494584832
1283735355212984323
1283735355322064896
1283735355284488198
1283735355997384704
1283735359558385667
1283735363203158023
1283735363585015808
1283735364264513539
1283735400205316097
1283735401392472067
1283735404932411393
1283735414193434625
1283735414717784064
1283735421709692928
1283735450679758848
1283735454949486597
1283735464457928709
1283735483911147521
1283735484645158912
1283735488650780675
1283735493910429696
1283735496787505158
1283735498515722240
1283735509106401280
1283735510985453573
1283735525946343425
1283735527364136962
1283735535530283009
1283735539246653440
1283735543126331392
1283735543910727680
1283735546620248065
1283735572780064770
1283735577771290624
1283735581428781058
1283735593894256640
1283735602731651072
1283735614899265537
1283735615683678209
1283735635107303424
1283735622448902147
1283735656800219136
1283735660222767105
1283735665537146881
1283735686168879104
1283735707798863872
1283735712358072326
1283735720356536321
1283735720365043712
1283735723611389954
1283735728564903937
1283735728783073281
1283735731802763264
1283735732075593728
1283735740308914176
1283735766540210176
1283735778435182592
1283735782298128385
1283735790682611713
1283735798706130949
1283735800300142592
1283735802695028736
1283735803651399686
1283735812937375744
1283735820537597952
1283735869950590976
1283735870558867457
1283735883494174725
1283735891161358337
1283735904193056775
1283735916423647233
1283735916951920640
1283735928171900928
1283735937219006469
1283735953631252480
1283735962007347200
1283735992248213506
1283735993628139520
1283735999848181761
1283736000544546818
1283736012619833345
1283736016629760008
1283736016952659968
1283736023235608576
1283736025668497408
1283736030357618692
1283736031192375299
1283736043355803649
1283736047055233024
1283736060502118400
1283736060774756353
1283736114549985280
1283736119369183233
1283736126898012160
1283736129909424129
1283736131826257921
1283736173396086787
1283736177166749697
1283736181600124930
1283736185387524099
1283736185907687424
1283736197454585857
1283736206422024192
1283736207109820419
1283736214340874241
1283736218631643140
1283736243176693760
1283736243507994624
1283736269173010432
1283736276919779329
1283736277645496322
1283736278803111941
1283736302123393024
1283736306149986304
1283736320062500866
1283736331810635788
1283736331898834944
1283736356439695360
1283736358910136323
1283736360906563586
1283736377977384961
1283736386269478919
1283736389973151744
1283736390455513102
1283736394465042433
1283736403990503424
1283736411431043075
1283736415361216513
1283736415852023809
1283736424773226496
1283736431941357570
1283736436856877056
1283736446130630656
1283736461154504705
1283736467122974722
1283736469849305089
1283736469887242241
1283736471082541056
1283736475176071168
1283736478250610691
1283736479391535104
1283736487326932992
1283736488362967040
1283736488371351553
1283736492620349442
1283736495522799617
1283736496290304000
1283736508839723010
1283736521544216579
1283736524387909633
1283736529026854915
1283736529815212032
1283736551038447618
1283736555270660098
1283736572106608641
1283736574522470400
1283736579018821635
1283736579727654913
1283736588032385024
1283736612178993152
1283736618705330177
1283736620718419970
1283736625672007681
1283736633410490373
1283736634912120833
1283736638691201024
1283736638884118536
1283736662858768384
1283736671155113984
1283736672207646720
1283736676477685760
1283736683742035968
1283736697155522560
1283736700452306944
1283736708824002561
1283736713580490752
1283736714431922182
1283736718588481536
1283736721390276609
1283736721864249344
1283736725832032261
1283736744136003584
1283736776952045568
1283736806777925635
1283736818350002182
1283736834976002048
1283736839208210435
1283736844274999296
1283736844790710273
1283736847273910272
1283739621050871809
1283739624767131648
1283739625052233728
1283739628739031041
1283739644581085185
1283739645868756992
1283739650054672384
1283739653862981632
1283739661534289924
1283739670291968004
1283739679754346496
1283739688117952515
1283739703963987968
1283739712507785216
1283739716198621184
1283739716836380672
1283739729985507329
1283739730904064000
1283739741641273345
1283739742564212737
1283739767365144576
1283739774625312769
1283739776412258305
1283739784012337161
1283739787309076480
1283739786918977537
1283739788537999361
1283739791935377411
1283739805201977344
1283739809631162370
1283739825967947776
1283739834557792257
1283739838865342464
1283739841994412032
1283739854384267265
1283739859069304832
1283739877226491912
1283739920331419648
1283739927314706432
1283739927537168386
1283739930116722688
1283739935602876416
1283739957086031875
1283739967613808643
1283739977134694401
1283739981186584576
1283739981991890945
1283739984411922432
1283739988455313409
1283739993576538113
1283739996973936643
1283740001621114880
1283740005672853504
1283740015323942919
1283740018276696067
1283740019581161473
1283740031501447168
1283740061666811905
1283740094202023936
1283740106822692864
1283740140112801794
1283740145016078336
1283740148295925760
1283740152284708866
1283740161583480833
1283740165182296064
1283740165584769024
1283740165933015040
1283740169988907008
1283740182974431233
1283740186346692609
1283740189958049793
1283740191232913409
1283740200196124673
1283740208874258433
1283740212770885634
1283740215123812352
1283740232152752130
1283740249739468806
1283740257352069120
1283740265451188224
1283740278201950208
1283740278168281089
1283740295474098176
1283740296224870404
1283740349932941315
1283740353850417153
1283740354127200256
1283740366777257984
1283740383772651523
1283740384066142208
1283740388105220097
1283740404697845761
1283740408946798594
1283740429637300224
1283740430236913664
1283740433152180227
1283740434502688771
1283740443201740800
1283740447047847936
1283740466702426112
1283740472993673217
1283740480661053442
1283740547467759617
1283740550601019392
1283740564161212422
1283740567940276224
1283740569445953536
1283740572377690113
1283740576765095936
1283740581441617920
1283740585069699072
1283740602534735872
1283740609522601984
1283740630309462016
1283740636173271040
1283740639042187267
1283740639201550336
1283740643085504512
1283740643194527746
1283740652123992065
1283740652870623232
1283740660588179456
1283740661720776704
1283740667353628672
1283740677805768704
1283740711104524289
1283740711645478912
1283740711737683968
1283740714522877954
1283740714900299782
1283740719736254464
1283740735620222976
1283740744063365128
1283740748513341442
1283740752271552514
1283740753076695040
1283740757577224194
1283740765697593344
1283740777554694144
1283740777760382976
1283740782130855937
1283740800011186185
1283740803664314369
1283740806591901697
1283740806625492992
1283740812279459843
1283740820625952773
1283740833045504002
1283740840691675141
1283740841455112197
1283740844743364609
1283740852829990912
1283740853660340224
1283740856818827264
1283740858832035841
1283740865152847877
1283740874762051585
1283740875080773636
1283740887944695808
1283740890989764610
1283740908005978112
1283740920819724290
1283740928491032578
1283740934233100288
1283740941476679685
1283740944832102405
1283740949127073792
1283740953828876289
1283740954126516224
1283740954759966721
1283740962058129408
1283740983809781761
1283740993288904705
1283741000578535424
1283741004416159744
1283741025014476807
1283741026071580673
1283741029850427394
1283741033550041089
1283741043415044096
1283741066739568642
1283741075589533698
1283741079422918657
1283741084720324608
1283741100491051010
1283741101627760650
1283741105654247424
1283741110234382336
1283741118107181058
1283741125610745857
1283741130664837120
1283741150969581568
1283741160079597568
1283741171487870977
1283741189397782528
1283741197186609156
1283741209823817728
1283741223618928642
1283741230170624000
1283741234670866433
1283741236147388418
1283741243827261442
1283741247346180096
1283741260591894531
1283741264752586754
1283741264840552449
1283741269387292680
1283741289104564224
1283741302614568960
1283741307006001153
1283741320041902080
1283741323443556352
1283741331093966848
1283741343945195525
1283741344834506752
1283741349141979136
1283741352510083074
1283741360952995840
1283741361842380802
1283741414833238016
1283741432285736961
1283741435888533504
1283741436874113027
1283741440707825664
1283741452485328896
1283741452892164097
1283741470546104320
1283741474111344640
1283741524732391425
1283741525059481602
1283741541845151745
1283741549348687875
1283741566809636865
1283741567505711105
1283741567640010752
1283741584379568132
1283741595129577472
1283741595339128833
1283741603522392064
1283741603866144768
1283741604382224384
1283741629506097153
1283741641551966208
1283741642638401538
1283741646505627648
1283741654239907848
1283741658828464130
1283741670647967745
1283741700972781569
1283741730400067586
1283741735416365056
1283741741812776961
1283741742768943105
1283741746988548097
1283741759839842304
1283741777632071683
1283741779687350278
1283741781411102721
1283741788184940544
1283741796753973249
1283741804723163136
1283741810096054275
1283741814772699142
1283741822423105536
1283741825677828096
1283741825921163272
1283741831575085056
1283741844241817600
1283741851636432896
1283741855172169733
1283741872599363584
1283741872985378819
1283741877297197056
1283741888852328449
1283741894166540288
1283741894506188800
1283741901955334144
1283741911136772096
1283741926697701381
1283741935207759874
1283741939075100677
1283741939330842624
1283741939523878914
1283741940064886785
1283741942883291137
1283741966048665601
1283741986382655491
1283741993760423937
1283742011426631682
1283742027302100992
1283742027990142976
1283742031756460032
1283742036705894403
1283742040237506562
1283742048005296134
1283742052585480193
1283742062588944386
1283742077608697858
1283742078342660096
1283742090413907969
1283742103009402880
1283742107094532097
1283742111368654848
1283742111888793609
1283742119593742336
1283742125583147008
1283742128628170755
1283742132902268928
1283742161972928513
1283742165609385987
1283742182999052293
1283742191492440066
1283742216913969152
1283742225944522752
1283742228515627008
1283742228356182017
1283742232722329600
1283742237655019520
1283742238086856704
1283742238548393985
1283742258995408899
1283742266495049728
1283742267753332736
1283742271813320705
1283742280009093121
1283742283544723468
1283742284266315776
1283742296765353985
1283742304851955712
1283742317883674624
1283742320572194816
1283742330047139841
1283742333964623873
1283742335294218242
1283742338020331520
1283742354512457728
1283742358752952321
1283742362896932864
1283742396174356480
1283742396849651713
1283742405024288770
1283742409814409223
1283742426734223362
1283742431532519427
1283742443087835139
1283742447139422209
1283742472389230592
1283742483818532864
1283742493926989824
1283742509701660672
1283742528173486081
1283742535328776192
1283742539800096768
1283742557260918785
1283742559869820930
1283742565590867969
1283742593629720582
1283742595592728576
1283742599329853440
1283742601905147904
1283742615159156736
1283742644343058440
1283742648403210240
1283742661611061254
1283742669789892608
1283742703268831234
1283742719194673152
1283742719932796928
1283742724038901761
1283742732939177986
1283742733018988545
1283742750337142784
1283742758222663680
1283742762144346113
1283742770172235778
1283742771006799873
1283742777902325763
1283742783195484161
1283742783463972866
1283742796147564550
1283742815634231296
1283742816481550336
1283742820222881793
1283742821053157376
1283742830133948417
1283742837293477889
1283742842083573760
1283742867530428416
1283742874828525568
1283742875591704576
1283742879479808003
1283742882722086912
1283742895783260166
1283742900183019527
1283742904394096640
1283742922089922563
1283742924468097032
1283742934249218048
1283742938867159040
1283742941392052225
1283742945842257920
1283742947629051904
1283742951106019329
1283742953882693633
1283742954985668608
1283742958852939778
1283742962292330497
1283742962250321920
1283742966612402177
1283742967186898945
1283742976158703616
1283742984232562694
1283742996098424832
1283742996203266049
1283743005883555841
1283743008802975745
1283743039081664513
1283743039505170432
1283743042466349057
1283743055632310272
1283743098196156417
1283743104944742401
1283743106047905793
1283743106811277313
1283743109533388800
1283743110229635075
1283743111190056963
1283743122552307712
1283743136007589889
1283743147714056192
1283743151736459265
1283743165279805440
1283743169428037632
1283743177493614592
1283743181582958597
1283743189669732352
1283743197437456384
1283743206702755840
1283743226646745088
1283743232665489410
1283743248851197953
1283743272960249856
1283743282313465858
1283743306321666051
1283743311258411009
1283743319596638210
1283743323598082049
1283743328564121600
1283743334670925826
1283743335912439810
1283743333295230976
1283743353776025603
1283743358935076865
1283743363049517056
1283743369324355586
1283743386588127232
1283743386571124737
1283743392124436480
1283743403084308481
1283743411816796160
1283743424919883776
1283743450584641536
1283743462534393864
1283743471904464901
1283743490938109952
1283743538061160450
1283743550258249729
1283743558210658310
1283743566867701762
1283743591731302400
1283743621678866434
1283743625898348545
1283743629182406659
1283743642931335168
1283743660434227200
1283743663164727296
1283743700518989825
1283743700833775621
1283743705065836545
1283743706789675010
1283743713399910400
1283743713525731334
1283743714070986754
1283743731691032576
1283743740004200449
1283743746832633857
1283743751089815557
1283743756525744128
1283743764616544256
1283743768303280128
1283743768475316225
1283743785298599936
1283743792554668035
1283743807385681921
1283743809671757824
1283743815451516928
1283743823345192965
1283743831427616769
1283743831402450944
1283743835844235264
1283743852386369537
1283743856328978436
1283743860833677312
1283743861031030784
1283743869914488833
1283743877044867072
1283743885177561089
1283743885848481793
1283743894195314689
1283743897777299457
1283743915510607872
1283743918723485696
1283743919130304512
1283743923257708544
1283743944434749443
1283743953695776769
1283743957139292162
1283743973786484736
1283743974243500040
1283743982003073024
1283743985786327040
1283744028433936384
1283744032930369537
1283744040375078914
1283744041033773058
1283744044460453889
1283744053926952961
1283744054228942849
1283744057395515392
1283744095350001668
1283744113133838339
1283744126354194432
1283744163113164802
1283744166783188992
1283744175138107392
1283744180112691201
1283744195904184322
1283744204276092930
1283744216888246272
1283744221527183360
1283744249993932800
1283744255224287232
1283744258999169024
1283744259519045633
1283744264170737665
1283744280394240000
1283744287419752448
1283744298266005505
1283744313168592896
1283744313541718018
1283744316989431809
1283744317073432577
1283744318088519680
1283744321301176321
1283744341899522055
1283744376775049216
1283744388368211968
1283744405501902852
1283744409474027522
1283744410048569344
1283744413496283137
1283744418625880065
1283744419112509443
1283744419225776129
1283744422660841472
1283744443137314817
1283744452213760000
1283744457045741569
1283744460325548033
1283744468135546880
1283744468030631936
1283744472887590912
1283744473495810048
1283744481079103488
1283744506718720001
1283744510997139456
1283744515220803584
1283744526864089088
1283744536607383558
1283744540575268864
1283744557545316355
1283744594174210049
1283744599870185472
1283744602500091905
1283744606618877953
1283744615795957762
1283744623261868032
1283744633336602624
1283744640185905154
1283744645248356353
1283744652626137088
1283744662931623938
1283744663170506754
1283744666664398851
1283744671018020864
1283744674168152065
1283744678609915905
1283744683613491202
1283744703188541441
1283744703628767238
1283744704354369537
1283744724088569857
1283744736541581313
1283744749610991616
1283744767197798400
1283744778761285632
1283744779055042560
1283744792459923456
1283744795152625664
1283744803897958403
1283744838106542082
1283744867240165380
1283744888337514496
1283744905991512066
1283744922307366913
1283744934244290561
1283744942855159808
1283744932059119616
1283744992146739207
1283745009091727361
1283745009494224896
1283745022819500032
1283745023222337536
1283745026590289921
1283745031547834369
1283745097956225024
1283745097969020928
1283745114842693632
1283745115027247104
1283745127253540865
1283745127740170243
1283745132253151232
1283745144756473861
1283745148636102660
1283745164410802176
1283745168613498880
1283745169448349703
1283745169830010883
1283745177870401536
1283745186292563969
1283745189778071552
1283745210925830144
1283745219754811393
1283745248754241543
1283745252550025218
1283745277694717952
1283745278894407680
1283745321026281473
1283745332749389832
1283745337677496320
1283745341020479488
1283745341486043136
1283745345948708869
1283745371647209472
1283745395559018498
1283745396263657477
1283745407999377415
1283745408599171073
1283745416325017600
1283745432930340865
1283745445538193408
1283745446511423489
1283745446528192515
1283745450034556929
1283745450349256704
1283745471450746881
1283745492812234755
1283745495928709126
1283745509870571521
1283745514215714818
1283745517244231680
1283745521585262595
1283745538945495045
1283745539368947712
1283745539390152709
1283745558654521345
1283745560051228672
1283745563083706368
1283745564224450560
1283745567617712129
1283745567705792512
1283745601834881024
1283745604947017734
1283745618511507456
1283745618964488193
1283745630016483329
1283745639180808194
1283745642389504000
1283745655475724288
1283745916718063617
1283745924234305536
1283745936510980099
1283745937488257028
1283745953133088773
1283745957356527616
1283745957956509697
1283746012239024131
1283746021038673921
1283746025300254721
1283746037123944448
1283746037182545920
1283746038101221381
1283746054446276608
1283746055369232384
1283746059211202562
1283746062784696320
1283746067205562368
1283746075313156096
1283746083017863168
1283746092174184449
1283746104765485056
1283746113439268865
1283746117100818433
1283746118380158978
1283746130061332480
1283746146133909505
1283746150252638209
1283746154161872898
1283746171102560257
1283746171501129728
1283746175276003329
1283746184650268672
1283746188576030721
1283746205164503042
1283746205294571520
1283746210231115777
1283746225846616064
1283746226186280960
1283746229994872832
1283746238983278593
1283746247824867328
1283746263629025281
1283746280183869440
1283746281152745473
1283746281312092169
1283746284386553856
1283746288534683649
1283746288689975297
1283746302006833152
1283746306230489089
1283746318075203586
1283746323074822144
1283746323599028224
1283746327281704965
1283746327734685696
1283746328049262600
1283746352531308549
1283746360618090496
1283746372739567616
1283746391265816579
1283746393476169730
1283746394914816000
1283746402669977602
1283746428691636224
1283746448769716224
1283746449537355777
1283746473042206721
1283746473432150016
1283746474376003585
1283746489748066306
1283746507506802688
1283746512028291073
1283746516079988736
1283746516599963649
1283746520739860482
1283746549126901763
1283746554566844418
1283746558882664448
1283746561437179904
1283746562494128128
1283746574871535618
1283746578830725123
1283746591120207872
1283746596262486018
1283746604491567105
1283746611638579201
1283746613157081089
1283746615455551489
1283746629602947072
1283746636477464577
1283746636959711238
1283746645025280004
1283746654726828040
1283746679724752896
1283746688189050880
1283746688335781888
1283746691406077952
1283746696854306819
1283746705582718976
1283746709043118080
1283746709315649537
1283746717234417668
1283746728861151233
1283746733252661249
1283746758422679552
1283746779511484417
1283746792878858240
1283746817772007425
1283746821123317762
1283746822339559428
1283746823534981121
1283746830694703104
1283746842455482369
1283746847690039296
1283746863376732162
1283746867747192832
1283746876538273793
1283746888773140480
1283746889402327041
1283746888697683970
1283746893567152128
1283746897472245760
1283746898164224000
1283746901146300416
1283746909719601153
1283746910516523009
1283746921924882435
1283746939448823811
1283746968762802176
1283746972235714561
1283746976601964545
1283746976622927874
1283746985070272513
1283746985615536128
1283747006687698944
1283747009736970241
1283747018481913856
1283747023305547776
1283747023645179913
1283747023930310656
1283747032679751685
1283747039583637504
1283747061012324352
1283747061150691331
1283747068813676545
1283747070432677890
1283747086161387523
1283747087256092672
1283747108059779072
1283747115295027200
1283747132336484353
1283747135960342528
1283747161285500929
1283747169699151880
1283747178217762816
1283747182693277702
1283747203731857411
1283747228473942016
1283747250557132800
1283747253346156551
1283747259503587329
1283747299944996864
1283747308258172928
1283747350771638274
1283747379087376387
1283747383176843266
1283747392987201537
1283747401610731521
1283747408359432193
1283747409965834240
1283747417289043968
1283747426101272577
1283747430949953536
1283747450579308544
1283747481302503424
1283747488088948736
1283747530128396288
1283747534381490177
1283747542723747840
1283747544393228289
1283747555256545280
1283747568946642947
1283747577377112065
1283747579960930305
1283747593185488897
1283747606720544768
1283747618829611008
1283747622738509828
1283747623355260928
1283747630871347200
1283747636504297472
1283747639318781953
1283747656414552069
1283747673066082306
1283747678015361024
1283747686437527552
1283747689637781504
1283747694243131397
1283747706645749760
1283747706893033472
1283747707463413760
1283747723699720193
1283747756700565504
1283747757950369793
1283747773716856832
1283747773876244480
1283747778313633792
1283747790624104450
1283747791051935756
1283747807657177088
1283747812019232769
1283747836195201026
1283747841492553728
1283747848924860422
1283747853475606529
1283747862208290816
1283747866662576129
1283747869766320129
1283747875285942272
1283747882659717120
1283747883204763648
1283747887768375297
1283747887906775040
1283747888561115137
1283747895494115328
1283747924057309185
1283747924493705216
1283747929786920960
1283747929933656064
1283747933280784386
1283747933972766720
1283747987491971072
1283747995461341186
1283747996014911488
1283748025958006784
1283748029158260736
1283748029984464896
1283748059155853314
1283748059231354881
1283748063270453248
1283748067284525057
1283748075740094465
1283748080526012417
1283748092227907591
1283748092769120257
1283748100931231745
1283748101157801994
1283748101698666497
1283748105150590982
1283748109701517318
1283748136054337536
1283748150830870530
1283748177221427200
1283748181121970176
1283748184234303489
