1283506605632352261
1283506609403109385
1283506618286710784
1283506625479757824
1283506634422190080
1283506656727519239
1283506659193753600
1283506659940339712
1283506668924399616
1283506676784664576
1283506680408485888
1283506684514775049
1283506689166045184
1283506694362890240
1283506701656891393
1283506701757374464
1283506706006212608
1283506714285932550
1283506714495655937
1283506730928832512
1283506736368934914
1283506739581644800
1283506739476754432
1283506740202557442
1283506794464149504
1283506798998282247
1283506816467587073
1283506823560155137
1283506829239164935
1283506831881641985
1283506836012969985
1283506836939866114
1283506865561726976
1283506869387046913
1283506885778239488
1283506890597707778
1283506894829694977
1283506898864570381
1283506899896266753
1283506899913183233
1283506904287916034
1283506911036559361
1283506915314733059
1283506928472080384
1283506929227239427
1283506937036976128
1283506941466234881
1283506962160930816
1283506970075508738
1283506970608230400
1283506970889158656
1283506975268110336
1283506977910464512
1283506979550494723
1283506986865180674
1283506999439679489
1283507012345778178
1283507020763553793
1283507028594483210
1283507033015308288
1283507067664453633
1283507075155472386
1283507087658455040
1283507087750963201
1283507091831836672
1283507096030519298
1283507114472869888
1283507121242304512
1283507133988909056
1283507137671561216
1283507138489389062
1283507125210185729
1283507184031207424
1283507187906744322
1283507188250615813
1283507189550919680
1283507192788901896
1283507193661317122
1283507222341984256
1283507247956582402
1283507255317585921
1283507259306278914
1283507276783988742
1283507292793647109
1283507296782422020
1283507298409775109
1283507302260146177
1283507309659017216
1283507309797400582
1283507313924595716
1283507330697572352
1283507331347734529
1283507335160373250
1283507336540311552
1283507339375423488
1283507352096972802
1283507360779177984
1283507368492490752
1283507370023362560
1283507372489617410
1283507402462171136
1283507402994782214
1283507410724945920
1283507423765041152
1283507431423840262
1283507436595412992
1283507444891738112
1283507448704270337
1283507449601961984
1283507461123641344
1283507465225674753
1283507474171977728
1283507478047494144
1283507482774691840
1283507490609434624
1283507490907238400
1283507511706947585
1283507516039733249
1283507519801798656
1283507524755263488
1283507540613988352
1283507550608953344
1283507553666650112
1283507561996713985
1283507569693265920
1283507570301374467
1283507573979672578
1283507578845241346
1283507586508218374
1283507595794317312
1283507596226252800
1283507599095345157
1283507599384576000
1283507616090595329
1283507625624297477
1283507625846603778
1283507632527949825
1283507622902194178
1283507629889921025
1283507649376591879
1283507654308950016
1283507655168974851
1283507657735716864
1283507657907875845
1283507679038775303
1283507679550410753
1283507683396431872
1283507687121199105
1283507696650551298
1283507751000272896
1283507751205863424
1283507754007769088
1283507759472873474
1283507775448866816
1283507780742254593
1283507797162962954
1283507808881856513
1283507812853665793
1283507817345961993
1283507822270046209
1283507842545221638
1283507847645392898
1283507847242932225
1283507851231662081
1283507852162859010
1283507855039971329
1283507855056875520
1283507855027507205
1283507871972503552
1283507910337757188
1283507911000494086
1283507915144519680
1283507922064961536
1283507926997413888
1283507944449961984
1283507960149422081
1283507960413650944
1283507968206671872
1283507994194518018
1283507994576093184
1283507997625311234
1283507998078521350
1283507998900523008
1283508002046332928
1283508005980577794
1283508023172804608
1283508048594690049
1283508052545740800
1283508053611094017
1283508069176160257
1283508074297294853
1283508077954768896
1283508078097231873
1283508082224631817
1283508082497056768
1283508099878395905
1283508107310702599
1283508112226496512
1283508114709512192
1283508118912204800
1283508125027438599
1283508133030232064
1283508156048510977
1283508169570955265
1283508187866382337
1283508203196755969
1283508207097454593
1283508207793532928
1283508208599019521
1283508208632561665
1283508212822663175
1283508238193836032
1283508242073546752
1283508246267871232
1283508249040478208
1283508278765457410
1283508279109472259
1283508283811168256
1283508301548802048
1283508303994249218
1283508309237084171
1283508321107009538
1283508342674120710
1283508350756372481
1283508354573271047
1283508354934087682
1283508355357605890
1283508358255910920
1283508362362134534
1283508367592427526
1283508386185859072
1283508401553715200
1283508405802536962
1283508418016243712
1283508425301741570
1283508437926780933
1283508442225926147
1283508458348703744
1283508467576254464
1283508468117377026
1283508475864252416
1283508493471961090
1283508493715230724
1283508506239393793
1283508506340057092
1283508514372177920
1283508518306209793
1283508521728905218
1283508523163365378
1283508527072448515
1283508534966091777
1283508535142178816
1283508538988531713
1283508548178239492
1283508552183808002
1283508557225365506
1283508564208869379
1283508567715090432
1283508568386228224
1283508577391407104
1283508581254475777
1283508598535000072
1283508599155830786
1283508602863484928
1283508628109045760
1283508630826790912
1283508631573536779
1283508640624844800
1283508640507469824
1283508643690721281
1283508643816706052
1283508648770252800
1283508656869441538
1283508664410812419
1283508668533809157
1283508677631250432
1283508680944754689
1283508689521930240
1283508690063110146
1283508690767806466
1283508706337005569
1283508714692108295
1283508757843107842
1283508765627752449
1283508774674722816
1283508791523397632
1283508812394233857
1283508823773155328
1283508837035773957
1283508844669423617
1283508862373502977
1283508862809542658
1283508875124080641
1283508880316620800
1283508908120670208
1283508925363556354
1283508928534515718
1283508937447411713
1283508951372500994
1283508954111201280
1283508962894270466
1283508972129935360
1283508988890488835
1283509012483506176
1283509034352553988
1283509038039420929
1283509039595429890
1283509043089207296
1283509058717143041
1283509058784247811
1283509076438052864
1283509087997693952
1283509105181765633
1283509113956167680
1283509125784260609
1283509151507738624
1283509151826575366
1283509163910463488
1283509172617842688
1283509185372663809
1283509185745805312
1283509197322190848
1283509199016800257
1283509201512398849
1283509206985908224
1283509213768159232
1283509223217823744
1283509226950864896
1283509235209445376
1283509235532406792
1283509236195106817
1283509239688953857
1283509243069337601
1283509248626814977
1283509249092526080
1283509272870031361
1283509273503334402
1283509276867284993
1283509278142332929
1283509293640228864
1283509297859760133
1283509306147713026
1283509323776360450
1283509323033989127
1283509327253270528
1283509349692760065
1283509357741662208
1283509361873125376
1283509364855373828
1283509364943400962
1283509366491152385
1283509374720315392
1283509383452925952
1283509386791604224
1283509390935560194
1283509391254147072
1283509395247128578
1283509379036090369
1283509407830159360
1283509424313692160
1283509428965330947
1283509433868464135
1283509440356978700
1283509445008461824
1283509449324298242
1283509449156694018
1283509450205097984
1283509462674944003
1283509483721887750
1283509507377659904
1283509507981824002
1283509513295933440
1283509525878910976
1283509537362845697
1283509540818841602
1283509540923768842
1283509541108416512
1283509545822834689
1283509554668548097
1283509558191816718
1283509562226728967
1283509566072733696
1283509567217958924
1283509570367700993
1283509595529453574
1283509634377154560
1283509637350936578
1283509642153402369
1283509655088648193
1283509671303806982
1283509676605345793
1283509681189683201
1283509700521156608
1283509709803225089
1283509713506689024
1283509713922068481
1283509742380494853
1283509752111206405
1283509756322295811
1283509760491286529
1283509763754557442
1283509764174032897
1283509771883155457
1283509780724801536
1283509784474537984
1283509792825319430
1283509794050015234
1283509798395351047
1283509810563088385
1283509817840209920
1283509830603476994
1283509839654780937
1283509847749808137
1283509849150631939
1283509851428139014
1283509864317071360
1283509868327051265
1283509869228826630
1283509877302681601
1283509894180737024
1283509894604259333
1283509894713348096
1283509915601043465
1283509923347861505
1283509931077967872
1283509935343431680
1283509935582720000
1283509936098443264
1283509940716363777
1283509949646073856
1283509953638969344
1283509973285310464
1283509973528350720
1283509973989953537
1283509977290813443
1283509990368645120
1283509990452600838
1283509995393495043
1283510003366858754
1283510015224098817
1283510015983329280
1283510016100663296
1283510016587292679
1283510036636082176
1283510053593636871
1283510057548701696
1283510074011336704
1283510082119098369
1283510086628003842
1283510087592681474
1283510087747805184
1283510115677724672
1283510120433901569
1283510120828346370
1283510138171686913
1283510149504806914
1283510150880530434
1283510159344578560
1283510166663630849
1283510174540423168
1283510179489894400
1283510187198836736
1283510195923058694
1283510200725635074
1283510200679329792
1283510204274024448
1283510207880892416
1283510212763234304
1283510238642085888
1283510250654572544
1283510250998554630
1283510258305052672
1283510264248270849
1283510272058167300
1283510275648323584
1283510279641284609
1283510284217442305
1283510304664502272
1283510326252666888
1283510331013120001
1283510344007086080
1283510355793260544
1283510359979102209
1283510363363975170
1283510393214828546
1283510402014425092
1283510409073319936
1283510410000453632
1283510432049893376
1283510468074770433
1283510480296869889
1283510497346813953
1283510506104463363
1283510514715439106
1283510519073329155
1283510532235026438
1283510535397322753
1283510551734362118
1283510560521363462
1283510565290344448
1283510569920847872
1283510572613500935
1283510573561331714
1283510582046412800
1283510598945452032
1283510599368888322
1283510610844692481
1283510615034691584
1283510623016554503
1283510632344690689
1283510652489867271
1283510681812135937
1283510687675961351
1283510689957642244
1283510690758696961
1283510691522019330
1283510707426938885
1283510716377505793
1283510724501831688
1283510728574500865
1283510770077257729
1283510774472871942
1283510783415066624
1283510813354074112
1283510821126119425
1283510821620875264
1283510824640946176
1283510830064181250
1283510838649851904
1283510846430359553
1283510849584410624
1283510849710194688
1283510854231695364
1283510866688827395
1283510867074723841
1283510867817041920
1283510870488707073
1283510871591989250
1283510874695753728
1283510875220049922
1283510883482628096
1283510888515985410
1283510912675192832
1283510925836849152
1283510926126317570
1283510938470166528
1283510939237650434
1283510942135967744
1283510943352107009
1283510947475124225
1283510955440316418
1283510967381483521
1283510975606464517
1283510983558705152
1283510985328865280
1283510984770899968
1283510991939080193
1283511001300828163
1283511005453053952
1283511013938130945
1283511017666945024
1283511047870124034
1283511048147030016
1283511072343953409
1283511077817520128
1283511114333073408
1283511115649937408
1283511115599798272
1283511117898227717
1283511123430563845
1283511126823591936
1283511131517210624
1283511135401054220
1283511140522143744
1283511148189540353
1283511156892729344
1283511160118161416
1283511165973344257
1283511173338542082
1283511193403973632
1283511194515578880
1283511210240028680
1283511235741351940
1283511239931580416
1283511244255887360
1283511257027444737
1283511268960276480
1283511281404850177
1283511290938433541
1283511303022104582
1283511308416057347
1283511316599181312
1283511319929319424
1283511320315400197
1283511352976379904
1283511357678247937
1283511367383822339
1283511370424692736
1283511370554769410
1283511379022901248
1283511387432669186
1283511392314613760
1283511399260577792
1283511404289548288
1283511425315422208
1283511442306666502
1283511445184012288
1283511445368365057
1283511446429630472
1283511455195656192
1283511482936897545
1283511495888863233
1283511504655048708
1283511513018445824
1283511528998662145
1283511533180317696
1283511542831554560
1283511549689163777
1283511572313387015
1283511576595763200
1283511580840398849
1283511584028012549
1283511588226555906
1283511592756355078
1283511614126411778
1283511634997186563
1283511638499438592
1283511643390062592
1283511646602829824
1283511647416365056
1283511655075385344
1283511667687665664
1283511668753027072
1283511672112644097
1283511677267456002
1283511709542555648
1283511726416297990
1283511735266271233
1283511738978258955
1283511752169316353
1283511756933849089
1283511757332459520
1283511760343965696
1283511765532323843
1283511768610770944
1283511773207855106
1283511774533292032
1283511778308227074
1283511786109571076
1283513065108115464
1283513070153760768
1283513081952444418
1283513095294418944
1283513099119624194
1283513131839488001
1283513132481208324
1283513136184786945
1283513182405955585
1283513182800224258
1283513211485130753
1283513223933812741
1283513227717021696
1283513232959975429
1283513240492761088
1283513274705772544
1283513282557546508
1283513317261078529
1283513325683441664
1283513345530789890
1283513350236835846
1283513350693978113
1283513351180607490
1283513353512595456
1283513354351509504
1283513354619883523
1283513357841113092
1283513366871326720
1283513375725703169
1283513379118886913
1283513384344997894
1283513392674697216
1283513404758491136
1283513413046603776
1283513420978036742
1283513411821801474
1283513429773475841
1283513450220617736
1283513458827374597
1283513467291308032
1283513470978269184
1283513483896725504
1283513484613955586
1283513487776534530
1283513489139605505
1283513492373245953
1283513526628294657
1283513534270382081
1283513534769442822
1283513546794508303
1283513551215181826
1283513555187367939
1283513555539689472
1283513589484183552
1283513605648863233
1283513609776254976
1283513613966352385
1283513619041464321
1283513631238434817
1283513631905402880
1283513661043154944
1283513661194215426
1283513664159592448
1283513664348323846
1283513686154412032
1283513690315259904
1283513693628780550
1283513693704269824
1283513693746192392
1283513694291361795
1283513706492702720
1283513714755477504
1283513718849052682
1283513735294914561
1283513740172955648
1283513744492986370
1283513753376624640
1283513760368545796
1283513786729545728
1283513794673729536
1283513799648202752
1283513815376760834
1283513815733329926
1283513819101356032
1283513823861911554
1283513831864430592
1283513832007176195
1283513858209062912
1283513862189441028
1283513865829933056
1283513875581644806
1283513904136515584
1283513908435865600
1283513932703989761
1283513932745969665
1283513936680226816
1283513945991663616
1283513950198534145
1283514000093962240
1283514000425222146
1283514012194541569
1283514024961937413
1283514041915318272
1283514050698252291
1283514051117502464
1283514053772615680
1283514058151534592
1283514058143076354
1283514062526193668
1283514062966525955
1283514071359410177
1283514114246148103
1283514121955299335
1283514130708692996
1283514134634524672
1283514139453906946
1283514146701615104
1283514152057741313
1283514155438407680
1283514163151532032
1283514163575377920
1283514179828228097
1283514184018415616
1283514193245884417
1283514197209346048
1283514197750489091
1283514205287714817
1283514205816016896
1283514209674944512
1283514209825812480
1283514213491781634
1283514243673985024
1283514252289024011
1283514260111257600
1283514260866433024
1283514264091791361
1283514264402169859
1283514273126391809
1283514289316179968
1283514293649104897
1283514298682073088
1283514306982805506
1283514318374526979
1283514328126296065
1283514335025860612
1283514335504011265
1283514344697987072
1283514357071204353
1283514357293481986
1283514369096028160
1283514373349269507
1283514377270853632
1283514386372456448
1283514394379460610
1283514394765217792
1283514399290822656
1283514403355275269
1283514406664458241
1283514414734417926
1283514415887855617
1283514419570335744
1283514419788554241
1283514435605278720
1283514445684183044
1283514457969299456
1283514461991702533
1283514474649890816
1283514478387245057
1283514483403563021
1283514491666407424
1283514496120692739
1283514498670829575
1283514507252334592
1283514512709017601
1283514515422732288
1283514521550753792
1283514528857194496
1283514546238488576
1283514557269372928
1283514558615887872
1283514561891639296
1283514566819840009
1283514574503702529
1283514574940131331
1283514575015510018
1283514575384715264
1283514611866562560
1283514620431536136
1283514643001073665
1283514646859849729
1283514654656876544
1283514658339483655
1283514663523749888
1283514671551647748
1283514693127147522
1283514705168957447
1283514725691727872
1283514759149686790
1283514764191305729
1283514768582561792
1283514772265328640
1283514772479193094
1283514780565876737
1283514788555796480
1283514789331963906
1283514805110833152
1283514818234900481
1283514818767523843
1283514830876532736
1283514844101201921
1283514847892733952
1283514848366788616
1283514860727406599
1283514864976236550
1283514867866050562
1283514867849269253
1283514876309024769
1283514882235736064
1283514884840468482
1283514888867008513
1283514890100105224
1283514906004746240
1283514919393075201
1283514922870202374
1283514926754078721
1283514927756587010
1283514931221069824
1283514931267145728
1283514935591534595
1283514935537016837
1283514949403209729
1283514952624549891
1283514956382642179
1283514978063065089
1283514990151045133
1283514993514885121
1283515010619248642
1283515015388069889
1283515015916654592
1283515023374069761
1283515027715170304
1283515027878707201
1283515043515072512
1283515044794335232
1283515044815409152
1283515052872683520
1283515061869457408
1283515073651236865
1283515077958660097
1283515082908016644
1283515086573895682
1283515091296690184
1283515098351513602
1283515120316973056
1283515124028813314
1283515128705617921
1283515154215428099
1283515177892294656
1283515191318044672
1283515199069327360
1283515199459295233
1283515208359710725
1283515215947038727
1283515229150818304
1283515232929951749
1283515236520263681
1283515238038437889
1283515242450911233
1283515250696785922
1283515262256521224
1283515270313775105
1283515279662874625
1283515283592876035
1283515291859910658
1283515292371607552
1283515305709404165
1283515313540100097
1283515313871446017
1283515321844981765
1283515346675269634
1283515355252621318
1283515358515732485
1283515359371440128
1283515363783782403
1283515392770691074
1283515397329780740
1283515410005008384
1283515413347917824
1283515418607595520
1283515421262409729
1283515426996195328
1283515446512082944
1283515450861785092
1283515459644592129
1283515464287756293
1283515464656785408
1283515489365438470
1283515492599201796
1283515493396230144
1283515509980499968
1283515514468225024
1283515526195539968
1283515531140534273
1283515544117837826
1283515548672892928
1283515572479758337
1283515577169072130
1283515577408028681
1283515582491561985
1283515589307379712
1283515589659525120
1283515602326507521
1283515612065460224
1283515624375844867
1283515648358875149
1283515649331994625
1283515678780280839
1283515685684084737
1283515698686418950
1283515699105857538
1283515706865332224
1283515724187815938
1283515725282516993
1283515736900673541
1283515745125781510
1283515757284868096
1283515760955072512
1283515799093862401
1283515798930112513
1283515811404152839
1283515816667947008
1283515841590382593
1283515862209748997
1283515871256875008
1283515875656695819
1283515892295499777
1283515896200343554
1283515896208789508
1283515916505034757
1283515920657395713
1283515929800830976
1283515933370257409
1283515945852469249
1283515946569805826
1283515946775334915
1283515975720042496
1283515983769079808
1283516013095641088
1283516014089646084
1283516016639836165
1283516017445154818
1283516022109208577
1283516029474418689
1283516043349176326
1283516043688767488
1283516046562013200
1283516055680425990
1283516059673190401
1283516064173887488
1283516080560967681
1283516096839131140
1283516102061035521
1283516105034805252
1283516105408098305
1283516105508753410
1283516106502737920
1283516117772840961
1283516131035303936
1283516143999713281
1283516160282169344
1283516160357490689
1283516168834183168
1283516181303848960
1283516193568182272
1283516198064394241
1283516214350950400
1283516231975198720
1283516235183828992
1283516256159662081
1283516260983230471
1283516265357815808
1283516265710055425
1283516270403559431
1283516273662582784
1283516285767344130
1283516294688575488
1283516303161143296
1283516311339806720
1283516315676733440
1283516327953608705
1283516387168747520
1283516395339288581
1283516402712875015
1283516416516411399
1283516420358320129
1283516433528287232
1283516437991165958
1283516438272188417
1283516444165242883
1283516445893079040
1283516461705764865
1283516461684871169
1283516475102433282
1283516483449032704
1283516499882176517
1283516499982872576
1283516500524052480
1283516504151973888
1283516504152178688
1283516545700962304
1283516546447552515
1283516562519912448
1283516593100775428
1283516597034987520
1283516608636321794
1283516609257242624
1283516612625170439
1283516616890888194
1283516617415176196
1283516625379975169
1283516634284646400
1283516659366424576
1283516663019835398
1283516675355291650
1283516675992825856
1283516688785260545
1283516697509597189
1283516701313662976
1283516701309636612
1283516706086883328
1283516714672693252
1283516725850525696
1283516725858840576
1283516734259908608
1283516734880784384
1283516747476168704
1283516755814551552
1283516767818649603
1283516784528818176
1283516814937460745
1283516823019937792
1283516831131742208
1283516836148125697
1283516844423426048
1283516848634580993
1283516852350656512
1283516860013711360
1283516881190756355
1283516885355712512
1283516912287256578
1283516915122450432
1283516916024455168
1283516918692024323
1283516918796898306
1283516920092860416
1283516927764246528
1283516931354562560
1283516931958386688
1283516953257226240
1283516955702566913
1283516974388174848
1283516982667681792
1283517010844897280
1283517020571656202
1283517028570214400
1283517028473737219
1283517036837040128
1283517041044004864
1283517054067150848
1283517070387355648
1283517071364587521
1283517074992705536
1283517078054608902
1283517078461456385
1283517083704266755
1283517088020271105
1283517090654232578
1283517092403326976
1283517096220139520
1283517111877468160
1283517121310457857
1283517138146394112
1283517146098741249
1283517153707208711
1283517158127996928
1283517159273123841
1283517159495344128
1283517166411747336
1283517187404292103
1283517200372908033
1283517205062340609
1283517216474963968
1283517216722386950
1283517216982360064
1283517217091604481
1283517217347211264
1283517217787740160
1283517242823651331
1283517250230784001
1283517250700406784
1283517254282424320
1283517254982828032
1283517266877980679
1283517285995614213
1283517309076807681
1283517317108895744
1283517321214976002
1283517330320842752
1283517333877727235
1283517343256268800
1283517347018375168
1283517351435132928
1283517352294793216
1283517364894564360
1283517389003513856
1283517405831090177
1283517405948452872
1283517418686611459
1283517418891997184
1283517422033657858
1283517423170154496
1283517427733524480
1283517431634264064
1283517439997808641
1283517443617546242
1283517444234129415
1283517456724578304
1283517464752644100
1283517468602966017
1283517477692071942
1283517490660810752
1283517499049299968
1283517510579621889
1283517519043735552
1283517524370432007
1283517531207196672
1283517540342390784
1283517548630343681
1283517552581316608
1283517553088880643
1283517560550338560
1283517561221591041
1283517561326284800
1283517566250635270
1283517572902682626
1283517581618327552
1283517581916360707
1283517586005807109
1283517594901905414
1283517603374182400
1283517603491672064
1283517607912538113
1283517611624390656
1283517612782243840
1283517614938103809
1283517619405029377
1283517629014122497
1283517648614109190
1283517653739548674
1283517669518594053
1283517670827134986
1283517674962771970
1283517678435667969
1283517692352385030
1283517717383745536
1283517724019261440
1283517725109817344
1283517732621778949
1283517745913528330
1283517763022192641
1283517766688006156
1283517771041603587
1283517779480641536
1283517791123976192
1283517800468946944
1283517800812871686
1283517808031211520
1283517812540092421
1283517822400974854
1283517825735430144
1283517837525409792
1283517838473547778
1283517875446218757
1283517875911708672
1283517925815734275
1283517942903246854
1283517943477936129
1283517947554619392
1283517989107662851
1283517989158092802
1283517993205604354
1283517997315960832
1283518009416593408
1283518009764532224
1283518014629883906
1283518019268820992
1283518030765490177
1283518030685909000
1283518043231068160
1283518043616768000
1283518064529637377
1283518089687191553
1283518090328891392
1283518094321881091
1283518114601201664
1283518114710183936
1283518119022145539
1283518122700537856
1283518136231157760
1283518144502550529
1283518152886935552
1283518161413758976
1283518164203180034
1283518174277795841
1283518190576967680
1283518194569945088
1283518199045263363
1283518231920160768
1283518245073543170
1283518249636958215
1283518257329246208
1283518261506666496
1283518262232453127
1283518262630920199
1283518287125643264
1283518290342686723
1283518290531418112
1283518294759100416
1283518329660080128
1283518362786713601
1283518366033022978
1283518370030247938
1283518386484531201
1283518387583361025
1283518392373321728
1283518395158339587
1283518408097779715
1283518500770906113
1283518508459003904
1283518509511835653
1283518525886398467
1283518546199314449
1283518550636933120
1283518559054897152
1283518567556800513
1283518571851677697
1283518579804114944
1283518584312836096
1283518589098745859
1283518592412246017
1283518605200695296
1283518609118167042
1283518630525833216
1283518634183274497
1283518651757461504
1283518655213568002
1283518656073347094
1283518660242530304
1283518664021606406
1283518672049451009
1283518672775131136
1283518673072906241
1283518677367894018
1283518680324878336
1283518681373454336
1283518694778380288
1283518698221899776
1283518698167263232
1283518702651158528
1283518706715435008
1283518722859249664
1283518727070384130
1283518727569506305
1283518734997618689
1283518748268179456
1283518756208234499
1283518764911341569
1283518786532974593
1283518789749862402
1283518790198800384
1283518806502055938
1283518811010826240
1283518831626014722
1283518831835648002
1283518852702380032
1283518861762068482
1283518873371697152
1283518882448277511
1283518891646496769
1283518894427308040
1283518899317641217
1283518911762386945
1283518920771563520
1283518928598204420
1283518946113728513
1283518951159402497
1283518962517643268
1283518966053376002
1283518988388048896
1283519008755470336
1283519011666485249
1283519016175370251
1283519016376643584
1283519016561250310
1283519021086674944
1283519041538121729
1283519041659899906
1283519053706010632
1283519054477754376
1283519055278870538
1283519066288750593
1283519066586701824
1283519083313496067
1283519097444151296
1283519100719820800
1283519112615014400
1283519116721229826
1283519129878700033
1283519130566524933
1283519133263581184
1283519159121465345
1283519159792435200
1283519159951691777
1283519167363194881
1283519171196866561
1283519180940161025
1283519197478178816
1283519197922750464
1283519204927438848
1283519209545367553
1283519221356326913
1283519222216192005
1283519226519617536
1283519226687352832
1283519246618841089
1283519247071813634
1283519255930183680
1283519259017191425
1283519263878402049
1283519264339550209
1283519268362084353
1283519271864336384
1283519276675031040
1283519310241992705
1283519323340857345
1283519326662692864
1283519327589683200
1283519330550874114
1283519332014854145
1283519334598553603
1283519347915468800
1283519355754557446
1283519356220186629
1283519360481583105
1283519385261367296
1283519386255532038
1283519394040238080
1283519393981440000
1283519406367219719
1283519414281830402
1283519415158476801
1283519419147186176
1283519422813085696
1283519427275657216
1283519427552727041
1283519435714822146
1283519436440440834
1283519443675619330
1283519452617805824
1283519456384126976
1283519456795406336
1283519474063286273
1283519482942484481
1283519485836693504
1283519499464040448
1283519507248668673
1283519527825764353
1283519528094359553
1283519528777875456
1283519537372188673
1283519548789010436
1283519550340902912
1283519557773209605
1283519574617411590
1283519574990884865
1283519586592346113
1283519591000559618
1283519608260038660
1283519650882555905
1283519658813947906
1283519665952772097
1283519678615367681
1283519687456890880
1283519712815611905
1283519720335998976
1283519725092446209
1283519728976367618
1283519729869770755
1283519745808097281
1283519745703190531
1283519746227478534
1283519751566888961
1283519754087682048
1283519758252617728
1283519771200434176
1283519775948312576
1283519779337371648
1283519788459929600
1283519792230604800
1283519801114140674
1283519816905584640
1283519817845268481
1283519817790771200
1283519826980409345
1283519838065799168
1283519846328733696
1283519846311919618
1283519847767236608
1283519860727848962
1283519863311478784
1283519871829987328
1283519872794861574
1283519875953184768
1283519901244637185
1283519913789988865
1283519934547599362
1283519935059300352
1283519939152732162
1283519952121663494
1283519953040224256
1283519964062916609
1283519966461882368
1283519977769902081
1283519997294383104
1283520001572368384
1283520002046357504
1283520002474143744
1283520006047895552
1283520007259844608
1283520023559118848
1283520032522276864
1283520035596763136
1283520035915550721
1283520065061691402
1283520069147021312
1283520078873591809
1283520082216398849
1283520085357932544
1283520085533966336
1283520094119788545
1283520132237729792
1283520132925587463
1283520136910008320
1283520148142346240
1283520153783873538
1283520157512589312
1283520161035608064
1283520165309829121
1283520170174976001
1283520170594639872
1283520174264655874
1283520178328711168
1283520183399780355
1283520186621014016
1283520192065294337
1283520199396737024
1283520229218430976
1283520236566859777
1283520237376339971
1283520240605966338
1283520244963737602
1283520258616242176
1283520282783821827
1283520283014561792
1283520282657984513
1283520287653257217
1283520288320299012
1283520292464230407
1283520295903666182
1283520296096616449
1283520303730233345
1283520308238925824
1283520324525535238
1283520329764220929
1283520329961230337
1283520345509593089
1283520346046464008
1283520349619937280
1283520375347912714
1283520375444258816
1283520401411174400
1283520405618200591
1283520426312900609
1283520430914056194
1283520439130689537
1283520441919782912
1283520447192207365
1283520451449442304
1283520468071448576
1283520475927162881
1283520476468453376
1283520484966006785
1283520488405442561
1283520506226978820
1283520513323614208
1283520513713684480
1283520517698228224
1283520526187520000
1283520543820578824
1283520560446738433
1283520568747270145
1283520576133271554
1283520576716406786
1283520577358180352
1283520597557940225
1283520602884669441
1283520606089220110
1283520610702958593
1283520613919813633
1283520640587309059
1283520643418533889
1283520652591464448
1283520653044396032
1283520653338058753
1283520664989847559
1283520668462718979
1283520669515481088
1283520670035578880
1283520681184043008
1283520686468796424
1283520706991452161
1283520707775934466
1283520722740998145
1283520732492947457
1283520732845101056
1283520736003526657
1283520744887136261
1283520757956513792
1283520765049044992
1283520769553768450
1283520770963132416
1283520807562555394
1283520815221428225
1283520815959613441
1283520831948238848
1283520858569547782
1283520865506820097
1283520895202594816
1283520895303118849
1283520903360307200
1283520904660520960
1283520917059047425
1283520933743988737
1283520946247282689
1283520959266336778
1283520959371239426
1283520975586263045
1283521017034371072
1283521025724919809
1283521026064879617
1283521026295386112
1283521029827158016
1283521030401728513
1283521037506768897
1283521039222353921
1283521046465806336
1283521051792678917
1283521052027559936
1283521059182874625
1283521063553388544
1283521076258058240
1283521101449003008
1283521110022258697
1283521110340808706
1283521118230458368
1283521134722523136
1283521139956998151
1283521152392953857
1283521159271714818
1283521160009801728
1283521186165600263
1283521192968826880
1283521205618827279
1283521215341031424
1283521218197495818
1283521222060519433
1283521226808279040
1283521236425990149
1283521239232008194
1283521264955662342
1283521276905091072
1283521282261188609
1283521284878610433
1283521295313854464
1283521298552037379
1283521302045892609
1283521302318333952
1283521306298920962
1283521306890252293
1283521312149954561
1283521315664789508
1283521319548723201
1283521324032368641
1283521331754143745
1283521336485253121
1283521336434987009
1283521361214750726
1283521374359900165
1283521377522204673
1283521378608652290
1283521390524665856
1283521399521447938
1283521428038402048
1283521440566972416
1283521461123190786
1283521465208524802
1283521466940690436
1283521471080534018
1283521474649903110
1283521486544928768
1283521491980693505
1283521494958694401
1283521504882364416
1283521515674370050
1283521516152463362
1283521538013224960
1283521546410168320
1283521550021308416
1283521558066143232
1283521562654773254
1283521567280922624
1283521571215351809
1283521578831998976
1283521579750699009
1283521580266651648
1283521584238678017
1283521592576835585
1283521604773801984
1283521616752906247
1283521617029550080
1283521620947218432
1283521654832996354
1283521689066889218
1283521696264331268
1283521696843079685
1283521697526816768
1283521697895743488
