1280894389590659072
1280894394040754176
1280894401225555970
1280894410344091650
1280894410549596160
1280894434356404231
1280894435157565441
1280894438194196481
1280894444066222081
1280894455646760967
1280894459765350400
1280894485833166848
1280894493663920128
1280894506305556480
1280894515088220160
1280894523388956674
1280894526824091648
1280894535774552069
1280894549414551555
1280894557945815040
1280894573468844034
1280894578418225152
1280894586022289413
1280894597904756736
1280894620260597763
1280894628443697153
1280894640552542210
1280894665911341061
1280894666167275523
1280894652187631616
1280894683011579904
1280894694613024771
1280894707812294656
1280894708064149506
1280894738036600833
1280894749906399234
1280894753119203332
1280894761759469571
1280894765563817986
1280894766813675525
1280894773885374464
1280894779220471808
1280894787667857408
1280894821268406273
1280894832991522817
1280894842457948162
1280894850926338050
1280894854030114816
1280894854600458240
1280894863056056321
1280894870840696833
1280894871193059328
1280894875638980608
1280894878914760705
1280894883285303306
1280894887966068738
1280894892911165440
1280894904088985601
1280894905079017472
1280894909289914368
1280894909671669760
1280894917234044929
1280894917909282816
1280894925849145344
1280894942655676421
1280894946007044097
1280894968022757376
1280894989262893058
1280894989539704832
1280894997806669825
1280895005708730368
1280895017503068160
1280895018459443201
1280895018555764736
1280895018538987520
1280895026566922240
1280895046720643075
1280895044577157121
1280895048008306689
1280895051208556546
1280895051552391169
1280895051892023296
1280895056690454528
1280895060289208321
1280895065192304640
1280895077569757184
1280895081898270723
1280895084448358401
1280895107823271936
1280895127557300224
1280895130690412544
1280895130577375232
1280895144552804358
1280895159912280064
1280895165268361216
1280895182091804672
1280895194351587328
1280895195093938177
1280895211074465795
1280895215990009857
1280895218385145857
1280895244670832640
1280895257924771841
1280895260646916096
1280895269932949504
1280895273577873409
1280895278699044865
1280895294662557697
1280895303785250816
1280895307522375681
1280895312400441344
1280895319652384769
1280895336656093184
1280895337499111424
1280895340359507968
1280895340779114498
1280895366167252999
1280895374400593923
1280895382978007041
1280895383816847361
1280895386455072768
1280895399818137600
1280895411763494915
1280895420231757824
1280895420475072512
1280895437050990594
1280895437260484608
1280895442268622851
1280895446160998401
1280895454968983556
1280895458110582785
1280895459209416705
1280895459456954369
1280895458752163843
1280895459507175424
1280895462824804353
1280895463319715841
1280895463579742208
1280895466117509120
1280895478830432257
1280895479258255361
1280895479388221440
1280895483834183681
1280895487776702464
1280895487986397184
1280895503950102531
1280895512225312768
1280895512900784128
1280895512300924928
1280895517753520129
1280895525357641729
1280895525743722496
1280895529556348932
1280895533238845440
1280895533838630913
1280895537957363712
1280895546195095553
1280895547096756224
1280895550498451462
1280895567074177024
1280895575077068801
1280895579384459264
1280895583755124737
1280895584703074305
1280895610036654080
1280895634904616961
1280895642269880320
1280895651383894016
1280895665405452288
1280895676960759810
1280895680421285888
1280895689128415237
1280895701040402432
1280895730526322688
1280895739258982402
1280895752269676545
1280895776860839942
1280895777359851520
1280895780757200897
1280895781789224961
1280895781860499457
1280895782078611457
1280895785698279439
1280895789850521600
1280895839473262593
1280895848998731781
1280895860394659842
1280895860604145665
1280895861724254209
1280895865343946759
1280895873334026242
1280895882456514561
1280895899229659137
1280895908033507331
1280895919479640065
1280895920746332160
1280895924475133952
1280895931915939840
1280895948546289665
1280895971166208001
1280895986991345667
1280896012836499456
1280896012974993408
1280896013100777472
1280896016640880640
1280896037754998785
1280896049549377537
1280896054112608257
1280896070730612737
1280896084059938816
1280896091790217218
1280896108579995648
1280896117039861761
1280896125906681865
1280896140909690880
1280896141954072577
1280896150313172993
1280896150674038784
1280896166675316736
1280896184203317248
1280896188053508096
1280896200632385536
1280896205116059649
1280896230390992897
1280896242378252288
1280896243041001472
1280896254759915522
1280896260342513664
1280896294127534082
1280896296832860160
1280896297411567618
1280896301077540864
1280896305087291397
1280896305406136320
1280896318802665472
1280896323361951744
1280896326448951298
1280896327203708928
1280896336347443206
1280896356085686272
1280896356328988672
1280896364134559745
1280896364340264960
1280896371994828802
1280896377292292099
1280896378445524993
1280896381490618368
1280896381675278337
1280896385152401408
1280896397374455809
1280896398641311751
1280896401518596097
1280896414911025156
1280896423119159297
1280896428382945282
1280896439468449793
1280896443771953155
1280896448767328257
1280896460389842944
1280896465024348165
1280896468765732864
1280896477204709376
1280896485773783040
1280896490714603520
1280896497819795457
1280896510675148800
1280896536201908224
1280896540849176584
1280896549397106688
1280896552786165763
1280896557420666880
1280896587728896006
1280896611326005249
1280896612131196928
1280896616300494849
1280896628279345154
1280896629051199493
1280896628497567744
1280896638068748289
1280896641281785856
1280896641617350661
1280896644670607361
1280896645337698305
1280896645899616257
1280896650005938176
1280896654426570752
1280896682662690817
1280896683648442368
1280896699230113793
1280896700589187073
1280896701163876359
1280896703604891648
1280896741479514112
1280896741550718981
1280896762539118592
1280896767307939843
1280896771288432645
1280896771640754182
1280896776405483521
1280896797406138369
1280896800304570369
1280896814179377154
1280896816972611584
1280896822312087552
1280896829891231745
1280896838342635522
1280896842209751045
1280896850447515649
1280896864431345664
1280896868227190785
1280896871779663872
1280896875713957890
1280896893418196993
1280896901995474944
1280896909771563014
1280896917291937792
1280896937995259907
1280896939035410433
1280896942638235648
1280896942801903616
1280896951521644544
1280896968688939013
1280896976083718145
1280896981070725122
1280896989421543424
1280896997667602433
1280897014411202563
1280897015191232512
1280897031184277506
1280897039124094977
1280897048066363394
1280897048238264320
1280897048653344768
1280897056715034634
1280897056974888961
1280897077258715143
1280897082153467907
1280897086532157440
1280897122863177729
1280897127569412096
1280897141033119745
1280897144032034818
1280897148188528642
1280897148343799808
1280897149199249416
1280897160784031745
1280897161224486913
1280897169122263045
1280897198742364161
1280897207089205249
1280897211417665536
1280897216325050371
1280897227666395139
1280897228349923329
1280897228840865792
1280897232993161217
1280897254010900484
1280897257982668800
1280897274768490496
1280897275082899456
1280897282406154245
1280897296083963910
1280897299925762048
1280897307865743360
1280897311909056512
1280897325116862468
1280897325108473859
1280897338559672320
1280897346700795910
1280897362743848961
1280897367139651584
1280897380146167808
1280897383061209088
1280897383468072960
1280897391525130240
1280897391818727425
1280897396751417344
1280897405139980291
1280897412240797701
1280897412769472520
1280897420688330752
1280897422126956547
1280897430234386432
1280897433510313986
1280897462547484674
1280897463336009730
1280897492792549377
1280897501692821505
1280897502024212481
1280897506079944704
1280897513378050050
1280897514422652930
1280897518004559872
1280897529786167296
1280897530004471808
1280897534337179648
1280897535742271488
1280897542360793089
1280897546832031744
1280897555807830017
1280897576758280198
1280897580277403649
1280897592755400704
1280897605174734848
1280897609603993612
1280897610241507329
1280897617942241281
1280897622107205632
1280897635289874432
1280897635814170625
1280897635809927168
1280897656043253761
1280897656051642372
1280897659583303682
1280897660644458496
1280897660661137411
1280897669758455808
1280897684971425795
1280897674389028865
1280897694299574272
1280897702700539905
1280897715350777856
1280897718769143810
1280897719415058433
1280897722745225216
1280897723114422274
1280897743456628737
1280897748162797568
1280897769050443779
1280897769893322752
1280897773026578432
1280897777460039681
1280897781771767815
1280897781834510337
1280897786989461504
1280897807281520645
1280897811786186759
1280897840500428801
1280897848905576449
1280897849912426499
1280897852617572352
1280897866010066945
1280897878358188034
1280897886620913665
1280897895563231232
1280897899862335494
1280897911908233216
1280897933009997825
1280897945856966656
1280897958947500032
1280897992556412932
1280898000366305280
1280898020788383744
1280898021430038528
1280898021522374656
1280898021799190536
1280898041453645825
1280898050857238528
1280898054145691648
1280898062425165824
1280898067764477952
1280898072176885764
1280898080804487168
1280898084839489536
1280898091776958469
1280898091881807872
1280898117961834496
1280898121514446848
1280898126992142338
1280898131014692864
1280898138577014787
1280898139373932544
1280898142171471873
1280898145698881536
1280898147149942785
1280898155970621440
1280898159003271173
1280898181333688322
1280898209666252810
1280898210266066948
1280898218155560961
1280898218608537601
1280898222018486274
1280898223171911680
1280898231786971136
1280898238673911810
1280898252208996363
1280898259712704515
1280898277152624640
1280898289353670656
1280898294789652480
1280898295058116620
1280898309855612930
1280898310564388866
1280898313462702084
1280898326762684416
1280898352968880133
1280898369783836674
1280898374682791936
1280898390365175810
1280898394060357633
1280898398980321280
1280898414708961280
1280898424330584064
1280898437165301761
1280898428382466048
1280898469411028993
1280898478659571714
1280898478424514560
1280898490936315904
1280898495306752001
1280898495810019328
1280898496065875970
1280898512188817409
1280898515355516934
1280898520422264833
1280898528282390528
1280898541385322497
1280898546108170240
1280898562130423811
1280898562231074816
1280898575350878208
1280898579956023297
1280898595772944384
1280898596276260865
1280898603821797378
1280898608129286145
1280898608422846465
1280898616853516289
1280898621227950081
1280898633072852992
1280898642098835465
1280898667096965120
1280898670528004098
1280898671756881920
1280898676144115714
1280898684004167680
1280898683542929412
1280898705160376321
1280898709279170562
1280898720742203392
1280898730523275265
1280898754388938752
1280898767655505925
1280898772269178882
1280898775419158528
1280898775632850950
1280898789176467462
1280898792531939330
1280898792636551174
1280898796772360192
1280898797191790592
1280898806079320065
1280898823100006400
1280898825792692224
1280898825662554118
1280898827411570690
1280898834579681281
1280898847456350208
1280898859527364608
1280898876371861504
1280898876501704705
1280898877651107847
1280898880343810048
1280898893732106240
1280898901235716096
1280898910349860866
1280898914263035905
1280898919107526656
1280898922861539330
1280898922475634695
1280898926518964225
1280898952271761408
1280898955715514372
1280898978666745860
1280898981829185537
1280898990540808192
1280898990695989248
1280898993761980419
1280898994030419971
1280898998249951233
1280899015048126471
1280899019447980033
1280899031531749378
1280899036833132545
1280899037311401986
1280899052578705408
1280899058169638912
1280899060782645248
1280899078268882944
1280899081951461376
1280899086837825536
1280899094270087169
1280899099320090626
1280899104646721536
1280899110938324993
1280899116269047808
1280899128218628096
1280899132140343302
1280899137718935552
1280899145839017989
1280899169885073408
1280899170459582464
1280899174482022405
1280899177787076610
1280899208149680128
1280899216534093832
1280899225203748865
1280899233030307840
1280899233273524224
1280899250273038337
1280899254261694466
1280899267062792200
1280899292425838592
1280899300277567490
1280899326303186945
1280899329264418816
1280899337820618754
1280899341851426818
1280899351095791618
1280899363670122496
1280899371920490498
1280899380044849155
1280899396889202698
1280899417571315712
1280899421853626369
1280899435757780993
1280899468653625347
1280899485019844609
1280899493161054209
1280899502526865409
1280899509942398977
1280899513775984645
1280899523032895488
1280899530691497984
1280899531320840192
1280899544151134214
1280899551847743492
1280899552153927680
1280899573137973248
1280899577051217922
1280899585146118146
1280899589541974016
1280899593006448642
1280899598618439680
1280899605882863617
1280899610790244352
1280899631778418694
1280899635574439943
1280899647922475009
1280899660597678080
1280899665551114242
1280899675680276480
1280899711373725696
1280899719800053761
1280899724757938176
1280899727480033284
1280899736732487680
1280899737273675777
1280899748476706816
1280899774082924552
1280899784010801152
1280899787122831363
1280899820224491521
1280899837047734274
1280899845671120897
1280899854277935106
1280899862578565124
1280899871395008512
1280899878692909057
1280899883269074958
1280899895281487873
1280899896518651904
1280899900608299012
1280899916345143296
1280899916643078147
1280899920954707968
1280899941993451522
1280899945948725249
1280899957977833474
1280899964261085185
1280899966769168384
1280899971286544386
1280899979163267082
1280899983571648512
1280899996712304642
1280899997190537218
1280900005398827010
1280900008515174401
1280900009282744320
1280900014483611648
1280900018510139393
1280900029075591168
1280900046339428352
1280900046586814470
1280900051318030336
1280900068476776450
1280900080954990592
1280900093546291200
1280900097060900865
1280900097195343872
1280900101129584645
1280900113481818112
1280900113796231169
1280900114085797889
1280900115054632967
1280900115138351105
1280900122382123008
1280900126043705346
1280900131206975489
1280900139578785792
1280900147803754496
1280900156813017089
1280900168922083335
1280900172390662145
1280900182310359042
1280900198433271809
1280900203134906369
1280900205949280257
1280900218230312960
1280900219593465856
1280900227545915396
1280900232478371840
1280900252141326337
1280900252204240896
1280900255941263360
1280900256276738048
1280900298370932738
1280900319862382594
1280900327294681089
1280900341047926785
1280900360887033859
1280900374463987716
1280900378448596994
1280900399847870477
1280900407095672835
1280900408056127489
1280900408215470080
1280900424212643842
1280900424686604289
1280900429224738816
1280900432144064518
1280900436564807680
1280900446652108800
1280900450275995648
1280900458920509442
1280900461709623298
1280900466893885441
1280900470215553025
1280900474418475008
1280900491258494977
1280900500234268672
1280900509403172865
1280900513454788610
1280900521201729538
1280900524754243586
1280900533537124352
1280900533965017088
1280900534489296902
1280900537731481600
1280900550163300355
1280900558790918145
1280900563832619012
1280900571222999043
1280900587488337922
1280900596502069249
1280900622016012289
1280900630425612288
1280900655067127808
1280900671919677441
1280900672599158784
1280900676063834113
1280900683814731778
1280900683881951233
1280900688185344002
1280900689292488704
1280900701359661056
1280900714320060418
1280900718380167168
1280900731273220097
1280900734842789888
1280900739305537536
1280900748113559554
1280900777737945089
1280900793512726529
1280900797878992896
1280900814077386754
1280900831479382017
1280900847615049728
1280900860717830144
1280900873812500480
1280900893945233410
1280900902409437184
1280900903185367041
1280900911582154753
1280900932440428544
1280900935557025795
1280900940292329474
1280900942968299521
1280900969744592897
1280900978322083840
1280901011670851584
1280901024035807234
1280901025285771270
1280901032319516673
1280901040456568837
1280901049751085056
1280901050036375553
1280901078440009729
1280901078897307649
1280901091601891329
1280901109297688577
1280901129816231936
1280901141451157504
1280901145960099840
1280901146345791492
1280901146861658118
1280901147029409799
1280901150754041856
1280901187353473024
1280901187743567872
1280901201857523712
1280901205070434304
1280901250171539456
1280901266793730049
1280901267007721477
1280901280035213317
1280901287857590275
1280901289002643457
1280901292072845312
1280901308992667649
1280901309382553600
1280901309890166789
1280901317263872000
1280901326071836676
1280901330375065605
1280901334619893760
1280901342433693697
1280901346745634816
1280901364344934400
1280901372074840065
1280901384997502976
1280901385198813184
1280901397525991424
1280901401141485569
1280901400898265092
1280901418094919681
1280901422289235969
1280901422184194048
1280901426814898176
1280901439313842176
1280901452391579648
1280901465045897216
1280901476395573249
1280901482217263104
1280901482418708484
1280901485534928896
1280901493751676928
1280901502236794881
1280901502693969922
1280901514509377536
1280901519311884289
1280901522910441472
1280901527213875205
1280901532041478146
1280901536030371840
1280901540644040706
1280901543458414593
1280901547833135105
1280901561678548993
1280901574278041603
1280901586022281217
1280901594016555008
1280901594532532225
1280901595664920577
1280901612043730944
1280901614950285312
1280901640497684482
1280901657535156231
1280901673725149187
1280901673892941825
1280901687394201600
1280901699130064897
1280901700069572610
1280901703609593861
1280901715114569728
1280901737327575050
1280901741261795328
1280901745200304129
1280901745758085126
1280901750271225865
1280901757686681600
1280901774329741313
1280901787755692033
1280901799814316034
1280901803798822913
1280901808219619329
1280901812598575106
1280901816188715010
1280901824984350721
1280901829266726912
1280901833754460160
1280901837466501120
1280901846182162435
1280901847004270593
1280901858530295808
1280901875492143106
1280901876498784257
1280901880424660994
1280901880655212544
1280901913093996544
1280901913379131392
1280901925504876544
1280901934174658565
1280901935021817863
1280901938259910657
1280901947437060096
1280901950679027712
1280901959239827456
1280901960305119233
1280901975165583360
1280901988188852225
1280901997152083969
1280901997215059971
1280902005922422786
1280902013849497607
1280902029699739648
1280902039611092993
1280902080769798145
1280902085291245568
1280902085672931331
1280902110561763329
1280902110997962752
1280902123065090055
1280902130958819329
1280902149006921730
1280902152509153287
1280902160780267525
1280902165373075456
1280902165817589764
1280902169097625600
1280902181101731845
1280902181533757443
1280902193869094912
1280902194842214401
1280902199636353024
1280902202731741184
1280902207584579584
1280902211921420289
1280902219366305792
1280902219580297226
1280902223480918016
1280902232485969922
1280902237263405056
1280902240589565952
1280902260436983809
1280902270159208449
1280902273577684993
1280902295232950272
1280902311645249537
1280902320717512706
1280902341625933824
1280902345426116609
1280902358197665792
1280902363000127488
1280902375335555072
1280902387562156039
1280902387847356422
1280902395782987776
1280902400048586754
1280902409410293761
1280902416230158342
1280902433150062592
1280902442322923520
1280902454238986241
1280902463579516928
1280902475684491264
1280902476179226624
1280902479337721858
1280902479849365505
1280902496798609408
1280902497532555264
1280902504310603778
1280902505313062912
1280902513647136768
1280902516796846081
1280902522165702656
1280902525902872581
1280902542277275648
1280902547520335873
1280902550309355520
1280902563009892352
1280902563798216709
1280902567103430662
1280902567971753984
1280902568487632896
1280902568483229696
1280902593837821953
1280902601287090178
1280902609285582849
1280902618374647810
1280902631305576449
1280902631544717314
1280902634933805062
1280902638943391744
1280902643217399808
1280902643603378176
1280902644576522240
1280902667569676300
1280902669461262337
1280902673269755907
1280902689618972672
1280902689640140808
1280902689711427587
1280902711265964032
1280902714105479170
1280902717498626049
1280902726742945798
1280902744308699137
1280902744929267712
1280902747873701888
1280902765749903360
1280902777837744128
1280902778416558088
1280902793629483008
1280902793600040960
1280902793914540032
1280902811283226625
1280902811413286914
1280902819713888256
1280902819676119042
1280902827020296192
1280902831688626176
1280902840672632832
1280902841855545346
1280902843889639425
1280902856443260929
1280902861082308610
1280902869923717120
1280902869634277376
1280902882468995072
1280902886931611648
1280902894359703554
1280902907341287424
1280902907634880517
1280902912026304512
1280902912361857024
1280902913003569152
1280902936868958210
1280902944788004865
1280902958247546882
1280902962416693250
1280902969937072128
1280902978975657985
1280902983669121024
1280902990409265152
1280902999045521409
1280903009099186176
1280903024697847811
1280903042133569536
1280903045233205253
1280903045640003584
1280903058386489345
1280903059132964866
1280903062270480386
1280903062647865344
1280903062719270917
1280903063251943424
1280903063251955712
1280903070638014467
1280903080318402560
1280903083321589762
1280903088598114305
1280903091986939904
1280903108994969600
1280903117492518912
1280903120722288643
1280903121666007040
1280903126271352834
1280903134731272195
1280903142272569345
1280903150736535558
1280903172068978689
1280903183598903297
1280903196567900170
1280903200585986054
1280903213869174784
1280903221871951873
1280903226414505984
1280903230835380227
1280903234761220097
1280903243409903616
1280903260702937094
1280903276058210304
1280903276372746240
1280903306840244226
1280903323936145414
1280903344387772416
1280903355292741632
1280903355796205568
1280903356043558913
1280903356270206982
1280903368634961922
1280903393435881472
1280903406211624961
1280903410276016128
1280903415875289089
1280903428227698688
1280903428282232833
1280903436544864261
1280903448024752129
1280903453871652868
1280903465858809858
1280903469876998144
1280903503330766849
1280903507390926849
1280903524923170816
1280903537023746049
1280903554283298824
1280903565750472711
1280903565964218368
1280903570590752775
1280903573786804224
1280903607915864064
1280903615796961280
1280903620821520385
1280903620980912128
1280903633324965889
1280903637909278720
1280903641893875712
1280903650013925376
1280903658381729792
1280903670440366080
1280903683816009729
1280903687347548161
1280903688614301698
1280903704330158080
1280903724676681728
1280903745568636929
1280903746806001666
1280903754951340040
1280903755471433728
1280903759858671619
1280903763968929793
1280903767429439488
1280903767924174854
1280903776484745219
1280903779416633347
1280903780507107328
1280903792494403584
1280903800207753216
1280903805555503105
1280903817899507713
1280903838401089536
1280903863546060801
1280903867991908357
1280903872580468737
1280903875709603840
1280903880151388163
1280903894134996992
1280903901353558025
1280903902255341568
1280903905233297413
1280903905094758401
1280903909834256384
1280903922631270403
1280903935910387712
1280903939765022720
1280903956500226048
1280903959679430656
1280903964188307462
1280903994248855552
1280904022451458049
1280904044697931776
1280904044597465099
1280904044970676224
1280904064889479168
1280904078437072896
1280904097797779456
1280904099014356992
1280904107163820032
1280904128378671105
1280904128764342273
1280904145705238529
1280904157843476480
1280904165867339776
1280904169923190794
1280904174402666496
1280904195034329088
1280904199715409922
1280904236453236736
1280904237208211460
1280904249422024704
1280904253767376903
1280904278769614851
1280904282678521856
1280904287036432384
1280904308775682049
1280904324391067655
1280904347052904448
1280904349460295681
1280904363221954561
1280904366740828160
1280904392221351936
1280904404762329089
1280904417525460993
1280904426010615809
1280904426094358529
1280904443253395468
1280904459778961408
1280904475851530240
1280904479764877312
1280904497766625282
1280904501310844928
1280904504985165826
1280904517031206914
1280904529467367426
1280904530922782720
1280904534823514113
1280904534727036930
1280904539332153344
1280904557015511041
1280904568998526977
1280904572131782661
1280904577567596546
1280904589752127490
1280904626875793410
1280904627647647746
1280904644152168451
1280904648115838976
1280904656621719552
1280904669879873536
1280904673298440192
1280904685378027520
1280904698422161408
1280904702381580288
1280904703367426050
1280904706596851712
1280904707049914370
1280904720115044352
1280904720136060936
1280904724800327682
1280904714285088769
1280904735713878016
1280904740025622528
1280904744689635328
1280904757788491779
1280904782803283968
1280904794518040578
1280904798410289152
1280904815946719236
1280904820379906049
1280904824159076354
1280904848695836674
1280904862302167042
1280904878202793984
1280904886989840385
1280904900487020544
1280904901271437313
1280904911782203392
1280904913472466944
1280904920057753601
1280904937170485256
1280904941054222336
1280904955159818240
1280904958498480128
1280904966887047168
1280904979742633985
1280904983127502848
1280904984033460224
1280904983802765312
1280904992505954309
1280904995651686407
1280904996121464843
1280905017441091586
1280905042359250944
1280905050064187393
1280905059077931009
1280905076522061824
1280905093395726336
1280905097262792704
1280905100739952641
1280905134940315649
1280905138756960256
1280905146487234567
1280905147472904192
1280905159145664513
1280905163285372931
1280905163415437312
1280905164270919680
1280905164795322368
1280905168599605250
1280905172999421952
1280905193899675650
1280905210492104704
1280905219321233409
1280905247485911042
1280905260375003137
1280905268885368834
1280905269136916480
1280905277190008835
1280905281673859073
1280905284945186816
1280905301806497793
1280905310794846218
1280905315186139136
1280905319871373312
1280905339999789063
1280905340368957440
1280905340540915712
1280905344185589760
1280905369120882688
1280905378104934401
1280905382462816256
1280905386124627979
1280905394349641728
1280905415425957889
1280905415581196291
1280905423726563328
1280905423961366529
1280905429170696194
1280905436934397952
1280905448833658881
1280905450167373824
1280905470576910337
1280905470656602112
1280905479737102337
1280905482975182848
1280905483495313409
1280905486762557440
1280905486485852167
1280905487266058240
1280905487526002690
1280905491174965249
1280905503816642561
1280905507662954496
1280905520807849984
1280905546552561666
1280905557658959873
1280905588541661184
1280905600726175746
1280905608162664453
1280905621777182721
1280905630103060487
1280905633911332864
1280905646561464323
1280905654417461248
1280905654564270080
1280905658704035842
1280905667071614976
1280905680090730501
1280905689531969537
1280905700349292549
1280905701376897029
1280905721538846720
1280905743290556417
1280905750299189248
1280905751687507968
1280905796793090048
1280905801406853120
1280905814241353740
1280905822168510465
1280905830724853760
1280905835019767808
1280905838568239104
1280905839641935872
1280905847518961665
1280905855484006405
1280905859724386304
1280905872936402945
1280905877088874498
1280905880737918976
1280905889210384385
1280905893429854211
1280905897347252224
1280905911213551617
1280905928225611776
1280905932562747393
1280905935104417793
1280905939638538240
1280905960244953088
1280905970017861637
1280905993715580928
1280905994155982852
1280906011012988928
1280906015614042114
1280906015878320129
1280906019317534720
1280906031741186049
1280906040859639808
1280906048401027073
1280906053102833664
1280906056940564481
1280906061743038467
1280906065727623173
1280906066474209280
1280906073860444160
1280906078058921984
1280906120610091008
1280906120723345415
1280906128440856583
1280906137920036865
1280906146287673358
1280906149295009792
1280906163228495877
1280906170048434180
1280906174049718272
1280906187337347075
1280906187496620034
1280906196619161600
1280906203862839300
1280906208396718080
1280906208438898688
1280906211542663170
1280906216789565445
1280906216944939008
1280906237815603205
1280906241326415875
1280906234590265344
1280906258271232002
1280906267280711682
1280906270791229441
1280906276222963713
1280906279016370182
1280906295982383105
1280906296598736896
1280906304521977856
1280906318157676544
1280906330182758400
1280906333701779457
1280906333974380546
1280906338420297728
1280906346649587716
1280906363900739585
1280906372029329411
1280906379734274048
1280906380115927040
1280906384171728897
1280906410310672385
1280906413527760906
1280906418896416770
1280906434755080192
1280906438844416000
1280906439884587008
1280906463997759495
1280906473313361926
1280906481521623047
1280906485137096707
1280906483899568128
1280906496474152960
1280906497480781824
1280906497489285127
1280906498089025536
1280906501675257857
1280906523280060417
1280906527440805889
1280906527528738816
1280906543953850368
1280906552094928896
1280906556087963648
1280906568855363586
1280906576799436800
1280906607078060034
1280906615328329728
1280906619421949952
1280906636803047425
1280906636878544897
1280906665483661313
1280906677756272644
1280906687168131076
1280906690347495425
1280906699449208834
1280906707867103234
1280906711222583298
1280906711302275072
1280906715706331141
1280906720911343616
1280906723612602370
1280906728519933959
1280906753014669312
1280906770878214146
1280906771360550913
1280906783066935296
1280906795146493955
1280906803681693696
1280906812598804481
1280906817107722240
1280906824556912645
1280906879263178752
1280906882895380481
1280906900519948289
1280906905561563136
1280906921940258817
1280906926348435456
1280906946602827778
1280906968421539840
1280906992144523270
1280906993260269568
1280907009378750465
1280907017348136962
1280907030237069312
1280907038768328710
1280907046725079041
1280907048285282304
1280907055742832640
1280907055868641280
1280907056489263104
1280907063355293696
1280907064571760641
1280907067923017729
1280907094095347712
1280907101104222208
1280907105600450560
1280907119571529729
1280907126903316480
1280907126878109704
1280907131693207552
1280907139532365825
1280907144175501314
1280907147505590272
1280907155802112001
1280907156104101888
1280907186495991817
1280907190086381569
1280907194251317251
1280907197774327809
1280907198810533888
1280907198730772482
1280907198827319297
1280907203113779201
1280907210881671175
1280907223905034242
1280907223733022722
1280907258113732613
1280907265705312256
1280907273850814465
1280907294453137415
1280907298248855552
1280907311482052608
1280907320613048321
1280907323553255425
1280907324807213056
1280907354259808267
1280907357413765120
1280907357791367170
1280907365898952704
1280907370999283712
1280907374614757376
1280907403744116736
1280907404373303296
1280907413638598656
1280907421205086208
1280907423948189697
1280907425349058562
1280907429220417537
1280907454788837377
1280907461868781570
1280907466809716736
1280907467149500416
1280907476263677953
1280907504596078594
1280907504629829633
1280907525001363457
1280907529933910017
1280907530353467395
1280907533620838406
1280907558836936706
1280907563081457665
1280907592596770816
1280907593280622592
1280907604781301760
1280907609554419712
1280907612813475840
1280907630123368460
1280907654869553152
1280907659307298817
1280907676600406017
1280907679968313344
1280907685949370368
1280907688705011713
1280907697848676352
1280907702588366850
1280907709714497544
1280907714873511937
1280907726177005568
1280907726281830400
1280907726785142786
1280907743172243458
1280907752840335361
1280907759882469378
1280907772423520257
1280907773006340098
1280907777028902912
1280907776701526017
1280907777972436993
1280907781894295558
1280907784859648001
1280907785190797312
1280907789821521937
1280907802026881024
1280907802756542464
1280907810348445697
1280907815721340936
1280907832016150530
1280907835660890113
1280907835891544064
1280907847900049414
1280907852148850688
1280907857005854726
1280907882104598529
1280907890551853056
1280907898831409154
1280907910739046405
1280907914828369926
1280907944666828800
1280907957165854721
1280907957941817344
1280907957950169089
1280907960919588865
1280907983174676482
1280907991030562816
1280907994646142976
1280907999540678656
1280908017207324672
1280908033829351428
1280908059074801665
1280908061750759424
1280908063080407042
1280908066800664584
1280908082823024641
1280908082877353984
1280908083602919429
1280908083737354246
1280908091291205632
1280908112363491328
1280908146823892994
1280908150737113088
1280908155006976003
1280908155250237440
1280908163294785536
1280908167233318912
1280908183314280450
1280908196077547521
1280908208635351040
1280908208685473795
1280908214062768128
1280908216898068486
1280908221872574466
1280908229732700161
1280908234799362048
1280908247625601024
1280908267309240325
1280908276021039107
1280908276805382150
1280908283868520449
1280908285122658305
1280908288427786241
1280908293570002945
1280908297403396096
1280908326008688643
1280908352156045314
1280908356409004033
1280908360741617664
1280908364155936769
1280908372699525120
1280908388759568384
1280908414433079298
1280908414537936902
1280908444107595777
1280908447953883136
1280908452915826689
1280908464429170689
1280908464915709952
1280908465330720769
1280908469198098440
1280908485190922241
1280908486591737861
1280908490043686913
1280908502404194304
1280908518955143170
1280908544913653760
1280908548587675650
1280908556242485249
1280908566459629568
1280908574504488962
1280908586487443456
1280908586642743297
1280908587326476288
1280908594586759171
1280908608159571969
1280908627805523968
1280908637242785803
1280908648970096641
1280908653877477381
1280908670407188480
1280908676203638785
1280908679076646914
1280908691399757825
1280908704808931335
1280908708684468225
1280908709095510016
1280908717358305285
1280908724941488128
1280908741106446336
1280908758550491137
1280908775260590082
1280908783431159808
1280908793048707073
1280908821775306754
1280908835029385217
1280908854751084545
1280908880713641985
1280908884664877056
1280908901265833986
1280908914557628416
1280908918236028931
1280908927014764546
1280908938511183874
1280908959755333633
1280908968286715910
1280908976008376320
1280908980211126274
1280908989010776066
1280909002201878528
1280909005813166080
1280909010846265345
1280909013207715842
1280909013970976773
1280909014088536069
1280909014465830912
1280909027082407938
1280909035638841344
1280909038981505024
1280909039568859138
1280909043691749376
1280909047940644872
1280909052789379074
1280909053120651267
1280909074121490434
1280909078076682240
1280909090424868865
1280909110284779527
1280909114806321153
1280909123945725954
1280909135429722125
1280909140861149184
1280909148113244163
1280909165452550145
1280909165481713664
1280909169780916226
1280909206682386432
1280909219340976133
1280909228690022403
1280909236009086976
1280909250307297282
1280909253654577153
1280909265323073541
1280909265729916930
1280909266489131009
1280909266673700864
1280909261732798464
1280909303126331394
1280909311699451905
1280909340933832705
1280909341693018117
1280909353760030720
1280909362270175232
1280909362391707649
1280909366045093891
1280909372013633536
1280909374433701890
1280909382927167490
1280909392477483008
1280909395581456386
1280909404213096448
1280909404599209984
1280909405039529987
1280909408738832384
1280909413054910469
1280909421091094529
1280909434605260813
1280909450421964802
1280909475361239042
1280909484974575616
