1286360421897732097
1286360423361585152
1286360426104500224
1286360427404890113
1286360430890418176
1286360443972227072
1286360443758489602
1286360447260786689
1286360447176720384
1286360448120631297
1286360459675918336
1286360460154015747
1286360468706037760
1286360473059893250
1286360473852612609
1286360476809666561
1286360477090684929
1286360482824089600
1286360485131177985
1286360490327908352
1286360505821605889
1286360511119077379
1286360511555280901
1286360517326581760
1286360520036147200
1286360527472660482
1286360531121721344
1286360532149309446
1286360532409360384
1286360557512253441
1286360574427832321
1286360577292611586
1286360582103412736
1286360582225104896
1286360582720036867
1286360599992111105
1286360600537423872
1286360615926235136
1286360619944484865
1286360625250291712
1286360644640530438
1286360649287827456
1286360657256951808
1286360658309722112
1286360667654459394
1286360678786269184
1286360680279367681
1286360682036961283
1286360686726004736
1286360692669517824
1286360699225231361
1286360699686526979
1286360700005289984
1286360709316718599
1286360712462254081
1286360716207894538
1286360716384129024
1286360749825302528
1286360766560571393
1286360768875831297
1286360771539038208
1286360772021551106
1286360784084373504
1286360787485896704
1286360797094928384
1286360797111869442
1286360809111781377
1286360813125672961
1286360834088865792
1286360834390753280
1286360834617356296
1286360838115217409
1286360842733334528
1286360842699714561
1286360846206144513
1286360847145742338
1286360862505054208
1286360868167413762
1286360876057010176
1286360875994091520
1286360892288966666
1286360892721045504
1286360901428355073
1286360934659702784
1286360933565169664
1286360942146617344
1286360942846939136
1286360947116957696
1286360955077746688
1286360960316440577
1286360971901050882
1286360972911878147
1286360983980650496
1286360993879097344
1286360994776834053
1286361017505677313
1286361025286086656
1286361027190325250
1286361039702024192
1286361056110141440
1286361064246894592
1286361065534750720
1286361093548281857
1286361094488043520
1286361102385741824
1286361114951864321
1286361123147653120
1286361132714921986
1286361193523838981
1286361198670348289
1286361199765053443
1286361202851893248
1286361216458383364
1286361244266647553
1286361245029933059
1286361248855023619
1286361298897211392
1286361303112704000
1286361312285667328
1286361312403099654
1286361328823816192
1286361332388749312
1286361336394334209
1286361363028287489
1286361371429335046
1286361384146685953
1286361399363395584
1286361422855725056
1286361426462945281
1286361446880882688
1286361458390061056
1286361466442981377
1286361467407802368
1286361471350382594
1286361471102996483
1286361481232097281
1286361484298199047
1286361487582339077
1286361500496650241
1286361501092032513
1286361515185012736
1286361518611857416
1286361534176718848
1286361542150311936
1286361560265490438
1286361569098596358
1286361606050512898
1286361606558031873
1286361613889675270
1286361621674295296
1286361627873476608
1286361630100553731
1286361638241787912
1286361648190697472
1286361663889793024
1286361664342970369
1286361686266580993
1286361690444046339
1286361705937874947
1286361706025771008
1286361727420919808
1286361736300376067
1286361739605532672
1286361740209541120
1286361744714027008
1286361759922626565
1286361761516605441
1286361765639380992
1286361768693059590
1286361778352467968
1286361790004318208
1286361793934159872
1286361803770003456
1286361806861144064
1286361808052334593
1286361811034480642
1286361820601692165
1286361829267116034
1286361831435632641
1286361831724875776
1286361836921610240
1286361848909111297
1286361849881980928
1286361852373536773
1286361882505297921
1286361896199880704
1286361898586386435
1286361899940995073
1286361912435970050
1286361915225243655
1286361933042442240
1286361933004845062
1286361940915179525
1286361957793071104
1286361958204178433
1286361964311191557
1286361988222812160
1286361989778898946
1286361991968223233
1286361995223150592
1286362001007087617
1286362003188129794
1286362007466323969
1286362008183595008
1286362008649191425
1286362017431986176
1286362020309213185
1286362025510211584
1286362033718538247
1286362046259499011
1286362046632792066
1286362076110192641
1286362078668902401
1286362088374501379
1286362088013791235
1286362093369819137
1286362093831299073
1286362100886122502
1286362108372885504
1286362112252612608
1286362118501982208
1286362121052155904
1286362121748570112
1286362133568135168
1286362142569050117
1286362152136212482
1286362154162106373
1286362167927857152
1286362183937355782
1286362184168112130
1286362189142675461
1286362206209290241
1286362208805453824
1286362223779221505
1286362230749945858
1286362233904209921
1286362238513819649
1286362243869937664
1286362251763515392
1286362252065378304
1286362252027875329
1286362259116003328
1286362277336227841
1286362306633498630
1286362310466867200
1286362314267131904
1286362318478041088
1286362331069521920
1286362344499474432
1286362348119351304
1286362352322056192
1286362353903243269
1286362364367888384
1286362368419692545
1286362382181101569
1286362389370347521
1286362397574397959
1286362402615959552
1286362403148455936
1286362414200639491
1286362415903526912
1286362423537139713
1286362423570489349
1286362439727095810
1286362443577470976
1286362448539406337
1286362452419018755
1286362469544464384
1286362473948499969
1286362499147857920
1286362514956210186
1286362553430552577
1286362557402546179
1286362562695585793
1286362566025830401
1286362570899718145
1286362578025885699
1286362594991681536
1286362595696533510
1286362598804529152
1286362604546469890
1286362607578841088
1286362616944889859
1286362628546269186
1286362642504986626
1286362643167612930
1286362670002733056
1286362680211787777
1286362685400113152
1286362691842510848
1286362695252365313
1286362699904036867
1286362707986456579
1286362716463075332
1286362720762245123
1286362730321018882
1286362737803579392
1286362739049476098
1286362743260557315
1286362746146103297
1286362747190435843
1286362766522175488
1286362766786228225
1286362768405340160
1286362796796477445
1286362802958012416
1286362804900048897
1286362808997818370
1286362834159403011
1286362843537965062
1286362843433127937
1286362854703210500
1286362855042953216
1286362876026945541
1286362884847611905
1286362885434888192
1286362892850417666
1286362893936742403
1286362900899065856
1286362919123419138
1286362927306436614
1286362942808580096
1286362952321376256
1286362955555233792
1286362967911653376
1286362968217681920
1286362976807784451
1286362986098155523
1286362988929310720
1286362993383571462
1286363006918692865
1286363006922883072
1286363019983937537
1286363038317187072
1286363041550876673
1286363043337777160
1286363053806825487
1286363078469320705
1286363086195228673
1286363090746060801
1286363098861850639
1286363115681013760
1286363127517458433
1286363132278067201
1286363153429929986
1286363153471803393
1286363178771898368
1286363179333947394
1286363186191622152
1286363186317467649
1286363199307120641
1286363212850528260
1286363226125393927
1286363240801480704
1286363249198411776
1286363255284346880
1286363267124822016
1286363270383894536
1286363270643769344
1286363284191555584
1286363301136539649
1286363312792403975
1286363328684732416
1286363338440572928
1286363346556669952
1286363346552475650
1286363363061227525
1286363371676278784
1286363375044239365
1286363384863248384
1286363385039335425
1286363409542336512
1286363409538101248
1286363417226424321
1286363420967809026
1286363421043232768
1286363433416392704
1286363455256223744
1286363459307950080
1286363460624879617
1286363469596352514
1286363475908988934
1286363483941015555
1286363510675562497
1286363527939108865
1286363535191216131
1286363540442320903
1286363551486160899
1286363580535840775
1286363584814034946
1286363632540848129
1286363639528726528
1286363642825453570
1286363644939337728
1286363676807700481
1286363684948901888
1286363685678649344
1286363686123311109
1286363686496382976
1286363686840545281
1286363689143209994
1286363693475921920
1286363699700273153
1286363707103215616
1286363707296174080
1286363710211198977
1286363715466477568
1286363727307182080
1286363740938543104
1286363757682274307
1286363802141892615
1286363804352339968
1286363819950907394
1286363826024140800
1286363828578660355
1286363837172715521
1286363837567049728
1286363846190469121
1286363851307528192
1286363874988560387
1286363877987491840
1286363884014772224
1286363903677480960
1286363910015266816
1286363913190170624
1286363926024687620
1286363929657122816
1286363934132449283
1286363938221948928
1286363957985447938
1286363962871816198
1286363970790551552
1286363975886700545
1286363976209592321
1286363978839609346
1286363982891307008
1286363991879692288
1286363992290664453
1286364017552957440
1286364030752309248
1286364033755549696
1286364043746447361
1286364064344670208
1286364068320878592
1286364072166989826
1286364072498388992
1286364073018490888
1286364080979181570
1286364083936264195
1286364101149507584
1286364109139611648
1286364110050021376
1286364119239553024
1286364127556853760
1286364134058139649
1286364142379532288
1286364147383504896
1286364176181534727
1286364184670806021
1286364188525252608
1286364194594529284
1286364201666187266
1286364214014222336
1286364215431766017
1286364227612049416
1286364239813369857
1286364268884107268
1286364273506242560
1286364286584082434
1286364299221491712
1286364306477592579
1286364319404503040
1286364332696023041
1286364341118406658
1286364345237037057
1286364352795348993
1286364364946038784
1286364369488502789
1286364369958436864
1286364373192183815
1286364374542811136
1286364391626231808
1286364398039244800
1286364399175790592
1286364400488718344
1286364400467804164
1286364416439615489
1286364423515406343
1286364428032770050
1286364431979610112
1286364432315097088
1286364437155209218
1286364446269435904
1286364453911449600
1286364457841700864
1286364466423181318
1286364473834561536
1286364487352811520
1286364495145775105
1286364504868048899
1286364513516871682
1286364515899252736
1286364524019318785
1286364534618259456
1286364546983178240
1286364551051718659
1286364555069796353
1286364566595596288
1286364587642834944
1286364587902738432
1286364600393490432
1286364613639118848
1286364617833426945
1286364646841122822
1286364649965989889
1286364650569834503
1286364675207176193
1286364675337142273
1286364688670957571
1286364709051138048
1286364714730172416
1286364722229661696
1286364727732588545
1286364751493238793
1286364754706145281
1286364775870537728
1286364776172597253
1286364780866019329
1286364781457416193
1286364814466584577
1286364822418923523
1286364823152812032
1286364823379496960
1286364826541989889
1286364849451053057
1286364851888173057
1286364859945410560
1286364877817339904
1286364885266374662
1286364890001793024
1286364901426987009
1286364906770427904
1286364907622084615
1286364910289551361
1286364918460162053
1286364918795644929
1286364919299022848
1286364925074591745
1286364931097538561
1286364939188412416
1286364940358443009
1286364953079734272
1286364954015281155
1286364956741586946
1286364965239128064
1286364970121400320
1286364969689321473
1286364990644125699
1286365014794874881
1286365020251656193
1286365036554981376
1286365054229651456
1286365075834454016
1286365079194275842
1286365086798372870
1286365092259364864
1286365099113021442
1286365107312824322
1286365112006303755
1286365123783909382
1286365123800526849
1286365124081721350
1286365133648797696
1286365204469743616
1286365208844304386
1286365211956596736
1286365230902083584
1286365238800121858
1286365241148878849
1286365250032414724
1286365259939422215
1286365263030562816
1286365271192752128
1286365271641296896
1286365275298963457
1286365280596307969
1286365300779356160
1286365318185656321
1286365339878662146
1286365355854557185
1286365389568593920
1286365447173046274
1286365464168411139
1286365468501123074
1286365469071597569
1286365493788639232
1286365507113775105
1286365523245182979
1286365531751292930
1286365536801173509
1286365548582801408
1286365556552142848
1286365564508737539
1286365569537671173
1286365574013038600
1286365603511644160
1286365615024771072
1286365619219312640
1286365627654037504
1286365632854929408
1286365636847951872
1286365653411274752
1286365661581672448
1286365669060214785
1286365669878005762
1286365673166458883
1286365672600199170
1286365682783920128
1286365694934814721
1286365725213503488
1286365729114054656
1286365733912555523
1286365745471991809
1286365748647133187
1286365749955694592
1286365753562800134
1286365771262820352
1286365773708103687
1286365796571152384
1286365808902508546
1286365812262084608
1286365813268721664
1286365822072565760
1286365830230532096
1286365858495893504
1286365862098800641
1286365866423025664
1286365878913769474
1286365894940200963
1286365904394235904
1286365914263425024
1286365950300708865
1286365959918362627
1286365972740415488
1286365992050974723
1286365993250545664
1286365997205729280
1286366002511515649
1286366013425094658
1286366014326931456
1286366018747719681
1286366021851525122
1286366022744920064
1286366025852882944
1286366030546325506
1286366030500175872
1286366038561566720
1286366038662057986
1286366046786662408
1286366072833097728
1286366073118265345
1286366094245027840
1286366109818650624
1286366110493941763
1286366118014222337
1286366131184447488
1286366139208085509
1286366144992104448
1286366149006041089
1286366156803248130
1286366169008611329
1286366172984889344
1286366173718863872
1286366190521049090
1286366193637613568
1286366198565933056
1286366207684358146
1286366210272169986
1286366210335150081
1286366207910776833
1286366226797690881
1286366236624867328
1286366249275002881
1286366258166763520
1286366270385008640
1286366285903933447
1286366293432479746
1286366295114633217
1286366307756187648
1286366311166234626
1286366342111571973
1286366354098884608
1286366370461089794
1286366371639681034
1286366374588223488
1286366386772758528
1286366404388823041
1286366442536001536
1286366453797736448
1286366454200369155
1286366461909504006
1286366466393219072
1286366474437713921
1286366479236173825
1286366479286325248
1286366487620583426
1286366492062175232
1286366497267490820
1286366499448463360
1286366503659601920
1286366513059045376
1286366525151219714
1286366530649890816
1286366537612492802
1286366538732195841
1286366554108522496
1286366566771126273
1286366571745685504
1286366579681361927
1286366595946876929
1286366610769534982
1286366613097259012
1286366630113497089
1286366630738563072
1286366631128707078
1286366634391863296
1286366635109027841
1286366638762332161
1286366642059059200
1286366642918682624
1286366646328635393
1286366651408162816
1286366659851063297
1286366672069115904
1286366681535860737
1286366693460074497
1286366697168019458
1286366701974691846
1286366727102586880
1286366739970891776
1286366740318838785
1286366744387506176
1286366755485618184
1286366759545712640
1286366767963545601
1286366772229267456
1286366780676505601
1286366785894318086
1286366786343120898
1286366832304238592
1286366836032802816
1286366844329369602
1286366847735156737
1286366853040750592
1286366873257476097
1286366877107847168
1286366882795335682
1286366898590900224
1286366902965743617
1286366907503742976
1286366908829270016
1286366910649643013
1286366914709581825
1286366916572065794
1286366929008156674
1286366932426514440
1286366936071393280
1286366957449760769
1286366983043330050
1286366986990051328
1286366990769299458
1286366999287943168
1286367017243639815
1286367021354094592
1286367024499826688
1286367025481297920
1286367049963450371
1286367053507694599
1286367074349129728
1286367084176461825
1286367091659018241
1286367099384979456
1286367100135587841
1286367109023375360
1286367113117138947
1286367113532395531
1286367154124857346
1286367154347085825
1286367157882769408
1286367183333986306
1286367196025937920
1286367208382185472
1286367209967689728
1286367238648475654
1286367242704257024
1286367250266677249
1286367255773827074
1286367259997306880
1286367276120387585
1286367276959248386
1286367285695909890
1286367292209725440
1286367298052403200
1286367301768445953
1286367313315340288
1286367313969713154
1286367314741428224
1286367315664273408
1286367327383166978
1286367346823761923
1286367348681854976
1286367364645355522
1286367369070247936
1286367373168193537
1286367384807313409
1286367386262630401
1286367402381512708
1286367406114430977
1286367410564603904
1286367419825610759
1286367436334342146
1286367452939640832
1286367482287194112
1286367486657658881
1286367494723313667
1286367506656092161
1286367554072653824
1286367561123344385
1286367568475967490
1286367573257228291
1286367573672513536
1286367575413264384
1286367578747740160
1286367580077395970
1286367581587283968
1286367590915485696
1286367611807244288
1286367613023649793
1286367636016607232
1286367649199423496
1286367652886335490
1286367653045600261
1286367653179858947
1286367665506975752
1286367666643652617
1286367684523769856
1286367686558015488
1286367686549630976
1286367688495955973
1286367697081696256
1286367701255028737
1286367703419297792
1286367708657877004
1286367720401969152
1286367725112053760
1286367737397293058
1286367753994108929
1286367762433048576
1286367763422777345
1286367780464480258
1286367792464306180
1286367808360718337
1286367812705976320
1286367821438615557
1286367826769567744
1286367834193494020
1286367838463287297
1286367838949777411
1286367843945259012
1286367847032205313
1286367880523776000
1286367884973768705
1286367901927309312
1286367933896302592
1286367938274942978
1286367947276128258
1286367967891066880
1286367993736441856
1286367997779759106
1286368001244241924
1286368010681417729
1286368013772627971
1286368027156545538
1286368051470819329
1286368052356030469
1286368056453869571
1286368060719456256
1286368060786405376
1286368061684097024
1286368068319551489
1286368073566625792
1286368073826607110
1286368080797540352
1286368089253335040
1286368090121539584
1286368102280650752
1286368107741827073
1286368110866563073
1286368111235661824
1286368118881779715
1286368118806392833
1286368137399631874
1286368148535554050
1286368148623699969
1286368152998248448
1286368153606533121
1286368157473681413
1286368157548990464
1286368160589979649
1286368162422939653
1286368164603994121
1286368166122266624
1286368179061698566
1286368191015522311
1286368191682404357
1286368203120218112
1286368206895165440
1286368215141101568
1286368215359205377
1286368216693067779
1286368221977772035
1286368223378669574
1286368237014392832
1286368240529219584
1286368244702552064
1286368248620101633
1286368254005514241
1286368254454267904
1286368267955732481
1286368307583614980
1286368307982012417
1286368316165152768
1286368329536397314
1286368332485025792
1286368332036345861
1286368338415951873
1286368344891957250
1286368358519246850
1286368379599757313
1286368399795331073
1286368408620023808
1286368409517568011
1286368421823774720
1286368434515857413
1286368458427363329
1286368471840948227
1286368479814320129
1286368483396194306
1286368492007104521
1286368492724334593
1286368496079822848
1286368500920057857
1286368505009524736
1286368518326423557
1286368522663231488
1286368535506087936
1286368538899279872
1286368563796877312
1286368564023369728
1286368564555980803
1286368564648144898
1286368576455299072
1286368579919716356
1286368585401667584
1286368593488285705
1286368594390122496
1286368602568957960
1286368613515948032
1286368628582092802
1286368641026580480
1286368663730188290
1286368673343700994
1286368680486600704
1286368682470449152
1286368688992653319
1286368698840813570
1286368703140040707
1286368711310442496
1286368719694946309
1286368720391110656
1286368723440459776
1286368723780149254
1286368728117137409
1286368729203441665
1286368744646696960
1286368746915999745
1286368761579278337
1286368764821475328
1286368765597356032
1286368782487707648
1286368787172749312
1286368790310158337
1286368802209488898
1286368812644864001
1286368815056588800
1286368819569504256
1286368821037666305
1286368831548657664
1286368833993871360
1286368837227732996
1286368837898838016
1286368840344121344
1286368844404027392
1286368849353412608
1286368853476413443
1286368853509931008
1286368861659570178
1286368874024308739
1286368887286706176
1286368887735386113
1286368890285707264
1286368902788853762
1286368907884769285
1286368912096071680
1286368912410542086
1286368916202229762
1286368921906421761
1286368941384728581
1286368949035077634
1286368949823852544
1286368950838845440
1286368958832992260
1286368966357778433
1286368970233253888
1286368975304052736
1286368979640913920
1286368987811581953
1286369003745599488
1286369012155330560
1286369016060289027
1286369017930952708
1286369028978737152
1286369059710423040
1286369080036007936
1286369080161660929
1286369108976599041
1286369120980570112
1286369121513308160
1286369122159341568
1286369139032915968
1286369150953299969
1286369167256551425
1286369168892329984
1286369175451996160
1286369184050446336
1286369198382489603
1286369201784053760
1286369221992042497
1286369230997336076
1286369235455836161
1286369236361916417
1286369240493301761
1286369241415983104
1286369244226244609
1286369255068499968
1286369256716689409
1286369264212029440
1286369267240316928
1286369297187602434
1286369314849857537
1286369326543429632
1286369336261779458
1286369338971185152
1286369351617126400
1286369351537512448
1286369356088250368
1286369364531466240
1286369369111638016
1286369376992714757
1286369377772802048
1286369390016045057
1286369399860080641
1286369407938236424
1286369411872563200
1286369424556032002
1286369431778742277
1286369442163642368
1286369452825538560
1286369453731713025
1286369453781823488
1286369457179430913
1286369458085343233
1286369458253115393
1286369460853575680
1286369484106797057
1286369485386129408
1286369498778546176
1286369506881937412
1286369507834028033
1286369516755222530
1286369516771921920
1286369537462591493
1286369540549550083
1286369550053777408
1286369558719340548
1286369566894039042
1286369574284414976
1286369574909284358
1286369576020774912
1286369584120057856
1286369591233515520
1286369595704725504
1286369611999584258
1286369613798952968
1286369630022299648
1286369638448689153
1286369663769817088
1286369670409396229
1286369704932769792
1286369733546319872
1286369739628056579
1286369743809650688
1286369749899841543
1286369760717033473
1286369767381708800
1286369780925181952
1286369789175308291
1286369797366841344
1286369817289732097
1286369831168741376
1286369834867945472
1286369856212926464
1286369859119591426
1286369859224383488
1286369872184737792
1286369898080415746
1286369911158317068
1286369922952691712
1286369931743956993
1286369935372038149
1286369935694761984
1286369936630321158
1286369936818884608
1286369939129896960
1286369952551903232
1286369952832851970
1286369982427721728
1286369985951129600
1286369998055911424
1286369998013898755
1286370002887757831
1286370011439824896
1286370012014444545
1286370014459830280
1286370031358611457
1286370068675407872
1286370070013390849
1286370069967261696
1286370085653950465
1286370091127287808
1286370096311607299
1286370103773130753
1286370107099353089
1286370128960131075
1286370146307670016
1286370152896847872
1286370157523161089
1286370166767587330
1286370173621088261
1286370182206644227
1286370196253552640
1286370196702351360
1286370199856246784
1286370224703508481
1286370229384355842
1286370230042796037
1286370245792468992
1286370254327775232
1286370258656399369
1286370279745355777
1286370283608133632
1286370284480552960
1286370288536621056
1286370291497803778
1286370309898035200
1286370333277278210
1286370333805535232
1286370343246946305
1286370358984048645
1286370363153231873
1286370365267152897
1286370372250730498
1286370376843321344
1286370388193288193
1286370405779988485
1286370413891780608
1286370415112335362
1286370429960167424
1286370430547374080
1286370431470100481
1286370438961143809
1286370446292779008
1286370468119883776
1286370471496343552
1286370472440090625
1286370476214726656
1286370488932081664
1286370489108246531
1286370505143078913
1286370505943945216
1286370514165014535
1286370518103457792
1286370526991179776
1286370530275151872
1286370540773609472
1286370547782254600
1286370551490056194
1286370555155939328
1286370556099485696
1286370558108528640
1286370564244987905
1286370568418160640
1286370572436418560
1286370573703098375
1286370578446913541
1286370610730369024
1286370615167979522
1286370619043590157
1286370620217982977
1286370623187378176
1286370637477552130
1286370648663744517
1286370653462056960
1286370666158206977
1286370674655866880
1286370686731091968
1286370694050258949
1286370694822080512
1286370702937878528
1286370706389905408
1286370707698458624
1286370724840644610
1286370731891339270
1286370746093117441
1286370757736427520
1286370766745829377
1286370767014440960
1286370769275179008
1286370777659514880
1286370782017392641
1286370815433494529
1286370824652566530
1286370836618850304
1286370845695385600
1286370854742265862
1286370857871265792
1286370866671030272
1286370872010440704
1286370892772044801
1286370933863845891
1286370951425339395
1286370976339353601
1286370983499137028
1286370988347793409
1286371000272199683
1286371000859398144
1286371001593470977
1286371008727916544
1286371013706559490
1286371016734904320
1286371018651709443
1286371021965209600
1286371022355271680
1286371035458101248
1286371035961593858
1286371037811286017
1286371051702833153
1286371085185740800
1286371102567038976
1286371121818816512
1286371121919676417
1286371139934195712
1286371146980634624
1286371147022557184
1286371155922755587
1286371173140504576
1286371176735006720
1286371177678557189
1286371190324563969
1286371202215419904
1286371211065384960
1286371215305854979
1286371219126857728
1286371235442634752
1286371239339143168
1286371240018681856
1286371269533773824
1286371277016530945
1286371277037604864
1286371303834783744
1286371314815709184
1286371331378941952
1286371353768218625
1286371353881464834
1286371366049058816
1286371373661782017
1286371398290530304
1286371400098480131
1286371437163319296
1286371440472788999
1286371440468488192
1286371450526609420
1286371465672171521
1286371467459022850
1286371492633206784
1286371507640336388
1286371508546179073
1286371512963018753
1286371520063971329
1286371520877604870
1286371541559570432
1286371542402727936
1286371545246396416
1286371546433499144
1286371567941742592
1286371575869190148
1286371595490074626
1286371600305094657
1286371600548474880
1286371605392904192
1286371608311947265
1286371618839834624
1286371626796363777
1286371663148326912
1286371663517368320
1286371663689519104
1286371681276174337
1286371684740747265
1286371688771399681
1286371693850775554
1286371697193443329
1286371700485976064
1286371701098450944
1286371705745702913
1286371712930480128
1286371717863137280
1286371718261604354
1286371729930104833
1286371735877627904
1286371736166871041
1286371746870788096
1286371751258214409
1286371751329488897
1286371751593639937
1286371764629639169
1286371765103595528
1286371775908118528
1286371781260050437
1286371784548323329
1286371793859641344
1286371794518188034
1286371814856437760
1286371835446210563
1286371834917720065
1286371844409499653
1286371857470496774
1286371874029678592
1286371885295570945
1286371922855567360
1286371924285837318
1286371949325713414
1286371958033006593
1286371958133751808
1286371966274994178
1286371966488911872
1286371974168621056
1286371977217761280
1286371983458856961
1286371994846531585
1286372003100921861
1286372007530176513
1286372032851120131
1286372037473136641
1286372038400258055
1286372041621483521
1286372041973694465
1286372062706176000
1286372066955014144
1286372067856834560
1286372069744218116
1286372091630157825
1286372099834159104
1286372121648730112
1286372124429635586
1286372125062975489
1286372128338501632
1286372128720220160
1286372130666483712
1286372149729476610
1286372158625677316
1286372174677397510
1286372183426695168
1286372184571744258
1286372187558076416
1286372187662950401
1286372189059420160
1286372200535281673
1286372201361559554
1286372212841168897
1286372212828766209
1286372213591949312
1286372213722099719
1286372221267648518
1286372225222709248
1286372225705218049
1286372238254641152
1286372242281181185
1286372254880759809
1286372261033697280
1286372292566700033
1286372305183145985
1286372309373157376
1286372317728313345
1286372323310866432
1286372334694215681
1286372343837646848
1286372368349310978
1286372381401858048
1286372381800398849
1286372388834291713
1286372390289592320
1286372396728025089
1286372400980996096
1286372410137223168
1286372411378720768
1286372419729608704
1286372422623666182
1286372427602235392
1286372436364025856
1286372440420093958
1286372452902281217
1286372463723589632
1286372473684910080
1286372482321207296
1286372485038878721
1286372486636924931
1286372493197029377
1286372493826105348
1286372502583889921
1286372523165138944
1286372528756330496
1286372530933170183
1286372545093144576
1286372553884348416
1286372560955936773
1286372577586421761
1286372589691076611
1286372599388405766
1286372620091498512
1286372623799267328
1286372631885815808
1286372632997371904
1286372636864413696
1286372670276284416
1286372671450619904
1286372673937985543
1286372674659385350
1286372682976690176
1286372683165253632
1286372699036688388
1286372712831766528
1286372733278777344
1286372736886026241
1286372741894078469
1286372754044923910
1286372761984815104
1286372797120487425
1286372797334290432
1286372808608624640
1286372809225142272
1286372812924555270
1286372813398401024
1286372818247196672
1286372830284832768
1286372830788165639
1286372842343485443
1286372855165394944
1286372863143018496
1286372870994747393
1286372876182937600
1286372879676792832
1286372908386967552
1286372918297993217
1286372946890690567
1286372952246714370
1286372967379861504
1286372972215795716
1286372972953890816
1286372980390604805
1286372983997685761
1286372988754055170
1286373006613381123
1286373013420748812
1286373014330732544
1286373017791205379
1286373030386532354
1286373044123049985
1286373047792996354
1286373055200210944
1286373055703289856
1286373057582567427
1286373076117184512
1286373076255551488
1286373085193498625
1286373102411288589
1286373102897725440
1286373110422228993
1286373110434979840
1286373115229081600
1286373119192596481
1286373119481978880
1286373140285792256
1286373147441336322
1286373177501741056
1286373186880311299
1286373224188698633
1286373237350334464
1286373253402042370
1286373291192725505
1286373299329458176
1286373300214599681
1286373300361408513
1286373312067584000
1286373332745691139
1286373336449265664
1286373341436284930
1286373345672536065
1286373378761412611
1286373400143962113
1286373403860107264
1286373408121462785
1286373413041221632
1286373421190848512
1286373426471542785
1286373440971329536
1286373441457790978
1286373454841819137
1286373458750910468
1286373467411984384
1286373479621615616
1286373479789424640
1286373506041741312
1286373525155192832
1286373509795663872
1286373534982443013
1286373537603891204
1286373538748862464
1286373539294195712
1286373546541735936
1286373560504721408
1286373563491135488
1286373568994054147
1286373572240449538
1286373597083181056
1286373597733425153
1286373604695977986
1286373614493806592
1286373626745364483
1286373630746730496
1286373638141128704
1286373652347392008
1286373672895131650
1286373694441492485
1286373694860931074
1286373697310334976
1286373698535075842
1286373701802512384
1286373710518276098
1286373710673457155
1286373710845411329
1286373714255372288
1286373719841968128
1286373720077017089
1286373722757177345
1286373752327098370
1286373753627258880
1286373756500357121
1286373760929415168
1286373769825722369
1286373798120431616
1286373802885165059
1286373803732480006
1286373807071125505
1286373811080765441
1286373824125181954
1286373832950001665
1286373841258905601
1286373848158474240
1286373853170720769
1286373857671237632
1286373864663060480
1286373887371075586
1286373890437132288
1286373890823000073
1286373891284193280
1286373891317866499
1286373910951292928
1286373915565195269
1286373921202360328
1286373925631467521
1286373936591179781
1286373941108408320
1286373948788109312
1286373961962532871
1286373966286790656
1286374008657711105
1286374012654952448
1286374020036923394
1286374020485652480
1286374040765181953
1286374045315997696
1286374049787056130
1286374053331308545
1286374062328029184
1286374068107849729
1286374083224117249
1286374105013518337
1286374105508466688
1286374113154609153
1286374129252409349
1286374142615392256
1286374158490832896
1286374176689987584
1286374184373727232
1286374200857436160
1286374206108827649
1286374210823233541
1286374213998088192
1286374221485084681
1286374221665284096
1286374242913865729
1286374243521818624
1286374247498162182
1286374259066011648
1286374266691346442
1286374268121632768
1286374276191465472
1286374302045163527
1286374323108958208
1286374336409014272
1286374343270858756
1286374344244043778
1286374344294150147
1286374348698218496
1286374372895330304
1286374381934051328
1286374386270863362
1286374397931130880
1286374414368616451
1286374415765319681
1286374423222579200
1286374425202438144
1286374439987404800
1286374440373301248
1286374461059616770
1286374465480335366
1286374469473271808
1286374470467424257
1286374477715185666
1286374481573945345
1286374482437865474
1286374499500228608
1286374499722698752
1286374503128469507
1286374512045338624
1286374512687304704
1286374524011909121
1286374524347457537
1286374528759656448
1286374532794785793
1286374536733241344
1286374540931739648
1286374561395679234
1286374577803857921
1286374586544685057
1286374599538741251
1286374600956432391
1286374602847944707
1286374604118917124
1286374619679797249
1286374620011077638
1286374629217624066
1286374633609068552
1286374654094069761
1286374657814409219
1286374667142475779
1286374670200168454
1286374671307419651
1286374674784555008
1286374679410692096
1286374687522652160
1286374696456531972
1286374703641309185
1286374709840543744
1286374718031958017
1286374725623504898
1286374730073874433
1286374738898583554
1286374746351968258
1286374772281151488
1286374772457185281
1286374776399966209
1286374776949428226
1286374783903567872
1286374784004169728
1286374785165877248
1286374787565092868
1286374789075144704
1286374800076812288
1286374801418924034
1286374818502254592
1286374822751215628
1286374824248516608
1286374829378035712
1286374830196097025
1286374831513100290
1286374834801455111
1286374837812854786
1286374838613864449
1286374838605668353
1286374863754727424
1286374884440932352
1286374886043201536
1286374893844602880
1286374913276874752
1286374917802319872
1286374922470785026
1286374927315218434
1286374931274637313
1286374938669125634
1286374938866221058
1286374943182262274
1286374955664408576
1286374959795900422
1286374965378527234
1286374971925827584
1286374984898813959
1286374990699536385
1286375002124754944
1286375002569191426
1286375006558212096
1286375019317141504
1286375026502115329
1286375031690481671
1286375039340703745
1286375048648040449
1286375061730009088
1286375060111011840
1286375073314746369
1286375086950236160
1286375098673500169
1286375124023808000
1286375128419446786
1286375146404687875
1286375165756977152
1286375174674276353
1286375178860191744
1286375190977482753
1286375191401177090
1286375204298555392
1286375211282173952
1286375211756072963
1286375229690974209
1286375230055874562
1286375244882751489
1286375246350692355
1286375249039298560
1286375258430361603
1286375265980026883
1286375303414071296
1286375307973451776
1286375313161633792
1286375313958633474
1286375320409399297
1286375324960391168
1286375342505156609
1286375363854118912
1286375395437285380
1286375413917331459
1286375418665328640
1286375421576007680
1286375426047188992
1286375430178701313
1286375435073458176
1286375438567313408
1286375459111002113
1286375464723001344
1286375467000516610
1286375471475826688
1286375476366151680
1286375501871886342
