1287190881582424070
1287190899563343872
1287190913521987584
1287190931947610114
1287190940373876739
1287190946208190465
1287190946589761536
1287190949777596420
1287190975152975872
1287190983830978562
1287190987526340610
1287190997693353984
1287191001874997248
1287191026390708224
1287191038789144576
1287191038931558400
1287191063766224897
1287191067993894915
1287191071383003137
1287191077120811014
1287191080811794434
1287191110775967744
1287191116475965443
1287191144661528576
1287191151586369536
1287191155570913280
1287191159341752320
1287191159618510848
1287191168254705665
1287191173254324231
1287191180481114114
1287191185686171648
1287191189804838913
1287191197132390401
1287191212521402373
1287191212848484354
1287191247229255680
1287191250974593024
1287191257836478464
1287191267449794560
1287191281853136896
1287191285783318529
1287191316581871616
1287191331517927424
1287191353445646337
1287191366955675650
1287191376535273473
1287191377328177152
1287191385024671745
1287191395925622785
1287191400375672837
1287191407363383296
1287191403924258816
1287191417043865600
1287191419589926914
1287191443728142336
1287191453500936192
1287191453655949312
1287191453853048832
1287191459184009216
1287191462052941824
1287191479602098176
1287191495682871296
1287191500154118145
1287191505757704192
1287191509247426561
1287191528465731586
1287191531720511488
1287191536367742978
1287191540608012288
1287191540817952768
1287191545079193600
1287191559444877312
1287191584727949312
1287191585277476866
1287191586451988480
1287191591531184128
1287191594161049600
1287191614067298304
1287191626721501184
1287191626893402114
1287191637869899781
1287191649244897281
1287191649597054976
1287191650343821314
1287191653321596933
1287191656127696898
1287191667221491712
1287191676293849088
1287191684430798848
1287191692018249730
1287191695277400069
1287191709189840897
1287191710414471168
1287191731738271745
1287191737715191808
1287191738986172418
1287191754593243139
1287191760809136129
1287191762180567044
1287191771286401024
1287191793788948481
1287191797374935040
1287191805717614599
1287191809396019201
1287191839020404736
1287191843978055680
1287191873237508096
1287191886944509952
1287191887024140288
1287191891113660417
1287191891100999686
1287191891273031685
1287191901649674240
1287191914924642304
1287191932226146304
1287191936269520897
1287191943470936064
1287191955571523586
1287191956901199875
1287191977767981056
1287191984831172608
1287191986441719808
1287192006935093250
1287192007752986626
1287192025427775489
1287192029219364865
1287192029261373441
1287192031966699527
1287192050094333954
1287192054267666432
1287192067056242688
1287192072848580610
1287192084345057280
1287192087931293698
1287192095665553408
1287192103907405826
1287192104695926785
1287192105438281730
1287192109095755776
1287192112279113728
1287192114095427585
1287192128603398145
1287192133124993024
1287192151575732224
1287192165400150016
1287192165404356608
1287192181770465281
1287192182135361537
1287192191710855168
1287192200187539457
1287192201412456449
1287192239014387712
1287192243925848064
1287192245502967808
1287192248984244226
1287192268999254016
1287192273298624514
1287192289857740800
1287192314696200192
1287192318601318400
1287192339170168833
1287192353300779009
1287192359902433280
1287192368899223552
1287192384338632704
1287192388402909185
1287192392790085635
1287192396757950464
1287192399928676354
1287192417200898048
1287192421118418949
1287192422494216194
1287192422674395137
1287192431872471040
1287192435169386496
1287192437979406336
1287192440148054016
1287192453322244096
1287192467608088576
1287192472469360640
1287192477028487174
1287192481541623808
1287192484385259521
1287192502420807680
1287192508821147648
1287192524826783744
1287192526613614594
1287192527309869056
1287192539704037377
1287192552744026112
1287192561355038721
1287192563997433864
1287192572041940993
1287192581156339714
1287192593609232389
1287192594527563776
1287192594938724353
1287192608985378816
1287192609702715392
1287192611481104386
1287192620893118471
1287192622218567683
1287192635447414788
1287192645773787136
1287192652354658305
1287192657735942149
1287192662215401472
1287192684403126272
1287192696440922115
1287192701541273600
1287192716846096384
1287192719194853376
1287192723020230659
1287192735938752513
1287192740745420807
1287192750295638016
1287192758969499648
1287192790179381248
1287192802753904641
1287192807581659136
1287192812862283776
1287192815751950336
1287192820357292032
1287192820491661318
1287192823486447616
1287192824937668608
1287192833422757888
1287192846810873857
1287192862765924352
1287192891161489408
1287192892302168064
1287192899508219904
1287192904465866756
1287192905849987072
1287192909171892226
1287192913852522496
1287192916100775936
1287192921213743107
1287192924900544512
1287192928486658050
1287192934400561152
1287192938796257280
1287192967044902914
1287192971121577986
1287192981359992832
1287192988242726912
1287192991463952385
1287192997218652160
1287192998007181312
1287193012913807361
1287193017925791745
1287193030408118272
1287193044941287425
1287193052054876160
1287193055855030272
1287193060871413761
1287193075819970562
1287193079926071296
1287193092383277058
1287193106643918848
1287193123928629248
1287193125677436929
1287193130878500865
1287193132979884037
1287193153460723712
1287193157336289282
1287193163665297408
1287193173085663234
1287193181029711872
1287193198809485312
1287193200965419008
1287193208410132481
1287193214173294598
1287193220976451585
1287193222075289602
1287193223941816325
1287193232787607552
1287193235245457409
1287193235492712448
1287193235568250881
1287193237812371456
1287193241989742592
1287193245194297344
1287193252425129985
1287193256527241217
1287193262416175105
1287193264815329281
1287193293596631045
1287193303776202752
1287193308150870016
1287193315549556736
1287193317147586569
1287193318527574016
1287193342409924608
1287193343965921280
1287193345434046465
1287193352446902275
1287193358851440641
1287193369458876416
1287193369966448641
1287193369802940417
1287193384193490945
1287193402681982976
1287193411456503810
1287193419237011458
1287193424333082624
1287193428757897217
1287193470415900673
1287193474643746816
1287193475868393472
1287193492717023233
1287193494541352961
1287193512270794753
1287193519963213825
1287193527110078464
1287193530977456129
1287193546882035712
1287193567765704709
1287193574124134402
1287193575831240707
1287193596437893121
1287193604109340672
1287193603979149312
1287193622253903875
1287193631724634119
1287193645666508801
1287193651827953664
1287193654134812678
1287193654264762375
1287193655900479488
1287193669066358784
1287193698153816070
1287193703434551296
1287193704533577728
1287193704587907073
1287193711336665088
1287193722443137035
1287193726171992065
1287193727039987714
1287193729967828998
1287193730940907520
1287193739652300800
1287193743251197952
1287193755540271106
1287193758921089024
1287193780882477057
1287193802374029313
1287193803112288258
1287193815380627457
1287193828751941632
1287193836389834752
1287193836486307840
1287193856094752770
1287193859647135744
1287193865837875200
1287193874771869697
1287193877158547457
1287193886381703168
1287193890169249792
1287193907822985216
1287193921462755328
1287193924730105856
1287193933437698049
1287193946335002624
1287193948440666113
1287193954522464256
1287193961623425027
1287193966354595841
1287193967751311360
1287193975162429442
1287193978522107905
1287193996381519874
1287193996444475393
1287193999435014144
1287194000915496960
1287194000999493633
1287194003633364992
1287194016065495042
1287194031450185733
1287194036143624193
1287194051188600833
1287194052602011648
1287194054099439617
1287194071136518144
1287194073401630733
1287194090145275904
1287194098840018944
1287194101423775749
1287194107752914944
1287194126228873216
1287194126383845377
1287194128011243520
1287194137368899584
1287194154183938049
1287194165642776578
1287194183598510081
1287194203613622273
1287194213671743489
1287194216943280128
1287194227018006533
1287194255337730048
1287194301273976837
1287194308848660481
1287194310379810816
1287194318743142401
1287194318860689408
1287194327081508864
1287194330520866816
1287194335906115585
1287194339769069568
1287194364033335297
1287194373894021120
1287194380143677441
1287194381020205056
1287194382454657024
1287194385260650496
1287194386766454784
1287194388553244674
1287194389819928576
1287194396384014339
1287194398992797696
1287194413685329920
1287194414763454465
1287194417221312513
1287194422120243200
1287194431465172993
1287194444895330305
1287194461764751364
1287194468127449089
1287194475312361472
1287194488432189441
1287194494732050432
1287194523328811008
1287194540861009920
1287194550595813381
1287194560779751432
1287194560699838465
1287194566152593409
1287194571957444608
1287194592425590784
1287194602064273408
1287194602064117760
1287194602164764675
1287194603284836352
1287194606916915200
1287194618866610182
1287194624679976961
1287194646486056961
1287194650609164289
1287194651653484548
1287194659291369472
1287194661132464128
1287194662600675334
1287194665318404096
1287194671492370432
1287194677817548801
1287194687531622400
1287194692514459648
1287194694787764226
1287194698562510848
1287194717596286976
1287194729654808576
1287194729965408256
1287194737074741251
1287194740983844864
1287194743630422016
1287194754493689863
1287194762508894209
1287194768880160770
1287194772348821511
1287194783639887874
1287194788710633472
1287194800295424001
1287194803646562306
1287194805961990146
1287194808260468737
1287194812719026178
1287194820843315200
1287194829441703937
1287194833673695234
1287194834655117312
1287194838597861378
1287194841445797888
1287194850857758723
1287194880477806593
1287194880964427781
1287194880922402816
1287194885200715782
1287194888182824966
1287194897733357568
1287194906293727233
1287194917886996480
1287194933774950401
1287194942272659459
1287194978507280385
1287195002091831296
1287195023314956288
1287195032534110208
1287195039722958849
1287195039828004866
1287195046870212608
1287195052591259649
1287195060677652480
1287195061760012288
1287195063383097344
1287195069544460288
1287195075001237505
1287195079401263111
1287195089509453824
1287195094383308801
1287195123210575872
1287195135357394944
1287195139400765442
1287195143150411777
1287195144232607744
1287195157285285889
1287195160791715840
1287195161567457281
1287195174905487362
1287195178894102528
1287195163706572804
1287195195252125701
1287195204865257472
1287195206199238658
1287195217334943744
1287195221466521600
1287195225220239360
1287195233193615360
1287195233235742721
1287195236481896448
1287195240789495808
1287195246086979586
1287195268899897345
1287195281935785984
1287195312197697538
1287195313342685189
1287195321424986114
1287195333336772608
1287195342677696520
1287195361791148037
1287195366589435904
1287195367071780865
1287195372583084035
1287195380325789696
1287195387502239745
1287195397614600194
1287195429617229826
1287195433534730245
1287195438378975237
1287195445828222976
1287195458515939328
1287195462093742080
1287195488614264832
1287195510508359680
1287195533887627272
1287195535515025412
1287195544637431809
1287195545690419200
1287195558910689280
1287195567160991744
1287195583825039361
1287195592540721154
1287195607006883840
1287195617702359040
1287195623771344898
1287195636228530176
1287195642448752641
1287195644906672129
1287195673490669569
1287195690289041408
1287195690485997568
1287195693078196224
1287195701227577344
1287195701668184064
1287195708676698112
1287195709200953344
1287195728071155712
1287195745163137027
1287195752058454016
1287195759088214016
1287195770949599232
1287195790839087104
1287195804449607681
1287195812926238720
1287195822392737792
1287195832551460866
1287195835567046658
1287195854097375233
1287195857067085824
1287195857276882945
1287195864348360707
1287195870916730881
1287195882274922498
1287195885705867264
1287195894690058246
1287195896170643457
1287195896430710785
1287195896585900032
1287195914805882886
1287195916256960512
1287195917179707392
1287195933843714048
1287195961924685829
1287195974738169856
1287195975191154688
1287195975249833984
1287196001330135040
1287196004194942976
1287196005276856322
1287196012310929409
1287196016207253504
1287196026315644931
1287196030564478976
1287196042602196993
1287196046041391104
1287196046829826048
1287196049023664128
1287196050155950080
1287196050265006081
1287196061988249606
1287196062286045184
1287196071710674944
1287196093428703233
1287196099426615296
1287196105621602305
1287196108440195072
1287196119093653506
1287196121476079616
1287196124990898176
1287196128790884364
1287196128916766720
1287196149888188421
1287196181102120961
1287196197778862081
1287196205437595650
1287196222080659456
1287196236475510786
1287196273351823361
1287196321653325824
1287196326036303872
1287196327508680704
1287196328481570817
1287196341169348608
1287196351659487234
1287196355237158912
1287196361037885442
1287196373683589121
1287196373750820864
1287196377114488832
1287196404591374336
1287196404977242115
1287196410706829315
1287196412346867713
1287196420102148102
1287196423759499265
1287196430948589569
1287196455745343489
1287196465635495937
1287196470932799488
1287196471176044546
1287196473726136320
1287196482400145409
1287196486997094400
1287196494571999238
1287196500523614210
1287196513144365056
1287196514666844160
1287196516592095239
1287196528722038785
1287196528973619201
1287196552453394438
1287196556786126848
1287196560866996224
1287196571159977984
1287196576214126592
1287196581515735040
1287196632077996033
1287196654815399936
1287196657222692866
1287196659601088513
1287196661849174017
1287196663875018754
1287196666454405120
1287196684557131777
1287196685437935617
1287196692261957634
1287196691347779589
1287196695177179142
1287196718178672640
1287196728815423488
1287196733274050562
1287196734645514245
1287196738848206848
1287196752228036610
1287196773186822144
1287196800609398784
1287196802635227137
1287196804937850890
1287196805097234436
1287196823317291010
1287196824894406656
1287196827951992832
1287196838571978752
1287196846897524736
1287196847161765891
1287196851054301186
1287196854778822657
1287196864694099968
1287196865751068672
1287196872856047618
1287196889050472450
1287196892292616193
1287196894159044608
1287196915004710912
1287196932541014016
1287196936341278724
1287196940304875521
1287196942498496513
1287196943056338944
1287196965948854272
1287196971694989313
1287196978242347008
1287196981337571328
1287196985557049344
1287196990854565893
1287196993438150656
1287197001608822786
1287197007157829632
1287197014975893504
1287197026661224448
1287197028796301313
1287197028733325312
1287197040561266689
1287197052040966144
1287197055950049282
1287197057753784320
1287197061251817477
1287197062019391489
1287197065349480448
1287197073159467008
1287197089550741505
1287197091152850945
1287197103891128321
1287197116121493506
1287197129627369472
1287197166964891649
1287197167237685249
1287197181447999488
1287197187848445954
1287197192168464384
1287197203342057472
1287197212515209223
1287197224447782920
1287197225873838086
1287197233058926592
1287197234656948224
1287197241417973760
1287197258643992576
1287197263958118400
1287197282496991238
1287197290667507712
1287197290780938240
1287197297156259840
1287197299026931713
1287197303355342851
1287197303548317696
1287197337333489664
1287197337937485824
1287197358128861186
1287197375128272896
1287197377925971974
1287197389774884865
1287197416744079361
1287197423018708993
1287197437204013056
1287197455533182981
1287197458309816320
1287197480069640192
1287197487858618368
1287197519831879681
1287197525569568771
1287197525494161409
1287197527603687427
1287197538987044864
1287197546310320128
1287197547174473729
1287197564115267585
1287197564186566657
1287197572445044737
1287197573241950209
1287197576765341696
1287197585938231302
1287197594398142464
1287197598940626945
1287197608981794816
1287197611036798976
1287197615939973120
1287197620008517633
1287197631744106498
1287197636404150273
1287197639138619392
1287197640539742208
1287197644310351873
1287197647565197312
1287197648785735683
1287197652820594689
1287197677260808194
1287197680754733056
1287197686475751424
1287197698580525057
1287197684164698114
1287197707078164480
1287197718717267970
1287197720097304577
1287197725189177344
1287197729354141701
1287197735263797250
1287197760882524160
1287197762401054721
1287197766373048323
1287197768159834113
1287197776074416128
1287197783263453195
1287197787080265729
1287197791668690944
1287197798434144258
1287197815064666113
1287197832349462531
1287197852305891330
1287197858429644800
1287197874623778818
1287197876834013185
1287197879061250049
1287197886682247169
1287197887601025029
1287197890444578816
1287197920031150081
1287197928365400064
1287197930861068291
1287197933331525632
1287197937164906496
1287197940776423426
1287197949513138177
1287197950167396353
1287197963853484032
1287197966558572544
1287197971193323522
1287197980878090241
1287197989237338112
1287197993276334080
1287197997537755136
1287198005108473856
1287198012910063617
1287198024809283584
1287198029615976454
1287198041091346432
1287198059076694017
1287198062532792321
1287198064458051584
1287198073727275008
1287198081465761793
1287198085463113729
1287198092081737729
1287198093268660225
1287198096581988352
1287198101305020416
1287198110742188032
1287198126202392578
1287198131076116480
1287198142568501249
1287198148176248833
1287198168921395203
1287198177611796480
1287198182317920257
1287198188659552256
1287198196561858560
1287198198881288193
1287198201490149376
1287198192317202435
1287198222356811776
1287198231299055619
1287198234381778944
1287198244112486400
1287198253440630785
1287198256250916864
1287198259379867648
1287198266648662019
1287198269999730688
1287198270910091264
1287198277239214080
1287198303097167872
1287198307794788354
1287198309925388290
1287198314048479234
1287198315210317826
1287198319320674306
1287198330615816192
1287198334952898561
1287198345921024005
1287198346076131331
1287198353399349248
1287198357363068928
1287198357635715072
1287198366342864896
1287198398571929601
1287198403089375233
1287198412719509505
1287198434030649346
1287198445455974400
1287198446563332099
1287198449889185792
1287198450292002817
1287198467543179265
1287198475755683843
1287198487008944129
1287198491756830721
1287198496362307585
1287198498811777024
1287198507032608769
1287198508769071107
1287198511906398208
1287198524275404801
1287198530105376768
1287198534501097472
1287198535138631680
1287198536187224064
1287198547553726465
1287198554348544001
1287198574044835840
1287198576351862786
1287198587982450688
1287198600343228416
1287198630500347905
1287198632677117952
1287198642588332033
1287198647449526273
1287198652176445440
1287198656093777922
1287198660409860097
1287198686037053443
1287198694299893760
1287198697009434626
1287198735244632064
1287198747928207361
1287198758929944577
1287198759701676034
1287198770988449793
1287198777531564035
1287198784078848000
1287198788881391616
1287198790311501824
1287198797450248192
1287198819780829184
1287198831302475776
1287198834725068800
1287198844187545600
1287198849023520768
1287198852760702976
1287198857575702530
1287198860046151680
1287198868191563779
1287198868908711936
1287198890471460864
1287198890555518976
1287198899699154946
1287198906984603648
1287198907944931328
1287198910784499712
1287198915515813889
1287198920435576833
1287198928488804353
1287198931278008320
1287198940270604300
1287198944007602176
1287198952677351425
1287198943512866817
1287198945320611840
1287198961418342400
1287198965025460229
1287198974374547461
1287198979713830913
1287198982125416453
1287198985996759041
1287198986185502721
1287198999775268864
1287199002979717121
1287199016929746944
1287199020734132231
1287199028422348811
1287199033287741440
1287199036894715904
1287199045669122048
1287199045664911360
1287199061771202561
1287199069476130818
1287199074018451457
1287199094818115585
1287199095669628929
1287199104951451649
1287199108843712512
1287199116309737473
1287199119983796224
1287199124970827776
1287199139311296513
1287199163780706305
1287199180302307328
1287199187998855169
1287199191006154753
1287199209544921090
1287199212980056064
1287199217195327488
1287199226779271174
1287199232366018560
1287199236451442688
1287199238036713474
1287199255699095554
1287199255950757888
1287199269191954435
1287199270177779712
1287199276955828230
1287199278914506752
1287199293976317953
1287199294206820352
1287199294617870336
1287199299634368517
1287199300712189952
1287199317917392897
1287199333557862402
1287199338444263424
1287199338813259783
1287199339421380608
1287199343733166080
1287199347143249920
1287199353996816386
1287199354994987009
1287199359822594048
1287199365245874178
1287199380664197127
1287199391275597825
1287199411387473920
1287199436167315457
1287199440965640192
1287199442844577793
1287199448800649217
1287199464466259969
1287199465309274112
1287199468471820288
1287199485437804550
1287199493071310849
1287199498725404674
1287199505088094208
1287199519696982016
1287199557508448256
1287199560423608321
1287199564055949317
1287199565372747777
1287199570011791361
1287199574621409284
1287199574751313920
1287199581147734018
1287199582963761152
1287199594452070400
1287199598038011904
1287199618850271232
1287199619273969665
1287199641641967618
1287199669085503490
1287199671186870272
1287199676404502530
1287199678518505472
1287199712995614720
1287199719358443521
1287199731677044736
1287199744536662016
1287199750907977731
1287199771913064449
1287199788362903552
1287199804406272005
1287199812035567617
1287199825344299008
1287199826451415040
1287199838275346432
1287199861524312064
1287199881732349955
1287199884932775937
1287199891291287552
1287199891798843397
1287199893816332290
1287199895502254080
1287199909226123264
1287199926405873665
1287199940754767877
1287199960404914177
1287199943342600194
1287199984170016768
1287199984929116167
1287199990507548675
1287199991732359168
1287200001035243521
1287200004436680704
1287200018093416449
1287200026750603264
1287200032106647557
1287200050339287041
1287200050066739200
1287200055104020481
1287200063136178177
1287200063308083201
1287200067640676356
1287200069192646656
1287200076524335104
1287200087282798592
1287200090000678918
1287200090336026624
1287200102390665217
1287200106710740992
1287200109726511110
1287200128235786240
1287200135701725185
1287200144585302016
1287200153959641090
1287200168564215808
1287200168849190913
1287200180912062464
1287200198351978496
1287200216840433664
1287200204064788480
1287200227934400513
1287200261077897219
1287200273841000450
1287200278463148032
1287200281156096005
1287200281579708416
1287200293638344712
1287200294892449792
1287200306871373835
1287200307722817536
1287200307815100416
1287200311136804864
1287200314874114048
1287200319978590213
1287200334130163713
1287200334679552000
1287200337405923328
1287200337758224385
1287200338034823168
1287200360172593152
1287200365843161088
1287200369429434369
1287200387376742407
1287200395153072128
1287200402354712576
1287200408964935681
1287200417957347328
1287200419379326978
1287200436349472769
1287200441906888705
1287200483501903872
1287200489797558272
1287200504381149185
1287200524413140994
1287200525532839937
1287200537763602432
1287200548098396160
1287200551801823233
1287200567727710209
1287200581598294017
1287200621456576514
1287200625110011905
1287200626875695106
1287200630424010753
1287200635532668931
1287200641295818753
1287200648509960193
1287200651391320064
1287200656395251712
1287200656852488192
1287200662854537217
1287200678125998082
1287200680189411328
1287200698099277830
1287200703669207040
1287200699374350336
1287200722375802881
1287200730227642368
1287200740210085888
1287200752402825217
1287200776624852993
1287200777656819712
1287200779208740871
1287200780894629889
1287200786506756097
1287200787031044098
1287200792932491272
1287200799634923520
1287200802277396481
1287200807935455232
1287200819792744448
1287200833310842882
1287200835416408064
1287200867679186952
1287200872934645760
1287200877045002240
1287200877812621314
1287200877917413377
1287200880912080897
1287200883227242501
1287200885131694080
1287200887522426880
1287200916303642625
1287200929306103809
1287200946171326468
1287200948910055425
1287200966857695234
1287200967092445184
1287200969344684033
1287200995781607425
1287200999254433793
1287201003486371840
1287201013682835458
1287201014114902016
1287201015650033664
1287201016430178306
1287201028266491910
1287201039054073857
1287201058683596800
1287201061103599617
1287201063846649857
1287201069450371072
1287201087481622530
1287201093634732034
1287201105139642373
1287201110370013184
1287201110873255936
1287201111468675072
1287201111745732611
1287201112479551488
1287201134868934656
1287201143806861312
1287201150807281667
1287201154363875328
1287201154569515019
1287201156180180994
1287201157929152513
1287201164484726785
1287201166594641921
1287201180066619393
1287201187880505344
1287201190728675331
1287201204448235520
1287201208629895168
1287201213499441154
1287201217999847426
1287201203869360128
1287201250879180800
1287201259628515328
1287201267920572418
1287201269266829312
1287201280730030082
1287201282281832448
1287201284634939392
1287201288275591169
1287201291870052358
1287201296135499778
1287201303127523329
1287201308626354179
1287201309993521152
1287201345846554625
1287201348455292928
1287201357183606784
1287201379862351873
1287201389534486528
1287201392340459522
1287201401375019008
1287201424326057984
1287201430550581248
1287201432723165184
1287201435357081600
1287201474070618113
1287201493985251328
1287201520686112774
1287201526662991872
1287201526667247617
1287201529183657984
1287201536670674950
1287201539929636866
1287201545730351105
1287201557772226562
1287201568656416768
1287201567884673026
1287201570598162433
1287201582074007553
1287201600860299265
1287201603578212353
1287201605406699520
1287201615284514816
1287201615359942657
1287201622058131458
1287201622796509185
1287201623568199685
1287201628974710786
1287201637384167424
1287201641532456960
1287201641591013376
1287201642572582912
1287201646091669510
1287201646120972295
1287201650906673153
1287201651158183936
1287201655855951872
1287201657642799105
1287201670980464640
1287201678815567873
1287201680983855104
1287201699979919360
1287201708938944513
1287201717302353921
1287201720699846658
1287201749095395328
1287201753901993984
1287201762290606081
1287201764119322624
1287201763825602563
1287201782603513856
1287201787502424064
1287201792401571847
1287201803562442753
1287201808734183424
1287201816766304256
1287201821874946054
1287201834864652289
1287201845480497153
1287201862274494464
1287201868368797698
1287201871384510467
1287201884579811329
1287201887645769729
1287201901671415808
1287201931715153921
1287201935217397762
1287201946156376064
1287201950765809671
1287201963680178176
1287201968415313920
1287201973561786368
1287201974484525056
1287201980562186242
1287201981212196864
1287201986127921152
1287201988732747776
1287201990032920579
1287201999235305473
1287202001592307712
1287202012153753601
1287202014171201539
1287202022941499392
1287202025088749568
1287202026082971652
1287202026447872000
1287202043048927232
1287202045154516993
1287202084907913216
1287202085361025024
1287202086195732481
1287202091472232459
1287202106416521218
1287202115044225026
1287202135252361216
1287202144764989441
1287202148128657408
1287202166046957571
1287202173739294720
1287202181393928193
1287202197755834368
1287202204403761152
1287202206429655040
1287202215703322624
1287202224997793792
1287202228638322689
1287202232124006400
1287202213182439426
1287202232405024769
1287202237647814659
1287202237694058496
1287202244937515015
1287202254475284480
1287202265993039875
1287202282782720005
1287202292911882242
1287202296548515840
1287202311526383616
1287202317821935617
1287202341599375360
1287202342517972992
1287202346737385472
1287202350193614853
1287202354715070464
1287202356074086406
1287202378131951616
1287202393294340096
1287202413666017281
1287202418011377664
1287202418422423554
1287202426596909056
1287202454405251072
1287202462764589056
1287202469294927873
1287202469483810817
1287202471098617858
1287202471576612864
1287202475255181313
1287202475745804288
1287202479650873350
1287202480455970817
1287202481370349568
1287202484369457154
1287202501326860289
1287202513050054656
1287202523980406790
1287202554862923776
1287202588220416001
1287202589747089408
1287202590086893568
1287202605752623105
1287202609342840839
1287202614631784450
1287202616146001922
1287202621531406337
1287202637067235340
1287202642754777088
1287202648417087488
1287202652116279296
1287202667761197062
1287202673717137408
1287202677928202241
1287202680729931777
1287202684978823168
1287202694390718464
1287202695376523264
1287202718310957057
1287202723671179264
1287202740603621377
1287202740805001216
1287202743753596928
1287202752465076224
1287202774568976384
1287202778826211328
1287202786782982144
1287202789924503552
1287202790004019200
1287202799722389505
1287202816566726658
1287202827215859712
1287202842047111174
1287202847038160896
1287202853262680070
1287202866470428672
1287202871641960449
1287202873206603781
1287202894383591425
1287202895738232832
1287202909130694656
1287202919792680960
1287202944383889414
1287202949853261825
1287202966064304129
1287202968442298368
1287202975023280128
1287202992136101889
1287202998951739393
1287203001371893760
1287203004454666241
1287203005364928521
1287203037379993605
1287203043566592000
1287203050067615744
1287203071043543041
1287203072817745921
1287203077146267650
1287203081147625475
1287203085916360705
1287203091847184384
1287203093659123718
1287203093642268672
1287203100239921152
1287203104690249728
1287203105751392256
1287203116685942784
1287203119558991873
1287203125095522306
1287203141658849281
1287203148118056961
1287203173355094017
1287203174143549440
1287203176987283456
1287203177490784257
1287203177301934080
1287203181425033216
1287203191034122241
1287203192304877569
1287203211967897600
1287203218943074304
1287203219496566784
1287203231240802306
1287203242976280577
1287203261330665472
1287203263960547328
1287203269148696577
1287203288425869313
1287203302078390272
1287203303995125762
1287203304326467584
1287203320902213632
1287203332361261056
1287203334617800706
1287203338577235969
1287203338803699713
1287203362744815617
1287203389013729281
1287203391131791361
1287203406596182016
1287203419141427200
1287203424291954693
1287203436581326848
1287203441643851776
1287203443757719552
1287203448912523270
1287203456470724608
1287203457321938944
1287203461361283072
1287203490985439232
1287203495108517888
1287203499596537856
1287203504281583622
1287203508115116032
1287203515673251846
1287203545612193799
1287203554852126724
1287203562565644289
1287203563454836736
1287203576402472962
1287203588620648448
1287203600335347712
1287203607889227777
1287203619725443073
1287203619897581571
1287203625165619205
1287203641678602242
1287203642127388672
1287203646049005568
1287203655628857349
1287203659345006592
1287203661479723008
1287203661966270465
1287203665875435520
1287203676587778048
1287203676013105153
1287203680593338371
1287203691796344832
1287203692635185154
1287203700520427521
1287203705528422401
1287203716194541568
1287203726189420544
1287203737409331205
1287203738139189251
1287203740303257600
1287203745823170567
1287203773572698113
1287203788403683329
1287203794133094405
1287203797027102721
1287203832640884736
1287203844183584768
1287203844397637632
1287203846952030208
1287203851251130368
1287203855286120448
1287203855881601024
1287203894490275840
1287203915881017344
1287203924257144832
1287203934965321735
1287203966862802945
1287203977264795648
1287203986051719168
1287203999725256704
1287204001403023365
1287204003797925890
1287204003785433088
1287204040728813568
1287204058651078658
1287204062405054464
1287204066007740416
1287204070529236992
1287204074689945601
1287204074451087360
1287204098501160960
1287204112648437760
1287204112728117248
1287204120114405376
1287204142558003200
1287204143246057472
1287204147004145665
1287204149487181824
1287204153249472512
1287204172346073088
1287204183632826369
1287204195674841089
1287204205082685441
1287204207150411776
1287204238582456321
1287204242546200577
1287204254755753991
1287204258153222144
1287204264159240192
1287204284371800064
1287204300574400514
1287204301614518273
1287204302449184770
1287204314734366721
1287204325920407553
1287204326407057412
1287204328713998336
1287204335609315328
1287204364000661505
1287204373341364224
1287204392756826113
1287204397961879552
1287204397945106432
1287204400855998465
1287204400981782530
1287204406467993601
1287204410502905863
1287204410804678657
1287204414080548866
1287204429633028097
1287204440429211650
1287204443453177856
1287204452093444098
1287204458833813510
1287204459064459265
1287204465032994817
1287204466316304385
1287204466983403524
1287204468828696576
1287204469843714048
1287204472624578561
1287204475409661954
1287204485127794688
1287204508951613443
1287204519408001025
1287204520041148416
1287204520284618752
1287204525841895425
1287204530082390016
1287204544183709698
1287204559975264259
1287204567755587586
1287204569743863816
1287204576383336451
1287204577025175554
1287204594645217286
1287204601943527425
1287204614811443200
1287204619966468096
1287204623741222912
1287204627662827520
1287204628552089602
1287204634692657153
1287204635439009792
1287204637599293441
1287204639579013121
1287204640849879040
1287204669538947072
1287204671124365312
1287204681744363520
1287204693438070784
1287204694465667081
1287204694734049280
1287204698630610944
1287204716951347200
1287204724266213379
1287204734328164357
1287204756847558656
1287204765655535618
1287204777374494722
1287204778985037825
1287204790854770688
1287204794474561537
1287204798551535617
1287204801214849024
1287204838607073280
1287204862594293760
1287204866993995777
1287204882701672448
1287204913261367296
1287204927031238656
1287204941262708737
1287204947432484864
1287204957796663297
1287205009503817728
1287205016793747458
1287205017699651585
1287205023462690821
1287205033923112961
1287205052843798529
1287205073236439040
1287205077573349377
1287205081616719872
1287205081889353736
1287205090810634240
1287205103250931713
1287205121391316993
1287205135815507968
1287205146603032577
1287205146720497665
1287205147760898048
1287205153054101505
1287205154769506306
1287205171714338816
1287205184125505536
1287205194552553474
1287205198537076739
1287205236621402112
1287205243336511493
1287205252387811329
1287205257383034880
1287205277922623489
1287205305881964545
1287205315843260417
1287205328510058497
1287205373619900418
1287205375125721089
1287205391940509696
1287205405995737088
1287205408122089473
1287205423393603584
1287205437214003201
1287205438862372876
1287205453089263616
1287205457627697153
1287205462807642112
1287205466385403905
1287205482076049408
1287205490666201090
1287205491798691844
1287205492566233091
1287205493136654337
1287205504624865280
1287205510735773698
1287205529090236416
1287205534324621317
1287205579069337600
1287205583477768192
1287205587147612161
1287205588334776321
1287205593774579712
1287205614393974785
1287205614863646727
1287205616117637120
1287205633557757952
1287205634178527234
1287205642231590917
1287205642529378306
1287205651651821568
1287205661168799746
1287205682173837315
1287205685596389378
1287205692491927553
1287205694534549505
1287205701480140802
1287205713257824257
1287205721562648583
1287205741921615872
1287205747982442496
1287205755536453634
1287205741535862784
1287205760930324480
1287205766059962368
1287205768836657153
1287205807466016768
1287205810859151360
1287205814248382464
1287205815401709575
1287205830555623424
1287205831218352128
1287205831780569089
1287205845051346944
1287205853045690368
1287205889871683584
1287205890899283968
1287205906262953984
1287205944338927617
1287205945089691648
1287205947517964288
1287205949032235009
1287205956661608451
1287205961963311104
1287205962630209538
1287205964349726720
1287205965910204416
1287205975204798464
