1283672711663943680
1283672749991436288
1283672750310096897
1283672755599278080
1283672758526734339
1283672764315054085
1283672775245344770
1283672785932423168
1283672787681447936
1283672787945693185
1283672813967048704
1283672829595136000
1283672836977111040
1283672842589007878
1283672846615621635
1283672848511500288
1283672850981937152
1283672870573547520
1283672893637959680
1283672911866470400
1283672915653701632
1283672915976781836
1283672918233362433
1283672920791842816
1283672920804524032
1283672925451714565
1283672930392645632
1283672931126505473
1283672932229750785
1283672932355465222
1283672940207149056
1283672945429106690
1283672947920703488
1283672949103321089
1283672965804986369
1283672992699027456
1283673010247884800
1283673011099439104
1283673011120492544
1283673025322323968
1283673026551336960
1283673027570360320
1283673034210136068
1283673036214992896
1283673048353329152
1283673050559459328
1283673051478056961
1283673073955176449
1283673078459924482
1283673079365931008
1283673081911939072
1283673082180198402
1283673082301804544
1283673083556110336
1283673086991011840
1283673104691220481
1283673107908235264
1283673112781955073
1283673162140528641
1283673176396963841
1283673183678164993
1283673187503550464
1283673205044117510
1283673213377998848
1283673222085595136
1283673241186209793
1283673241978982401
1283673249864245250
1283673255530737664
1283673259062571008
1283673280893853696
1283673284823801856
1283673284803014656
1283673306076413957
1283673316922757120
1283673320500551680
1283673330197954560
1283673342268960768
1283673375873871872
1283673379296276483
1283673383515938817
1283673384975388672
1283673397650653184
1283673404680396800
1283673414385971205
1283673422308888576
1283673451224543232
1283673477057146880
1283673464344281090
1283673490772688899
1283673498011881472
1283673506715185153
1283673514759815169
1283673515120398336
1283673518354370560
1283673525899997186
1283673532338180096
1283673541897072641
1283673546489724929
1283673566236401666
1283673568723767298
1283673581352820736
1283673587522691072
1283673605998600196
1283673609857380352
1283673610775695361
1283673612759650304
1283673639292940291
1283673644284215296
1283673652001734656
1283673675175038978
1283673678379655172
1283673693466419201
1283673704820441088
1283673705617469440
1283673706196279296
1283673712730927104
1283673716145025024
1283673719337029632
1283673740341989379
1283673776681619457
1283673802342359040
1283673802820464640
1283673822332194816
1283673824811077636
1283673827608875008
1283673846575321089
1283673871443529729
1283673874555707392
1283673887235092480
1283673920529297408
1283673932923580417
1283673935121272838
1283673997561999360
1283673997884878849
1283674015219904512
1283674013819183104
1283674018462277632
1283674020735365121
1283674024875188229
1283674047860150272
1283674058933112835
1283674063672614918
1283674066776289280
1283674071960518656
1283674089681494017
1283674099559141383
1283674112007663616
1283674127115489280
1283674132668792832
1283674143540428801
1283674144802959360
1283674148351414272
1283674155301449729
1283674157704781824
1283674165338415106
1283674166860881920
1283674180735700992
1283674207075926017
1283674207616991232
1283674228089397248
1283674230433832960
1283674244597993472
1283674248578363392
1283674252349042689
1283674252609064968
1283674270548267008
1283674275971575814
1283674276994801665
1283674279184347136
1283674282007113731
1283674284880166913
1283674285840781312
1283674306661232640
1283674326902861824
1283674337518575617
1283674345622167553
1283674348923039746
1283674349313175558
1283674366446915587
1283674377641439233
1283674382930284544
1283674386289971205
1283674390593302528
1283674393164623872
1283674398730391553
1283674413141913601
1283674419664052226
1283674434562256896
1283674449452191749
1283674453155524608
1283674470100721664
1283674471069605889
1283674477633523712
1283674478019575808
1283674491005132800
1283674507941539842
1283674516221300736
1283674524903444483
1283674529907212288
1283674534760124416
1283674542850953217
1283674561817477121
1283674575834931200
1283674578414444545
1283674607724068864
1283674631803723777
1283674632038621185
1283674656600457216
1283674657548390403
1283674665177751557
1283674666666561536
1283674669720072192
1283674674883440640
1283674681988415488
1283674700816752640
1283674700942585857
1283674701114548224
1283674711000522754
1283674727333036033
1283674736774582272
1283674736900411392
1283674740113264640
1283674746492719104
1283674751697850368
1283674739685220353
1283674774280036353
1283674787177529344
1283674789572468736
1283674798468431873
1283674823521116161
1283674824091598848
1283674828407357440
1283674848955379713
1283674849387245568
1283674852386312198
1283674856433885184
1283674885198356481
1283674892114685952
1283674894966894592
1283674910699610113
1283674913899831296
1283674927871057920
1283674936255619073
1283674958694985729
1283674962172104705
1283674977443745792
1283675013413892099
1283675023887278080
1283675026017914883
1283675041033531392
1283675042677690368
1283675043076005888
1283675049845809154
1283675054975352832
1283675077435969537
1283675088676691969
1283675091868553216
1283675109698535424
1283675113985105921
1283675124525264897
1283675144670642176
1283675168007585792
1283675169517563905
1283675171262361600
1283675173183303681
1283675191923470336
1283675230561431552
1283675237632995329
1283675249771311109
1283675255282831360
1283675258872987648
1283675268574400512
1283675271783211008
1283675275784417281
1283675300266561536
1283675307266973702
1283675311213875200
1283675321183735808
1283675339898535937
1283675343073751040
1283675354867986432
1283675362782703616
1283675365127467010
1283675375357161472
1283675385910026245
1283675392125984768
1283675404935430144
1283675408655769600
1283675421830193152
1283675446618599429
1283675451093917697
1283675459465515009
1283675461562712064
1283675463785693185
1283675472958836737
1283675475072573440
1283675475135598592
1283675483574382593
1283675491464105984
1283675503367319552
1283675524120944640
1283675527350558721
1283675545679679489
1283675545960615938
1283675547730505730
1283675551916593152
1283675570157391883
1283675574544867328
1283675578277793792
1283675583767908353
1283675591871467520
1283675627757793281
1283675631687884800
1283675633730695169
1283675636150620161
1283675639665623040
1283675652932210693
1283675653909417985
1283675660515328001
1283675671454199808
1283675684599140352
1283675697026760704
1283675700160081920
1283675708842078211
1283675709718835200
1283675722444353537
1283675725262761986
1283675732879835136
1283675748989976576
1283675757684953089
1283675759954071553
1283675763217031168
1283675764374855680
1283675764647329792
1283675764848652289
1283675780036177920
1283675780845895681
1283675786806001667
1283675808482111489
1283675820431573000
1283675826148474884
1283675831487696896
1283675838186008577
1283675838580273152
1283675849406009344
1283675860072108033
1283675861992890369
1283675869186330625
1283675874240475136
1283675879655256064
1283675911548801027
1283675924551086081
1283675942724857860
1283675945866412033
1283675950010359808
1283675956817743872
1283675966880055296
1283675971699331072
1283675979034968064
1283675989415882752
1283675994679910401
1283676002019872768
1283676018918805504
1283676029731475459
1283676033237975041
1283676042176102400
1283676045254639616
1283676092771885056
1283676104755220480
1283676105346613248
1283676109528166400
1283676109561880577
1283676113953345537
1283676136602365952
1283676149147566080
1283676163081039872
1283676174628147200
1283676192248336388
1283676201437954049
1283676203233284096
1283676226125692928
1283676229992763392
1283676230160613381
1283676241896312834
1283676254831554560
1283676264163717120
1283676265015369729
1283676278235836416
1283676287287136257
1283676289916862468
1283676299030978560
1283676309432856576
1283676319281221632
1283676331880976389
1283676332602228736
1283676333210558467
1283676338105118721
1283676358124564483
1283676360783720448
1283676369549959169
1283676374130139136
1283676378488090624
1283676383177211906
1283676384947253253
1283676387652636677
1283676391129731073
1283676400965292033
1283676401460105217
1283676405864075266
1283676425099382785
1283676448406925312
1283676474315116545
1283676479369478145
1283676479902167040
1283676481428819968
1283676484138422273
1283676489427238912
1283676495618215936
1283676499946733568
1283676527587201024
1283676546658533377
1283676555432976384
1283676555756089344
1283676565730017280
1283676567290380289
1283676573598650369
1283676605869707266
1283676611678593024
1283676619261927425
1283676631081447424
1283676638560030720
1283676638568427520
1283676647774773248
1283676648982736896
1283676649108586497
1283676654867320832
1283676663495221249
1283676665437196293
1283676670885605376
1283676673347448833
1283676680574382080
1283676685544624129
1283676685481713664
1283676688463753216
1283676695497715713
1283676700296065024
1283676718671245313
1283676723679240193
1283676726443352064
1283676728318029825
1283676732877406208
1283676742800965633
1283676747544682496
1283676753903284224
1283676762623430656
1283676768126136320
1283676769107795968
1283676794135216128
1283676839731441671
1283676847671107587
1283676856932339713
1283676864318517249
1283676873763905536
1283676874757955584
1283676888028852225
1283676888414609410
1283676928310865920
1283676933214007296
1283676940180901888
1283676949089574912
1283676954470887425
1283676967464767489
1283676967930343424
1283676975572422658
1283676977891700737
1283676978172669952
1283676978873200640
1283676991976353793
1283677004903190528
1283677007113584641
1283677019914432512
1283677020480823301
1283677021223223297
1283677029045604352
1283677034988875776
1283677078559178752
1283677088067858432
1283677090013822977
1283677090756386817
1283677112352665603
1283677125703335937
1283677127368257537
1283677142606282752
1283677151426949121
1283677159718940676
1283677169198092288
1283677174843621376
1283677182309654528
1283677182875729920
1283677188865183744
1283677191918825472
1283677195613822976
1283677196653965312
1283677200139653126
1283677200441470977
1283677223132770304
1283677229923405825
1283677235514347520
1283677238295031808
1283677247933575168
1283677232439975936
1283677256502706176
1283677277872627713
1283677278992584704
1283677280028495873
1283677293827600384
1283677314262261761
1283677316384612352
1283677317542420486
1283677322277646336
1283677327474528261
1283677338602004480
1283677350413115392
1283677355756662786
1283677358415732737
1283677376824725505
1283677389378256896
1283677389973749760
1283677393132101632
1283677426510434304
1283677437272961025
1283677452477194247
1283677473964650497
1283677478586920962
1283677488825106432
1283677494349103104
1283677503735730176
1283677506453868544
1283677523335774208
1283677533221814272
1283677537667866624
1283677547964899329
1283677549122355205
1283677556328132608
1283677558261907456
1283677577362542592
1283677584518189060
1283677590767755265
1283677594316083201
1283677600167018496
1283677600523718657
1283677606878097408
1283677607259779077
1283677609734270977
1283677613563604993
1283677619406475264
1283677637215387649
1283677637681061888
1283677640319172610
1283677665174540291
1283677687106560001
1283677690617303041
1283677703866994689
1283677709315514370
1283677725769838593
1283677725891293185
1283677729632780290
1283677733424369665
1283677737274601472
1283677751703216128
1283677757814140929
1283677758346932224
1283677762457350146
1283677767360339968
1283677770522877952
1283677775417749506
1283677775883309056
1283677783281958912
1283677792719081472
1283677826600759297
1283677830577098752
1283677837917073414
1283677850344787968
1283677850562789376
1283677851259150337
1283677862063509504
1283677865456869379
1283677872977334272
1283677876466966529
1283677880166125568
1283677893508333569
1283677897044168704
1283677898164051968
1283677900357738501
1283677905713803266
1283677910243536896
1283677911250112512
1283677919353516033
1283677919559266304
1283677931898724353
1283677947778326528
1283677993576079362
1283678001448644609
1283678002707144704
1283678003445338113
1283678019144515589
1283678035120545792
1283678039084335104
1283678042141929472
1283678042435485698
1283678043089731584
1283678065730695169
1283678082377715712
1283678092482027520
1283678094759301120
1283678103433338882
1283678105186512896
1283678125017174016
1283678125868683265
1283678127412125697
1283678133879808001
1283678139697123328
1283678151483117568
1283678155497254912
1283678170340786179
1283678201160425472
1283678201403846657
1283678206990716928
1283678214284546048
1283678226850762752
1283678236334075905
1283678237273591808
1283678242260615170
1283678245880320002
1283678247880765440
1283678258760781824
1283678288561479680
1283678302914453504
1283678307561562112
1283678325534269441
1283678342856806400
1283678387601580033
1283678416932405249
1283678434837725184
1283678434951139328
1283678439745126403
1283678441984884737
1283678442664280064
1283678454232350720
1283678454479826944
1283678469562470401
1283678469839294464
1283678471215087616
1283678475174453248
1283678476650913798
1283678515787968512
1283678518904315904
1283678531675979776
1283678545437315072
1283678569273516032
1283678575732748288
1283678595433496578
1283678627817758720
1283678630925787138
1283678634994282496
1283678651054260224
1283678658356555776
1283678659476422656
1283678660483059712
1283678681240686592
1283678703722147842
1283678705852862464
1283678715398942725
1283678729370128384
1283678729605189632
1283678730267717633
1283678742116732930
1283678756700291073
1283678779890696193
1283678803936587776
1283678806264479746
1283678820852043777
1283678827290533888
1283678829739991040
1283678834265665536
1283678836689899520
1283678837352599554
1283678837419671554
1283678838057099265
1283678848182345728
1283678859305594881
1283678862019375105
1283678883347345408
1283678887252242432
1283678913521041409
1283678922362822658
1283678931162263553
1283678934123634688
1283678948124229632
1283678955892080640
1283678960447041536
1283678980026114048
1283678984358825984
1283678993959407617
1283678999269515264
1283679000221679616
1283679001261858816
1283679004877258752
1283679032299708416
1283679033088040960
1283679033696428032
1283679033834774528
1283679034006626304
1283679037152362497
1283679044286820352
1283679046530936832
1283679047801806849
1283679049072558080
1283679056224047104
1283679091019792386
1283679093838536707
1283679097378357248
1283679097407696896
1283679098347245569
1283679108153647105
1283679137736069120
1283679148318261248
1283679179519807490
1283679186939412480
1283679194107371520
1283679200348528645
1283679204257628160
1283679208342990850
1283679223912312833
1283679236302217221
1283679259714715649
1283679260725727232
1283679273535131649
1283679285820170240
1283679286646337537
1283679290144337920
1283679291448983552
1283679306955333633
1283679334843076608
1283679337586110464
1283679346205487104
1283679365088178181
1283679365491032064
1283679374361976832
1283679377536974848
1283679378942029824
1283679386089250816
1283679399632678912
1283679401381466114
1283679402522562560
1283679420520202240
1283679439721619462
1283679446965215233
1283679459351105537
1283679461670559745
1283679462102577153
1283679479605407744
1283679484017807360
1283679513705152512
1283679496676286469
1283679546055757825
1283679550359195648
1283679556805603328
1283679559091662848
1283679574098771968
1283679585222004741
1283679588959363072
1283679591135993858
1283679595603144704
1283679606957056000
1283679607976271872
1283679614284566528
1283679616993878017
1283679619296763905
1283679629409230850
1283679631292465152
1283679632684810241
1283679642331709442
1283679652821848064
1283679709751107584
1283679717292494848
1283679728101195776
1283679745159331841
1283679771822456832
1283679778168430593
1283679794790572032
1283679797315604480
1283679798913642496
1283679809726447617
1283679810645041152
1283679818731618306
1283679830828101632
1283679832728055811
1283679843713011712
1283679851636023296
1283679861547163649
1283679873488257032
1283679886721323008
1283679895625723904
1283679903091576832
1283679907978108929
1283679910951825409
1283679911144591360
1283679926193999872
1283679936277078016
1283679942996307968
1283679946087383040
1283679954434002944
1283679964793958400
1283679973178355712
1283679981516750849
1283679992229093376
1283680002723078145
1283680003213803522
1283680013435338754
1283680016295841793
1283680024701423617
1283680026836303874
1283680044435607552
1283680049896534016
1283680053071540224
1283680054996860928
1283680060466069505
1283680086248620032
1283680093378936832
1283680098718289922
1283680100911898625
1283680101364899841
1283680107190616064
1283680124903161857
1283680135011430401
1283680146948595715
1283680149117050880
1283680155433496576
1283680175058644993
1283680175608131584
1283680175658610689
1283680195640262656
1283680204574072833
1283680214267187200
1283680214741131264
1283680219094814720
1283680225151393792
1283680250942103553
1283680256134529024
1283680258160377859
1283680269413879811
1283680284991533056
1283680293170434048
1283680300262985728
1283680314863255558
1283680316637343744
1283680319435165699
1283680337235595271
1283680337307021313
1283680342952628224
1283680352880308225
1283680361759662080
1283680379317059585
1283680381657649152
1283680395112873984
1283680398090940416
1283680409352577024
1283680419045613568
1283680431133487107
1283680473386905601
1283680477568798721
1283680484107546625
1283680509285957635
1283680511521697792
1283680517506957312
1283680519348084736
1283680520455491585
1283680520984039425
1283680514084352000
1283680535924084736
1283680547739295744
1283680559391059968
1283680559710044160
1283680565296680962
1283680568102858752
1283680591674736641
1283680594577129472
1283680628538404864
1283680640215334912
1283680645068161024
1283680645517115395
1283680647559761920
1283680661887311872
1283680661887307777
1283680687183331328
1283680687233654785
1283680700210860033
1283680704983969792
1283680711082250242
1283680714693779457
1283680719470907394
1283680735807897601
1283680748315250688
1283680748273360902
1283680760277368833
1283680764412989441
1283680766610886656
1283680774852456448
1283680791508193280
1283680804527321088
1283680810428624896
1283680812118929411
1283680817223327744
1283680824076853250
1283680830552969216
1283680839126126592
1283680842238365697
1283680843496652806
1283680845300150274
1283680847036583937
1283680851436417026
1283680858646470656
1283680858591735808
1283680871858536450
1283680876069519360
1283680879596859392
1283680885355810821
1283680905756700676
1283680913860317184
1283680918654210048
1283680928460668928
1283680929920122881
1283680954897367041
1283680989118685184
1283680993203945473
1283681005514235904
1283681017774186497
1283681027890659331
1283681038888316928
1283681046521712640
1283681048300097536
1283681048598130688
1283681051202682881
1283681053517811713
1283681060908392448
1283681084425699328
1283681098094936064
1283681098657083392
1283681100209033216
1283681110040420352
1283681115295842304
1283681127392251904
1283681132676964352
1283681139954053120
1283681141367533568
1283681143150096391
1283681161789628416
1283681170086146048
1283681172107792384
1283681174334963713
1283681189539254273
1283681192601157632
1283681193070940160
1283681194480025602
1283681199869825024
1283681220568612864
1283681225547210753
1283681227845677056
1283681231109009409
1283681236829913090
1283681239342301185
1283681252235780099
1283681264797495297
1283681290072580096
1283681298972901376
1283681314886111234
1283681315384995841
1283681329465311232
1283681333819170816
1283681342107070464
1283681346435645445
1283681352588709888
1283681353788088320
1283681365544886273
1283681374508113921
1283681376198430720
1283681378123448320
1283681391427846144
1283681395206795264
1283681396238749697
1283681401733214208
1283681405688479745
1283681406066003971
1283681410633527298
1283681421324808192
1283681425695309826
1283681433324847104
1283681433979179010
1283681440253845505
1283681445484154880
1283681471132127232
1283681472524824577
1283681494318358529
1283681496973414400
1283681500043644931
1283681506536370177
1283681521166163969
1283681524584534016
1283681525385646080
1283681528732504064
1283681546847825920
1283681549724946432
1283681550605807617
1283681562329059331
1283681564962942976
1283681568092049408
1283681571237761025
1283681583174545410
1283681615684804609
1283681643333423105
1283681693342167043
1283681696362180608
1283681702561415169
1283681705560166400
1283681717845405697
1283681718529134595
1283681721972596737
1283681731686486017
1283681750762299393
1283681752280694786
1283681754902155264
1283681758282752001
1283681759893155840
1283681770345361408
1283681781162496000
1283681793401470977
1283681796970950656
1283681808555614208
1283681809457278976
1283681812456239104
1283681813618098176
1283681818315808769
1283681823990648832
1283681856530022401
1283681862087577600
1283681862343434241
1283681863781871617
1283681865770037249
1283681878445178880
1283681896426287110
1283681898397683714
1283681912788140037
1283681921436758016
1283681922153975810
1283681922456211456
1283681925304066048
1283681928164413440
1283681928160219136
1283681928605048833
1283681937186488320
1283681958828969984
1283681960725032960
1283681978022342657
1283681994895880192
1283681998704447488
1283682001610928128
1283682003230097409
1283682022335143936
1283682022737580033
1283682023656181760
1283682026646904833
1283682029998166016
1283682034045587456
1283682045982539778
1283682053511249920
1283682091490672641
1283682133719093249
1283682142195777538
1283682144984825857
1283682148172435458
1283682160361312256
1283682166094913536
1283682167541964800
1283682175116734464
1283682176224157697
1283682177373409281
1283682202946088960
1283682209984061440
1283682210919469056
1283682237548908544
1283682243886510082
1283682250798833666
1283682258772267008
1283682275629182978
1283682277092921349
1283682280121208832
1283682285808648200
1283682272277749762
1283682288425992192
1283682308759916550
1283682309598777344
1283682332256415745
1283682333833474048
1283682342729420800
1283682347733274625
1283682350858219522
1283682352854532096
1283682361583042560
1283682365664104448
1283682367719141376
1283682381199749120
1283682381908471808
1283682389030559744
1283682402024353799
1283682420236017665
1283682435197284353
1283682443640270848
1283682448690368512
1283682455447171072
1283682469993164807
1283682473658871809
1283682477941207041
1283682484849455107
1283682501655961601
1283682518701465601
1283682543406059520
1283682557691924480
1283682558589300736
1283682565140840448
1283682579405733888
1283682585730678785
1283682596199727105
1283682615023808513
1283682637526134788
1283682648251129856
1283682662683639815
1283682667398078464
1283682668270542848
1283682670719856640
1283682674683580416
1283682688810070018
1283682690374316033
1283682695026028548
1283682695994892288
1283682702927986694
1283682704832290816
1283682705100738560
1283682716156755971
1283682721705885696
1283682741603762176
1283682746628321280
1283682751036551168
1283682758716342272
1283682777196425216
1283682783865577472
1283682787300716544
1283682791213989888
1283682782573662208
1283682808242868225
1283682814253248512
1283682822654513154
1283682828090085376
1283682836600381440
1283682845773291520
1283682863532171264
1283682881152286720
1283682906968334336
1283682908314701824
1283682910013468672
1283682915600289792
1283682916216668160
1283682934742900744
1283682936655511552
1283682941244182529
1283682944796618752
1283682964656791553
1283682964602322944
1283682968775491585
1283682988635697152
1283682998106206208
1283682999016370177
1283683024794562560
1283683032453406726
1283683048685477889
1283683052590379008
1283683055241236480
1283683060496596992
1283683073209430016
1283683077273915392
1283683078578360322
1283683084781539328
1283683088753516546
1283683090766995456
1283683097918283783
1283683112346685440
1283683120286318593
1283683123449004032
1283683124929605633
1283683142856040448
1283683145120972801
1283683170714451969
1283683190255706112
1283683197050482688
1283683198623535105
1283683203161694209
1283683216348545025
1283683216336080896
1283683216545595395
1283683236997210121
1283683243804340224
1283683264939520000
1283683277933445120
1283683301014876160
1283683314294050816
1283683314646151168
1283683319821987840
1283683322523262976
1283683324217761792
1283683324959928321
1283683328772775937
1283683329850605568
1283683332249792512
1283683340508205058
1283683350721462272
1283683368236994566
1283683378785591298
1283683409013821441
1283683416634867716
1283683418899873797
1283683424931155973
1283683428672638981
1283683437170180096
1283683455583182848
1283683463552532484
1283683468657000450
1283683472314232832
1283683488391102466
1283683492841156610
1283683493642461185
1283683500068147201
1283683509010391040
1283683516442644484
1283683518426394624
1283683527133986816
1283683534675349504
1283683538211147778
1283683555554529285
1283683586005032962
1283683590170173446
1283683618242494464
1283683621774270465
1283683631253291008
1283683632176078850
1283683635774840832
1283683636852805633
1283683639537082368
1283683648273821702
1283683661976604674
1283683688623079424
1283683703063842816
1283683714665517063
1283683723259441153
1283683725859885056
1283683732990365696
1283683746395443201
1283683748605759489
1283683765722714113
1283683782143258624
1283683796089536513
1283683801609060352
1283683801751674880
1283683807212843010
1283683828377235456
1283683833448222720
1283683836795080705
1283683839840260096
1283683858706202624
1283683862791499776
1283683869263364098
1283683878360756224
1283683884736159744
1283683884303962112
1283683905560813569
1283683908517867520
1283683928826474498
1283683934241349632
1283683939698139137
1283683940637855744
1283683952155336705
1283683955590471681
1283683996271075328
1283684005834117120
1283684013895569408
1283684017376649217
1283684017498402818
1283684030920130561
1283684033927548928
1283684035311529984
1283684053997228032
1283684088306688000
1283684094874923015
1283684095482970113
1283684107998773248
1283684108720148481
1283684109768732674
1283684116777496579
1283684128815288320
1283684135052013574
1283684150080425984
1283684176789741569
1283684192476225536
1283684207936581632
1283684218476695552
1283684227284742145
1283684244372353024
1283684244607373312
1283684257706258432
1283684259966988288
1283684260289773569
1283684286110015488
1283684296306446336
1283684301242941440
1283684316116135936
1283684322067853313
1283684323900755969
1283684325133824007
1283684329021943808
1283684329760186374
1283684333388062720
1283684340015095809
1283684359464075264
1283684390149730304
1283684403349032968
1283684427944431616
1283684430364774402
1283684432365236224
1283684437469716480
1283684439269269504
1283684445493645312
1283684446579970050
1283684448274243584
1283684456209899521
1283684458470739968
1283684462140760064
1283684483938615296
1283684501240111104
1283684507413970944
1283684510832484352
1283684515622170624
1283684520227733505
1283684525478785024
1283684531753701378
1283684533410254848
1283684535260119040
1283684546446159872
1283684572522328065
1283684579673546752
1283684582479597568
1283684586384392192
1283684590947725312
1283684598505865217
1283684618865123328
1283684635432685569
1283684647050903552
1283684650809012225
1283684658094342146
1283684671373672449
1283684673906814978
1283684689404780550
1283684695121641472
1283684711198408705
1283684711630397440
1283684717666197505
1283684728516734976
1283684730592989185
1283684734053298177
1283684739564658688
1283684739908612096
1283684746745139200
1283684757025386496
1283684759579717633
1283684762901594112
1283684764482969600
1283684766659772417
1283684767066726400
1283684770279567366
1283684785064275968
1283684790005358592
1283684789350957056
1283684798108774401
1283684809575981056
1283684820925640705
1283684827028430850
1283684829352140800
1283684835828076546
1283684856312893440
1283684857718157314
1283684868099055617
1283684870070210560
1283684872113000448
1283684878895198208
1283684884700004353
1283684887137001474
1283684897752788992
1283684900613369857
1283684915486380033
1283684978094739457
1283684993277943808
1283684997061386241
1283684996499345414
1283684997057048576
1283685001570263040
1283685005563097093
1283685006536323072
1283685010764177408
1283685011355586561
1283685013804875777
1283685014203445248
1283685015566594048
1283685015948152835
1283685016262922241
1283685028409610240
1283685038912155648
1283685045669113858
1283685051259998214
1283685061838229504
1283685067445895168
1283685068469407744
1283685069316427776
1283685104636895232
1283685122860965890
1283685131715313664
1283685144436465669
1283685148089651201
1283685156495282176
1283685162065297409
1283685182730633218
1283685190733307904
1283685191265878017
1283685200182956032
1283685200816410624
1283685208697470981
1283685209192509440
1283685218172440577
1283685241597636614
1283685254058971136
1283685259863875585
1283685262258778112
1283685293401481217
1283685297973321728
1283685301425016832
1283685303383924741
1283685314360479744
1283685316608630784
1283685317707530246
1283685323956908032
1283685350683095040
1283685375127498753
1283685376150953984
1283685382849101824
1283685386997424128
1283685397206368256
1283685425987702784
1283685434439069696
1283685452999012352
1283685456790482944
1283685471768334336
1283685496128974848
1283685507931803648
1283685514420215808
1283685518518087681
1283685521835782144
1283685525862395904
1283685537396805632
1283685551728726016
1283685547718905856
1283685568019193856
1283685573648019458
1283685589808635906
1283685599992516608
1283685610998296576
1283685618040500225
1283685641767682048
1283685655030009856
1283685655655206912
1283685674277715968
1283685682586648576
1283685686856634368
1283685699233828864
1283685700819275776
1283685717865115648
1283685730284457984
1283685731244732416
1283685736773038085
1283685742045102087
1283685747116007424
1283685751524401154
1283685753004883968
1283685764040187904
1283685773380853765
1283685776132313088
1283685783052800001
1283685789222662144
1283685797322010625
1283685791592591360
1283685809221251072
1283685818264104961
1283685821367767040
1283685825666936832
1283685828967960576
1283685837285163008
1283685853819277314
1283685872425029632
1283685872462753796
1283685890741743616
1283685902976516096
1283685906235392000
1283685935444635648
1283685938825170945
1283685950837620737
1283685966545408000
1283685988846440454
1283685992541691905
1283685996492718080
1283686010946117634
1283686015073476613
1283686025944952843
1283686029031903232
1283686051865858049
1283686054449623040
1283686057041485824
1283686076469653504
1283686076989812736
1283686085281939458
1283686090361241600
1283686105771016194
1283686111831896065
1283686146971762690
1283686147055656960
1283686153061896192
1283686156585107456
1283686161752309760
1283686162746560513
1283686175857954816
1283686193629065216
1283686199421526016
1283686201208131585
1283686202105896961
1283686202067976194
1283686204081233921
1283686209777283072
1283686214411980802
1283686245516763136
1283686265221603328
1283686268258316288
1283686268635758597
1283686272075276289
1283686280690360321
1283686284574158849
1283686285555699714
1283686294367830019
1283686303205339136
1283686312734646273
1283686321148526592
1283686323812012032
1283686343206289408
1283686344435224577
1283686361191657472
1283686372537032705
1283686398126706688
1283686398533435393
1283686402853498885
1283686406976671746
1283686408457031681
1283686420117368832
1283686452627480576
1283686459187355648
1283686460361789440
1283686472261017600
1283686486731378688
1283686491441504261
1283686505240834049
1283686514422173704
1283686526539501569
1283686532893806594
1283686541479403521
1283686542364545024
1283686542926663680
1283686551197810688
1283686554817495040
1283686556197253121
1283686575705071617
1283686577064075264
1283686584487800833
1283686588820721664
1283686589525381120
1283686588749238272
1283686596106231808
1283686610412941314
1283686612346511360
1283686614179303425
1283686632789508097
1283686633989169154
1283686642398584832
1283686654432047104
1283686667711373313
1283686683863441410
1283686686208090118
1283686687722307584
1283686688758300675
1283686707716427777
1283686713081176064
1283686717720076294
1283686725647294464
1283686736992796672
1283686750989279232
1283686769645416449
1283686778398887936
1283686808610578432
1283686809021616128
1283686822825144320
1283686827619057664
1283686828302725120
1283686851820355584
1283686853904867329
1283686866550759430
1283686885613871104
1283686885722714120
1283686890055573504
1283686917545111552
1283686918098567168
1283686940894609409
1283686944539504640
1283686952714285062
1283686959853051918
1283686965033029632
1283686967855595521
1283686979318808576
1283686983865438208
1283686989452238848
1283687000223219712
1283687002068541440
1283687004333645825
1283687008800509954
1283687010557784064
1283687024017526790
1283687048197533697
1283687066392559616
1283687069513142272
1283687081961598977
1283687121165795331
1283687134050779138
1283687139754905601
1283687143773110272
1283687172684394496
1283687180318265345
1283687193836281859
1283687196394913794
1283687196663468033
1283687200748523521
1283687213046231040
1283687223154671616
1283687230251270146
1283687234076643334
1283687244189110272
1283687277802262529
1283687280562053120
1283687306986090497
1283687317404815361
1283687333569523712
1283687352414674946
1283687364238340098
1283687373377810432
1283687393472602112
1283687408769409024
1283687413286686720
1283687418353377280
1283687427421270017
1283687432119083009
1283687454982189056
1283687462158471174
1283687473219067904
1283687474645159938
1283687477065195525
1283687487857197059
1283687498816913409
1283687511387185154
1283687522900508672
1283687544744488961
1283687550352347136
1283687566626230272
1283687564998672385
1283687576826597376
1283687583453773825
1283687599127830528
1283687600402898944
1283687622666321920
1283687632803975168
1283687649233043456
1283687667679531008
1283687669889822720
1283687670359588865
1283687671001485312
1283687672020635654
1283687675145289728
1283687679574474752
1283687682154037248
1283687685568098305
1283687725984555013
1283687730606682112
1283687770632916992
1283687774441418753
1283687775313686528
1283687780606832640
1283687781777076225
1283687785141088256
1283687788106223617
1283687792313155584
1283687795228389377
