1284895760484634625
1284895767174557696
1284895771490492418
1284895775798046727
1284895783549120512
1284895788712198145
1284895796614193152
1284895796731826179
1284895805254569984
1284895805422395394
1284895809901920258
1284895821381730305
1284895835491360769
1284895872174653448
1284895876784283648
1284895881943080962
1284895886003372037
1284895893599158273
1284895894039670784
1284895978416336897
1284895994375790595
1284895997496352770
1284896011538665473
1284896015389061121
1284896045407887360
1284896045776896005
1284896048201203712
1284896068837109762
1284896078018510848
1284896089884119041
1284896090345615361
1284896099644448768
1284896110990036995
1284896114978754560
1284896123409268736
1284896125401673731
1284896127700078597
1284896127968575488
1284896133664460800
1284896141503533060
1284896142036090880
1284896153348255744
1284896154451206147
1284896166702977035
1284896167428579329
1284896171010297856
1284896178778316800
1284896186608934913
1284896191524864002
1284896204141322252
1284896204988362753
1284896215675568131
1284896237616017409
1284896238480109571
1284896242984562689
1284896245765541890
1284896258025553922
1284896258394664960
1284896259334123522
1284896276102778880
1284896286919897089
1284896295757348864
1284896296793407488
1284896299901493254
1284896305265819650
1284896308277510145
1284896316397506560
1284896337117564928
1284896337096474627
1284896342956007424
1284896346793750534
1284896367924715520
1284896383691096069
1284896387981873159
1284896388312993793
1284896396169162752
1284896400006733827
1284896417790619648
1284896425474654209
1284896426200375297
1284896461084295170
1284896479828758535
1284896481019940865
1284896481426604033
1284896519313858563
1284896532152623104
1284896542940434432
1284896548082429952
1284896560258650112
1284896573168799746
1284896588872261633
1284896589522382848
1284896594240905217
1284896594366566400
1284896598066003968
1284896599617859586
1284896609898246146
1284896609847910402
1284896610762272775
1284896612351959046
1284896622913024002
1284896643771273216
1284896651753279488
1284896657214062592
1284896662322896896
1284896665858646018
1284896668769558528
1284896674410827778
1284896682677800963
1284896690965815297
1284896715074486273
1284896720913076224
1284896728320077824
1284896732791181312
1284896733751840775
1284896735664517126
1284896749652336641
1284896753112629253
1284896753167155200
1284896756891824134
1284896760926797824
1284896774889627649
1284896779197198340
1284896783815127042
1284896786507849729
1284896787002617856
1284896795324276736
1284896817461829633
1284896823950356486
1284896828564156417
1284896841893650434
1284896845462994944
1284896848826818560
1284896865696256002
1284896869760540673
1284896871706763264
1284896876043493376
1284896893227671552
1284896913482043400
1284896917638578179
1284896937213394944
1284896957949898752
1284896963620679681
1284896963696132096
1284896971971416064
1284896972252385280
1284896975909838848
1284896994150895619
1284896997028368387
1284896997179305987
1284897008520769536
1284897009946812416
1284897013482557441
1284897016997384192
1284897017890660353
1284897021179068421
1284897030372945920
1284897030981120000
1284897028045041664
1284897043698159626
1284897064472674308
1284897077412032513
1284897096756342784
1284897096882180096
1284897118730227713
1284897123473993734
1284897126439432200
1284897126376509442
1284897130407174146
1284897131052953600
1284897150552481793
1284897153056415745
1284897163332521987
1284897172048302080
1284897198409318400
1284897211197915136
1284897218961518597
1284897235306778627
1284897236435062789
1284897240218312707
1284897240675422209
1284897247537369092
1284897270010347521
1284897277329338368
1284897278478569473
1284897306295193600
1284897321461800960
1284897331679080448
1284897349219700737
1284897360720662530
1284897363312738306
1284897369256075265
1284897374398148610
1284897377908908032
1284897382849601541
1284897388168085504
1284897392014303232
1284897416378900480
1284897428617916418
1284897440806645761
1284897440831885313
1284897449803427840
1284897453230235648
1284897475363590144
1284897487937912832
1284897492744585217
1284897500885848065
1284897508494319618
1284897508867678208
1284897517117648898
1284897525233790979
1284897537275699201
1284897541205762049
1284897550252871680
1284897553667051522
1284897567877152769
1284897578870546433
1284897579273199617
1284897587712143361
1284897588718657536
1284897609346424833
1284897629390827520
1284897629785202688
1284897633954336770
1284897634650599424
1284897642892468224
1284897647208230915
1284897654221213698
1284897675285069825
1284897677059260416
1284897688140558339
1284897701528829952
1284897708902428675
1284897713117638657
1284897714073817088
1284897718230556673
1284897721661288448
1284897722659561473
1284897730691837952
1284897746906951686
1284897747276107783
1284897767941263360
1284897775801577473
1284897785821585408
1284897789416222720
1284897801210441728
1284897801797697540
1284897811062898688
1284897821922136064
1284897860392189953
1284897869393285121
1284897882332594179
1284897886405263361
1284897886434660352
1284897889223835648
1284897897889378306
1284897922820247554
1284897922488754177
1284897936225308680
1284897936766377985
1284897962389319683
1284897966084354048
1284897974087307264
1284897978415751170
1284897978851848193
1284897981498626048
1284897985948610566
1284897986565349379
1284897989740204034
1284897990298263553
1284898003250229255
1284898012070916098
1284898019595493381
1284898025341689859
1284898033654800393
1284898044903817218
1284898045134606338
1284898052478603265
1284898058170327042
1284898062431924225
1284898065271402496
1284898075278966784
1284898087199113216
1284898098888749056
1284898141737816065
1284898149392318465
1284898149883150338
1284898159626420225
1284898163699134464
1284898170460397569
1284898175384526849
1284898175422214145
1284898179109068805
1284898189099712519
1284898199627395074
1284898199577276422
1284898200860622855
1284898204237139968
1284898208397717505
1284898222092115968
1284898222339756032
1284898234264166405
1284898246574342146
1284898251016155137
1284898255432634373
1284898258494488576
1284898264081403904
1284898274911162372
1284898287900925956
1284898288647331842
1284898292405608452
1284898292887957506
1284898317248409601
1284898317906980866
1284898342665883649
1284898351855665153
1284898385162641414
1284898397523066880
1284898407413407745
1284898409342808069
1284898409384747009
1284898419320983552
1284898421942431744
1284898442570063872
1284898448656015369
1284898455316504576
1284898467668799491
1284898468381720576
1284898468885073921
1284898472496214017
1284898489667858432
1284898490011791360
1284898497976827904
1284898498316574720
1284898498832412676
1284898501663522817
1284898505790836736
1284898514703712258
1284898519757848576
1284898528867897344
1284898535343882240
1284898540532072448
1284898553408761857
1284898560480182272
1284898561746821120
1284898569137328128
1284898569233801218
1284898578649845761
1284898582290522112
1284898582638845958
1284898586203959296
1284898589567852544
1284898593795706882
1284898603182383104
1284898614964301825
1284898616214204416
1284898616243630082
1284898624439115777
1284898635784744967
1284898656580247559
1284898660967481345
1284898699731238914
1284898703917056001
1284898704093097991
1284898712548827139
1284898716294328322
1284898716877455363
1284898732287258635
1284898737207349248
1284898750360694794
1284898761806876673
1284898770015199241
1284898774242885632
1284898775006240769
1284898778999336960
1284898784321826816
1284898792937009152
1284898816743731201
1284898833957359617
1284898834452303875
1284898838046576640
1284898851447386112
1284898859760660481
1284898859999735808
1284898876575617024
1284898887795236865
1284898888340643842
1284898889213136901
1284898891494645760
1284898893038333953
1284898908834074624
1284898917532856320
1284898918313062400
1284898922989793281
1284898946096050176
1284898958859354113
1284898972377559040
1284898975989075968
1284898979940126721
1284898993722597376
1284899006255181827
1284899011636326400
1284899013893009411
1284899017785319427
1284899023783165956
1284899047896158209
1284899052304269312
1284899052841324546
1284899077545574402
1284899080628367360
1284899093538418689
1284899093744021504
1284899106645778432
1284899119505514504
1284899143748661249
1284899144855945218
1284899156297908224
1284899181744857089
1284899189655318529
1284899215911477248
1284899218705059840
1284899219090833408
1284899224304451585
1284899237625569280
1284899241366888448
1284899244831277056
1284899282588499970
1284899291606245377
1284899323902296064
1284899336548085761
1284899336581779457
1284899350150291462
1284899361529323521
1284899366126444546
1284899367296458752
1284899371511951360
1284899395608162304
1284899400565829632
1284899409235517441
1284899416537812996
1284899421659045891
1284899432669032451
1284899449815302147
1284899449936977920
1284899450671030272
1284899478739263488
1284899487836540928
1284899497445920768
1284899518706675712
1284899533336584192
1284899534024462336
1284899535110766594
1284899537593798666
1284899539363729413
1284899546800234502
1284899568396767232
1284899584410554371
1284899597400395776
1284899606447435778
1284899609144446979
1284899639892701186
1284899642627575808
1284899642807922690
1284899660688023553
1284899665306161152
1284899676756615171
1284899689335328768
1284899697551966208
1284899702492860417
1284899710004854784
1284899711678324736
1284899718812725249
1284899719647551489
1284899722948423680
1284899723023966209
1284899723263070210
1284899757706616833
1284899772302798851
1284899776773971971
1284899781395935233
1284899789499326464
1284899798240440323
1284899802057236480
1284899803999227910
1284899805924401152
1284899811506954251
1284899815214723072
1284899815718113281
1284899823582359552
1284899827369877504
1284899839751249921
1284899847066222592
1284899881421873152
1284899886752661505
1284899890833891328
1284899889466560524
1284899892058624000
1284899903899082758
1284899912912703495
1284899915769020416
1284899927739576321
1284899929274687488
1284899949042229250
1284899962875113473
1284899966972903431
1284899970081001474
1284899999353053186
1284900000431054852
1284900012963454977
1284900040876662784
1284900049688772609
1284900054558552064
1284900062674464769
1284900066336157698
1284900066092888065
1284900071700652033
1284900074930216962
1284900082958184450
1284900088909828096
1284900091560636416
1284900095545053184
1284900100993617920
1284900104139235329
1284900114155233280
1284900121986179075
1284900125274341376
1284900137362321408
1284900142093459456
1284900143259582465
1284900146589786113
1284900154626191364
1284900158291968000
1284900158375952385
1284900168156893185
1284900208657215490
1284900210624344066
1284900214776758273
1284900218928955393
1284900219063345152
1284900222104211458
1284900234368360455
1284900272616210433
1284900281105424385
1284900288588128256
1284900289728798720
1284900310083866624
1284900310754848769
1284900314110464001
1284900313871396864
1284900318720000000
1284900324164149249
1284900331025924096
1284900372578959362
1284900377263869952
1284900380543877120
1284900380690669568
1284900381768613888
1284900398000738306
1284900410696839168
1284900414823989250
1284900423745318913
1284900431446118400
1284900435178946562
1284900436860973058
1284900444255510528
1284900448382713858
1284900460588040193
1284900470281187330
1284900481270190081
1284900481614131200
1284900482016776194
1284900486882131969
1284900499020365824
1284900510651363331
1284900515290243074
1284900525524365319
1284900536328888320
1284900540783005697
1284900548345499653
1284900557459804161
1284900577688813568
1284900579345682432
1284900607380393987
1284900615911608320
1284900619694878722
1284900678306091009
1284900696601636870
1284900717875146752
1284900728994181128
1284900730382561283
1284900734002237441
1284900734065147906
1284900737609273347
1284900746484281346
1284900762540113921
1284900763702099969
1284900770672979968
1284900780403826689
1284900830676746240
1284900868043624449
1284900897890459649
1284900909701632001
1284900910678839296
1284900910842482690
1284900917578432512
1284900917557334016
1284900942815662081
1284900952240263168
1284900956455329793
1284900968468025345
1284900976395030528
1284900976705638401
1284900981235486732
1284900990819262465
1284901005918953473
1284901018598285312
1284901023761473536
1284901024260653061
1284901028123549698
1284901036168290304
1284901048658862080
1284901057706033154
1284901058129559555
1284901081940660229
1284901082360156161
1284901103205855236
1284901140094758913
1284901148361515009
1284901148818919424
1284901162702065664
1284901185921716226
1284901194272579585
1284901195245596673
1284901199494500352
1284901199557169153
1284901202547871744
1284901217173372935
1284901217332867072
1284901219509710848
1284901223720771584
1284901228560834560
1284901232302338048
1284901233451503616
1284901241206657024
1284901244751024129
1284901244906209281
1284901246059655169
1284901261528227849
1284901263184822272
1284901266695520257
1284901291236429825
1284901299524444160
1284901308726751232
1284901312019132416
1284901325118083072
1284901329685471233
1284901334605377536
1284901334727172099
1284901337415606272
1284901350418022402
1284901358194307072
1284901362141065216
1284901384874340353
1284901388842151936
1284901405489131520
1284901409398243328
1284901418432974851
1284901420995678213
1284901434912157696
1284901441832923137
1284901442319523844
1284901455057637376
1284901464129839105
1284901475949387776
1284901475945259013
1284901480286220288
1284901480319930368
1284901492080533515
1284901496501555200
1284901497864478720
1284901501928759296
1284901508987920384
1284901509709340672
1284901575916261376
1284901581209600001
1284901581771747329
1284901602722107392
1284901607092752384
1284901627275677696
1284901627401576449
1284901631604269062
1284901639003004933
1284901639204331520
1284901640668172289
1284901647496298497
1284901647987036160
1284901651929690114
1284901653280370688
1284901664214876161
1284901668702871552
1284901669655007233
1284901674033672192
1284901681029931010
1284901681688465408
1284901686671142912
1284901690534174720
1284901698339823616
1284901711363145735
1284901727460904968
1284901740723277825
1284901752941113346
1284901765704486913
1284901768795533312
1284901770628497408
1284901773455454212
1284901782129455104
1284901786529095681
1284901799288332289
1284901806774956033
1284901819341328384
1284901808884707334
1284901836466642944
1284901845127663616
1284901857312165888
1284901858063134720
1284901861426974720
1284901884038283264
1284901890497576960
1284901907253743617
1284901924903563264
1284901924886609922
1284901937805172742
1284901954519326720
1284901962014765057
1284901963943931904
1284901983309135877
1284901984986947584
1284901989088997377
1284902000321273856
1284902008751677441
1284902012086358017
1284902012719632384
1284902012904067072
1284902022559535110
1284902029207502849
1284902029366829057
1284902043795296256
1284902054562013184
1284902058626363392
1284902058852618240
1284902064502513665
1284902068197572609
1284902071326523394
1284902071553216513
1284902080784797699
1284902081560813570
1284902083473231872
1284902087768211456
1284902087780966400
1284902093199937536
1284902097155231744
1284902101273935872
1284902101705830406
1284902114230140928
1284902116939763715
1284902130357170178
1284902138850795520
1284902143573598208
1284902152880762883
1284902156051591168
1284902156152143874
1284902156601118722
1284902160153665536
1284902160266747906
1284902165241368576
1284902165698543616
1284902171591553030
1284902180818833409
1284902188435873793
1284902202746839042
1284902205573738496
1284902226474000384
1284902257587257345
1284902282031767552
1284902286372855808
1284902297886130176
1284902303309299713
1284902311261806593
1284902315389050883
1284902326822674436
1284902340806561800
1284902348578414592
1284902353494130688
1284902360716894208
1284902360175636480
1284902370082791424
1284902402231951360
1284902412327813121
1284902428278771712
1284902432376487941
1284902437757825025
1284902440358178821
1284902441322860546
1284902448990216194
1284902453310259201
1284902483387715584
1284902499661553665
1284902500663992321
1284902512340992001
1284902513121124353
1284902515843174401
1284902519953555456
1284902521119617024
1284902528484642821
1284902536542130176
1284902538064494592
1284902538203090946
1284902540577054721
1284902542263148544
1284902544674885632
1284902550333009928
1284902557551296512
1284902559279452163
1284902562471112704
1284902568142012416
1284902570574647301
1284902571841327104
1284902572017369088
1284902575410515969
1284902557354094594
1284902579231760392
1284902583887441921
1284902587465113601
1284902596315144193
1284902599984951296
1284902612756598785
1284902622114258945
1284902625540890624
1284902626442776582
1284902626585448448
1284902643136180224
1284902645854015488
1284902647435337735
1284902683598565376
1284902684986753024
1284902693274890240
1284902700929490944
1284902726720196609
1284902742134337538
1284902746991329283
1284902747851104257
1284902776699412480
1284902779954311179
1284902798019063813
1284902801089257472
1284902814884360192
1284902835004612612
1284902835138768897
1284902852255596544
1284902855216730113
1284902863961862144
1284902881011789824
1284902881737539590
1284902881959849984
1284902888683253762
1284902889987518480
1284902898216964096
1284902915036061697
1284902919029104641
1284902923181395968
1284902923865128961
1284902930919813120
1284902932987568129
1284902940306808832
1284902965728415745
1284902968475688961
1284902985764605961
1284902986842542081
1284903008141103104
1284903012268376065
1284903012503355393
1284903019549794305
1284903032006770688
1284903035727015936
1284903040252772352
1284903045223022593
1284903057705390080
1284903062151331848
1284903074600038401
1284903102857056262
1284903132691144706
1284903137510338561
1284903166723514368
1284903167008940033
1284903183391707136
1284903203432267777
1284903203511971840
1284903209446907905
1284903212261277697
1284903212521267207
1284903214110765058
1284903216497352705
1284903217009172481
1284903220243038216
1284903220221841409
1284903221681627140
1284903250760814595
1284903267114385414
1284903272587771904
1284903276245217281
1284903276794777600
1284903278866845697
1284903279890071552
1284903280016007168
1284903280821272577
1284903287351902208
1284903305416773633
1284903309178925056
1284903313155260418
1284903321648746499
1284903333833170944
1284903341810753539
1284903351751188487
1284903359909171208
1284903359992836096
1284903375293775872
1284903375436492800
1284903380452876288
1284903389348888579
1284903393107021825
1284903402560991233
1284903409246765058
1284903415181713408
1284903426824994816
1284903439735099392
1284903468071878656
1284903468277194754
1284903473595768832
1284903492763746304
1284903492985991169
1284903502842482689
1284903518143471627
1284903518680215552
1284903523688177664
1284903535541444612
1284903536099307521
1284903551836336129
1284903568751771648
1284903570299449344
1284903597797515266
1284903602289508352
1284903604084768769
1284903611286327297
1284903620992020481
1284903623454076930
1284903624691159040
1284903628860530688
1284903636020137985
1284903652788969473
1284903657499250689
1284903682350309376
1284903695180849152
1284903698624380928
1284903712343851009
1284903719751032833
1284903740286197762
1284903749467734020
1284903774608257024
1284903783819022336
1284903783999430657
1284903788323598337
1284903791989579779
1284903796083228677
1284903799048503296
1284903820540223489
1284903846901354499
1284903848663035907
1284903851179401216
1284903866316632064
1284903866924969984
1284903879176380416
1284903884113293312
1284903884163411968
1284903943475208198
1284903947065532416
1284903960390914048
1284903967005315079
1284903983908192256
1284903992997195776
1284903996533149702
1284903997204303884
1284904001268527104
1284904004796002306
1284904005777465350
1284904017064148994
1284904018721091590
1284904029903106048
1284904038564155394
1284904046957154306
1284904056171921410
1284904081878683650
1284904101675962375
1284904106017120256
1284904111264038912
1284904131052949505
1284904156143087616
1284904169782956032
1284904172651855873
1284904173314600960
1284904189559267329
1284904210522406914
1284904214888677376
1284904222706642945
1284904228515975168
1284904231238074368
1284904249135190016
1284904258366836736
1284904265127833600
1284904273491501057
1284904274238025729
1284904274556837888
1284904282584645632
1284904285772435456
1284904295628849152
1284904298141212672
1284904307360272385
1284904314805379072
1284904329128878080
1284904337580470274
1284904348678598666
1284904364830625793
1284904375970926592
1284904382031691782
1284904386272141312
1284904399526076424
1284904408061362177
1284904412385873922
1284904420787081217
1284904441582440449
1284904442630791168
1284904445482942465
1284904445306974208
1284904471374503936
1284904471500394497
1284904499346378755
1284904516299743232
1284904525502066690
1284904563770892290
1284904571849015296
1284904574860455936
1284904575888130048
1284904596796772352
1284904597094572032
1284904600047366144
1284904617382379520
1284904647073792001
1284904668464910336
1284904668951465985
1284904669030961153
1284904669261643778
1284904669601427457
1284904680833683456
1284904688085868546
1284904689935556611
1284904690266726400
1284904696721944576
1284904697099251712
1284904711020314626
1284904718020546560
1284904719333416961
1284904752854294528
1284904755719004160
1284904755655897088
1284904776719757312
1284904780775784448
1284904784529694722
1284904810991493120
1284904830868369408
1284904843249807361
1284904852129058817
1284904856633978881
1284904856965320705
1284904877894832131
1284904878154739712
1284904881862651904
1284904885931081728
1284904895129071623
1284904897440354305
1284904906676039682
1284904973806063616
1284904987777105921
1284904994379042817
1284904998808117253
1284905003895808002
1284905005074399233
1284905016260808704
1284905032903585793
1284905037332754432
1284905045826457600
1284905046539476992
1284905059055173642
1284905067242377217
1284905071285764103
1284905074481860608
1284905082199269386
1284905087429533696
1284905092508987393
1284905094933250053
1284905108732555264
1284905108975820806
1284905112268201984
1284905112654229505
1284905118455013376
1284905120334000128
1284905120799395841
1284905122439368704
1284905125723672577
1284905133336338432
1284905135165112320
1284905158380380160
1284905159395610625
1284905162411257858
1284905170808102912
1284905171299033089
1284905171638788098
1284905171839930369
1284905188302696450
1284905208812670977
1284905217050513408
1284905238508470272
1284905243944407040
1284905262797729792
1284905273442934784
1284905284880785408
1284905297941655552
1284905304942014464
1284905335132545024
1284905339628945410
1284905357178003461
1284905363691786243
1284905368968192004
1284905398231871488
1284905405290704896
1284905406603636736
1284905407056666624
1284905410525364228
1284905414275092481
1284905428397314049
1284905436458749953
1284905441265422337
1284905448173428739
1284905448429064193
1284905448542547969
1284905452103299072
1284905452912832512
1284905453575524353
1284905456599732225
1284905494587551744
1284905506067353600
1284905507136909315
1284905515097571328
1284905528158609409
1284905541094051840
1284905541551239171
1284905552213012480
1284905565286592513
1284905565802704896
1284905575382384641
1284905615593275392
1284905633393844225
1284905646131994627
1284905649327861760
1284905649999093761
1284905657402105860
1284905663156584451
1284905670609899520
1284905684107223040
1284905711810600962
1284905720366854144
1284905726218055684
1284905733776191488
1284905733897826305
1284905737466966016
1284905742298804224
1284905745209688064
1284905750570119169
1284905757876514816
1284905762570018817
1284905779846250496
1284905783688343552
1284905783595941889
1284905783994601473
1284905783797231617
1284905784997031941
1284905791238045696
1284905797881753600
1284905805054189575
1284905805305778181
1284905813186883590
1284905829238366208
1284905829913825280
1284905847156609027
1284905849874378753
1284905854165225472
1284905875509919745
1284905880907993088
1284905889233874944
1284905918426083328
1284905918971469825
1284905922494636033
1284905931369623552
1284905968510402562
1284905969001140224
1284905972079538176
1284905972318838784
1284905984247431168
1284906005323644928
1284906006170923008
1284906014400114688
1284906014957944832
1284906030846095361
1284906035887702016
1284906043861012484
1284906047912792065
1284906060495585280
1284906063481860096
1284906078422138880
1284906084919107587
1284906086601035778
1284906095018991617
1284906102400811008
1284906115159990273
1284906123494129666
1284906128032378883
1284906139809984518
1284906153990918148
1284906157350555648
1284906160735354880
1284906162480189440
1284906165067972613
1284906169908236291
1284906173376999424
1284906179273961474
1284906191324237824
1284906195426447360
1284906203936628738
1284906211544985600
1284906211742285830
1284906236870365185
1284906261163782146
1284906269908885505
1284906270730915841
1284906279056613378
1284906295191977984
1284906295766781952
1284906295833661440
1284906309062713345
1284906333439840257
1284906342944210949
1284906367107706883
1284906370526064645
1284906371792723974
1284906383775870976
1284906401463185409
1284906403690315777
1284906412745928709
1284906421989994496
1284906425433698309
1284906425576239105
1284906426763280385
1284906458077896704
1284906458501525505
1284906467062165504
1284906475492524033
1284906487370911745
1284906492303302658
1284906502155677696
1284906508438863879
1284906526029709312
1284906535387230208
1284906541980823553
1284906551946379266
1284906559072612352
1284906559378792448
1284906560053899265
1284906564445511681
1284906572578250753
1284906588545982464
1284906598440357890
1284906601044942848
1284906605469995010
1284906609924333568
1284906610666557440
1284906622012268544
1284906627452276737
1284906630119739392
1284906634825699330
1284906640454672385
1284906643793350658
1284906647572213760
1284906647664697349
1284906660859973634
1284906663829549057
1284906673350508544
1284906684637274113
1284906690043936769
1284906726869934082
1284906727373144066
1284906730946691073
1284906731609288704
1284906731844194304
1284906732028747776
1284906732305518593
1284906732351885312
1284906735380111361
1284906735682166785
1284906736256782337
1284906739142397954
1284906741126193153
1284906744687333377
1284906752081833985
1284906757463007232
1284906803118080001
1284906810416091136
1284906813050191874
1284906820453236736
1284906825461174277
1284906827608657928
1284906836685185025
1284906841529606144
1284906848827707393
1284906852980056064
1284906853625991169
1284906853424607233
1284906854011875333
1284906861876084738
1284906875566338048
1284906886156955648
1284906895006998530
1284906896307163137
1284906898890690560
1284906912518008834
1284906913705099270
1284906937411346436
1284906950489145346
1284906953907621890
1284906958479216642
1284906975831130112
1284906977458483200
1284907003765301248
1284907007842177025
1284907013198065664
1284907016046161921
1284907020429082624
1284907020622147585
1284907020693278721
1284907037390970880
1284907053954326528
1284907055153807361
1284907057846550530
1284907058060333056
1284907059910250499
1284907080428609536
1284907088045649920
1284907089433972736
1284907093812744198
1284907096501346304
1284907097654726656
1284907101966524418
1284907108853379072
1284907113207209984
1284907113396031488
1284907118198489095
1284907120765394944
1284907134791098369
1284907139576676353
1284907171780734976
1284907188587290624
1284907189438578688
1284907201446871040
1284907209688784904
1284907210510868481
1284907227539808258
1284907234661675010
1284907247731171334
1284907249090138112
1284907255993958402
1284907265112313856
1284907268262240256
1284907281658732544
1284907288692654081
1284907314340941824
1284907324004380672
1284907343721959424
1284907344636317697
1284907360264257536
1284907360251711488
1284907361765937152
1284907369747681285
1284907369718140929
1284907377226113025
1284907381680484352
1284907391251775489
1284907403541131265
1284907420385509384
1284907432943075330
1284907436021821443
1284907436302721024
1284907462055931905
1284907470268162049
1284907486915579905
1284907487053963264
1284907491395022849
1284907498537996289
1284907507790622720
1284907522281762816
1284907540996861953
1284907548701855744
1284907548718620672
1284907562295386112
1284907571774513153
1284907594772090880
1284907599100551171
1284907600514035713
1284907605421428738
1284907634127065088
1284907636618457088
1284907637658710016
1284907654033399808
1284907658085117952
1284907679526395905
1284907684614078465
1284907697146441729
1284907705145217025
1284907705442775041
1284907710165573632
1284907737848008704
1284907746215841795
1284907746568155138
1284907759519948801
1284907759549452288
1284907771264024577
1284907771666796545
1284907780516843521
1284907789215834118
1284907798036459521
1284907800372494336
1284907817845968896
1284907823072079873
1284907823504097285
1284907830227558400
1284907838574395393
1284907838658056192
1284907855963926532
1284907857427693572
1284907873479397377
1284907885323907073
1284907894756896768
1284907901887279104
1284907906694107137
1284907910368243714
1284907922443599873
1284907927229194242
1284907944333635584
1284907948079292421
1284908001804070913
1284908002932400135
1284908024398782464
1284908028651638784
1284908031235555328
1284908052840427522
1284908053796511745
1284908061648355330
1284908067411369984
1284908074520772608
1284908081831387138
1284908098101157891
1284908102563889153
1284908112265322499
1284908119441707018
1284908124575604737
1284908145391931394
1284908161812631552
1284908186609180672
1284908203042648067
1284908233623138304
1284908255370567680
1284908275771879432
1284908278322008064
1284908292473450496
1284908295409610752
1284908296311197696
1284908296512565248
1284908308483063808
1284908313176571904
1284908316955750401
1284908318306099200
1284908327311417347
1284908329160937472
1284908329966415873
1284908343866191874
1284908351277555713
1284908362958807041
1284908392008634368
1284908396194430976
1284908396668489729
1284908417174220800
1284908417858056192
1284908435277000704
1284908446861660162
1284908447713067008
1284908459930992640
1284908475487711233
1284908483863814145
1284908489119334406
1284908500787834882
1284908501379276800
1284908506873724928
1284908510665416706
1284908513244807170
1284908514121588737
1284908544387579904
1284908551362809861
1284908556228210689
1284908559793221634
1284908570065207298
1284908572044701697
1284908576968806400
1284908589413355522
1284908589467893760
1284908602038169600
1284908611827691520
1284908619411021824
1284908619675271168
1284908639094898688
1284908640814669826
1284908643721379847
1284908652185497602
1284908685987373057
1284908698767220736
1284908708682698757
1284908724839219202
1284908727875833856
1284908729012498432
1284908736503570432
1284908766723485698
1284908766752903169
1284908779520303106
1284908786554220544
1284908804279119872
1284908811568984070
1284908815956279298
1284908825569456128
1284908828559945728
1284908832754331648
1284908844670504966
1284908845928767490
1284908855814758400
1284908866048856068
1284908870188621826
1284908875372691456
1284908888471437312
1284908899187949572
1284908899536166912
1284908899943026688
1284908903570997250
1284908920709025794
1284908936722866178
1284908958550024192
1284908958923153414
1284908960076771329
1284908975100760065
1284909000220385281
1284909004376936448
1284909016758484994
1284909030478155777
1284909031224741888
1284909048006156288
1284909051088982022
1284909051193618434
1284909056214421506
1284909060022833152
1284909060467200000
1284909067584991234
1284909072114909189
1284909080608477185
1284909081497440261
1284909122798968837
1284909143770509313
1284909160375521280
1284909172945870848
1284909177073278977
1284909181321936896
1284909181892526081
1284909189752643586
1284909206966087681
1284909209772085248
1284909211269373955
1284909213765042176
1284909222694723584
1284909240998432768
1284909261416529920
1284909264247627783
1284909278411796483
1284909293377073153
1284909293624590336
1284909311366488065
1284909311865638914
1284909325253701632
1284909327317454848
1284909327904473088
1284909337987608577
1284909352747520002
1284909369981837312
1284909374671147009
1284909378253000705
1284909394489159684
1284909414768664577
1284909420888154114
1284909423413137410
1284909427955507202
1284909440370524161
1284909448587358213
1284909454924931073
1284909462873010176
1284909465620242434
1284909473757310976
1284909482884071427
1284909486424109067
1284909486772084737
1284909490991767561
1284909494712111104
1284909504514187270
1284909504463876098
1284909513770852353
1284909521090023431
1284909524923670528
1284909526093791238
1284909533517750273
1284909543013650433
1284909557832187906
1284909567093215233
1284909570595393537
1284909574399688706
1284909575062335488
1284909582951866373
1284909583086084097
1284909583501230091
1284909588349845504
1284909592812703744
1284909597363441666
1284909601671061505
1284909610936209409
1284909611217293313
1284909616602714112
1284909616833245184
1284909622390915072
1284909629072261120
1284909641424666626
1284909646210269184
1284909658348621825
1284909663822249986
1284909676195385352
1284909676400971777
1284909679970258945
1284909679991087106
1284909688505741312
1284909692544745472
1284909708873281538
1284909717266071554
1284909718914453506
1284909738258505728
1284909738703163392
1284909739793682432
1284909746554798082
1284909748215742467
1284909752070348800
1284909756214321154
1284909764498075650
1284909771628457986
1284909773301747712
1284909776846102529
1284909779941502976
1284909780021149705
1284909784207155206
1284909788372119553
1284909789571678213
1284909789638651904
1284909802515312640
1284909809377202177
1284909815538626562
1284909823692333059
1284909839240454144
1284909847998341152
1284909855749406720
1284909882081075200
1284909890851373057
1284909898908577792
1284909910354993154
1284909922883338242
1284909930965852166
1284909939731857409
1284909964994195456
1284909969356324864
1284909983759577103
1284909994169765888
1284909995214073857
1284909995516141570
1284910002835259393
1284910010984800256
1284910033155702791
1284910035777314816
1284910053040979968
1284910057533169675
1284910062989987841
1284910066186035201
1284910074239102979
1284910074775900161
1284910075103059968
1284910090584195073
1284910098901590016
1284910102936522754
1284910107495739392
1284910111157358593
1284910115678818304
1284910141004029959
1284910141989695489
1284910157470797824
1284910158921924609
1284910159161102336
1284910171035250688
1284910175057522690
1284910175854501889
1284910179067269120
1284910188609384448
1284910191448739840
1284910205029904384
1284910205382397952
1284910205638189058
1284910221639536643
1284910226945323008
1284910233782026241
1284910234218237954
1284910234784366594
1284910241352757249
1284910259778117632
1284910270935162880
1284910271237160963
1284910272726081536
1284910276060512259
1284910276450627585
1284910284726050818
1284910295895494658
1284910305709981696
1284910309141078016
1284910317831516161
1284910322512547840
1284910326471962624
1284910337955946497
1284910338996043776
1284910342091485184
1284910342485577730
1284910343073009664
1284910368582754304
1284910384411848704
1284910388346335232
1284910389357162497
1284910402560823296
1284910405710684160
1284910406054621185
1284910423238758400
1284910425885351941
1284910427802042369
1284910434999558152
1284910444856201221
1284910446923796480
1284910456117682176
1284910461255847937
1284910498723627008
1284910506311131136
1284910510723473408
1284910523201384449
1284910527949541377
1284910540486303744
1284910564964274178
1284910585742798848
1284910592260820992
1284910603740475392
1284910607385468928
1284910616650698753
1284910618961682432
1284910624212828165
1284910660707667973
1284910660749594625
1284910661970071562
1284910666432864260
1284910666789330945
1284910673776873473
1284910674032852992
1284910687437893636
1284910691112022018
1284910694509490176
1284910699051978752
1284910721109721091
1284910727896150016
1284910729192067072
1284910732740489221
1284910745340112896
1284910757415579649
1284910777997176834
1284910783500091394
1284910786989694978
1284910791892885508
1284910825497493505
1284910826764349441
1284910828630585344
1284910836880998400
1284910841490477056
1284910841419182081
1284910850214526979
