1283521708926947330
1283521734168252418
1283521734872793089
1283521987705479171
1283521998077992962
1283522008362483713
1283522019833909250
1283522028780376065
1283522041124134913
1283522057087717376
1283522057372917760
1283522061692960771
1283522062766809089
1283522070215823361
1283522082538696705
1283522094786060288
1283522095251484672
1283522107582734337
1283522120866299909
1283522124989292546
1283522136599126017
1283522137022767106
1283522153447518209
1283522167439650816
1283522170635923458
1283522179284508674
1283522183059382272
1283522181935378441
1283522187073392642
1283522191838130183
1283522195986305029
1283522196233613313
1283522217653882880
1283522221076619264
1283522246187929602
1283522250977705986
1283522267574677504
1283522270971953162
1283522271773106178
1283522287426297856
1283522292597895168
1283522329390325760
1283522342073913344
1283522352081444866
1283522355634098178
1283522358838464519
1283522371484188672
1283522371823992833
1283522376748216334
1283522380443332609
1283522380971687939
1283522410336198656
1283522443353526272
1283522452312776705
1283522455689207813
1283522463721230336
1283522464165888009
1283522467978457089
1283522470021156864
1283522478308982786
1283522489042296833
1283522494507421698
1283522497875456007
1283522505601409026
1283522505605558272
1283522510433267714
1283522515151622145
1283522535078977537
1283522536320520195
1283522536412712960
1283522570013290496
1283522573691740167
1283522577269436417
1283522586262020097
1283522610488324102
1283522622937071617
1283522627764662283
1283522632827064320
1283522637407195136
1283522653488381955
1283522661470085120
1283522673805529088
1283522686082265095
1283522690330923008
1283522694252834816
1283522694579879937
1283522698254090241
1283522702725255169
1283522720471244801
1283522732865593346
1283522737257025537
1283522741883285508
1283522754436882437
1283522758652157952
1283522783381794817
1283522792399355906
1283522795520106496
1283522795633283072
1283522799680851968
1283522800540475392
1283522820102934535
1283522833138712583
1283522851312525314
1283522853850292224
1283522855188287490
1283522857708863488
1283522866294775809
1283522867439841281
1283522879938863106
1283522883004829698
1283522887853514754
1283522893104783361
1283522909001179137
1283522920787009536
1283522926193643520
1283522929737846784
1283522938356953089
1283522939472805898
1283522950801559553
1283522951518711808
1283522955469889537
1283522960435937280
1283522964420538370
1283522967138377729
1283522967964725249
1283522972196786176
1283522976625971202
1283522981088690176
1283522985194921984
1283522985656107009
1283522988143333376
1283522988969791489
1283523005390491656
1283523022549327878
1283523034364686341
1283523044393267202
1283523076999786497
1283523080883539969
1283523088391507973
1283523094179610626
1283523094154489861
1283523097547739136
1283523105365917696
1283523113897140225
1283523118464741378
1283523122608693249
1283523135988432896
1283523151545204742
1283523181538615297
1283523186601189378
1283523219039956995
1283523227579494406
1283523232704888834
1283523237536825345
1283523244704890888
1283523260844392448
1283523269442838538
1283523281673498624
1283523287407099911
1283523298593210369
1283523298698108930
1283523303638831105
1283523374388477957
1283523390867996672
1283523404683972610
1283523408001511425
1283523415635308545
1283523421754789891
1283523441136668672
1283523441812033537
1283523463156846593
1283523466818392064
1283523479359430659
1283523488255488000
1283523496157622276
1283523537538408449
1283523550096379905
1283523555146309632
1283523558757498881
1283523579875737600
1283523592718696448
1283523604504772614
1283523613111525376
1283523614147588103
1283523614105579520
1283523617347657730
1283523621294444544
1283523621449863168
1283523621688938496
1283523622200459265
1283523625342119937
1283523633852424193
1283523638998769670
1283523639237914626
1283523642836615169
1283523655532716033
1283523659639001093
1283523667331362818
1283523668602232833
1283523671533989896
1283523680245612548
1283523680841146368
1283523681713565703
1283523701099700224
1283523710926888966
1283523743218884608
1283523719466373120
1283523756028239873
1283523763976441856
1283523764815306754
1283523765121552384
1283523772146999296
1283523772478357508
1283523781403844615
1283523786827075584
1283523793655406593
1283523798579519489
1283523822663147530
1283523823556595713
1283523828040204288
1283523848302886914
1283523873741385728
1283523889960816640
1283523893609877504
1283523894066982912
1283523898240360451
1283523902522757124
1283523904309465088
1283523915688681472
1283523918981140480
1283523920004411393
1283523924274421766
1283523924496547840
1283523927994769409
1283523957044293632
1283523960982982656
1283523969430155264
1283523974765264897
1283523979534307329
1283523982789050368
1283523990628122624
1283523999306309632
1283524008093286400
1283524011394138112
1283524016595251202
1283524016867880965
1283524046202839042
1283524054620594181
1283524059263795202
1283524074531168266
1283524079476244480
1283524084228403201
1283524095443968001
1283524104394608646
1283524122048368640
1283524130046976000
1283524141602070528
1283524145934893056
1283524154235527168
1283524163773370368
1283524172182953985
1283524216827129857
1283524218638856193
1283524234241806338
1283524236347351042
1283524263849463809
1283524264390356992
1283524271541813251
1283524288499326977
1283524288683728899
1283524298108555269
1283524313287725056
1283524347974434816
1283524352030326786
1283524364374175744
1283524367973003264
1283524369151594496
1283524380522352641
1283524382128844800
1283524393323438080
1283524393432485890
1283524411040190464
1283524423522193408
1283524427687305216
1283524432162512897
1283524439548858369
1283524444523245569
1283524460440686606
1283524469819166731
1283524477809078272
1283524482582315011
1283524485757509634
1283524490454921217
1283524490731945986
1283524498554261510
1283524502878449664
1283524523547979782
1283524528287764482
1283524528967159809
1283524541470433283
1283524549737353219
1283524579051204610
1283524586672402434
1283524587293114368
1283524595132370944
1283524598726905856
1283524607266508800
1283524624140185600
1283524627952570368
1283524636781805574
1283524636827955202
1283524657971376129
1283524666162925569
1283524679467257864
1283524684462661633
1283524687407063041
1283524700136714240
1283524700509962242
1283524707988508672
1283524709196247041
1283524720445362178
1283524721489743872
1283524724530786306
1283524730214064131
1283524757938372609
1283524758651523075
1283524771171500035
1283524788447830018
1283524792486895616
1283524795607334914
1283524795724947456
1283524801424842752
1283524804100816896
1283524812493791232
1283524813097783300
1283524826234187776
1283524829950476288
1283524837923647488
1283524846253555712
1283524858672889859
1283524868273606657
1283524880009506816
1283524883906002947
1283524901924679680
1283524905418600448
1283524906274172931
1283524908857700352
1283524914075635716
1283524934778658818
1283524955737600000
1283524963346063362
1283524985395568648
1283524994451079169
1283524997227708421
1283524997454147584
1283525001501724672
1283525005750308864
1283525009718345736
1283525009860734977
1283525034959609857
1283525034213093376
1283525057185288198
1283525072871780352
1283525093554032650
1283525106048929793
1283525106824691713
1283525111195348996
1283525114412376064
1283525127230164996
1283525128693911555
1283525153482252296
1283525157840195585
1283525157990961152
1283525216761765889
1283525226635165699
1283525228300099584
1283525233274691584
1283525237481644032
1283525245517824004
1283525262060277761
1283525266019618817
1283525269706412037
1283525270138486784
1283525274081075200
1283525279156187139
1283525282729779202
1283525283929260034
1283525286949261314
1283525303197995011
1283525316581814272
1283525319962615814
1283525321078317063
1283525329840222209
1283525332868489218
1283525333392584704
1283525336777580544
1283525337327063044
1283525341609426944
1283525345900199936
1283525382814273542
1283525388283461634
1283525414208577538
1283525425084465152
1283525425264820231
1283525425755574272
1283525425973600256
1283525429232578565
1283525429488349186
1283525433884053504
1283525442016882688
1283525467056877568
1283525467887337479
1283525476154314760
1283525476691193856
1283525492516302848
1283525504751013889
1283525505354874883
1283525513387089921
1283525516969074692
1283525518516617216
1283525542990446592
1283525568462336001
1283525576851181569
1283525579988320256
1283525580772843520
1283525589077499904
1283525594139983872
1283525609835106308
1283525613769437185
1283525648015781889
1283525669025206272
1283525672670027776
1283525672691015681
1283525673378811907
1283525677099040768
1283525685257146368
1283525702445301763
1283525702860627968
1283525710880137228
1283525735693647872
1283525739678236672
1283525744078053376
1283525760406499332
1283525777409978368
1283525781516419072
1283525786092199937
1283525786452946944
1283525791104598021
1283525794090934278
1283525804421517314
1283525810792607750
1283525810708779009
1283525832393125888
1283525845647101953
1283525848642052098
1283525848977612803
1283525866962726917
1283525869357748224
1283525886139146242
1283525891222638597
1283525891889430529
1283525895114895366
1283525900299055104
1283525925863190529
1283525946444660736
1283525950416785412
1283525966598471681
1283525979621789698
1283525979416211458
1283525995257925632
1283526000190435328
1283526012685422592
1283526013528363008
1283526020428161030
1283526028535701505
1283526029194285057
1283526045950410756
1283526055995879424
1283526058361356289
1283526059552628736
1283526059628146691
1283526063570575361
1283526075151273984
1283526085091762179
1283526087574646784
1283526091706191872
1283526092049924096
1283526092960096256
1283526108546293769
1283526117966491648
1283526122429456385
1283526130130128896
1283526130641899521
1283526134148276226
1283526138006994945
1283526141962145792
1283526146374594560
1283526152339050498
1283526158718504960
1283526160035479554
1283526167295700992
1283526168373854208
1283526171192373248
1283526181246164993
1283526183896772608
1283526205904318465
1283526209788243968
1283526210606309377
1283526214708273158
1283526230629900297
1283526234643759109
1283526239399972864
1283526247092551681
1283526255225208833
1283526267913019392
1283526282496684032
1283526285239738368
1283526285709410305
1283526310183272450
1283526310590128128
1283526310715953153
1283526318316048388
1283526323063844865
1283526331007815681
1283526347730673665
1283526357138407424
1283526369717018624
1283526377052925952
1283526381394108421
1283526399052087296
1283526415267356674
1283526423299358721
1283526427305037825
1283526432623341577
1283526435966275584
1283526448679129088
1283526453297139713
1283526470221144064
1283526474813730816
1283526487954599936
1283526498641739776
1283526499014934533
1283526516815663106
1283526532858875904
1283526532871290880
1283526532879847425
1283526546360238088
1283526549107609602
1283526553901518849
1283526569978257408
1283526582993379329
1283526583609970688
1283526587510554624
1283526595874107394
1283526600005488641
1283526608482074628
1283526625473310723
1283526626291126278
1283526628723666945
1283526634226749442
1283526655408050177
1283526658293727232
1283526662206840832
1283526666732486656
1283526675762786304
1283526688522088448
1283526700974788609
1283526713754947584
1283526725356396544
1283526730548903940
1283526730725183488
1283526746218930176
1283526750996242432
1283526755190530050
1283526769069502467
1283526780746334213
1283526793249480704
1283526798001790980
1283526809112309760
1283526810106499072
1283526818507653122
1283526827890348034
1283526829865865218
1283526855119654912
1283526856352956417
1283526859196686337
1283526868617121792
1283526868705120257
1283526872840564736
1283526906390904834
1283526923050614784
1283526923411496960
1283526934064967683
1283526961344794624
1283526964263911425
1283526968722456576
1283526978146992128
1283526985579474944
1283526998778945537
1283526999051575303
1283527011684712450
1283527019326771200
1283527028898029568
1283527039891337216
1283527041443409921
1283527052138774529
1283527052591796224
1283527056635113480
1283527070052753409
1283527070220349441
1283527083575119873
1283527098431418372
1283527102801870848
1283527116789813248
1283527124528304133
1283527142035382273
1283527145302745091
1283527153729011712
1283527154198863874
1283527162310602753
1283527169772326912
1283527174755168264
1283527179834466305
1283527208514891776
1283527215897096192
1283527216731697154
1283527220766691338
1283527233739653122
1283527245760466944
1283527275020013570
1283527284050341890
1283527309350313984
1283527321098444801
1283527321228435456
1283527329453617153
1283527337653555205
1283527341789065219
1283527346411184130
1283527354296365056
1283527362521583617
1283527364195082243
1283527372009070593
1283527380439629825
1283527392900849664
1283527396574982145
1283527404884041728
1283527405815177216
1283527409669636097
1283527417924067329
1283527426530844674
1283527439679987712
1283527442980904961
1283527447892365314
1283527452401324032
1283527459070255105
1283527460039139328
1283527465147793409
1283527471405703168
1283527476325556228
1283527485364277248
1283527493526396930
1283527497049489408
1283527517966675968
1283527522668486658
1283527534437470208
1283527535683346432
1283527539751673856
1283527543367233536
1283527548190613506
1283527551617572870
1283527552020238337
1283527553286901763
1283527573671079938
1283527577043218432
1283527580625371137
1283527590427459587
1283527593174630400
1283527597503258626
1283527611340161024
1283527615106748418
1283527619615444993
1283527636820660230
1283527661340495875
1283527662007459841
1283527665111101440
1283527666486968321
1283527682320408576
1283527686539874304
1283527687651262465
1283527687663955976
1283527702767644675
1283527707964379144
1283527720136323075
1283527723948941314
1283527728705282054
1283527737572044800
1283527740444913664
1283527752877068294
1283528257464344584
1283528261914460161
1283528264888332289
1283528268625276928
1283528268835098627
1283528273826320387
1283528279056670721
1283528303802974208
1283528331686797315
1283528354243784707
1283528374137368578
1283528387382804482
1283528387554836484
1283528416160030725
1283528419976843264
1283528420211798019
1283528420719198211
1283528420761260032
1283528424934518786
1283528428176670727
1283528437664079872
1283528440885518338
1283528441321730049
1283528453170638848
1283528465740976130
1283528495151353857
1283528496720084992
1283528503552548864
1283528596464828422
1283528604345868289
1283528604941455361
1283528609781764099
1283528637485113349
1283528650441338881
1283528654828470276
1283528660188835844
1283528668602662913
1283528677125480450
1283528680933863424
1283528685480534018
1283528705487196162
1283528709090287616
1283528713582391298
1283528717348765696
1283528726484049927
1283528726907502592
1283528756209082369
1283528761431007232
1283528769572155398
1283528794037530624
1283528809648738307
1283528810181222401
1283528834722205696
1283528835208708096
1283528845036003328
1283528847917330437
1283528856826114049
1283528861502836740
1283528864459747329
1283528868842831877
1283528869316898818
1283528890548391938
1283528898307915776
1283528906922799105
1283528911155068928
1283528927416385537
1283528932776652805
1283528935842750464
1283528945342832640
1283528952485687307
1283528981845872642
1283528991392096258
1283528998711107584
1283528998925066242
1283529008290947072
1283529011247886336
1283529019678314496
1283529028817879046
1283529038095699969
1283529044684922880
1283529067497549824
1283529067724079105
1283529075072606208
1283529075680702464
1283529086518702081
1283529096362893312
1283529104239865856
1283529104697044992
1283529108991836165
1283529111999262727
1283529112129282049
1283529116306808833
1283529124657668097
1283529124913360896
1283529128881389575
1283529141497860098
1283529145847361536
1283529149856931846
1283529159323475968
1283529170446950400
1283529174800633856
1283529175563935750
1283529184250417154
1283529195532857344
1283529200251670528
1283529200729640962
1283529217460842496
1283529217687187456
1283529229339185160
1283529233558454272
1283529238922944514
1283529247261437955
1283529253904977920
1283529260108353536
1283529263933796353
1283529268455251983
1283529275065298946
1283529288952639488
1283529292979240962
1283529301565091844
1283529309555228673
1283529326042812416
1283529331357040640
1283529338802057219
1283529339087118336
1283529342778314752
1283529363493920771
1283529377628725248
1283529380921131008
1283529389301542917
1283529401691447302
1283529423023747072
1283529452631326724
1283529461544054785
1283529465566461953
1283529473573433344
1283529476895387649
1283529477327392778
1283529478065524736
1283529486315802636
1283529499041308672
1283529499330535424
1283529506054184960
1283529544008433665
1283529544507502593
1283529548383031302
1283529552015298561
1283529561959997443
1283529565298728960
1283529569119723522
1283529578426884096
1283529594302337032
1283529594771877888
1283529611347820544
1283529615076622341
1283529619564568576
1283529620143341568
1283529657778876417
1283529670034698246
1283529675113979905
1283529687105404928
1283529716205592578
1283529728779902976
1283529763454361604
1283529771964674049
1283529779484995590
1283529787353505801
1283529791589801992
1283529791757590536
1283529796337762304
1283529805082722304
1283529812309676033
1283529816562708482
1283529821247725569
1283529825043587074
1283529825219743744
1283529830668148737
1283529833159565319
1283529833507508225
1283529847327858698
1283529859030028288
1283529863098400768
1283529889031782401
1283529921420296193
1283529935747940354
1283529948091887626
1283529951963160580
1283529954592841728
1283529980916297730
1283529984921997317
1283529998339473409
1283530005230702592
1283530014416347149
1283530023014719496
1283530060440506368
1283530072817901568
1283530086117896192
1283530093709725696
1283530101381103616
1283530101779570691
1283530110302326784
1283530110142799872
1283530111090855936
1283530114177916930
1283530115570376704
1283530119131406339
1283530120058347525
1283530127880663042
1283530143445782533
1283530153478561792
1283530169546874881
1283530178300383241
1283530195790594049
1283530207463452674
1283530220469977088
1283530224404054016
1283530225138241537
1283530232851570688
1283530235682582533
1283530236408340480
1283530266015916032
1283530266418589696
1283530269719433219
1283530271044886529
1283530282684100609
1283530308453912576
1283530311855493120
1283530349947936768
1283530374367387648
1283530382684549120
1283530396324581382
1283530400132935680
1283530420924174336
1283530429694386176
1283530441463681027
1283530446475792387
1283530462720331776
1283530466293878785
1283530468353179648
1283530471536832517
1283530480957026305
1283530497205972995
1283530504222826496
1283530505208692736
1283530514461347849
1283530522610872320
1283530538481889282
1283530541866909696
1283530542441533442
1283530551773720577
1283530572170747908
1283530588591476752
1283530596875030529
1283530597659365377
1283530610112368642
1283530618274484243
1283530651300397067
1283530652030324739
1283530659429076994
1283530664160251906
1283530693352370176
1283530693885202435
1283530702009577473
1283530706405281793
1283530714646863874
1283530736641945603
1283530739670294530
1283530740018413569
1283530748411236354
1283530761916649472
1283530765070999553
1283530773568663557
1283530774419959808
1283530794581946369
1283530803411132416
1283530806766510080
1283530807777394689
1283530811166400516
1283530820355940352
1283530824466432002
1283530848336146432
1283530849753821184
1283530869664354304
1283530877729771521
1283530878715650048
1283530879055343620
1283530882561855489
1283530886336700417
1283530890900103174
1283530900022714369
1283530916493656065
1283530928070033411
1283530940673748992
1283530945824464896
1283530949263863811
1283530963109150720
1283530991538184198
1283531004381102082
1283531032801742850
1283531042264158208
1283531050359173120
1283531059246891016
1283531062266781696
1283531097272393732
1283531108638953476
1283531113869303808
1283531116528521216
1283531133867753472
1283531146672910337
1283531151433400320
1283531151970373635
1283531155862691840
1283531162611339264
1283531180088995840
1283531184098750466
1283531184165851139
1283531189039575050
1283531204508168193
1283531213307809792
1283531225530081280
1283531226272403462
1283531235076308994
1283531252113514497
1283531255062114306
1283531259868831756
1283531267653480449
1283531277669470211
1283531297038589952
1283531301492977664
1283531302218747908
1283531306534502400
1283531309856563201
1283531310288576609
1283531310951260160
1283531313522319360
1283531314898100231
1283531318064582658
1283531331201376257
1283531368245452802
1283531369402908674
1283531380929028098
1283531390588518402
1283531431915008000
1283531432200216576
1283531482330476544
1283531482309550080
1283531487476883458
1283531494393290757
1283531502438043649
1283531507278241794
1283531515440377857
1283531519664033794
1283531523552161792
1283531540983619584
1283531541801508864
1283531530598481921
1283531570486349824
1283531578744827906
1283531582431608832
1283531591109804034
1283531599850565633
1283531603805970438
1283531607878639617
1283531608046407680
1283531612819542025
1283531617013772294
1283531620767526913
1283531620960673795
1283531628921462785
1283531642515021826
1283531651197394945
1283531653718126593
1283531662689796103
1283531678888198144
1283531683149557764
1283531700207747077
1283531701248053251
1283531703806496769
1283531708294475778
1283531722227773440
1283531734638706691
1283531737683951616
1283531746764632068
1283531751546138626
1283531751428460544
1283531762375655424
1283531776112156677
1283531776934187008
1283531783401639936
1283531792079900672
1283531805526642690
1283531813021941760
1283531813080555521
1283531826611589121
1283531826804359168
1283531839072882691
1283531847687909377
1283531855136948225
1283531867640168449
1283531880973905920
1283531893934194689
1283531902738206720
1283531909390360578
1283531922879074304
1283531930361909253
1283531935336280080
1283531951404613638
1283531952243576833
1283531969528320015
1283531977350676485
1283531982056632321
1283531997256851456
1283531999081369605
1283532002776547328
1283532005892923392
1283532010863108102
1283532014285717505
1283532022493970433
1283532038004514816
1283532048167247872
1283532052898381824
1283532065602965505
1283532069776302080
1283532072947191809
1283532086784204801
1283532089904599041
1283532098050183168
1283532098469494785
1283532103771136001
1283532119818465281
1283532127372550152
1283532153326669824
1283532158100025346
1283532161337790465
1283532165817434118
1283532174046769165
1283532178681475078
1283532183303528448
1283532191658643458
1283532199506124800
1283532232460775429
1283532233257684992
1283532237892395009
1283532246528528386
1283532253096796164
1283532254271217664
1283532262697570311
1283532270674952192
1283532271824236544
1283532278921138176
1283532280032526336
1283532283228696576
1283532291017445381
1283532304934109186
1283532307794722816
1283532316044861441
1283532324471267329
1283532329722556423
1283532366963777536
1283532378720403457
1283532380062572549
1283532384177205248
1283532400895627264
1283532421359697921
1283532439030308864
1283532443107172359
1283532454624661509
1283532455429971970
1283532464858771456
1283532484844630016
1283532489382866951
1283532500522983426
1283532501013671936
1283532505791049733
1283532508970266633
1283532513646981121
1283532519254536192
1283532522392035328
1283532527374721025
1283532539232047104
1283532542705111043
1283532555136860160
1283532563995222017
1283532572698595329
1283532581628186627
1283532585998712832
1283532598841692162
1283532601257426944
1283532609625047041
1283532614062804999
1283532627958358016
1283532630982524931
1283532635025924096
1283532636389072896
1283532643397783552
1283532644198813697
1283532645503295488
1283532649546604546
1283532672590020620
1283532673496027136
1283532677178699779
1283532694744227840
1283532694845100032
1283532698791755776
1283532706278760449
1283532707402788867
1283532719323066371
1283532724121280512
1283532724335259649
1283532740630130692
1283532748188254209
1283532760704049154
1283532766496210944
1283532773219860481
1283532774771752961
1283532778877878272
1283532794392707072
1283532802533789696
1283532806749073408
1283532815976431616
1283532827750027264
1283532827909398528
1283532832363679746
1283532837082198016
1283532863195869184
1283532874973622279
1283532887049097223
1283532887015350272
1283532896209379329
1283532900588122112
1283532920733474817
1283532921719214080
1283532924277710857
1283532925284134912
1283532934465687553
1283532945236598784
1283532971580981248
1283532975100100610
1283532979680272384
1283532979801858049
1283532984587415564
1283533008851447808
1283533009090641920
1283533012735602689
1283533013762977794
1283533017558822912
1283533024861335554
1283533037599424512
1283533043433721856
1283533043840495616
1283533058281537542
1283533064082251777
1283533085812940801
1283533093274558469
1283533096823009280
1283533101847715840
1283533102120185856
1283533110236209152
1283533110483644416
1283533122030772224
1283533133963505671
1283533134068359168
1283533139311243269
1283533142607851521
1283533143312662528
1283533147188142080
1283533155341938694
1283533156662964224
1283533161293647872
1283533161582997505
1283533176183365632
1283533176707547138
1283533180905984001
1283533193585491968
1283533211105189895
1283533213588234241
1283533214880010240
1283533217753174017
1283533226133381121
1283533226863198215
1283533236744978433
1283533248468078592
1283533256697221122
1283533264561606657
1283533270068744193
1283533281816768512
1283533281820999681
1283533284979486721
1283533294504534018
1283533319171342339
1283533331804626944
1283533335395020800
1283533336346939393
1283533339236855809
1283533348674007043
1283533353434701830
1283533360565039104
1283533373261193216
1283533383008567297
1283533389967101954
1283533402906300416
1283533407012651009
1283533407574786060
1283533408279330820
1283533416353406979
1283533416856788993
1283533419863928832
1283533431746580480
1283533446795542529
1283533452935958528
1283533453598826496
1283533461110784000
1283533465720197120
1283533473823719435
1283533474201317377
1283533481939738632
1283533490923827200
1283533511778066433
1283533519990468609
1283533520728662019
1283533545521250304
1283533549153300480
1283533543424090115
1283533557697257478
1283533558955614208
1283533559127519239
1283533570527690752
1283533571555160065
1283533583873794048
1283533588819070980
1283533589339144195
1283533595357974529
1283533600214974466
1283533608146415616
1283533617243713536
1283533641524510720
1283533672184975363
1283533676479946761
1283533693496295425
1283533701108781056
1283533722499915776
1283533726857617409
1283533730380779520
1283533734755602433
1283533758885507077
1283533777629831174
1283533780448415746
1283533789063413760
1283533797494071296
1283533821871349768
1283533847007842304
1283533851554455553
1283533868683997186
1283533877353603079
1283533889751994369
1283533893111611393
1283533903320539137
1283533919535558656
1283533939458453504
1283533945167126532
1283533965975052299
1283533970718822402
1283533977874305024
1283533978675404800
1283533978948046851
1283533980957134848
1283533985998659584
1283533997780369410
1283534019242659843
1283534053598257155
1283534077946101763
1283534099232292864
1283534100624744450
1283534103476748288
1283534120266727424
1283534133050978307
1283534150419402752
1283534153439490049
1283534153242349576
1283534153573715969
1283534153644990464
1283534154194391040
1283534183470694402
1283534195382312960
1283534195533533184
1283534195894124544
1283534196393168897
1283534200042401794
1283534200054992897
1283534203984977920
1283534204958126088
1283534217549209600
1283534222330867713
1283534226097201153
1283534243038027776
1283534246397665281
1283534250260738048
1283534251049156608
1283534255449088000
1283534259282731009
1283534263971975169
1283534267444797440
1283534271341363205
1283534275741192193
1283534283701997569
1283534293055287297
1283534293403267073
1283534296003772418
1283534296880484352
1283534297224425472
1283534300927983617
1283534309467529222
1283534310218387456
1283534317470326785
1283534339305811968
1283534350957633538
1283534351196721153
1283534373397032960
1283534385480970241
1283534397254270976
1283534397615017989
1283534423120642048
1283534427235119105
1283534429890252807
1283534430485667840
1283534430645227520
1283534435778916353
1283534444436115456
1283534455743942662
1283534456373096454
1283534463838883846
1283534471912988677
1283534484953010177
1283534485603090433
1283534490212524033
1283534509745602566
1283534509649154061
1283534514908803073
1283534518306197504
1283534519170215938
1283534519509950465
1283534531329290240
1283534531404988432
1283534531471872001
1283534531761516549
1283534532021452806
1283534534886125569
1283534535125336064
1283534564623822849
1283534573066784768
1283534573285122050
1283534573557608449
1283534573725523969
1283534577202597889
1283534598006362112
1283534602544582662
1283534603010150400
1283534603081469958
1283534606357192709
1283534606436675584
1283534606915055616
1283534611134517256
1283534616352239616
1283534642335940615
1283534649936011265
1283534670563610624
1283534683045793792
1283534687030464512
1283534695985283074
1283534696136290308
1283534715723624453
1283534716075945989
1283534733452943361
1283534741099118592
1283534746153299969
1283534748938194944
1283534750293135371
1283534757427580928
1283534770362875912
1283534778139123718
1283534778243919872
1283534786653454336
1283534790881419269
1283534792332640256
1283534794970877953
1283534796522741761
1283534820040159232
1283534828986667010
1283534829783592961
1283534855096205315
1283534870300577793
1283534870405353474
1283534884674449410
1283534887316840448
1283534888969199617
1283534897240571905
1283534909844463623
1283534922431553538
1283534926411857920
1283534934666248192
1283534938881622016
1283534955520225280
1283534958619963396
1283534971593007105
1283534980233093120
1283534985262063616
1283534989229846528
1283535001104064512
1283535001045340160
1283535014588829701
1283535274119581696
1283535277747777536
1283535285842776066
1283535323788705792
1283535328398258176
1283535328238870528
1283535337470525441
1283535361126174720
1283535362632155136
1283535378910248960
1283535386665508864
1283535395636932608
1283535403358855170
1283535407200829441
1283535408081453056
1283535408798863373
1283535411738894336
1283535421079646209
1283535436653252610
1283535442109960195
1283535442240045059
1283535445591130113
1283535449521360896
1283535454130724864
1283535478948429824
1283535480336691202
1283535496308838402
1283535500108804097
1283535503673917446
1283535525786214406
1283535530530045953
1283535542727118848
1283535550801227780
1283535554819182592
1283535564063608832
1283535577158213632
1283535580127731717
1283535584196272128
1283535601464233987
1283535609521491974
1283535622188269569
1283535634368536576
1283535637983920128
1283535659194621952
1283535676013776897
1283535680677777409
1283535685253648384
1283535697283035136
1283535701040984065
1283535709350100993
1283535726173446150
1283535726798307335
1283535739045593088
1283535751821615104
1283535759623020552
1283535781815111680
1283535806313848832
1283535806565621761
1283535835443298309
1283535835820744704
1283535853516722181
1283535856394010625
1283535857622880261
1283535868649603073
1283535885749772289
1283535898638942208
1283535924123631616
1283535927411761153
1283535936924446720
1283535961419202562
1283535973566025728
1283535982990512128
1283536002741489665
1283536003538358272
1283536016721219585
1283536020219338760
1283536288189038594
1283536308996988929
1283536310112620544
1283536319206088705
1283536322154631169
1283536330023215105
1283536350935998467
1283536356224925697
1283536373383913474
1283536394325876737
1283536406623784962
1283536410926911493
1283536415494746114
1283536437082824705
1283536440396337154
1283536443395018753
1283536448159985665
1283536456439476225
