1284142277988765697
1284142286360719363
1284142298335531008
1284142308380868609
1284142314772926464
1284142318564585472
1284142332879581185
1284142345915633664
1284142352664195074
1284142369500168197
1284142369647013888
1284142370225713154
1284142373078016003
1284142378727755776
1284142382204760067
1284142417483042817
1284142419450032134
1284142432112840714
1284142436378382337
1284142462219542531
1284142466929762307
1284142471161708544
1284142490967322626
1284142491856302081
1284142516397277185
1284142521124347904
1284142536978837506
1284142542322380802
1284142553890205698
1284142570772353025
1284142574916243456
1284142579278385152
1284142579689361408
1284142596491808768
1284142596986753024
1284142613168132098
1284142630008492033
1284142655597760513
1284142659616079873
1284142666960318464
1284142667220365319
1284142680209932289
1284142683670421510
1284142688112119808
1284142688418201601
1284142697348059137
1284142700434870272
1284142709373128705
1284142714313940993
1284142721989574656
1284142722799022081
1284142731850387461
1284142734908022784
1284142735444922372
1284142747830624261
1284142755313102849
1284142768479260675
1284142768605069312
1284142769028714497
1284142785935941633
1284142789413003264
1284142810711687171
1284142827107160064
1284142827463737344
1284142830374486016
1284142847617372160
1284142853027840001
1284142865002766337
1284142869331283968
1284142873072500743
1284142889820229632
1284142890625765377
1284142898347413504
1284142911454674949
1284142912024965121
1284142919306354690
1284142928517042177
1284142941372645382
1284142944392536064
1284142949341822977
1284142952495738882
1284142952881807360
1284142961316581378
1284142966643335168
1284142973001883653
1284142978597036033
1284142991611846656
1284142994883522560
1284142998259892224
1284142998620520448
1284143003934875649
1284143023396392960
1284143024574849026
1284143032246435840
1284143033391427584
1284143036314742785
1284143087779020800
1284143103927095297
1284143108452540416
1284143112521158663
1284143124462350336
1284143141826834434
1284143158067109893
1284143170356469761
1284143174634672129
1284143175091646464
1284143187309686793
1284143195639566337
1284143220805566464
1284143229726793735
1284143249905483778
1284143267265871873
1284143281014738944
1284143283892101120
1284143284802039809
1284143314791522304
1284143316968316928
1284143325096771589
1284143355547484161
1284143389034852353
1284143394286178304
1284143405090648066
1284143406277627908
1284143406755635201
1284143410463387654
1284143451240632321
1284143467908784129
1284143468076339201
1284143480864940033
1284143510749360128
1284143514184376321
1284143515459518464
1284143522770190336
1284143527736336387
1284143531418763265
1284143548862955527
1284143573881978880
1284143598276096002
1284143603992989696
1284143611915890691
1284143619805450246
1284143623727005697
1284143628219150336
1284143632061210624
1284143644702846977
1284143661220007937
1284143673756852226
1284143678445940737
1284143684062195712
1284143687816089600
1284143691225919488
1284143694820581381
1284143715607609345
1284143724683915265
1284143729750745088
1284143741507457024
1284143741482090497
1284143782540251136
1284143799908872193
1284143820838449152
1284143821387751429
1284143821710753798
1284143841260589056
1284143841407234048
1284143846398595072
1284143859090563080
1284143863607832576
1284143871484506118
1284143871937646593
1284143876102516738
1284143879072157697
1284143904665853952
1284143917890494464
1284143938966884353
1284143939344367616
1284143967240704001
1284143968612241411
1284143975734149120
1284143980519849984
1284143988279148545
1284143988870545408
1284143993446637568
1284143993882906624
1284143994008674304
1284144000748752897
1284144014896357377
1284144021426761729
1284144022311837696
1284144022488059905
1284144025902002176
1284144031019270146
1284144035242946560
1284144035058323461
1284144038954885126
1284144039424557056
1284144043098812417
1284144043363127296
1284144055807614976
1284144073301884928
1284144076221304834
1284144077093498880
1284144097851318278
1284144105585434625
1284144110803222529
1284144111176622080
1284144144735248385
1284144160962797568
1284144160950243333
1284144164225994753
1284144169221591041
1284144169527672832
1284144206781353986
1284144214729728001
1284144227853557760
1284144236288520192
1284144240092680193
1284144240658911232
1284144249387331584
1284144769103466497
1284144769434886144
1284144777215254534
1284144785046085632
1284144786052718593
1284144786639925250
1284144789622005760
1284144806294413314
1284144823121870848
1284144823956635652
1284144827819384833
1284144832651247616
1284144839584624641
1284144840159174657
1284144840821796869
1284144856437121032
1284144877845061633
1284144886669668357
1284144886774730752
1284144886845825024
1284144889899384832
1284144894634754048
1284144903040061440
1284144903002431494
1284144908148920320
1284144911063724037
1284144928881348609
1284144948825272327
1284144952793083904
1284144974825652226
1284144983080144897
1284144987047899141
1284144992072671233
1284145007461576709
1284145007423655936
1284145016080744455
1284145019880783877
1284145021688541185
1284145024008179713
1284145028588343302
1284145028735041538
1284145028441538560
1284145032748990466
1284145049358434310
1284145054605426695
1284145075094614018
1284145079196819460
1284145087467917312
1284145088441065472
1284145096481529857
1284145104203026434
1284145104605851648
1284145134544867328
1284145163435216898
1284145179616665600
1284145184939274243
1284145196037476352
1284145200814850049
1284145209404776449
1284145209488490496
1284145217407516672
1284145225863057409
1284145233748533249
1284145247996514305
1284145255365791744
1284145273413881856
1284145277155315712
1284145280871473152
1284145292686721026
1284145301775945730
1284145306045644800
1284145309904510977
1284145322055409665
1284145322781016077
1284145326056779782
1284145330301202433
1284145334814412802
1284145335225344001
1284145344062857216
1284145347502186496
1284145356025008129
1284145368326909952
1284145374119092224
1284145381648019457
1284145419203772420
1284145423096176640
1284145436190814209
1284145440909398017
1284145452011737089
1284145452439539713
1284145458026184705
1284145491224285191
1284145499335995392
1284145532345233413
1284145544663830529
1284145557586542600
1284145561700937728
1284145562833563649
1284145570630836225
1284145578360922113
1284145583612203009
1284145587554856960
1284145591270936580
1284145600355852288
1284145615275008002
1284145617565032455
1284145619720790019
1284145629904560128
1284145633662849025
1284145649131249664
1284145678780780545
1284145683809759232
1284145687005986817
1284145687245062148
1284145692819304448
1284145721114079232
1284145724830019584
1284145725903798272
1284145737710866434
1284145746783006722
1284145751027851264
1284145784443801600
1284145784930422784
1284145804417130497
1284145805088219145
1284145809395720194
1284145817285255170
1284145822033219584
1284145825111629824
1284145847731654656
1284145850634166274
1284145851150065665
1284145855147192323
1284145863342698497
1284145867281358849
1284145880053014530
1284145880661188608
1284145883676839937
1284145888273801218
1284145892174385155
1284145901347442690
1284145909433987073
1284145913544404992
1284145917977858048
1284145927041712131
1284145927050018816
1284145944192258049
1284145947413491715
1284145954761912326
1284145960763961345
1284145977608286210
1284145980947025920
1284145981643264006
1284145999070605312
1284146006339325956
1284146006909747200
1284146018519601158
1284146019207389190
1284146027579113473
1284146030653693954
1284146032490799104
1284146035376427008
1284146039793033216
1284146052187160577
1284146086224039936
1284146090300841986
1284146097871560704
1284146123444297729
1284146128083013634
1284146128271835136
1284146140297023488
1284146148219879424
1284146153370652674
1284146161402687489
1284146174178594816
1284146178507120640
1284146181774487552
1284146186375639046
1284146191500902402
1284146192058929152
1284146227970551810
1284146765067943936
1284146774094032898
1284146782767849476
1284146790762196993
1284146794440667139
1284146811016327170
1284146811263946753
1284146819363147779
1284146828481634304
1284146835662286848
1284146836509536256
1284146841462898688
1284146841706209288
1284146857241767938
1284146857413763072
1284146862010900480
1284146866406350851
1284146874316972032
1284146874543480832
1284146879215792129
1284146879165497347
1284146883355717633
1284146933364412416
1284146941572440069
1284146942604435456
1284146950607077376
1284146967493218304
1284146975072563201
1284146988221698050
1284146991925276672
1284146991908478977
1284146992604680192
1284146995482054657
1284146996794843136
1284146997012893697
1284147009105133568
1284147042529443840
1284147054793510912
1284147063534518274
1284147068152549378
1284147068219555841
1284147071654612994
1284147079758012419
1284147087882383360
1284147089010683913
1284147105234329606
1284147134753730563
1284147142232285185
1284147143696101378
1284147146392993792
1284147156350369796
1284147160641085441
1284147167817609217
1284147176755658752
1284147184750006274
1284147223467634689
1284147223584964609
1284147231059251201
1284147268900270080
1284147281462267909
1284147290001649664
1284147294175211521
1284147298122031104
1284147302081400832
1284147303058673664
1284147305755611136
1284147306657280002
1284147310843371524
1284147322755207170
1284147326882320384
1284147336697073667
1284147353088176128
1284147357727285248
1284147369177690114
1284147369584594944
1284147377289547776
1284147378124029954
1284147410684522496
1284147411833827328
1284147420692004864
1284147425075179524
1284147429026271236
1284147431823880195
1284147433203806209
1284147436726792194
1284147440271134723
1284147457107144707
1284147462207180801
1284147469840982016
1284147482159575040
1284147486324666368
1284147495937863680
1284147511905726464
1284147512220151811
1284147520537595904
1284147528670183425
1284147537054765056
1284147562480496644
1284147583183728640
1284147587038281729
1284147591974977538
1284147595498196992
1284147604704522241
1284147612329947138
1284147613374144514
1284147613382696963
1284147629417549827
1284147642931372032
1284147659796885510
1284147663345192961
1284147663382945795
1284147679279214593
1284147689148551169
1284147696991952898
1284147705682501633
1284147725253128193
1284147725794258944
1284147730806431744
1284147735113928709
1284147747793313795
1284147755162783746
1284147771394719752
1284147780324294656
1284147785202204672
1284147827485085702
1284147838725890049
1284147848007819264
1284147872477458432
1284147872405938178
1284147872997367808
1284147885949386753
1284147889875423232
1284147897173409794
1284147918488793088
1284147919243927553
1284147927364055041
1284147939430916098
1284147952416677888
1284147953750306816
1284147969902682112
1284147978089857024
1284147981277712384
1284147982200381442
1284147985526304768
1284147995211112449
1284148003113070593
1284148037061935104
1284148040643706881
1284148043999252480
1284148057739755521
1284148060856086530
1284148082586742784
1284148090723680256
1284148094557466624
1284148095815757825
1284148098126708736
1284148108629364737
1284148111733030912
1284148125259763712
1284148128942379008
1284148145283166209
1284148145740554240
1284148145786675203
1284148153395052550
1284148153504022533
1284148157660700673
1284148162131705856
1284148175071256582
1284148182457495552
1284148192095895552
1284148195300237312
1284148196386770944
1284148208344748034
1284148209686806528
1284148212186714113
1284148216783671296
1284148229127507970
1284148229333045254
1284148233292447744
1284148242440163335
1284148246718316544
1284148254213648386
1284148258122747906
1284148258630057985
1284148266913988610
1284148267232747520
1284148296374579200
1284148318075891713
1284148320957607936
1284148325772656643
1284148326011527168
1284148339236364288
1284148343514390528
1284148346224082944
1284148346840588291
1284148350586023937
1284148367191228416
1284148367824531457
1284148372006412289
1284148384484532229
1284148400582201344
1284148413383286784
1284148417602691072
1284148421624987648
1284148426347671552
1284148435097182208
1284148435151663108
1284148443405934593
1284148473365848064
1284148485516918784
1284148506010116098
1284148515216777218
1284148515401199619
1284148522552406016
1284148523206946826
1284148532090290181
1284148543750582276
1284148547496091648
1284148548393668609
1284148552084721664
1284148557197586438
1284148560083193858
1284148564374020097
1284148581503508480
1284148590152228864
1284148598477852672
1284148607009128450
1284148610679148544
1284148615661969409
1284148622624305152
1284148624394530818
1284148631021539329
1284148649102962689
1284148652706009090
1284148653519785984
1284148660964491266
1284148665536274433
1284148678115176454
1284148678203265024
1284148702379216896
1284148703905951755
1284148711514234883
1284148729012871169
1284148748982136832
1284148753792983042
1284148757307822085
1284148757873950720
1284148779432792064
1284148779684438017
1284148786621755393
1284148796058894339
1284148820998336516
1284148826270511105
1284148837968297984
1284148846201917448
1284148866523291648
1284148900300042242
1284148901214326784
1284148912555687938
1284148917102358534
1284148984714592256
1284148989101670402
1284148993791057922
1284149002016096262
1284149016993787904
1284149034681327622
1284149038829494272
1284149051831783425
1284149059473887237
1284149062019645440
1284149064368619521
1284149076930502656
1284149092831186945
1284149097277030404
1284149106508783618
1284149114062516226
1284149114435862528
1284149130764353536
1284149139572510723
1284149144194617349
1284149159784833024
1284149169008054272
1284149169100226561
1284149169431564288
1284149177501519875
1284149177753034752
1284149189979648001
1284149219755008001
1284149231259996161
1284149237022851073
1284149243993890817
1284149244165849089
1284149244195221504
1284149253103738883
1284149257130463232
1284149257537298432
1284149261622554625
1284149273139896320
1284149281486770176
1284149290395299840
1284149298255605761
1284149307659231234
1284149336587280386
1284149341083463683
1284149365733548034
1284149373883092992
1284149378052173831
1284149399225073665
1284149416316694529
1284149420284694528
1284149420771217408
1284149433010192387
1284149453570469893
1284149459081924609
1284149482695860225
1284149491499581440
1284149504074121216
1284149504913084416
1284149508394418176
1284149517110173699
1284149517521162242
1284149526069219332
1284149537599193090
1284149537897144320
1284149553994674177
1284149555366367233
1284149567240515584
1284149571845853187
1284149592058146818
1284149605505040385
1284149609250594819
1284149617681215488
1284149629781671936
1284149634433261568
1284149655266304000
1284149664669822977
1284149679740133377
1284149680717217793
1284149685020696577
1284149685133783040
1284149693598097408
1284149693803491329
1284149696743698434
1284149705669332993
1284149706021646337
1284149717765685253
1284149727400009734
1284149734454824961
1284149734882660355
1284149739601244162
1284149743761928194
1284149755539529729
1284149755564765185
1284149760736276480
1284149772522151936
1284149777148579841
1284149799059480578
1284149835654889472
1284149843544465409
1284149894979022849
1284149898468888577
1284149902277259266
1284149919863857153
1284149931553492993
1284149931826126849
1284149937060614145
1284149940789354496
1284149944685924359
1284149948213112834
1284149948414480384
1284149956979220480
1284149966131388416
1284149969449029634
1284149977585840128
1284149986062594049
1284149990957428741
1284149999463362561
1284150016680943619
1284150025161969668
1284150025220546562
1284150036855750656
1284150040987082753
1284150041398173696
1284150041712693249
1284150046468997120
1284150061736198145
1284150062801653760
1284150065955840003
1284150065939066881
1284150071177564160
1284150082661744641
1284150087329869825
1284150111896043520
1284150141247795206
1284150142443102208
1284150153969127425
1284150171128008709
1284150201251360769
1284150209002516480
1284150222164078593
1284150229596602369
1284150251276898304
1284150259900387333
1284150264010878977
1284150272093298688
1284150283845730307
1284150293412884480
1284150297749712896
1284150305790230532
1284150306025148423
1284150343157215237
1284150343274762241
1284150346806370305
1284150360467288068
1284150372534190081
1284150377378648072
1284150388573134852
1284150388686561286
1284150392985653249
1284150392964743168
1284150393904087045
1284150414787719168
1284150415169409026
1284150443887792132
1284150448417583117
1284150452439793665
1284150461319258113
1284150477496750082
1284150490943631361
1284150494571749376
1284150495003713539
1284150507276206085
1284150510849855488
1284150514976993282
1284150532215500806
1284150539790553088
1284150565308469249
1284150565996503040
1284150569653985280
1284150573441282048
1284150573760229377
1284150582140444675
1284150585902628864
1284150606765137921
1284150615153811461
1284150616441446405
1284150662197059584
1284150665711964161
1284150682770178049
1284150707445215232
1284150708154007552
1284150713132736513
1284150720879636480
1284150725547823104
1284150726055223298
1284150733617737729
1284150736763461632
1284150736763248642
1284150737618923521
1284150745558900745
1284150750210215936
1284150753628753921
1284150763439050752
1284150767134420998
1284150779184656385
1284150782997258243
1284150800260968448
1284150800994848769
1284150816790720512
1284150821056163842
1284150825648963585
1284150842094956544
1284150846888931328
1284150851259396096
1284150863225749504
1284150867159990272
1284150890778316801
1284150904887934977
1284150926606053376
1284150938656296966
1284150939260121088
1284150943886565377
1284150944536555521
1284150947069952000
1284150968947482624
1284150972214849539
1284150976857939968
1284150977042538497
1284150980217655299
1284150980695793664
1284150985258983425
1284151010911375361
1284151022940819461
1284151039910768640
1284151052657287174
1284151060907663360
1284151064141365255
1284151064443277312
1284151064887824384
1284151077042937856
1284151085540741122
1284151085687623680
1284151090691407873
1284151093912432641
1284151097456824320
1284151101877620737
1284151107485302785
1284151111780200459
1284151119376117760
1284151128343470080
1284151131686477824
1284151145158651906
1284151156223225867
1284151157313671169
1284151160509792257
1284151181380550657
1284151194848501762
1284151203551752192
1284151207473209346
1284151210992254977
1284151215434145792
1284151224225464322
1284151232660201472
1284151236040720386
1284151240570675200
1284151244366512130
1284151245465219072
1284151258476171265
1284151262590705666
1284151274469031937
1284151290952429568
1284151296098832386
1284151313035677696
1284151317146079233
1284151329116438529
1284151342047604736
1284151342580162560
1284151358795517953
1284151362327121921
1284151362469552138
1284151374700142594
1284151375593648129
1284151378961526785
1284151382858035202
1284151388172357634
1284151395554394115
1284151396183552002
1284151399970828288
1284151416949366784
1284151425166180352
1284151433030438912
1284151433164722177
1284151433248440321
1284151450520752128
1284151458510901248
1284151467788529664
1284151475204165633
1284151493067759621
1284151500219060225
1284151505189318656
1284151526202781696
1284151530870968322
1284151534314373121
1284151534306156544
1284151538328440834
1284151538374582273
1284151550852706304
1284151573182967809
1284151576383242250
1284151584268496896
1284151584792829952
1284151589499015173
1284151609933606916
1284151618754228224
1284151620897517573
1284151626454847488
1284151630238228481
1284151634839232513
1284151634998644736
1284151634876981248
1284151651264278528
1284151656368807936
1284151660869230592
1284151673556832258
1284151677507993600
1284151698022260736
1284151714266918920
1284151715227410442
1284151723037261824
1284151727575502850
1284151731052576768
1284151731899658241
1284151732214398978
1284151735188099072
1284151740401684480
1284151753068417024
1284151769996697600
1284151786358616065
1284151803282624512
1284151819963424774
1284151828196646913
1284151828322623489
1284151831837409281
1284151832290439170
1284151836056985600
1284151837252128768
1284151844240076803
1284151844898512898
1284151849625489414
1284151870064193536
1284151874703286284
1284151895192489984
1284151912548503552
1284151937315663872
1284151937647050752
1284151946367172610
1284151946534772736
1284151953333813248
1284151954457989120
1284151957393825792
1284151957570101248
1284151961781248003
1284151965904035840
1284151970048159746
1284151971310710785
1284151979665764356
1284151991904632833
1284152007775981568
1284152016558870529
1284152016823095296
1284152021772316673
1284152024989401088
1284152038209712130
1284152041363968001
1284152042382999552
1284152051015004160
1284152067125370886
1284152079326552065
1284152083113889794
1284152104173658112
1284152104521568256
1284152108816752641
1284152112725798912
1284152113082388483
1284152118694129665
1284152133529600000
1284152143117770754
1284152168203739138
1284152169994899458
1284152181260718080
1284152184737800193
1284152192568623104
1284152197932957696
1284152202215542785
1284152210184495104
1284152213753876485
1284152225758052352
1284152234402611203
1284152259895418880
1284152267902382082
1284152268300967937
1284152268615569409
1284152272121999361
1284152289092005889
1284152297572806658
1284152309925195776
1284152310512451587
1284152315084181504
1284152334973579264
1284152334956847106
1284152339977379840
1284152340161933312
1284152344079486976
1284152378531254277
1284152367290519552
1284152390195785733
1284152398290837506
1284152410764644352
1284152432398700545
1284152433279594503
1284152436072964102
1284152448035074051
1284152449377333248
1284152457317105664
1284152460655734784
1284152482583601154
1284152511452991489
1284152511708852224
1284152520072404993
1284152524803657728
1284152537071988737
1284152562539737088
1284152578834653195
1284152579589640194
1284152591287414784
1284152591686008834
1284152592055111680
1284152600443727874
1284152603480211456
1284152607926358020
1284152621406629893
1284152629568782337
1284152645486170112
1284152650615779328
1284152654197907457
1284152658278920194
1284152658249412616
1284152688100249600
1284152692626030594
1284152725719187457
1284152725979099137
1284152730995625986
1284152733201829889
1284152738662629376
1284152738880921601
1284152738985775105
1284152742597079041
1284152759290396673
1284152768098381825
1284152771114160129
1284152771625848832
1284152771906805765
1284152789145317377
1284152792823877633
1284152831025586182
1284152855604101120
1284152855813853184
1284152860519923712
1284152863736791040
1284152885069131776
1284152893055082501
1284152905470181382
1284152913590472704
1284152921957888006
1284152943760019457
1284152951913603072
1284152968476897281
1284152989905833985
1284153007249260544
1284153019378962437
1284153031282417664
1284153031962001409
1284153032238825472
1284153040224661504
1284153053151723521
1284153053743132673
1284153056267993096
1284153065889828865
1284153077436743680
1284153081832378370
1284153081974775811
1284153085997137920
1284153086395723776
1284153094943711232
1284153107098882049
1284153112027172866
1284153119669133312
1284153124979007493
1284153169895919616
1284153170772422658
1284153173788090369
1284153203525914630
1284153211553746953
1284153211532840961
1284153212359106561
1284153217044160514
1284153220236009474
1284153238179241990
1284153241421242369
1284153270072561665
1284153279555858434
1284153287944658944
1284153288112304130
1284153299479003137
1284153316788678657
1284153316931502081
1284153326913966080
1284153329308794882
1284153345704226816
1284153367325966344
1284153371289546752
1284153381322231813
1284153401018847232
1284153404541919235
1284153426599800832
1284153430576189440
1284153434657062912
1284153442496372736
1284153446535315456
1284153450490671106
1284153450750595073
1284153472485654529
1284153477091008517
1284153488323350528
1284153496728735755
1284153510771126273
1284153530388033537
1284153543419736066
1284153555394408450
1284153560004014080
1284153560247214080
1284153563736834051
1284153568581177344
1284153577443909633
1284153586457419777
1284153602999676929
1284153605889589248
1284153607533867008
1284153618275487752
1284153631416123395
1284153636537413636
1284153644560953347
1284153656657547270
1284153664609890310
1284153669567557632
1284153672922890240
1284153674143395840
1284153698810241027
1284153699124883458
1284153702341840897
1284153710742994945
1284153718909407234
1284153719269945345
1284153720171888641
1284153724332584960
1284153736017960960
1284153736919765002
1284153748244377601
1284153749494169608
1284153756616200193
1284153757966753793
1284153760844062720
1284153761976455171
1284153770780303360
1284153779311407104
1284153800148881408
1284153802824671232
1284153803311214594
1284153811506954241
1284153815869136897
1284153820780597249
1284153841298976768
1284153850799304704
1284153858835361792
1284153882948460545
1284153888636116992
1284153925747314688
1284153930038026241
1284153942742413314
1284153955191316483
1284153966503366656
1284153971670528002
1284153978528423941
1284153992482824192
1284153999776677893
1284154004650565634
1284154009159208960
1284154013747830784
1284154017036120066
1284154054411681792
1284154058945835011
1284154076012273664
1284154088431788033
1284154106093789184
1284154113304002560
1284154127241666562
1284154134233571328
1284154143876276224
1284154155762806785
1284154180282851328
1284154181117411328
1284154185030815744
1284154185148256257
1284154193658478598
1284154206836920320
1284154210393653254
1284154214118195200
1284154214839513088
1284154222900965382
1284154231314939905
1284154235756650496
1284154247844593666
1284154248910036993
1284154256782757891
1284154256820441095
1284154261270441985
1284154264437153792
1284154265121021952
1284154265334931457
1284154273408794624
1284154277343236098
1284154281801768962
1284154285924601856
1284154303100399627
1284154311669424132
1284154328475791360
1284154345089466368
1284154357777399809
1284154361850073089
1284154368980287492
1284154377809195008
1284154398713806848
1284154403205689344
1284154404203974656
1284154408117379073
1284154415310606342
1284154419894943744
1284154423665545216
1284154445513752579
1284154453810192384
1284154453717913602
1284154465499574272
1284154495501508611
1284154496831107074
1284154500551507969
1284154504146026497
1284154508776484865
1284154521158131713
1284154533631922176
1284154533627793410
1284154533854117888
1284154534537891843
1284154542385442816
1284154542628757505
1284154566989295617
1284154572047560710
1284154580088037376
1284154584278069253
1284154587574763522
1284154595271303168
1284154596869505024
1284154596785618947
1284154599910322176
1284154609150369794
1284154609536077826
1284154613290217473
1284154626552598534
1284154637575229440
1284154638271483904
1284154671318220801
1284154679530856448
1284154679887310848
1284154688045232129
1284154688582057985
1284154688997412865
1284154701701885953
1284154705682345984
1284154725664018439
1284154734610223106
1284154739068936194
1284154755191910400
1284154763312017410
1284154776457019392
1284154780965670913
1284154785520910337
1284154798640631808
1284154826666979328
1284154830429327360
1284154831930720256
1284154835143725057
1284154852965339136
1284154859982409728
1284154877111934976
1284154884988731392
1284154885097889793
1284154905930989569
1284154906094575623
1284154907159859203
1284154907222777857
1284154915284226050
1284154935769206786
1284154956593934338
1284154960641482752
1284154978270052355
1284154985895297026
1284154987094831104
1284154999199727622
1284155019583987715
1284155028845072386
1284155028912001024
1284155061107646468
1284155065524088832
1284155074978119684
1284155078807638021
1284155082653736960
1284155091046424576
1284155091025633282
1284155107639267329
1284155115843334145
1284155116216553473
1284155121299906560
1284155129726476290
1284155133501280256
1284155137158766593
1284155170306158593
1284155183463686146
1284155212614205441
1284155217366470657
1284155221179015169
1284155221564948480
1284155221619486720
1284155233061535746
1284155233619206144
1284155237889003522
1284155288535404547
1284155288900087808
1284155296471023621
1284155305023201281
1284155317278969858
1284155331157925890
1284155334009909249
1284155339626160129
1284155354683596800
1284155355174440961
1284155356155916288
1284155359104569344
1284155360555794433
1284155363319848962
1284155375818768385
1284155385377505286
1284155392608686083
1284155422002352128
1284155439790211073
1284155443149852673
1284155464461082625
1284155472560508930
1284155476578430977
1284155480273752064
1284155493494202370
1284155505884233728
1284155523013775361
1284155539539320832
1284155540399099907
1284155551925116928
1284155556215894021
1284155564633858048
1284155565397221376
1284155599471730688
1284155611387768832
1284155645256708096
1284155657550168069
1284155661274636288
1284155661752967168
1284155678945247237
1284155683135467520
1284155707898630144
1284155732460548096
1284155746498691081
1284155753855508480
1284155762554609665
1284155774223212549
1284155774894309377
1284155787972153345
1284155824600829958
1284155830435229697
1284155842418311168
1284155842569347072
