1279746831816241152
1279746839558918144
1279746844302737409
1279746861910409216
1279746868755521536
1279746886086217729
1279746890255433729
1279746890805006338
1279746894101712896
1279746894290354178
1279746895506575360
1279746896110780416
1279746897662656513
1279746898597986309
1279746899319218176
1279746900443508738
1279746915823951873
1279746917702959104
1279746932685049856
1279746952469544960
1279746953551638529
1279746955846049794
1279746991413698563
1279746995729559552
1279746999806341120
1279747013811343360
1279747020287143937
1279747050880581632
1279747055867453443
1279747069889126400
1279747105637249024
1279747108635947008
1279747127036588033
1279747133122494474
1279747137480331264
1279747137903919106
1279747143616606208
1279747153498439685
1279747162369294337
1279747163564707840
1279747172196511745
1279747183604981762
1279747187619106817
1279747194157887488
1279747196070445057
1279747198423531522
1279747202898817025
1279747205209788420
1279747207525212165
1279747211375579137
1279747213028216833
1279747221588566016
1279747230614855681
1279747243340435456
1279747247006236677
1279747251334713345
1279747290316464134
1279747314912055298
1279747326337302528
1279747330636419074
1279747346180513794
1279747352383938565
1279747357475770368
1279747365579051008
1279747368901115904
1279747370431864832
1279747371895713792
1279747377834995714
1279747379961499648
1279747382369017856
1279747388819697664
1279747389360873473
1279747389973299201
1279747397422325762
1279747404405911552
1279747406469398528
1279747407723540482
1279747411708129280
1279747415797641216
1279747430725058562
1279747431568158722
1279747438165852162
1279747441781334025
1279747443974787072
1279747451663126528
1279747453772677122
1279747458734661633
1279747462081765377
1279747473334886400
1279747482126254080
1279747484131053570
1279747514703347712
1279747523142455296
1279747530503286785
1279747534131539969
1279747539785392128
1279747540888498178
1279747545359626247
1279747561188806657
1279747561583149058
1279747561923006464
1279747565509058560
1279747566863712258
1279747570718273538
1279747587331854342
1279747592310554625
1279747611713511424
1279747616339660801
1279747627731599360
1279747634106753024
1279747640444379136
1279747645766946818
1279747649147752448
1279747657733296129
1279747674573586432
1279747686443384832
1279747686284001281
1279747691644203008
1279747691661217797
1279747699101831174
1279747714595635200
1279747716206284801
1279747726960287744
1279747730307342336
1279747749617913857
1279747763664752640
1279747774603333632
1279747784602603522
1279747797445640192
1279747803468705794
1279747804261482498
1279747806144745473
1279747821902671873
1279747831771705345
1279747833931788289
1279747834993139714
1279747847664123906
1279747855763333121
1279747889086988289
1279747892014714880
1279747898939527174
1279747902202499072
1279747906065620993
1279747918971514880
1279747920183668736
1279747921362239489
1279747922989649920
1279747929914454023
1279747941792612353
1279747942958665728
1279747966287392769
1279747971790204934
1279747973979820033
1279747983353896960
1279747991562326016
1279747994846363649
1279747997564354560
1279747998650687495
1279748010537336832
1279748012605149184
1279748012248641536
1279748015679512576
1279748022331572224
1279748030435123200
1279748041222823936
1279748072935841795
1279748074500431874
1279748102132506624
1279748102941896705
1279748110793814017
1279748127080230912
1279748136718798850
1279748146193739777
1279748153466662913
1279748158617198592
1279748158902452224
1279748176262639617
1279748188577181697
1279748191345356802
1279748194721648641
1279748202934276096
1279748207581564930
1279748212392439812
1279748254939389952
1279748259699765249
1279748263256772608
1279748272039628801
1279748277697515520
1279748308509044736
1279748310333521921
1279748312099323904
1279748315547123712
1279748324803805191
1279748335008612352
1279748337697161217
1279748362137481216
1279748368684720128
1279748371343912960
1279748381854875648
1279748402604134403
1279748406827761664
1279748409277190145
1279748417464532992
1279748425903464448
1279748447487365121
1279748456119066625
1279748461290762241
1279748464578949121
1279748477166198784
1279748477677756418
1279748479099662336
1279748481406709760
1279748484791500800
1279748492559134722
1279748493696020482
1279748496980049920
1279748503183462400
1279748522460368897
1279748544409358336
1279748546259009541
1279748557134839808
1279748557390692352
1279748560456749065
1279748561505120258
1279748563044569090
1279748569319292928
1279748572657799174
1279748575770169344
1279748586373353473
1279748608108175361
1279748610566041600
1279748621806813185
1279748628173565954
1279748628559663104
1279748631696830464
1279748639464833025
1279748643130499073
1279748652668313601
1279748656258854912
1279748656594370561
1279748691235008514
1279748700730880000
1279748708670812160
1279748711728533504
1279748716187070464
1279748726681227265
1279748728384032769
1279748728455196673
1279748736017629184
1279748737309556736
1279748753256218624
1279748756016111616
1279748769714667521
1279748771233124357
1279748771384111104
1279748777218318336
1279748781647425538
1279748822042722307
1279748822365765632
1279748832482467841
1279748842024468480
1279748846113808385
1279748848273879042
1279748877650780163
1279748878531620868
1279748880507310080
1279748890556841984
1279748896273494022
1279748908642521088
1279748913663074305
1279748921741455361
1279748928473309184
1279748953722875904
1279748954880688132
1279748957732769792
1279748959548796928
1279748963676164096
1279748971771105280
1279748974732292096
1279748976082903041
1279748981354979334
1279749005862461442
1279749024996831232
1279749033872035842
1279749035868385287
1279749046748446724
1279749059834773504
1279749059801219072
1279749061088870400
1279749080483352578
1279749109163966464
1279749122602545153
1279749128210153473
1279749130554916865
1279749134862422017
1279749135869100033
1279749146732347393
1279749153883471874
1279749154948829185
1279749155871756288
1279749164168105986
1279749165304688640
1279749165422047232
1279749169863852032
1279749182090289153
1279749215871209472
1279749215875448837
1279749221466271745
1279749222955225089
1279749227128774657
1279749238780559361
1279749249924689921
1279749265166749697
1279749273320599552
1279749277577695232
1279749310238920704
1279749311765544961
1279749317406818304
1279749330618978304
1279749358628540417
1279749394682822657
1279749414995800064
1279749420922179587
1279749438408257536
1279749461347098632
1279749468363976704
1279749468989075456
1279749477667155968
1279749479462252544
1279749480963878914
1279749490845442049
1279749498714152960
1279749512186040320
1279749520616828928
1279749529328209920
1279749541189890050
1279749547682484229
1279749571363692544
1279749571988451330
1279749576489152513
1279749580310155264
1279749585506877441
1279749600945901570
1279749601499795457
1279749629530312705
1279749629769404416
1279749630947966976
1279749636899700748
1279749639567261696
1279749668256309248
1279749677722660864
1279749679656419328
1279749685981446144
1279749692897628160
1279749704021139458
1279749714594807813
1279749729916682242
1279749729946152960
1279749745318264832
1279749749906833408
1279749773403267072
1279749781057753089
1279749784056868864
1279749809109372929
1279749813685440512
1279749817250598912
1279749822405279746
1279749826998140929
1279749833608347652
1279749835588096000
1279749842936397827
1279749860284084224
1279749863429849088
1279749877996548097
1279749880068534273
1279749889019326464
1279749898200547329
1279749906077548544
1279749914436808707
1279749924066902021
1279749926730313728
1279749932191277056
1279749939648749568
1279749950117642241
1279749953250906115
1279749959907074050
1279749971647086593
1279749976990638081
1279749993646051329
1279750006115905542
1279750007290281984
1279750007437090817
1279750016966496256
1279750024524468228
1279750026948784129
1279750027271946240
1279750034381209601
1279750037845823488
1279750041842917377
1279750042111401984
1279750045785640960
1279750049686118402
1279750053293363201
1279750057336717312
1279750062331949056
1279750064622239745
1279750073287499776
1279750091130142720
1279750101011922949
1279750112936255488
1279750119143981059
1279750150349623296
1279750152253816834
1279750156896911360
1279750159283429377
1279750161993011205
1279750166682058752
1279750173938331650
1279750173367943168
1279750182847070208
1279750183203594240
1279750196759539715
1279750202304262144
1279750209300582401
1279750213838802945
1279750230322352129
1279750231215628289
1279750237741973504
1279750250400321536
1279750258323525634
1279750279588728833
1279750292972752902
1279750295195725824
1279750297242517505
1279750300455370752
1279750300593729536
1279750303668207619
1279750306008629248
1279750314057490432
1279750316326518784
1279750320675946496
1279750327118553088
1279750331656802305
1279750350698840065
1279750352590581760
1279750356566712320
1279750363067953152
1279750368021213185
1279750375038484481
1279750377173368832
1279750379308150784
1279750379496894465
1279750380172324865
1279750395875733504
1279750396609728514
1279750402515382274
1279750405199519745
1279750409842642944
1279750413068034049
1279750413256929280
1279750419066040320
1279750421599436800
1279750425902604288
1279750425995022348
1279750440029020160
1279750440436011011
1279750464452603907
1279750469259272192
1279750509302362112
1279750520937349121
1279750525324455936
1279750527551766531
1279750540482797569
1279750549525508096
1279750570341957633
1279750594366976005
1279750607541276672
1279750607629430785
1279750612591271938
1279750615166574603
1279750627787243520
1279750639468318720
1279750639996882945
1279750644493148160
1279750679507189761
1279750686079619074
1279750695005159428
1279750706782769152
1279750711874654209
1279750727695585280
1279750727938854913
1279750734041489408
1279750745974333440
1279750797476184065
1279750822973317122
1279750855969906688
1279750866350698497
1279750870192631808
1279750872390492160
1279750874370367488
1279750895849242628
1279750901696208896
1279750927470166018
1279750927847743495
1279750938887163907
1279750950681485312
1279750957132374021
1279750962857549824
1279750971661393920
1279750979945144321
1279750991718596609
1279750994037882880
1279750996969885696
1279751001134727169
1279751004943273988
1279751026636206081
1279751031799283713
1279751045825155073
1279751048349925377
1279751050245922817
1279751053601394693
1279751069304750080
1279751073796812806
1279751088237883413
1279751089437528065
1279751128981352449
1279751131829239808
1279751134790459392
1279751140800897024
1279751142721949697
1279751149889875969
1279751161810235398
1279751163672494080
1279751165995958277
1279751166738534400
1279751181741555713
1279751197235257347
1279751199890292737
1279751207427465216
1279751222606495750
1279751232220024833
1279751236728901634
1279751241174671362
1279751244572004352
1279751249609490432
1279751253552062464
1279751253984043015
1279751256907677699
1279751258144997377
1279751261936594944
1279751277459709952
1279751279690911749
1279751282006384641
1279751287593226240
1279751311630774272
1279751342521753601
1279751355415040000
1279751366165106689
1279751368014794753
1279751374952173569
1279751376168456192
1279751400767893512
1279751406753284096
1279751415230054400
1279751415846465537
1279751421294870535
1279751422666354693
1279751424939896832
1279751463259058177
1279751470481473537
1279751471559516165
1279751479188832257
1279751488055717888
1279751490861764609
1279751493109854208
1279751501305577472
1279751522658779138
1279751526970466304
1279751543202344962
1279751555009392641
1279751554967445505
1279751564593373185
1279751578971525120
1279751596180533248
1279751605697622016
1279751617991135233
1279751619341672449
1279751622667784193
1279751625666555905
1279751627906469891
1279751646738894854
1279751650245332995
1279751667282558976
1279751668066811905
1279751714585755650
1279751717261733890
1279751735028973568
1279751736241139712
1279751738589712384
1279751755375484928
1279751760698134529
1279751763596390400
1279751765772996608
1279751788556685312
1279751794097221632
1279751798723510272
1279751805552021504
1279751811491155970
1279751816146812928
1279751820391391232
1279751831443378179
1279751833641050113
1279751836782780416
1279751840771563521
1279751845951438856
1279751849835364352
1279751853475913729
1279751854424014849
1279751864096100352
1279751865299656704
1279751868739211265
1279751887210889216
1279751894659981312
1279751906353651712
1279751907037323264
1279751918676516865
1279751920501116928
1279751928218517505
1279751931460825096
1279751931892727808
1279751937642999809
1279751940281372673
1279751954370121729
1279751975463157762
1279751986909515777
1279751991430795269
1279751992248696832
1279752009755660288
1279752010745679872
1279752012360486913
1279752016735035395
1279752030463184896
1279752042982944770
1279752044455346177
1279752051136892928
1279752057730277377
1279752094145302528
1279752095827218432
1279752097785884673
1279752123601883136
1279752126978117633
1279752128307826688
1279752130983682049
1279752138453893123
1279752148281110528
1279752149308710912
1279752153918083073
1279752154488717315
1279752163372261382
1279752179092520962
1279752184377327618
1279752188814741505
1279752192463904768
1279752209408851968
1279752210423799809
1279752215171825664
1279752222230949889
1279752225376665601
1279752225045327878
1279752229101109253
1279752237242351626
1279752238588588034
1279752259048538113
1279752266640166912
1279752269454548993
1279752271883051010
1279752272784875523
1279752277834817539
1279752282012217346
1279752285195821057
1279752297325703168
1279752300475621376
1279752332188794881
1279752356557553664
1279752364581421056
1279752364971491328
1279752381216051201
1279752386458902529
1279752390384607233
1279752399775846403
1279752406654308352
1279752418612445185
1279752418578792450
1279752423477665792
1279752424354279425
1279752431384092673
1279752435863556096
1279752443488808965
1279752443665027075
1279752449453105152
1279752453055971329
1279752470323965953
1279752476644773888
1279752478498664448
1279752479232520193
1279752481149501440
1279752498090258433
1279752519237939203
1279752524636004353
1279752526540103680
1279752528595427328
1279752547570458625
1279752548451147776
1279752551039197184
1279752565366849536
1279752571008290817
1279752587181297665
1279752592021692417
1279752595561742338
1279752607163006977
1279752613244866560
1279752619343265797
1279752628700942337
1279752657662402562
1279752672485216256
1279752675786022912
1279752685214932992
1279752688767557632
1279752694480146432
1279752716722622467
1279752716907053058
1279752730035122177
1279752746573447169
1279752748670615552
1279752751921221632
1279752754462814208
1279752767893012481
1279752786863968256
1279752793566392322
1279752796309458944
1279752802043072513
1279752810238787584
1279752831113719813
1279752835438194689
1279752842820177923
1279752859832238080
1279752872322834432
1279752878580658176
1279752879268651009
1279752880229167105
1279752880875098112
1279752884968656896
1279752892510076928
1279752918854520832
1279752919227740160
1279752922063163392
1279752925691215879
1279752926328762368
1279752943676186630
1279752946570289153
1279752946276859904
1279752963871985666
1279752973866766336
1279752975922147329
1279752978111447041
1279752980196200450
1279752982888886272
1279752989335486471
1279753001901703168
1279753003088691200
1279753005378789376
1279753023569514496
1279753026748776448
1279753061334843392
1279753073922117633
1279753089780551680
1279753095191257089
1279753128183771139
1279753139781095426
1279753148828131328
1279753151839641602
1279753152452005891
1279753161750822913
1279753177814798346
1279753193669435392
1279753194252521481
1279753200065789952
1279753206176890880
1279753211830849536
1279753216230592512
1279753219590234117
1279753224669577219
1279753226737389568
1279753227144216576
1279753229325275138
1279753235373400064
1279753238066147328
1279753250791555073
1279753256516935680
1279753265895346176
1279753270936961025
1279753273373683718
1279753279153623040
1279753284723576832
1279753295796600833
1279753301186113536
1279753308098441218
1279753325966024712
1279753337005641728
1279753345008316417
1279753346589614082
1279753354177110016
1279753355192131585
1279753358400729090
1279753363396210689
1279753369821892609
1279753380051800066
1279753396728332288
1279753403413995521
1279753405850927105
1279753409244127237
1279753413656338432
1279753432644100096
1279753441900978176
1279753446355341313
1279753460548861953
1279753472016109569
1279753510045671424
1279753516651872256
1279753525241798658
1279753533856690176
1279753537786912768
1279753538500014083
1279753538764263424
1279753543449300993
1279753551946842113
1279753558968107011
1279753560066932743
1279753563963633664
1279753565351919616
1279753568027840512
1279753572276568065
1279753573643894792
1279753582250770435
1279753586445090816
1279753592715522048
1279753610105171968
1279753611229224961
1279753621161283584
1279753622411247616
1279753648160018432
1279753698206416898
1279753703793229825
1279753717261230080
1279753727369457665
1279753743836352519
1279753749527961600
1279753781425643520
1279753794008596480
1279753810466836480
1279753815584055297
1279753819895861249
1279753820696793096
1279753827110080512
1279753837218275330
1279753858898690048
1279753869258641408
1279753875344338944
1279753885918334977
1279753917623087106
1279753919606984705
1279753924874993670
1279753927525666820
1279753937801732097
1279753962632048641
1279753973898117122
1279753974170730497
1279753974833266688
1279753975844216833
1279753976628609026
1279753980189573120
1279753986187255813
1279753995154849793
1279753996706762752
1279753999499931648
1279754012321972225
1279754013844570112
1279754020551192583
1279754028558278656
1279754060904587264
1279754077920997377
1279754080206888963
1279754084606775298
1279754089212100612
1279754097743196161
1279754098095665153
1279754129179578368
1279754165883813890
1279754179704008704
1279754186385694723
1279754187631280128
1279754189133041664
1279754202714079232
1279754203234045952
1279754215074656256
1279754226990755840
1279754231931699202
1279754246972411904
1279754256850059273
1279754278597509120
1279754310591496193
1279754311254323200
1279754314832101377
1279754322000125952
1279754330367766528
1279754345131769856
1279754345198825474
1279754348382138370
1279754351591010304
1279754355416145920
1279754361858666498
1279754364668837890
1279754365100793859
1279754392011329541
1279754397191413760
1279754405928034304
1279754416556515328
1279754419341492225
1279754428065734656
1279754429516746753
1279754431056293893
1279754437251272705
1279754442238316545
1279754448374464512
1279754453999108097
1279754459627827208
1279754462442196992
1279754475511656452
1279754477818478594
1279754498156539905
1279754506415243272
1279754508042555392
1279754514795356160
1279754533875462145
1279754546122719233
1279754546156146688
1279754546030362625
1279754549281030144
1279754552795856896
1279754566150565889
1279754592381779968
1279754594608914434
1279754595561082892
1279754605220564992
1279754608529698817
1279754647176204288
1279754651370434560
1279754647167778816
1279754677047853056
1279754689622482944
1279754721457299456
1279754721650249728
1279754741573189632
1279754752650358786
1279754759855992833
1279754769591140358
1279754789543227392
1279754792680767489
1279754796774445056
1279754797768310785
1279754813807476742
1279754825689956353
1279754829372575744
1279754831473885184
1279754835005288448
1279754836288946177
1279754840055222272
1279754842613772290
1279754862956122112
1279754865233874944
1279754871537795073
1279754875769958401
1279754884649062403
1279754889850224641
1279754919344345088
1279754938504155137
1279754951854563328
1279754959949627393
1279754975401447428
1279754977259315200
1279754979104956417
1279754982305095680
1279754989246783488
1279754995420876800
1279755010956382209
1279755015729659904
1279755027893100544
1279755035329597440
1279755036617256960
1279755066719834112
1279755071270649856
1279755078887489536
1279755089884753920
1279755092548358145
1279755093999521792
1279755095287238657
1279755106792230913
1279755119601434624
1279755119610003456
1279755127277019137
1279755140833202177
1279755149033046016
1279755157979508736
1279755170532913153
1279755179370389505
1279755181962530816
1279755182730088448
1279755183128363016
1279755190095224832
1279755191462400001
1279755225801375746
1279755249465520128
1279755253416632320
1279755265915617281
1279755271309611010
1279755275403251716
1279755283577929728
1279755291383521282
1279755294902542337
1279755338003161088
1279755347683684352
1279755362736861184
1279755366792925184
1279755375403728898
1279755384161353728
1279755392495607809
1279755394651426816
1279755420958109696
1279755427379462144
1279755437781340163
1279755438704164865
1279755480538234880
1279755482953998336
1279755485915181056
1279755485965680641
1279755488033484800
1279755497797816320
1279755499358035970
1279755505410494465
1279755529758420993
1279755536557150209
1279755562121601028
1279755565032407041
1279755572066172928
1279755581721583617
1279755597047492615
1279755610972721152
1279755611354181634
1279755642966687744
1279755648536735745
1279755657420378113
1279755661648297985
1279755669185400832
1279755673014874112
1279755673631248384
1279755694670000129
1279755739460968449
1279755757144150016
1279755761732771840
1279755800148209665
1279755804464287744
1279755812408381440
1279755815759622144
1279755830254948352
1279755839012823040
1279755849896951810
1279755865986404354
1279755880871886848
1279755890485272577
1279755898701910016
1279755898903310337
1279755917668478977
1279755934064091138
1279755938019389440
1279755944994328577
1279755951063609344
1279755985314340869
1279755988669734912
1279755988824883200
1279755988770459651
1279756008882126849
1279756012648411136
1279756035855724547
1279756037717983232
1279756042859974656
1279756054289502208
1279756066767527942
1279756072237125632
1279756080206221312
1279756083976863749
1279756089035231235
1279756127652261895
1279756130458058757
1279756132211359746
1279756144047775744
1279756159319228418
1279756165874962439
1279756174510956544
1279756201715281920
1279756215619325952
1279756215556411392
1279756216634208257
1279756219280879622
1279756241615687681
1279756257931472898
1279756272766562305
1279756278487793664
1279756294220664833
1279756301921185792
1279756303167086592
1279756318618857474
1279756320481128448
1279756323983368193
1279756340961968128
1279756343767859202
1279756344908791809
1279756348859826176
1279756362378084357
1279756362420011008
1279756366203310080
1279756371479498753
1279756394573508608
1279756415272452097
1279756399631794176
1279756418271379459
1279756423597940736
1279756430413873152
1279756439691681795
1279756455218950145
1279756456791851010
1279756456854720517
1279756465511825408
1279756474340847616
1279756479432740864
1279756480556793856
1279756488949616643
1279756495027163136
1279756499003342849
1279756505839886337
1279756508419555328
1279756512320086016
1279756516933976065
1279756541336457217
1279756558264500224
1279756563297656832
1279756566443569154
1279756579357839360
1279756580607741957
1279756584151912450
1279756584571240451
1279756604485836800
1279756604481536001
1279756608566935559
1279756612908056577
1279756621166583809
1279756643220119553
1279756652795711488
1279756656772071425
1279756664581820419
1279756676145352709
1279756681048494080
1279756687650557953
1279756689265360899
1279756694126571521
1279756715299389440
1279756729538867201
1279756729690005506
1279756735897407490
1279756737797488640
1279756738162339841
1279756748295995392
1279756760052424704
1279756764733255685
1279756765052186624
1279756773864464390
1279756777177976835
1279756797415428096
1279756800644886529
1279756806668115968
1279756808718958592
1279756814872121346
1279756817732521990
1279756818235879429
1279756818403688449
1279756819833991171
1279756827551567872
1279756827899674627
1279756844190380032
1279756844555214854
1279756860384518144
1279756869742010368
1279756884598239232
1279756887202897921
1279756890113806337
1279756901337542657
1279756911701831681
1279756912339419137
1279756949232517120
1279756952017518594
1279756952470466561
1279756954190131201
1279756960858927105
1279757009571713026
1279757021227581442
1279757038780854276
1279757054832521221
1279757057642713088
1279757059483815937
1279757071328608256
1279757080157659138
1279757090756624385
1279757128777871360
1279757147585130499
1279757148784910336
1279757155302690816
1279757167462055936
1279757167961051136
1279757170553294850
1279757170829975557
1279757175326257156
1279757179977940993
1279757179906666501
1279757187418664963
1279757193412325376
1279757203541377024
1279757204179038208
1279757215969292293
1279757239776149504
1279757255806722048
1279757257178181633
1279757280410509312
1279757284852158465
1279757287477870592
1279757308596072449
1279757314891841537
1279757323553120259
1279757325532880897
1279757331698352130
1279757347150278656
1279757356616867840
1279757358542000129
1279757375323484165
1279757413503995905
1279757443556347904
1279757448262430725
1279757448891584519
1279757461801644035
1279757476716580865
1279757477073096704
1279757482890612736
1279757484769415168
1279757488930336768
1279757489131552770
1279757498359205891
1279757507112710144
1279757510967046146
1279757513945210880
1279757516092645377
1279757518038880257
1279757519557181440
1279757524783292416
1279757525609521153
1279757532689383424
1279757536779030529
1279757548510380033
1279757560296472576
1279757560698908672
1279757562124984320
1279757564767612928
1279757586733113344
1279757591124434952
1279757602394685442
1279757608199639042
1279757611299110913
1279757632262279169
1279757637588942849
1279757646330056704
1279757661941174272
1279757686964277249
1279757696716210176
1279757721340833793
1279757734292807686
1279757754014597122
1279757755390267392
1279757775833305089
1279757778060406785
1279757791368933376
1279757801481478144
1279757816849330176
1279757817524543489
1279757828937244675
1279757838051655681
1279757839926427650
1279757841708904448
1279757863733342210
1279757864660135941
1279757921916682240
1279757948349067264
1279757950572204033
1279757954535886848
1279757958428180480
1279757958570786822
1279757961091579904
1279757979173244929
1279758000748736513
1279758012895420416
1279758017425178624
1279758030029107200
1279758030243074051
1279758030121209856
1279758031606165505
1279758039512473600
1279758043769524229
1279758044512030720
1279758047204773889
1279758074472009728
1279758077617532929
1279758080276750337
1279758084739526657
1279758084764651521
1279758092092059649
1279758097406406656
1279758114904997892
1279758115685175298
1279758122156830721
1279758126791757824
1279758136635727874
1279758156134887425
1279758160971141120
1279758162086813698
1279758169565265921
1279758172983635968
1279758186350809088
1279758197679587328
1279758197260259328
1279758198166171652
1279758210078068738
1279758215895347200
1279758220874129408
1279758223160074240
1279758231489916928
1279758253975580674
1279758262850719745
1279758271381790722
1279758274632564736
1279758278172512257
1279758303527124997
1279758307683598336
1279758310720167941
1279758315095052288
1279758344186671104
1279758347336441857
1279758347529408512
1279758356736065536
1279758359177166848
1279758362444513281
1279758379863412737
1279758387262058496
1279758390814740480
1279758418614669312
1279758420514607105
1279758425656827904
1279758430123765765
1279758430228496384
1279758453674819584
1279758492438417408
1279758502009815041
1279758508876054530
1279758521609961477
1279758531210604546
1279758533693562886
1279758544305303553
1279758545857196034
1279758546595430401
1279758547107164160
1279758559153205250
1279758567977955328
1279758572843225090
1279758575116513280
1279758596063010816
1279758597782736896
1279758600353677313
1279758610671820801
1279758615516270592
1279758619446251521
1279758627058810880
1279758630326341636
1279758668263718914
1279758673980674050
1279758678027980800
1279758677948264448
1279758685653393408
1279758707094515714
1279758715856605184
1279758732126294016
1279758735330738177
1279758741093494785
1279758757606625280
1279758765936517121
1279758769329598467
1279758774396485633
1279758778116780033
1279758794268930048
1279758836304244736
1279758854532857862
1279758856688742400
1279758869623865344
1279758870995501057
1279758874237599744
1279758888363888641
1279758891769888768
1279758894164619264
1279758896375033856
1279758921331245057
1279758925978406914
1279758927584874497
1279758962045353991
1279758983633481732
1279758995876708353
1279759004973973504
1279759011227807744
1279759017548451846
1279759021998825472
1279759035311329280
1279759038478200837
1279759041816911874
1279759043230228480
1279759043616260096
1279759058891833345
1279759064277409797
1279759065585983489
1279759072024281090
1279759083206316033
1279759083600359426
1279759091779371009
1279759096015663105
1279759096141537280
1279759099849109505
1279759104853135361
1279759110582476801
1279759128865443842
1279759133156261891
1279759139242213379
1279759144095035392
1279759147395739648
1279759154446430208
1279759155281031168
1279759159949438976
1279759163334160384
1279759174155538437
1279759176668000257
1279759187736776705
1279759199837261829
1279759200957222913
1279759206338318336
1279759223283466241
1279759226844450816
1279759233710424064
1279759238676561920
1279759239364435969
1279759241922912257
1279759243839713282
1279759246813519872
1279759255088881665
1279759259908091904
1279759278123872256
1279759289679253504
1279759290455056390
1279759302962503680
1279759305487659008
1279759307777638400
1279759309996388353
1279759310025867264
1279759326194827265
1279759330682732544
1279759331995422726
1279759336479191042
1279759350974709762
1279759352312676353
1279759360898535426
1279759361095524352
1279759369354305538
1279759369765355520
1279759370474139654
1279759373905035265
1279759374056120320
1279759383014998017
1279759389369475073
1279759394998226945
1279759410215235585
1279759415483207681
1279759420130541569
1279759428443463680
1279759431706775555
1279759446432985090
1279759449721208833
1279759461129818114
1279759465403867138
1279759478867537927
1279759481916833793
1279759483648921600
1279759485297479682
1279759485502992387
1279759524593836032
1279759528226172929
1279759545963884545
1279759554687926272
1279759557326180352
1279759569544151040
1279759586765893634
1279759595980783616
1279759618302976000
1279759624011481088
1279759628654522368
1279759645041623040
1279759649345089536
1279759648900382720
1279759652121649153
1279759659071463424
1279759671654408192
1279759674640826368
1279759675269935105
1279759679564873729
1279759683893391363
1279759691413938176
1279759700918259714
1279759709004857346
1279759719771455492
1279759734216822785
1279759741711978498
1279759746149412865
1279759749328842755
1279759749949657091
1279759762322751494
1279759764025557000
1279759774867812352
1279759776105345027
1279759781188624384
1279759788641882112
1279759792009998336
1279759801581535232
1279759814692876288
1279759814982283266
1279759841641275395
1279759855457353730
1279759860318552064
1279759866794409992
1279759868082216960
1279759881579479041
1279759888047124481
1279759889204686848
1279759889561260035
1279759898352508929
1279759905457688576
1279759925602705409
1279759926886350849
1279759932984905728
1279759939578155013
1279759944212869120
1279759947165831169
1279759947404767234
1279759947471953927
1279759961086734336
1279759965813723136
1279759978371461121
1279759979503812609
1279759993902903296
1279759996842987521
1279760015025491970
1279760018116501505
1279760018288652289
1279760023229431810
1279760024286507008
1279760036336750593
1279760043819270144
1279760052690145281
1279760060298772480
1279760069371060224
1279760070016991232
1279760078166425600
1279760080720801794
1279760089625264129
1279760099670740995
1279760099930599424
1279760110525517824
1279760110789832705
1279760110701752320
1279760116380831745
1279760119664914434
1279760133967548417
1279760148144291842
1279760150463561729
1279760150572740609
1279760169304391683
1279760173985411077
1279760181757386752
1279760196013895680
1279760195820937219
1279760212069625856
1279760224153305088
1279760225357172737
1279760236082061313
1279760240267988992
1279760240578195459
1279760244218966019
1279760257061879808
1279760258232201221
1279760263986712577
1279760290612199425
1279760298010910728
1279760299881611264
1279760315543171075
1279760315689943041
1279760317191421958
1279760317820567553
1279760332613918720
1279760338787938316
1279760345872035843
1279760350028709888
1279760353736286208
1279760370039652353
1279760372266926080
1279760374741360640
1279760396094705667
1279760400506957824
1279760415044456448
1279760423898808321
1279760441414160385
1279760447630184449
1279760447374266370
1279760455108567046
1279760458178797568
1279760460028338181
1279760483541676032
1279760489606795264
1279760498150584325
1279760500549705730
1279760500298067968
1279760502718181377
1279760510439784449
1279760527502213121
1279760555981455360
1279760568941973504
1279760576512696322
1279760586344140800
1279760601561120768
1279760602664222721
1279760609366532096
1279760614131240961
1279760615897288713
1279760617482657792
1279760618317402112
1279760618963103744
1279760636839448576
1279760648138866688
1279760664764899330
1279760668472807424
1279760668841910272
1279760675406065664
1279760683001802752
1279760685694664705
1279760686466334722
1279760688961945600
1279760716463878144
1279760719534338048
1279760726496808960
1279760727088205825
1279760727671259137
1279760729088897026
1279760729357185026
1279760736781103104
1279760754200248322
1279760766803963905
1279760769064804353
1279760773183680512
1279760779311538176
1279760782218203146
1279760791877693440
1279760794297741315
1279760798164844544
1279760803651112961
1279760852455809025
1279760860672659456
1279760861477908480
1279760869241565185
1279760873368678400
1279760897091796992
1279760899067260928
1279760905874571265
1279760908726743040
1279760911113129984
1279760911142653957
1279760913772482561
1279760914108026881
1279760921603321857
1279760932227428352
1279760933439578114
1279760936371396610
1279760937231269888
1279760944654987269
1279760946576207872
1279760968281665536
1279760974921293827
1279760997184671745
1279760999487287296
1279760999923568640
1279761008156971008
1279761008274227201
1279761010279276545
1279761012648886273
1279761017120194563
1279761018973913089
1279761029988339718
1279761038490165248
1279761043154178048
1279761055346917378
1279761081607557122
1279761105926139904
1279761112909709312
1279761134497792001
1279761140713754624
1279761150733881344
1279761151539150848
1279761163929223169
1279761169193058304
1279761182119821312
1279761187203416064
1279761195445170180
1279761217259618304
1279761218216038401
1279761218916540416
1279761232757690368
1279761248582684674
1279761259643076608
1279761276734824448
1279761293398990849
1279761297639223297
1279761297719115777
1279761302563553280
1279761302764900354
1279761312621436928
1279761314517311488
1279761315167232000
1279761328660512769
1279761331948867584
1279761356158312448
1279761370721005568
1279761377834516480
1279761381235933184
1279761390413193216
1279761415641989120
1279761433115361280
1279761437536239619
1279761446235246593
1279761457652080640
1279761478602698753
1279761478816600065
1279761479256997888
1279761482817974279
1279761489931493377
1279761495904092162
1279761496730480643
1279761498726895617
1279761500740050945
1279761503005085696
1279761524609990657
1279761527709597696
1279761532025438209
1279761533350940672
1279761537587183617
1279761541798092804
1279761544784441345
1279761554964176897
1279761569870577664
1279761571464409090
1279761574513672192
1279761578355765248
1279761578691190787
1279761579161137152
1279761590833811456
1279761591194525696
1279761591760756736
1279761609058144264
1279761611432099845
1279761615903219714
1279761617425752067
1279761626338598917
1279761638485188608
1279761654583099395
1279761679929282560
1279761680398864385
1279761691098701825
1279761697335435264
1279761705682124800
1279761713919864834
1279761721536716802
1279761721800814592
1279761722065240065
1279761724770582529
1279761741702991873
1279761742520705028
1279761746497069056
1279761761000845314
1279761773722251265
1279761776834273280
1279761783587106816
1279761788041678849
1279761793720647680
1279761794190508032
1279761796518293512
1279761807725465600
1279761813471727616
1279761814767747074
1279761818102067200
1279761822783021058
1279761823319953409
1279761825861697536
1279761848326410240
1279761860171108352
1279761865585971201
1279761868878381063
1279761868882612224
1279761874029088768
1279761880681025542
1279761891057971200
1279761892853125122
1279761898058199040
1279761898460725249
1279761906396532736
