1286586898543042560
1286586899755405314
1286586906034102273
1286586906927480833
1286586908718505992
1286586910849236994
1286586911474106368
1286586937067950081
1286586939840266240
1286586940385628162
1286586942495379461
1286586953475878912
1286586960342142976
1286586976062169088
1286586983293190144
1286586987206463490
1286586988137603075
1286586991576981504
1286586991362990080
1286586992327704577
1286586994261471232
1286587028298174465
1286587030156251136
1286587033478209536
1286587038607667200
1286587060284018693
1286587079237959682
1286587084384473089
1286587089803513857
1286587091141439489
1286587112628731904
1286587116177231877
1286587118190551041
1286587120975519745
1286587124846821376
1286587146996985857
1286587154248982528
1286587154630447104
1286587156098686976
1286587172968189953
1286587176717815809
1286587183487258625
1286587191276101632
1286587192026918912
1286587196732878854
1286587202810462208
1286587220728647681
1286587231591895046
1286587243428229122
1286587252336922624
1286587256522907648
1286587268476448768
1286587269877358592
1286587270305177600
1286587273987928065
1286587277360001024
1286587284310163456
1286587288298721281
1286587294409994240
1286587295592841216
1286587296037380096
1286587337909178368
1286587342581571584
1286587343185547264
1286587348629647360
1286587350127194112
1286587353189044224
1286587357496401920
1286587357563559936
1286587362785583105
1286587364026937344
1286587364073062400
1286587370368724992
1286587387754110977
1286587417852403712
1286587420041981952
1286587422181134336
1286587439880929280
1286587440715706368
1286587455492075521
1286587458147188739
1286587465478750214
1286587468695793666
1286587468914085891
1286587475729633280
1286587476170158080
1286587483296346113
1286587484760092673
1286587485561278464
1286587485460418560
1286587490451652609
1286587508147417088
1286587512115335168
1286587517404356608
1286587520709361664
1286587524836724736
1286587532025749504
1286587543165624320
1286587548588941313
1286587555866128384
1286587558692970496
1286587558990761985
1286587569149378560
1286587576783183877
1286587589668024321
1286587597368643585
1286587605770018817
1286587608429146112
1286587610241085441
1286587620332634112
1286587629803376640
1286587632902975491
1286587638426685443
1286587641752952833
1286587650229432321
1286587653547266048
1286587654822219777
1286587658559344640
1286587680742989825
1286587681909231616
1286587686975877120
1286587697042059264
1286587712162557953
1286587713257451520
1286587730646851584
1286587746883182593
1286587749298995203
1286587775383461889
1286587780970283009
1286587783709155328
1286587789518057472
1286587791141408768
1286587794987638784
1286587797080432641
1286587799869763586
1286587827573137408
1286587829594644481
1286587843410706433
1286587846585913346
1286587847005200385
1286587851908329473
1286587884020129792
1286587909425029121
1286587910930616321
1286587911253581824
1286587915183837184
1286587915779239936
1286587924411293696
1286587932124631040
1286587917956198401
1286587939603062784
1286587946301186048
1286587955369381889
1286587972268314625
1286587978937069568
1286587981369733120
1286588005310820358
1286588005914943489
1286588009953943555
1286588012407615488
1286588053486743554
1286588070062485504
1286588071467679744
1286588112303464448
1286588123653320705
1286588131379236870
1286588139562250241
1286588149427142659
1286588149905448960
1286588159006920704
1286588165008920577
1286588183786946561
1286588182973173760
1286588187041607681
1286588225709056000
1286588232478494720
1286588234365931525
1286588239789191168
1286588250648383489
1286588320982720513
1286588339508977664
1286588350288322564
1286588355333853184
1286588361638019072
1286588372782387201
1286588379283431424
1286588382504722432
1286588389215608832
1286588406672134148
1286588409658703877
1286588423122251778
1286588431485644800
1286588456634920960
1286588463354007552
1286588472636186624
1286588480282226690
1286588480810885120
1286588488373219328
1286588489623109632
1286588494119403521
1286588508270997504
1286588519469797378
1286588520937783303
1286588547089268736
1286588554794041345
1286588567347585024
1286588571478966273
1286588573483859968
1286588578168963073
1286588589313273856
1286588593310502912
1286588597043441664
1286588609739530240
1286588613451493377
1286588616152625152
1286588616311894016
1286588626780868611
1286588634330812416
1286588635014455296
1286588646728982528
1286588649987960833
1286588653632811008
1286588655327301632
1286588664353628161
1286588670485635072
1286588680057040898
1286588702395949056
1286588720557129730
1286588738043224064
1286588744917749760
1286588753679507456
1286588763259322368
1286588780510449664
1286588790056849408
1286588797644238848
1286588803113771008
1286588817781202945
1286588818338922496
1286588823518896132
1286588841483210753
1286588859191398400
1286588867253018625
1286588869442445312
1286588870524575745
1286588870893670400
1286588879294865410
1286588883120136193
1286588890459987968
1286588896034267136
1286588898466869248
1286588901520367616
1286588902820786177
1286588905068703744
1286588905903489024
1286588912119549952
1286588917521592322
1286588923549036544
1286588925541154816
1286588930494574595
1286588929596985346
1286588935053795328
1286588936437952512
1286588938598019078
1286588952367964160
1286588955371220993
1286588956189102080
1286588975214338048
1286588979140206597
1286588981237489664
1286588987172196352
1286588993446977536
1286589006990516224
1286589009926459392
1286589015815270400
1286589015869673472
1286589016050216960
1286589023599894529
1286589030906253312
1286589056520945664
1286589063693295619
1286589081871360000
1286589089785888769
1286589094269681669
1286589098170486784
1286589104596103168
1286589115102662656
1286589116503613440
1286589120731664384
1286589121092362240
1286589139496951808
1286589152738385920
1286589153715470337
1286589154382327808
1286589157767340034
1286589160761913344
1286589161466667008
1286589163433791490
1286589169523986433
1286589171465822208
1286589200750358528
1286589202164047872
1286589209445306369
1286589225521930240
1286589253250473984
1286589261555421184
1286589282640113664
1286589287966756866
1286589300214202369
1286589309362098176
1286589312306487296
1286589313661247490
1286589320627990528
1286589321793871873
1286589336490782720
1286589340802379776
1286589350457663489
1286589364516999168
1286589373694148609
1286589380984016940
1286589381277413376
1286589386461720577
1286589404002344965
1286589415964450816
1286589424206143489
1286589435849711621
1286589443743166465
1286589449682300928
1286589465536806912
1286589467097169920
1286589469596872709
1286589470586753024
1286589482171428864
1286589482196639745
1286589495962345474
1286589496130117632
1286589520243130368
1286589520813666304
1286589522654957568
1286589525905596418
1286589531861299200
1286589537544634369
1286589537829842944
1286589540942184448
1286589542267408385
1286589546302509056
1286589553730400257
1286589570612629505
1286589577763856385
1286589583115857920
1286589600803291137
1286589624169578496
1286589627319455744
1286589653013987328
1286589661549400067
1286589671536037890
1286589689177075712
1286589711964942336
1286589718839169024
1286589737969618946
1286589739827699713
1286589755602415616
1286589760056762374
1286589775009460224
1286589796186546176
1286589796547166209
1286589798564671489
1286589799470641152
1286589822522417152
1286589828663050241
1286589836577533953
1286589857205108736
1286589869129641985
1286589870622650368
1286589885009276928
1286589908904284165
1286589909873156103
1286589925262057475
1286589931683491840
1286589940311011328
1286589940512563200
1286589949534494721
1286589953472966656
1286589977963487232
1286589989707546628
1286589993050181632
1286589998851141632
1286590002026209280
1286590024671272960
1286590055482523648
1286590072373088262
1286590075439022080
1286590077510901761
1286590091499114496
1286590091956293632
1286590094397317122
1286590094552510464
1286590098902061056
1286590103368937474
1286590107022053376
1286590130174779392
1286590141277114369
1286590143034400768
1286590143571402752
1286590164316364801
1286590186252570624
1286590195329126401
1286590244217905152
1286590257194885123
1286590264467951616
1286590292334764032
1286590301516247041
1286590303424720899
1286590304552853505
1286590335901216768
1286590343060901895
1286590344193220608
1286590344520445953
1286590345669574657
1286590347305349120
1286590359321997312
1286590362597724160
1286590377198198784
1286590385246986241
1286590388946513921
1286590396777234439
1286590398647996417
1286590423339872257
1286590437814394882
1286590450594222081
1286590452565712901
1286590452922163204
1286590457569587200
1286590460639682560
1286590469556731906
1286590472673263617
1286590474422296578
1286590487214927872
1286590507053756416
1286590509025234945
1286590523311038466
1286590525798256640
1286590532706213888
1286590534211911681
1286590536674140160
1286590542474817537
1286590553363292161
1286590556110565376
1286590558056611841
1286590567904882691
1286590569867874304
1286590576641507331
1286590580907216896
1286590586229788677
1286590599748112384
1286590604055474177
1286590604546367493
1286590607532658694
1286590637140107264
1286590651790811136
1286590655612035072
1286590660091482112
1286590663706972161
1286590690667847682
1286590693335474177
1286590695843610627
1286590703603052545
1286590707373727745
1286590708904755200
1286590715225612288
1286590724465549312
1286590728647217152
1286590731113635840
1286590746431123456
1286590750713450496
1286590758192132096
1286590766685405184
1286590767109201921
1286590767520198657
1286590769042731011
1286590772347916288
1286590773794930690
1286590778819645440
1286590780430331904
1286590781978021889
1286590790995763200
1286590794724327424
1286590801204584449
1286590808473210881
1286590817360998400
1286590828035674115
1286590831470751744
1286590875762479104
1286590877880778754
1286590881173090306
1286590889213779968
1286590894024663040
1286590904371879936
1286590922935992321
1286590930598977536
1286590937762865153
1286590948621852672
1286590954749779970
1286590956427345927
1286590964337868802
1286590970138509312
1286590983375912960
1286590991483326466
1286591004699762688
1286591005970575360
1286591009858752513
1286591018884898817
1286591020952465410
1286591022076530688
1286591030717034497
1286591032436629504
1286591038916714497
1286591067752525826
1286591088686297089
1286591109112541185
1286591109922086913
1286591126019874816
1286591132428902401
1286591138833534977
1286591150892019712
1286591154277015552
1286591161822375938
1286591165089878016
1286591167824400385
1286591168940318721
1286591177777610753
1286591204369596417
1286591209478279168
1286591214196854785
1286591214460993537
1286591237508734978
1286591239169564673
1286591239337455621
1286591242411941889
1286591254017593345
1286591262892720128
1286591263160983552
1286591281104388098
1286591283297845248
1286591289983741953
1286591340462178304
1286591343519645696
1286591372137357312
1286591373261656064
1286591375526506501
1286591377258799104
1286591384611196930
1286591385768988672
1286591392127606785
1286591436884971520
1286591448360431621
1286591461358788608
1286591470879866881
1286591470896418818
1286591472964378624
1286591473446682626
1286591475908714496
1286591490550972416
1286591494577512450
1286591496813080577
1286591518468382721
1286591527217553408
1286591551695552512
1286591566241361920
1286591566405140480
1286591578585231361
1286591584390111232
1286591589373169667
1286591611678404608
1286591633757278209
1286591638559547393
1286591646210174976
1286591662739742720
1286591679303016448
1286591680863449089
1286591684550295552
1286591685909270534
1286591697980334080
1286591704284438528
1286591719882940417
1286591725515890688
1286591753655549952
1286591761511526400
1286591781061025798
1286591812224741377
1286591823696269315
1286591829383749633
1286591843732512769
1286591847645818880
1286591856671825920
1286591857590403072
1286591858110541824
1286591860320813057
1286591862619475968
1286591879082106880
1286591883209146374
1286591883897114624
1286591903790751745
1286591906080632832
1286591908903620608
1286591911545802753
1286591917313138689
1286591921897570305
1286591954051047424
1286591964255678464
1286591987400036353
1286591996279181312
1286592007360585730
1286592025056481282
1286592050801127426
1286592054445957121
1286592058417909761
1286592071789314048
1286592072074407937
1286592075321036802
1286592085152403457
1286592094308577280
1286592094669279232
1286592096439136257
1286592099068997632
1286592104437813248
1286592115997208576
1286592124624936960
1286592124666904577
1286592124952039426
1286592127900749824
1286592134972203008
1286592147823702017
1286592151413899264
1286592158154268673
1286592163669843968
1286592164714164224
1286592169789272070
1286592189733183488
1286592198763397120
1286592218820558849
1286592219072405507
1286592221823881217
1286592225657446400
1286592237808373760
1286592241130037248
1286592249695002625
1286592250827268098
1286592254736568321
1286592261329887232
1286592263326507008
1286592268326113281
1286592279399075841
1286592305835773952
1286592309753257986
1286592311007354881
1286592320322895873
1286592337272078336
1286592348965572609
1286592363784265728
1286592378040721409
1286592402463969282
1286592405827985408
1286592407937712129
1286592417832075266
1286592421535666176
1286592439130533894
1286592448265781248
1286592456394518528
1286592497679032325
1286592500359208960
1286592500971470849
1286592503358148608
1286592541081518081
1286592543740887042
1286592549143154693
1286592550086860801
1286592552297209856
1286592561834889223
1286592577068773378
1286592581602861056
1286592585411297283
1286592620039462912
1286592632400023552
1286592656584278017
1286592661793587204
1286592695649988608
1286592697235582976
1286592700444299265
1286592749681115137
1286592755091886080
1286592761785913344
1286592762180071424
1286592778030518273
1286592783533383680
1286592794635767813
1286592805687590912
1286592816534228992
1286592828823474176
1286592830497071105
1286592833634410501
1286592834699575296
1286592835760791552
1286592843906035714
1286592843994152960
1286592849971208193
1286592875145252864
1286592882267357184
1286592883529834497
1286592904815927296
1286592913435176962
1286592926785495042
1286592931185532929
1286592932439568384
1286592947044200448
1286592949640470528
1286592950281973762
1286592964836327424
1286592973006712835
1286592979612950528
1286592997195501568
1286592997962985472
1286592999242305536
1286593002706739203
1286593012039065600
1286593017818877954
1286593021241208832
1286593021614665728
1286593021551632384
1286593023531536384
1286593024869437440
1286593025712455681
1286593024785625089
1286593028338012161
1286593039754907650
1286593054942433283
1286593064757321728
1286593067315859456
1286593067512782849
1286593073871499264
1286593085372166144
1286593085527515137
1286593115885907968
1286593119757176838
1286593132776304640
1286593133275316225
1286593137947947008
1286593146202148864
1286593166951374850
1286593173872087042
1286593190712283136
1286593198555619331
1286593202275983361
1286593206994558976
1286593223100469248
1286593226942681097
1286593242176225281
1286593243921219585
1286593247301660672
1286593248610275329
1286593251315781632
1286593255853813762
1286593259515662336
1286593261549662208
1286593264271810561
1286593268768223233
1286593289374834688
1286593291782250496
1286593297096388609
1286593304868671489
1286593308890824705
1286593311306854402
1286593318638452736
1286593322484666369
1286593325147934720
1286593355179347968
1286593360208130048
1286593369406410754
1286593372371578880
1286593380961718272
1286593382513508352
1286593385231462402
1286593392693125121
1286593392529506305
1286593399005622278
1286593416734937088
1286593422716022784
1286593429913427968
1286593454949240833
1286593458988134401
1286593459378368513
1286593462444470272
1286593472372252672
1286593480421265408
1286593481247535105
1286593482971324416
1286593493020876800
1286593507948298241
1286593517519699968
1286593541632749568
1286593549761417216
1286593550537261056
1286593560230297601
1286593564294750209
1286593564244353029
1286593568589647872
1286593570183327746
1286593573920669701
1286593600067960832
1286593627934748673
1286593635266334720
1286593638646968320
1286593640488304643
1286593657341120512
1286593656892166149
1286593664777502720
1286593664911904769
1286593670569816064
1286593674667855873
1286593691117707265
1286593696834650112
1286593697510039553
1286593716623474693
1286593720251568128
1286593728027607040
1286593732494733314
1286593736789471232
1286593739721408513
1286593744184029184
1286593754980179969
1286593798529847296
1286593800626987008
1286593801398571008
1286593803965480962
1286593804099887104
1286593808868704257
1286593813948108801
1286593814891761665
1286593823146217473
1286593828133117952
1286593844931330048
1286593850878943232
1286593862023221250
1286593863159701505
1286593878821179399
1286593896026267648
1286593902061981696
1286593908156305408
1286593909297119232
1286593921263566849
1286593943879155712
1286593960039899137
1286593982559068166
1286593989794291713
1286593993275400192
1286593998933692416
1286594005803950081
1286594007661830145
1286594008064516096
1286594024900616192
1286594039584882689
1286594042013286402
1286594045318488064
1286594048426352645
1286594049890189312
1286594050452099075
1286594054046846976
1286594055472701440
1286594075223830529
1286594075840450563
1286594085881405440
1286594090302418946
1286594090805661696
1286594109088514049
1286594117951266816
1286594137236688896
1286594143763025920
1286594152810127361
1286594158589644801
1286594159059468288
1286594171097231361
1286594171604733953
1286594172431015936
1286594175958425602
1286594185206943744
1286594192739692546
1286594193989632002
1286594193943494659
1286594194769928192
1286594194937655299
1286594194799296512
1286594206216204288
1286594219654754305
1286594221437333510
1286594238713671680
1286594254253330432
1286594257004843008
1286594262218559491
1286594266488242176
1286594303167537153
1286594311925055489
1286594311543574528
1286594320963973120
1286594323899916288
1286594329297838081
1286594346985422849
1286594353079750658
1286594356338720768
1286594361615175681
1286594369987006464
1286594379860213764
1286594398537551872
1286594399963459584
1286594406489796609
1286594428023353344
1286594431458697216
1286594449997406210
1286594463062777856
1286594465604476929
1286594492007690240
1286594501839130626
1286594519362830336
1286594540661604352
1286594560701980674
1286594570550153216
1286594573356224512
1286594582336045057
1286594595053281280
1286594603441958914
1286594608466518016
1286594615806746625
1286594651877781504
1286594675227234305
1286594679035887616
1286594683980849152
1286594689580380161
1286594691534856193
1286594694789517313
1286594701156589568
1286594708077240320
1286594708236636160
1286594718965600257
1286594731468890112
1286594739681337344
1286594745179836417
1286594756378796034
1286594770018631682
1286594780244389888
1286594787307663360
1286594790558257152
1286594794601377792
1286594795402600448
1286594801488605184
1286594810950934530
1286594836972306432
1286594854655602688
1286594855284674561
1286594862893223943
1286594890961424385
1286594893373005824
1286594905473798146
1286594911249346561
1286594943247499265
1286594946783498246
1286594949404856322
1286594953053966336
1286594957319561221
1286595000592216064
1286595001699299334
1286595023299985409
1286595043977867265
1286595073354891264
1286595081605197825
1286595089012264961
1286595111099314177
1286595121585115137
1286595135120138241
1286595145299787777
1286595147581607937
1286595170780295168
1286595172524908544
1286595186253090817
1286595206830202881
1286595217777242112
1286595230217596935
1286595232650256384
1286595237792514048
1286595242800689152
1286595249175965699
1286595249410723840
1286595257518288896
1286595264531161089
1286595266166968320
1286595286714875909
1286595288363343872
1286595307271331840
1286595307552350208
1286595333892591616
1286595339395325953
1286595368747139073
1286595375009333248
1286595387105718272
1286595396425441281
1286595423449296896
1286595426888687616
1286595432509054976
1286595434849472515
1286595442856386560
1286595458677141505
1286595465052475399
1286595471839039488
1286595473663434753
1286595509101240320
1286595513425563649
1286595514574581761
1286595536594796544
1286595544303968256
1286595557302050822
1286595567490150400
1286595573940969472
1286595591032709121
1286595599152766976
1286595599907917824
1286595604488114177
1286595618341879809
1286595644153528320
1286595650902204417
1286595661417390085
1286595662159716357
1286595675107467266
1286595697538564096
1286595712327864320
1286595712512188421
1286595728073093120
1286595762374279168
1286595764584689666
1286595774017568772
1286595776114823168
1286595792426405888
1286595794032898050
1286595811044765696
1286595838135984129
1286595840648380416
1286595841357053953
1286595848810270726
1286595853650542592
1286595857983315968
1286595861468905472
1286595871514046465
1286595907870490625
1286595918423261184
1286595923720593408
1286595923699576832
1286595928921702406
1286595933300375552
1286595948890775553
1286595957736570885
1286595957925097473
1286595969207816192
1286595973406433280
1286595973498703872
1286595973787996161
1286596021074747392
1286596037000323072
1286596042436366336
1286596054092263425
1286596054448779264
1286596056554311682
1286596058420666370
1286596070705967107
1286596071217680384
1286596085645967360
1286596093342613506
1286596097058594816
1286596103018872832
1286596119590350850
1286596119867191296
1286596121167638528
1286596130092941314
1286596145326764033
1286596146840838144
1286596155946786816
1286596166369439744
1286596167120359424
1286596172245737472
1286596174829379584
1286596180198260738
1286596183746584576
1286596185168502784
1286596198216810496
1286596219851214849
1286596227623079936
1286596237932679170
1286596239715438593
1286596252533104642
1286596258086285312
1286596268601606144
1286596274658185216
1286596285974355968
1286596289031835649
1286596301312806912
1286596333776887809
1286596336163332096
1286596348582797312
1286596354702061570
1286596356610486273
1286596365020278786
1286596368677494785
1286596368778158082
1286596370225180672
1286596399619100673
1286596407999094784
1286596413376299008
1286596427905486848
1286596435182379008
1286596455113908224
1286596463535955968
1286596463666102272
1286596466736340993
1286596471219920896
1286596492342571008
1286596494439649281
1286596516568633346
1286596517243965442
1286596533216043008
1286596536499986433
1286596546679775232
1286596557114970115
1286596558100795394
1286596559350706176
1286596572667576320
1286596575981076480
1286596576077426691
1286596581702205441
1286596582847250432
1286596609887870976
1286596618519683072
1286596630716854272
1286596672319926273
1286596671988670466
1286596673146413056
1286596674962456576
1286596689596383233
1286596693992013824
1286596700837216263
1286596706772058112
1286596717899587588
1286596725155729409
1286596736979361795
1286596731426177025
1286596741727485952
1286596752196415488
1286596761268686848
1286596765064540160
1286596771280351232
1286596772811485184
1286596776867364864
1286596785255985152
1286596787092852737
1286596800762314752
1286596802498584578
1286596802754441216
1286596803547234304
1286596807741460481
1286596811646541827
1286596817669558273
1286596822413324295
1286596825844252673
1286596859285385216
1286596885650776064
1286596887055917056
1286596924426997760
1286596933411377152
1286596941481218050
1286596944865849346
1286596948741545985
1286596956664377344
1286596964570652678
1286596970241339392
1286596970430201856
1286596985940840449
1286596991464677376
1286597000096440320
1286597004299100160
1286597015871188996
1286597020518555648
1286597037425909760
1286597066471464960
1286597069105516544
1286597074306437121
1286597083533910016
1286597101388853249
1286597114269597697
1286597125292167168
1286597145492172800
1286597153238978561
1286597157928099840
1286597162130984961
1286597192120020992
1286597215805472768
1286597220163190784
1286597225620086786
1286597251587022848
1286597254271270913
1286597255194189824
1286597273518891013
1286597298055602176
1286597307279056898
1286597320818270208
1286597327898267654
1286597350455115776
1286597350929006592
1286597360433258496
1286597385641168896
1286597387549421568
1286597387855761411
1286597391898955776
1286597401579597825
1286597411389857793
1286597415580184576
1286597418222596097
1286597427366105088
1286597436337774592
1286597439617736706
1286597451844001799
1286597452502568960
1286597454088015872
1286597458248663040
1286597461755265024
1286597464607404032
1286597465047588866
1286597471888539648
1286597477911728128
1286597497381502977
1286597532735483904
1286597543464513536
1286597564251373568
1286597571885109249
1286597583100497920
1286597589698314241
1286597599202390016
1286597604403548163
1286597615795175424
1286597642244337664
1286597653577359360
1286597654571614209
1286597655951552513
1286597660607221760
1286597686452338688
1286597691082858496
1286597693649936389
1286597701107429376
1286597711131795456
1286597711140130822
1286597714675933190
1286597717763010560
1286597726252261376
1286597727435083777
1286597728689164288
1286597732522577920
1286597734619688960
1286597734653464582
1286597738881093632
1286597740408057856
1286597749044019200
1286597750906208257
1286597776193851392
1286597782392967169
1286597786515931137
1286597819676205058
1286597821320355842
1286597828043628544
1286597836352741377
1286597843399118851
1286597854635597824
1286597888517246976
1286597897056706560
1286597900592721920
1286597907370704897
1286597909878673408
1286597914253385731
1286597915151015937
1286597919974490112
1286597930330345477
1286597934214197251
1286597955391295489
1286597960310992896
1286597967970009088
1286598001062903808
1286598006653902848
1286598010219134976
1286598010533634053
1286598018876276737
1286598022122672128
1286598033128521728
1286598036869779458
1286598042750156800
1286598054263562241
1286598066980687872
1286598071745261570
1286598075486674944
1286598075998449664
1286598081736249344
1286598090871324674
1286598091399815170
1286598108907012097
1286598109510995968
1286598110915960832
1286598112241266688
1286598128892690432
1286598131367510017
1286598152640958465
1286598176191864833
1286598182470705153
1286598202335072257
1286598204436488192
1286598221582622721
1286598241656676352
1286598249231446017
1286598260291903488
1286598265245401090
1286598281414479872
1286598287642906624
1286598290704916481
1286598294920208387
1286598309168152577
1286598311730745344
1286598321805680641
1286598331867643916
1286598334082437120
1286598347332227072
1286598349781639169
1286598350326956033
1286598354055491585
1286598359495487488
1286598359453765636
1286598363702538240
1286598366143676416
1286598370811711488
1286598375941353473
1286598393142431744
1286598407109464064
1286598417658060800
1286598427913068545
1286598441817108480
1286598449157218310
1286598468555780096
1286598484930383872
1286598492236865536
1286598505973166081
1286598497978859523
1286598509794336768
1286598523530682369
1286598534939123713
1286598540425388032
1286598550718156801
1286598551313592320
1286598553997991938
1286598555944329216
1286598567206031362
1286598576634724352
1286598576680968193
1286598579755167745
1286598583991623681
1286598593512710144
1286598609132236800
1286598619127320581
1286598619395575809
1286598623850041344
1286598625162694656
1286598629080342528
1286598630585987073
1286598631441588229
1286598650135752705
1286598664115322881
1286598669962182656
1286598682838736896
1286598684919005184
1286598690577186816
1286598690887458817
1286598696881225729
1286598704858832896
1286598715957026816
1286598721216675840
1286598723536138246
1286598776187052032
1286598789457948672
1286598790493937664
1286598793585135616
1286598805182451712
1286598805299765248
1286598805824176129
1286598806948048897
1286598811767443456
1286598827957346304
1286598836190945280
1286598846928138240
1286598864808620034
1286598870227652612
1286598874824609793
1286598875151769600
1286598883053899779
1286598886899892224
1286598888535789568
1286598895011684357
1286598897796878336
1286598900468592640
1286598924019564545
1286598929144877057
1286598938624167937
1286598940297768960
1286598946475868160
1286598955833278466
1286598958375198720
1286598977174024193
1286598994156814336
1286599000586502145
1286599000561537026
1286599020438331392
1286599021151301633
1286599026322751488
1286599034145316864
1286599047617232898
1286599049320177664
1286599056370802688
1286599057125912577
1286599058367238145
1286599061219340288
1286599086469193730
1286599087740067841
1286599092596965376
1286599133210595330
1286599142169620480
1286599151665516545
1286599152248532993
1286599170896297985
1286599172775272448
1286599173039697920
1286599202261413889
1286599203745980417
1286599216710680576
1286599223895441408
1286599239674593280
1286599241926877184
1286599252462927874
1286599262911045632
1286599274948694026
1286599293592383489
1286599300860923905
1286599309446623233
1286599325569753089
1286599349049479170
1286599367869095936
1286599368246624256
1286599371480395777
1286599371803496448
1286599382046056448
1286599390442983425
1286599415910760448
1286599429026279425
1286599429223526401
1286599430657863681
1286599435229814786
1286599435737354242
1286599445589655552
1286599447795859456
1286599451390251008
1286599452229238785
1286599493891305473
1286599494650347521
1286599522668425216
1286599540406190081
1286599565261512705
1286599584861564931
1286599585838829569
1286599608773337088
1286599610899656706
1286599611029716992
1286599619733061632
1286599625080627200
1286599625915412481
1286599631976067072
1286599636027940864
1286599647113302016
1286599653190967297
1286599658106576903
1286599674271473664
1286599683457060865
1286599686787276801
1286599687026294785
1286599695880593408
1286599696111280128
1286599697210028032
1286599698439000067
1286599703698837504
1286599707997769728
1286599711424733184
1286599712364212226
1286599714918416386
1286599724015841280
1286599724431216640
1286599733151072256
1286599741745184768
1286599751928967168
1286599761613602816
1286599766617362432
1286599778952982528
1286599801992351745
1286599802277568512
1286599814566891527
1286599824259899395
1286599827539873792
1286599841569746947
1286599844140908544
1286599845042626560
1286599856497319936
1286599859030589440
1286599868979597315
1286599869164146691
1286599870338531328
1286599874742374401
1286599874784514048
1286599883294638080
1286599893272780806
1286599899677589504
1286599900436688897
1286599901766459397
1286599904475803654
1286599907906707457
1286599910687674368
1286599935853502466
1286599939389378560
1286599940932689920
1286599959228424192
1286599968237576195
1286599971337248769
1286599980229304320
1286599992811991040
1286600001951535104
1286600004149411841
1286600006737240064
1286600007651430400
1286600014882418689
1286600017990606848
1286600022025412609
1286600024110108674
1286600038471344129
1286600044821520384
1286600057093943297
1286600058188767232
1286600084147200002
1286600084780486656
1286600085166415873
1286600098512699392
1286600120503500800
1286600127956779008
1286600128464171008
1286600133870866432
1286600139763720194
1286600145560154112
1286600157530861570
1286600170440982528
1286600178515038210
1286600179257421824
1286600182373572608
1286600190099505152
1286600197498445825
1286600199071293440
1286600199230623744
1286600207573057536
1286600210483834881
1286600214690709504
1286600216498577408
1286600217677234176
1286600227617734656
1286600243283337216
1286600242805252096
1286600245766320130
1286600246085201920
1286600257158053890
1286600265039110145
1286600277676699648
1286600279794708481
1286600284467343362
1286600286560280576
1286600292918652929
1286600301319819267
1286600315731693569
1286600335201456128
1286600347151224832
1286600369414393857
1286600371805200384
1286600380642668544
1286600399244288007
1286600404894199809
1286600417451810817
1286600426125746181
1286600431557390336
1286600435227271168
1286600453225091072
1286600453652979712
1286600460623912962
1286600463517851653
1286600471700889600
1286600474444144640
1286600489585565697
1286600492060213248
1286600504894783488
1286600514759786498
1286600538335789057
1286600550700601345
1286600564026073088
1286600572682948610
1286600587149283333
1286600595634139136
1286600609064509441
1286600620162588672
1286600638512738305
1286600644980285441
1286600652441808896
1286600664362049541
1286600664081031168
1286600665586966533
1286600673975394304
1286600683412754432
1286600727264100352
1286600733647941632
1286600750513164288
1286600762349428736
1286600762404077568
1286600761040932864
1286600777268633602
1286600777985937408
1286600793504780290
1286600794293370880
1286600811364130822
1286600812500852736
1286600821086384131
1286600822772641792
1286600823779102721
1286600827902230528
1286600834940317697
1286600850857754624
1286600858935926785
1286600883275476992
1286600885834059776
1286600887201411074
1286600895455801346
1286600904242798592
1286600908164472833
1286600923649675264
1286600925969350662
1286600927592484865
1286600937516261381
1286600938283831302
1286600948018753536
1286600967715053570
1286600980520411136
1286600983510953984
1286600986748956672
1286600994411778048
1286600995712184320
1286601003735961603
1286601011952459779
1286601017388412929
1286601022778101761
1286601034232627201
1286601037751750656
1286601040020885504
1286601045393760258
1286601049118142465
1286601062506364928
1286601070639058947
1286601088028880899
1286601102562033667
1286601105112088577
1286601139245289474
1286601140235313152
1286601145771687939
1286601147076063232
1286601151820046338
1286601151958274048
1286601163484409857
1286601163996106752
1286601169062760448
1286601173886066689
1286601179581968385
1286601184359440384
1286601200947924993
1286601202071871488
1286601207222620160
1286601228592521217
1286601235554947073
1286601239556313089
1286601254286721024
1286601258229350401
1286601264558530560
1286601277292589057
1286601285572190209
1286601286087933952
1286601315704016896
1286601318778511366
1286601326416125960
1286601328731422721
1286601343709245441
1286601356212604930
1286601365691801601
1286601380690448385
1286601382900817920
1286601398801465345
1286601428618764290
1286601438353739778
1286601463016431616
1286601482012446721
1286601484914667521
1286601486806523904
1286601489138450434
1286601511821139969
1286601547284189184
1286601550853365760
1286601554758438912
1286601562861613057
1286601570864381954
1286601616829759490
1286601628724985857
1286601629819691008
1286601656084439041
1286601659481763840
1286601660022902788
1286601663269105664
1286601670345064448
1286601672475709440
1286601678796382210
1286601686677688320
1286601687264825344
1286601692109312000
1286601692084154368
1286601698090393600
1286601708286738437
1286601709138014208
1286601712958976000
1286601717119889408
1286601717975580672
1286601724631945216
1286601726716338181
1286601729979580417
1286601742000558081
1286601796937551873
1286601797226774529
1286601798220906496
1286601809570693120
1286601819100270592
1286601823441190912
1286601857272602624
1286601863152848896
1286601890688573443
1286601898242514945
1286601906299830272
1286601920627515393
1286601922158329858
1286601932916891649
1286601933436968960
1286601934976233472
1286601935236341760
1286601935772979202
1286601945495543808
1286601961274368001
1286601966785683457
1286601978521554944
1286601979108536320
1286601984468893701
1286601989938384901
1286601990404034560
1286601994405400576
