1281694680112144389
1281694682356031488
1281694696339906560
1281694712651546635
1281694728682123264
1281694728682180610
1281694733157441536
1281694737372712960
1281694742376480770
1281694755101921280
1281694763557834754
1281694766258937856
1281694770339905536
1281694774626521095
1281694780959981575
1281694791399624704
1281694795757428736
1281694797095477248
1281694805668573191
1281694817064333312
1281694818398339073
1281694826644172800
1281694830284943360
1281694847892480001
1281694855442333700
1281694867169718284
1281694867744149504
1281694875948285952
1281694883703672832
1281694897108590599
1281694901248430081
1281694902007607296
1281694906310893570
1281694922739834880
1281694929794879491
1281694931216740353
1281694936275070977
1281694938648973313
1281694926523138048
1281694942935617538
1281694943606702088
1281694959385509888
1281694964515135488
1281694965261914112
1281694972299956225
1281694971716927492
1281694973755297792
1281694984740241412
1281694985331585024
1281694998321397761
1281695001576009728
1281695005850177537
1281695026398072833
1281695044018331648
1281695045092073472
1281695065669357573
1281695070408892422
1281695082303950848
1281695089341935617
1281695094823886850
1281695098061746176
1281695103678140416
1281695106165161984
1281695110221176838
1281695136863453184
1281695139749146630
1281695148095741955
1281695153632292864
1281695186578477058
1281695202961489921
1281695221294694401
1281695228278210560
1281695258028449793
1281695263246086144
1281695270338793472
1281695274981883904
1281695278995845127
1281695286306512897
1281695286444908545
1281695295915429888
1281695303331205122
1281695303457034240
1281695304962707458
1281695312156008451
1281695338798227457
1281695342250139648
1281695367801843713
1281695380221112329
1281695429156057088
1281695445765496833
1281695447443218432
1281695455328559110
1281695467722739712
1281695476971077634
1281695481442136064
1281695508508049413
1281695517852880896
1281695527088816131
1281695538186944514
1281695540586086401
1281695547175436302
1281695558986534912
1281695560525926408
1281695560832110592
1281695569120026625
1281695576191578114
1281695597725134848
1281695598077501441
1281695611193098240
1281695615664054272
1281695661734363136
1281695665471418368
1281695670114689024
1281695674111852544
1281695673944088577
1281695706319855622
1281695711478906885
1281695740381876228
1281695741023383553
1281695748766089218
1281695753589514241
1281695756320157696
1281695765698621440
1281695766306848770
1281695766453587973
1281695778931605504
1281695786808553476
1281695803015417856
1281695806324695041
1281695806857199616
1281695812377092096
1281695814797197318
1281695819763154950
1281695819880714240
1281695827031982080
1281695833184808963
1281695841498038273
1281695852835352578
1281695853741256710
1281695877963362312
1281695887740342274
1281695916127334400
1281695916429398018
1281695921240264704
1281695925279305728
1281695937086324738
1281695939040870406
1281695946166992897
1281695949115596802
1281695961668915200
1281695970791772161
1281695987778674688
1281695992014749696
1281695995227709446
1281695996528009216
1281696016530579458
1281696018111791104
1281696026848624643
1281696041813893121
1281696041981468674
1281696047144804353
1281696049334288385
1281696058779799559
1281696066669248517
1281696075607232512
1281696085522735104
1281696104455770119
1281696116837363717
1281696118167003136
1281696121560002560
1281696130229837824
1281696140354818049
1281696140854013958
1281696142720368647
1281696155210932225
1281696155194269698
1281696165201940482
1281696172395069441
1281696186068541441
1281696192741756928
1281696214824693761
1281696218515742720
1281696221736861703
1281696223041388546
1281696227676114959
1281696247804502019
1281696251545710593
1281696264095256576
1281696268230811648
1281696281384165376
1281696282663419905
1281696284672290817
1281696284638875649
1281696301374218242
1281696307128659969
1281696340947415041
1281696348304216064
1281696353144451074
1281696365161193476
1281696374581583875
1281696382038884352
1281696382122971143
1281696385746628609
1281696389546872835
1281696394391117824
1281696403408838656
1281696415899582472
1281696436267220992
1281696437294768128
1281696440264216576
1281696447272910848
1281696448401285122
1281696474427011076
1281696477786574853
1281696479564922882
1281696485902622723
1281696486674268162
1281696499093524481
1281696528957165568
1281696536942899200
1281696558598291456
1281696561450364928
1281696570958807042
1281696596397187072
1281696629154697216
1281696638034219008
1281696638931742723
1281696651040759808
1281696654719176711
1281696687380209664
1281696692199292928
1281696697048014851
1281696701464506370
1281696705172459525
1281696733261631489
1281696750164676610
1281696755000774657
1281696766920974338
1281696772079988736
1281696779717812225
1281696781039001605
1281696785765785600
1281696789276614656
1281696800542470144
1281696822344507400
1281696852698488832
1281696860445519874
1281696864211996672
1281696864266522624
1281696880192303105
1281696888891346948
1281696890082426883
1281696894142554116
1281696898890575873
1281696902619242496
1281696911020490760
1281696928351154176
1281696930381406210
1281696930989510659
1281696931673186304
1281696949540925440
1281696957614837760
1281696973364568071
1281696981501521920
1281697032986664961
1281697033007648769
1281697049625243649
1281697057053564933
1281697057661566977
1281697060857602048
1281697061814054912
1281697064804548608
1281697064901136389
1281697073642049537
1281697075370000384
1281697085969096705
1281697090968653824
1281697111218814982
1281697120727138305
1281697125374414848
1281697144462872576
1281697150515150854
1281697158153097218
1281697167447666689
1281697175848845317
1281697190596026368
1281697212381057024
1281697216768339968
1281697220996280328
1281697234606870530
1281697236737556486
1281697238188724225
1281697242147991552
1281697245293764608
1281697262255644675
1281697262461227009
1281697262989705216
1281697270514081792
1281697275782270976
1281697279573778433
1281697284149805057
1281697287052447745
1281697301086515207
1281697305733685248
1281697307961040898
1281697312150917120
1281697312465498114
1281697322318082055
1281697322645110784
1281697335274348544
1281697337937735685
1281697350017339397
1281697384226062339
1281697408955625474
1281697410033451008
1281697417830772736
1281697427318173696
1281697434096283655
1281697442828660736
1281697455617331201
1281697456024178689
1281697459207409664
1281697439368568834
1281697480460173312
1281697481529667585
1281697504673890304
1281697522931642370
1281697547078295555
1281697549339041799
1281697552031608832
1281697555663826946
1281697556108578816
1281697564920877058
1281697569257619456
1281697572965486593
1281697576446767104
1281697576698253312
1281697603504279552
1281697607522238464
1281697607883149313
1281697625142632452
1281697637415243776
1281697641123000321
1281697649687621632
1281697652267077632
1281697656918749184
1281697657413566466
1281697673297514498
1281697681543319552
1281697691903262720
1281697694050811904
1281697720315641862
1281697746211094528
1281697762204176384
1281697774728359936
1281697778624864256
1281697782231789568
1281697794869403649
1281697799940210691
1281697800766451712
1281697808001662977
1281697808878383106
1281697817275199488
1281697820571910144
1281697824481120257
1281697828528693248
1281697828864172032
1281697833440206848
1281697837684670465
1281697843158216705
1281697849508597761
1281697857561559040
1281697858706644992
1281697858958155776
1281697870480052224
1281697870555557889
1281697879623704578
1281697882765131777
1281697883239018496
1281697884040237056
1281697884770111491
1281697891250135040
1281697899882205193
1281697926230745088
1281697931033145345
1281697933981880320
1281697941384765443
1281697951191117825
1281697959172874240
1281697966764564482
1281697970744950794
1281697976747008003
1281697988423843847
1281697997424930819
1281698005536694274
1281698035555340290
1281698042828271616
1281698043792949269
1281698055595720704
1281698069382389761
1281698071907201024
1281698075589869569
1281698076487561216
1281698088558587904
1281698088927846401
1281698106233348096
1281698119600574465
1281698121861361664
1281698124340355072
1281698135694336003
1281698155541565441
1281698168208609283
1281698169148104704
1281698189888888832
1281698201574141953
1281698211258933249
1281698215235026947
1281698222667374594
1281698232150528002
1281698247581609984
1281698256100175873
1281698260453908484
1281698274202791938
1281698278216613888
1281698286357958658
1281698286701879298
1281698290560532480
1281698294234861570
1281698294570377223
1281698299377004545
1281698302065618949
1281698303877492736
1281698319824302082
1281698320394616834
1281698345833168899
1281698361217888256
1281698379601518596
1281698382873014272
1281698383196037121
1281698386664660994
1281698390284201984
1281698408374439937
1281698418176516097
1281698421225791489
1281698436320866304
1281698436656570368
1281698437155753991
1281698449281486852
1281698470764720129
1281698491006246912
1281698491685904389
1281698532823633920
1281698543330361359
1281698554352984064
1281698554407526400
1281698570857590784
1281698571218292736
1281698589455130636
1281698592827142145
1281698596254081030
1281698597885612033
1281698618139906050
1281698618789879808
1281698622787194880
1281698634489303040
1281698643079241731
1281698650343825409
1281698650587115520
1281698655758508032
1281698658946252801
1281698659470651392
1281698659734704128
1281698663559905280
1281698664373719041
1281698667280252929
1281698679687086086
1281698714080419840
1281698717876269057
1281698734040993793
1281698742492639232
1281698759735468034
1281698776449789952
1281698777146032128
1281698781986267138
1281698788583919619
1281698810390106112
1281698830560485376
1281698832271716356
1281698834775777281
1281698872482553857
1281698877155028995
1281698878073577474
1281698878257983489
1281698925305573376
1281698933635518465
1281698941046624256
1281698943680892928
1281698954191745024
1281698961473056769
1281698973322027012
1281698974039248897
1281698977717424128
1281698986714378245
1281699025167810561
1281699034185506819
1281699040099434498
1281699042330845185
1281699045635956738
1281699045937827840
1281699050698440704
1281699052745363456
1281699053059878913
1281699070613041152
1281699071305175042
1281699071498113025
1281699075377762306
1281699080071258114
1281699087654326272
1281699096626167808
1281699122085593095
1281699122408493057
1281699133854756864
1281699136979566594
1281699154700492802
1281699155103092736
1281699157779111936
1281699170378821635
1281699172022968320
1281699179568549889
1281699197427777543
1281699200221065221
1281699200334532609
1281699200791490560
1281699213114511370
1281699230336385026
1281699233569992704
1281699241925259264
1281699256043220994
1281699263991422976
1281699281058050054
1281699289417252865
1281699297034199040
1281699301228294144
1281699318819241984
1281699330232143874
1281699342303277062
1281699348053725184
1281699350725492736
1281699360980570120
1281699361001480196
1281699377648672768
1281699382300221440
1281699384191836160
1281699391125028871
1281699401514102784
1281699406794776576
1281699414168473600
1281699420069933056
1281699423572172800
1281699434724614144
1281699436213661696
1281699442773487616
1281699456031830017
1281699457382449155
1281699461203243008
1281699476823052288
1281699482770354177
1281699494258712577
1281699515624554498
1281699528475901954
1281699530912784385
1281699532946931712
1281699535190994949
1281699536155619330
1281699544632381442
1281699556145627136
1281699562198126592
1281699569215176710
1281699589658234889
1281699591390400514
1281699608117288960
1281699615008534528
1281699625045549059
1281699628770119681
1281699633379639296
1281699645266305024
1281699649351557126
1281699649699696642
1281699652866277377
1281699654384508929
1281699654493548546
1281699661359841288
1281699666745348098
1281699671572770816
1281699671682031616
1281699678686347265
1281699687217668096
1281699695396438016
1281699712110911489
1281699712731697154
1281699732281229313
1281699736689549313
1281699737695993856
1281699746785230854
1281699766137692161
1281699805329317890
1281699808709955590
1281699813004845057
1281699813369745414
1281699816771395584
1281699825805922304
1281699845896581121
1281699846420930566
1281699847188316160
1281699855484751872
1281699866654187521
1281699866893258755
1281699876938498051
1281699893355122689
1281699904403001346
1281699908865552384
1281699909692006400
1281699914171461644
1281699914653859840
1281699917291896833
1281699930327801858
1281699934245474308
1281699935688089600
1281699950682935300
1281699976238772233
1281699981527785479
1281699993280286720
1281700036817022977
1281700052201873422
1281700080681181186
1281700086364418049
1281700094333485056
1281700102348800000
1281700107101110273
1281700127820992514
1281700127938355200
1281700135517532162
1281700136557707270
1281700141280493568
1281700160997924864
1281700170284007424
1281700178592968707
1281700183433080832
1281700204601696256
1281700214693388288
1281700215842435072
1281700219025907713
1281700220615761921
1281700223010709510
1281700223572684801
1281700230199730182
1281700232804409344
1281700246561710080
1281700261455519744
1281700261921259521
1281700270347399168
1281700286592167941
1281700294297038850
1281700299221225480
1281700299720318976
1281700311082700800
1281700312592474112
1281700313074827264
1281700320368885762
1281700332100149248
1281700346264383488
1281700359111692288
1281700362349674498
1281700367307350017
1281700370465595392
1281700400807268352
1281700405064286209
1281700407497183232
1281700408298278912
1281700412358262786
1281700426308628482
1281700441395470336
1281700449565974529
1281700458466344960
1281700458839638016
1281700470461956097
1281700479102320645
1281700488434593793
1281700489248350208
1281700491693633536
1281700505681567751
1281700522492219392
1281700525734531075
1281700534022483974
1281700568323547137
1281700585901830144
1281700600997191681
1281700609746440192
1281700621729566721
1281700621998084097
1281700627463188481
1281700639748349954
1281700655841914880
1281700663978754050
1281700685063630854
1281700694924374016
1281700709612879873
1281700745092444160
1281700760334598144
1281700778621546496
1281700790604828673
1281700811597201411
1281700820371804165
1281700856908349442
1281700857604714499
1281700882443370501
1281700885610061828
1281700899119931392
1281700907697213441
1281700911849582594
1281700913086898187
1281700921047609344
1281700932405719041
1281700971077402624
1281700968242044929
1281700987888164865
1281700991612735491
1281701008096321537
1281701012202553348
1281701013498531843
1281701017281757185
1281701017667751936
1281701024286363650
1281701029244030977
1281701032993738752
1281701042724503553
1281701042938404866
1281701045316419584
1281701046021058561
1281701050924269573
1281701051142299648
1281701055143849985
1281701070272630785
1281701091671932934
1281701091835600896
1281701092015865856
1281701095962824710
1281701102010818560
1281701108256256002
1281701116560830464
1281701117659877378
1281701122491768833
1281701122936238080
1281701125712904192
1281701137385754625
1281701147355439104
1281701147485417472
1281701154615971841
1281701155119267840
1281701163130290176
1281701167710572544
1281701168595578880
1281701168637292544
1281701167903326208
1281701176803618816
1281701189889986561
1281701193400680459
1281701197230018561
1281701201223077889
1281701201923452929
1281701209837981696
1281701226615373825
1281701229630914560
1281701230352506881
1281701235247243266
1281701251001004033
1281701255807594497
1281701273667080197
1281701281229271041
1281701284509294594
1281701284647706624
1281701298778320899
1281701330780905473
1281701335558230016
1281701336548028419
1281701349210468352
1281701352423346176
1281701359717429253
1281701363995598848
1281701365744631808
1281701372338081793
1281701385269121024
1281701390562275328
1281701395645829120
1281701410523041794
1281701428713660418
1281701435638521858
1281701469075525632
1281701469381627904
1281701515657457665
1281701515615510528
1281701516496244738
1281701519117565958
1281701528395550720
1281701533332246528
1281701541779578896
1281701553431355394
1281701557457891329
1281701561014591488
1281701565804486658
1281701565812768770
1281701574033711110
1281701588109856769
1281701591310110721
1281701592056684544
1281701599954505728
1281701600524984322
1281701624105312256
1281701629528506370
1281701646163013632
1281701658250973184
1281701659052249088
1281701674600370176
1281701682703814656
1281701705604792321
1281701712244305920
1281701726626742272
1281701750773370882
1281701758331498498
1281701771971137536
1281701776761266189
1281701780708098050
1281701783857885185
1281701793747988480
1281701797674065925
1281701806737850368
1281701817085079552
1281701822319808512
1281701831488360449
1281701837809291264
1281701842972532742
1281701851260489728
1281701868649893888
1281701869048528896
1281701871405740032
1281701889667670016
1281701892310077441
1281701897116815361
1281701898609987584
1281701901411606528
1281701901327839233
1281701909993324544
1281701910551109633
1281701923213783040
1281701942822133763
1281701944650878979
1281701972677189632
1281701986518183936
1281701997377474560
1281701998547677186
1281702001605259266
1281702001978597377
1281702015442313216
1281702018911019011
1281702023981924352
1281702024103571463
1281702024107585536
1281702031888089089
1281702039706390529
1281702041052733447
1281702041308495874
1281702052645740548
1281702057594904577
1281702061642407937
1281702069502717952
1281702070727446529
1281702074296807428
1281702078172270597
1281702081506816001
1281702085688426496
1281702085835329538
1281702086980374530
1281702090738475010
1281702099495993345
1281702102885171207
1281702106676822018
1281702108341825536
1281702132522135552
1281702169201131520
1281702170665144321
1281702174913966086
1281702191506567176
1281702198901043200
1281702204525563905
1281702207008788482
1281702207474237440
1281702208996810754
1281702216085241858
1281702219457409024
1281702219511992326
1281702228219305984
1281702232145006593
1281702236578512897
1281702258090979328
1281702274557935616
1281702286666932229
1281702291326865409
1281702296137740294
1281702300390694913
1281702309144256516
1281702316547153920
1281702317226692608
1281702334159114240
1281702371081490440
1281702375158419456
1281702376353591296
1281702376781615112
1281702400051511297
1281702408377315328
1281702408352141313
1281702439847165955
1281702464484515840
1281702467433123841
1281702476337614851
1281702479613300737
1281702488681271296
1281702492271603713
1281702497728344065
1281702501151051777
1281702509212340224
1281702514178523143
1281702517957632000
1281702531505233920
1281702534248370176
1281702536764723200
1281702553034428416
1281702556872441856
1281702563692392453
1281702585934786561
1281702586207342592
1281702589076254720
1281702597498417160
1281702602548404224
1281702606763679745
1281702614623813633
1281702614971932672
1281702617559769092
1281702618830602240
1281702618860072962
1281702631644123136
1281702635955867650
1281702648480178178
1281702706206380032
1281702720034889728
1281702722732011530
1281702723386130432
1281702728645988352
1281702744479469569
1281702745205088257
1281702752842690560
1281702753220403200
1281702756433240069
1281702769259196418
1281702777652051968
1281702782433730564
1281702794865414144
1281702812058030080
1281702816462118913
1281702824854917122
1281702825513320449
1281702852986101764
1281702853984346112
1281702858375655425
1281702858983964675
1281702862163255296
1281702870082039810
1281702871910604801
1281702882782384128
1281702887190605830
1281702890919342082
1281702908954894336
1281702909386915852
1281702913321111552
1281702933487390729
1281702937446830081
1281702975577227265
1281702982879412224
1281702991444221952
1281702993033924609
1281702996502437888
1281703000524894211
1281703012298366976
1281703013795745793
1281703018199736320
1281703018988285953
1281703030627459072
1281703047295574016
1281703084373114881
1281703085413404675
1281703092371644416
1281703097929289735
1281703118468788224
1281703126177906689
1281703129902395392
1281703151654109188
1281703152190926848
1281703164559994881
1281703168360022016
1281703177499357184
1281703178573099012
1281703180846366720
1281703185900376064
1281703198164684802
1281703218595143687
1281703226828619776
1281703230439907328
1281703243828076546
1281703244952227840
1281703251583422464
1281703269023219718
1281703272403918849
1281703273939062785
1281703277562867713
1281703282461876225
1281703297607503879
1281703303072620545
1281703306839105536
1281703314309222402
1281703315244552194
1281703322957893633
1281703323767365632
1281703324534923264
1281703327068282882
1281703336325058560
1281703340213252096
1281703349327261696
1281703365320167424
1281703370282000384
1281703377559314433
1281703377890680832
1281703378763091969
1281703382345031680
1281703386333827075
1281703395896762369
1281703411507920903
1281703429249925120
1281703433070874624
1281703438385061888
1281703465421467649
1281703466474364929
1281703473743122443
1281703487638769667
1281703517007286275
1281703522006900739
1281703525156884480
1281703537450332163
1281703540986130433
1281703542403866630
1281703546811899904
1281703549236162560
1281703550641463296
1281703550591160320
1281703554592407559
1281703557507493891
1281703558052814848
1281703558434492416
1281703558715498496
1281703568030998528
1281703592831770624
1281703597143711745
1281703612075343877
1281703618085826566
1281703630131920897
1281703642383314944
1281703643146850304
1281703647110246401
1281703655213871114
1281703659177484294
1281703662922809344
1281703668144836608
1281703672347492354
1281703689577795589
1281703693008678915
1281703696339009538
1281703704790433794
1281703708787707910
1281703714387001345
1281703718044471297
1281703718375718912
1281703734628831234
1281703743243902978
1281703751674474503
1281703781353140224
1281703784910131200
1281703794070487042
1281703809861984256
1281703815423635457
1281703818162364416
1281703823518560256
1281703835539517441
1281703843345113094
1281703843567296512
1281703844578197505
1281703857177759744
1281703863234572288
1281703864878551040
1281703869752410112
1281703886202511361
1281703890547879936
1281703903478927362
1281703905630531584
1281703911259361284
1281703914321182721
1281703919962529798
1281703920054816773
1281703935682674694
1281703935888297985
1281703948752166917
1281703958269091845
1281703969933283329
1281703983023886343
1281703982944010240
1281703985540407297
1281703990405877763
1281704016091717634
1281704028808732672
1281704031560372225
1281704035620462593
1281704036169854976
1281704036983504896
1281704037193310208
1281704037554020355
1281704041253425153
1281704045036658688
1281704049805492225
1281704070017880064
1281704075545976835
1281704082797924354
1281704087969562630
1281704094579724290
1281704127945465857
1281704128700448769
1281704132676648960
1281704174137163776
1281704182639099909
1281704192017457153
1281704193108185088
1281704225743925249
1281704226171879424
1281704230760312832
1281704238377246720
1281704243662118912
1281704271688404992
1281704275211624448
1281704279552614400
1281704284581765122
1281704293452533761
1281704300943675392
1281704305251295238
1281704309562978306
1281704317318242309
1281704334112129024
1281704338856054784
1281704342123188224
1281704343255883782
1281704343675297792
1281704346716180480
1281704350771843073
1281704368866197504
1281704373186367493
1281704404769529856
1281704406828765184
1281704410394099719
1281704426370211841
1281704431579549699
1281704444531441676
1281704445034795008
1281704448247697410
1281704456036507648
1281704468216778758
1281704473656725506
1281704486449422343
1281704490165342208
1281704505751609346
1281704535078113280
1281704543038906371
1281704549078663168
1281704549137276928
1281704564106891264
1281704568980725763
1281704614753185794
1281704633208119298
1281704645707038721
1281704673657987073
1281704677307023360
1281704678653399042
1281704683564929024
1281704690732994561
1281704691273854976
1281704712652431360
1281704713105412096
1281704716599255041
1281704732063494144
1281704738686459904
1281704741509234688
1281704750921261056
1281704780075659266
1281704782126669825
1281704787705303040
1281704791878639620
1281704799159947265
1281704826410356739
1281704828603899905
1281704838305320963
1281704847558021121
1281704849781010433
1281704858052169728
1281704858270269444
1281704872644050944
1281704875735289862
1281704876058324992
1281704879803621376
1281704895725178880
1281704900884197376
1281704918152351747
1281704926213791744
1281704937408335873
1281704945797013504
1281704946132541440
1281704950918270982
1281704954424700929
1281704954475012097
1281704963719213065
1281704968567873537
1281704968513257473
1281704971818409984
1281704975794675715
1281704975844835328
1281704976365084682
1281704980517474306
1281704981473775618
1281704984925659138
1281704988897673219
1281704993473441793
1281704986402000899
1281705018136158209
1281705043406790658
1281705056249810944
1281705057134813184
1281705069285478400
1281705072427184129
1281705115750146055
1281705119051132928
1281705126705729548
1281705131294302215
1281705156791472128
1281705157382811649
1281705160096374784
1281705168921403397
1281705185136398336
1281705193248350209
1281705215469727745
1281705219643125765
1281705223044694018
1281705240539136001
1281705240799191042
1281705248747397122
1281705262022307843
1281705272961052672
1281705273401511936
1281705274026467328
1281705274538065920
1281705278375776257
1281705286206656514
1281705294465302531
1281705295174082561
1281705295262162945
1281705297808175105
1281705306549104640
1281705319605972992
1281705321199816705
1281705341433118720
1281705348873760774
1281705354556923904
1281705357329358848
1281705357501489152
1281705358478761985
1281705361116995585
1281705371267194881
1281705379030695937
1281705387553628161
1281705399540834304
1281705401164222464
1281705416292999171
1281705426007064576
1281705428963868672
1281705457875333120
1281705463407665152
1281705467031498752
1281705479572533248
1281705483989065729
1281705489210978304
1281705492645965826
1281705517677674497
1281705529140797441
1281705534601801734
1281705546685526018
1281705555661172737
1281705564221906945
1281705567472488448
1281705567770337281
1281705571608154112
1281705571876581376
1281705595964465152
1281705605997240320
1281705618227843072
1281705638385651715
1281705643267719170
1281705667267616768
1281705675622682625
1281705698074726401
1281705701362958336
1281705718119313409
1281705722330447873
1281705723714514947
1281705732161798144
1281705743331266566
1281705764373970945
1281705772620144647
1281705776453750786
1281705786847174656
1281705801468579845
1281705802303074309
1281705803406344195
1281705815716638727
1281705819797696517
1281705822884700165
1281705827070435328
1281705831692595200
1281705835090059266
1281705835564015621
1281705839468752898
1281705840269905920
1281705848465694725
1281705857286172672
1281705862009163778
1281705864752226304
1281705870410342400
1281705872788529153
1281705874466070528
1281705874814361601
1281705882066259968
1281705893596405762
1281705898151497734
1281705941734285312
1281705948843847680
1281705949162426368
1281705974588416000
1281705995425640448
1281705996726001664
1281706004938240000
1281706012609658881
1281705997971656704
1281706020730032129
1281706021103316992
1281706029516902400
1281706037805023232
1281706042599116801
1281706057434198018
1281706084223406080
1281706101340344328
1281706101348671489
1281706121120579584
1281706128838021121
1281706139219099649
1281706147070844930
1281706155677487104
1281706159443972097
1281706172807077889
1281706174782423040
1281706189273935874
1281706197675114499
1281706197976924160
1281706222291476480
1281706225084891137
1281706226259197953
1281706242809839616
1281706249088757760
1281706259654283265
1281706263122935809
1281706263424966656
1281706276829921280
1281706276834156544
1281706293720502273
1281706297814126592
1281706302037794816
1281706302260031490
1281706309608452096
1281706317497933825
1281706326662488065
1281706329900486662
1281706331460841477
1281706335495524352
1281706340197466114
1281706347101409283
1281706351983353856
1281706352264515584
1281706356936974342
1281706369331204097
1281706373076533248
1281706384535564289
1281706393490411522
1281706394102697985
1281706397911089152
1281706401887399937
1281706405616132097
1281706407566479360
1281706409793671168
1281706439065702402
1281706443301892096
1281706453112422405
1281706482518687746
1281706491431587842
1281706495357317120
1281706498943602694
1281706499337748481
1281706516010209287
1281706528945430529
1281706532368003075
1281706537086590978
1281706541373173760
1281706553041653763
1281706565368717312
1281706590748340225
1281706595290841094
1281706598830874624
1281706599250354182
1281706599321608192
1281706623782682624
1281706624537767943
1281706629369606147
1281706657534238722
1281706657702187009
1281706682754703360
1281706688953942021
1281706691936034822
1281706699867525121
1281706700341379074
1281706711984807940
1281706733811924992
1281706750161440775
1281706755576209408
1281706758080102400
1281706767878103040
1281706770809815040
1281706776765833216
1281706780893097985
1281706795468312577
1281706801629728768
1281706804192444416
1281706805941460992
1281706810798419979
1281706813285515264
1281706825553936387
1281706833300860932
1281706833405763592
1281706850560475137
1281706854800924673
1281706866758778880
1281706873083834368
1281706888346824704
1281706888724393985
1281706894407733250
1281706896542466048
1281706908651585536
1281706910475902976
1281706926133448707
1281706929837006854
1281706935973294080
1281706985344380928
1281706985998569474
1281706993439444992
1281706993774997507
1281707001743990784
1281707006290690060
1281707043670437891
1281707052025421824
1281707060866904064
1281707077774315527
1281707077954678786
1281707094849331200
1281707098502500353
1281707102243901442
1281707102281531399
1281707108132687872
1281707111785934853
1281707124263985158
1281707124322525184
1281707131251630081
1281707131930992641
1281707136649760770
1281707149949759488
1281707153477136385
1281707169373618176
1281707175224762368
1281707190357762053
1281707194728275975
1281707195739119619
1281707207059480577
1281707212042379266
1281707220917346304
1281707236646105089
1281707253553172480
1281707257231810560
1281707258892529664
1281707263057633280
1281707277821652993
1281707278631088132
1281707279390105600
1281707291994095616
1281707295035068422
1281707295387287552
1281707308310036480
1281707311858409474
1281707312529514500
1281707316128219136
1281707319915675655
1281707342430474241
1281707363788087301
1281707375464857600
1281707380179439617
1281707380376580096
1281707388274462720
1281707400521592832
1281707410051280899
1281707413507313664
1281707416753704967
1281707425880510482
1281707447472676866
1281707458784686081
1281707459179163657
1281707459300806656
1281707470960951297
1281707472726700039
1281707484432875520
1281707488098885633
1281707492293124096
1281707492498644993
1281707497657716737
1281707497745575936
1281707502200139777
1281707519358963713
1281707525541437440
1281707516225818624
1281707543102926848
1281707556730277905
1281707572794359808
1281707584081129472
1281707593799327744
1281707598677516290
1281707618176729094
1281707621716824064
1281707623071526914
1281707630340308994
1281707643564896266
1281707651097702400
1281707657066426368
1281707668353187840
1281707669494083585
1281707697721741312
1281707702868152320
1281707705724542982
1281707739618652160
1281707739828363271
1281707740797124608
1281707744337301505
1281707757477990401
1281707760258777100
1281707766650769408
1281707766860529664
1281707767183683585
1281707782698229765
1281707793855152130
1281707810577887232
1281707816441524226
1281707820002553857
1281707829452300289
1281707841280110592
1281707844702740481
1281707848313995264
1281707848980996100
1281707854404227073
1281707896380641280
1281707899241234438
1281707899534872577
1281707904190513158
1281707907138981888
1281707911442567170
1281707911706640384
1281707912239423495
1281707914122727425
1281707916660269067
1281707924314902543
1281707925619142656
1281707950172598272
1281707953750454273
1281707959626665988
1281707979444826112
1281707982485626888
1281707987086839811
1281707992556109824
1281707992946077696
1281708008339365888
1281708012864851968
1281708027880579072
1281708037129076737
1281708038370598912
1281708042917154818
1281708062592704523
1281708079340388352
1281708080611373056
1281708084038115329
1281708089482391555
1281708092695216129
1281708096029687810
1281708114241368064
1281708118632611840
1281708121547669504
1281708131463114753
1281708134705266693
1281708148529729543
1281708151046385667
1281708155995672577
1281708175725600768
1281708210240598016
1281708217446346753
1281708222563389442
1281708242830274560
1281708243006427141
1281708253135724545
1281708261599830017
1281708265458462720
1281708268168019969
1281708269120217093
1281708276300701696
1281708280893628421
1281708293048721408
1281708293392654337
1281708293547683840
1281708311226675200
1281708322673000451
1281708323822338048
1281708326934515714
1281708327064535040
1281708330860318722
1281708343283855361
1281708365631102982
1281708366289657857
1281708370429243394
1281708378264412161
1281708385071751174
1281708386497826821
1281708389664526339
1281708389840584710
1281708403941924872
1281708404256444416
1281708407431602178
1281708414847135746
1281708420219973637
1281708452721631233
1281708457079508992
1281708470186708993
1281708524255490054
1281708540638359552
1281708545206095872
1281708546057543687
1281708546233479168
1281708553749835776
1281708553032462336
1281708570107686914
1281708571747590144
1281708590349385730
1281708613564760064
1281708647278575616
1281708651909087232
1281708658976534531
1281708659681132544
1281708671664349185
1281708674986188802
1281708680153620480
1281708688256962562
1281708700382703623
1281708717596188674
1281708742090817542
1281708755848245248
1281708758738112512
1281708759643910144
1281708765352546309
1281708772319264773
1281708780946849800
1281708785623597057
1281708790245711873
1281708796541362176
1281708800471228417
1281708808662908935
1281708817605169153
1281708822415855617
1281708832159338496
1281708839000133632
1281708844566097922
1281708847774658560
1281708863499259906
1281708878229536769
1281708894386040832
1281708915294638082
1281708922370392066
1281708926950465536
1281708944457560066
1281708959942967297
1281708969107623943
1281708982839709696
1281708984873951233
1281708985725390849
1281708986190966787
1281708986438430720
1281709006378151943
1281709027148345344
1281709040184119296
1281709052435800068
1281709064641286144
1281709071792590848
1281709079291924481
1281709079359102985
1281709082068389888
1281709086095093760
1281709089807044608
1281709090230730753
1281709090427637760
1281709096018890752
1281709096014622722
1281709100598951936
1281709104092807172
1281709116004671495
1281709124036820993
1281709128776384517
1281709132081434630
1281709166038573061
1281709170845085697
1281709174208880640
1281709175370850304
1281709180055945216
1281709182433947649
1281709187098193923
1281709188050190336
1281709190776578050
1281709200167632897
1281709203309105152
1281709203753664512
1281709208891604994
1281709216378560512
1281709222108037123
1281709233256501248
1281709241208844290
1281709245201879040
1281709250482327552
1281709254597062664
1281709254605328384
1281709262482407424
1281709272393486336
1281709274717200384
1281709287102992385
1281709295935950848
1281709297345400834
1281709299610324992
1281709304588963843
1281709313468366848
1281709329503182848
1281709337262592003
1281709355998556160
1281709375699193867
1281709383420989440
1281709384570212352
1281709391885021185
1281709398008750080
1281709405386539008
1281709413666086915
1281709416924852224
1281709418065862660
1281709427276406784
1281709430124564480
1281709435824607233
1281709444326395904
1281709461149749251
1281709463964209154
1281709472923123717
1281709484512075782
1281709485644369920
1281709489842987008
1281709501775704065
1281709515348553729
1281709526278967297
1281709530498441217
1281709544142323717
1281709551474089990
1281709556364726272
1281709570117828608
1281709574081388548
1281709593673039873
1281709607249993731
1281709607279308806
1281709622957690881
1281709627072221185
1281709628082974720
1281709629127495680
1281709639290310657
1281709677055807491
1281709678960037889
1281709703886704642
1281709708018098176
1281709711381819392
1281709711398764544
1281709731552395266
1281709731451527168
1281709741463474179
