1222551841151447040
1222551863872098304
1222551872126496769
1222551890430517249
1222551896667426816
1222551904720310272
1222551911745765376
1222551928938401792
1222551930754330629
1222551949553340421
1222551961083482113
1222551970524860416
1222551978343063556
1222551984626118657
1222551985397944322
1222551989009010688
1222551994474422272
1222552003261292545
1222552012920934400
1222552014518878209
1222552018239123456
1222552028167254016
1222552040087285761
1222552056151457792
1222552057581854720
1222552068805799947
1222552078419156995
1222552100929847297
1222552106445479944
1222552106978045952
1222552114590900224
1222552137365766146
1222552139567857669
1222552139941191684
1222552155191640064
1222552157573935104
1222552167699095552
1222552170735767554
1222552175324385280
1222552175861272576
1222552185856233472
1222552187160670209
1222552188863549440
1222552190054694912
1222552202641723394
1222552205225447425
1222552205552578561
1222552221302153218
1222552228101156865
1222552240310947843
1222552241846005760
1222552251144654848
1222552260670107648
1222552265099227136
1222552302285967361
1222552304353796098
1222552307679793152
1222552307696590849
1222552334317826050
1222552343293677568
1222552344941993984
1222552354131546118
1222552366970359809
1222552367234723840
1222552376348827649
1222552385781927939
1222552387870576640
1222552390177624067
1222552393725833218
1222552404421332996
1222552409802567680
1222552410230534144
1222552412378013696
1222552415641096192
1222552420196265985
1222552422901526528
1222552423308451841
1222552434825805825
1222552435010547717
1222552438554664960
1222552439103971330
1222552448591704067
1222552456288227328
1222552476215402498
1222552514035208193
1222552541990457345
1222552554032136192
1222552555323940864
1222552580318015488
1222552583992033283
1222552584746983424
1222552586131136512
1222552591214825479
1222552594477805568
1222552617269723136
1222552618326614016
1222552632407085058
1222552649582764032
1222552651520528385
1222552653747621889
1222552654146162691
1222552655878209536
1222552659422580737
1222552666858852353
1222552672194088962
1222552677252567041
1222552682243579904
1222552693786529795
1222552698815336448
1222552702112161792
1222552703215325184
1222552703852797953
1222552709859028992
1222552712459407360
1222552725445074944
1222552738883678208
1222552740372463616
1222552744466079744
1222552749923061760
1222552750648483840
1222552750799708169
1222552754272403456
1222552757531553793
1222552759351705600
1222552762187010048
1222552763487285249
1222552766146588673
1222552792780460032
1222552799105429514
1222552833603653632
1222552836787068930
1222552841560231937
1222552845943070722
1222552847264485381
1222552847943733248
1222552848451260418
1222552862154219521
1222552863647444992
1222552884195352576
1222552895394140160
1222552915883241472
1222552925227995137
1222552929883885569
1222552930391216128
1222552951450812416
1222552960712028161
1222552969285074944
1222552975228301312
1222552987433947137
1222552989321162754
1222553017586601989
1222553028932382720
1222553029095739394
1222553034770743296
1222553037220139008
1222553038595866624
1222553048351940608
1222553072746016775
1222553073408716800
1222553076869009413
1222553090437664768
1222553100231245824
1222553106082402305
1222553111375556608
1222553133798318083
1222553179755286528
1222553185103044608
1222553188206874624
1222553212466745344
1222553235787001857
1222553236508295169
1222553252597649409
1222553273191862273
1222553284856012800
1222553300144291843
1222553302208040967
1222553303659057153
1222553321262596096
1222553344268357632
1222553345111384064
1222557617295450115
1222557630528282624
1222557631388299264
1222557649394290688
1222557652741509120
1222557657258655744
1222557661931065345
1222557663126523904
1222557671045287941
1222557672131780608
1222557673733992448
1222557678083497988
1222557687407267841
1222557705698717698
1222557709515546624
1222557711998554113
1222557718466056193
1222557718789095424
1222557718847737856
1222557731502141440
1222557731371905025
1222557737453858817
1222557744634351616
1222557755464192005
1222557755581530114
1222557763814993921
1222557764293185537
1222557774409654278
1222557778776068097
1222557781590306816
1222557787076513792
1222557788079038465
1222557800443805696
1222557801899274240
1222557808576647171
1222557809927245826
1222557812024401921
1222557813475565570
1222557815870500867
1222557820555493380
1222557821025296386
1222557823256711168
1222557824254992396
1222557833683705860
1222557849009692672
1222557858648199169
1222557862855172096
1222557882534617089
1222557887307796482
1222557911139794945
1222557912406642690
1222557917813137408
1222557954974588928
1222557963568787458
1222557968643870722
1222557981520191489
1222557991792234498
1222558001183318017
1222558006237229056
1222558007785140224
1222558009773232128
1222558035337515009
1222558040164929537
1222558041536696322
1222558060566269953
1222558066375135232
1222558079809662976
1222558084465381380
1222558085870489600
1222558092950495238
1222558112961351682
1222558123254337536
1222558128211931139
1222558130376146945
1222558132590850049
1222558133589106690
1222558134037647360
1222558138697764864
1222558143130951681
1222558143273529356
1222558148873068544
1222558152119504898
1222558153977393152
1222558167638429709
1222558177222217728
1222558179235713024
1222558189427863558
1222558210114183169
1222558231106441217
1222558234512412678
1222558235271450624
1222558248496222208
1222558249964142592
1222558259116216320
1222558263310417920
1222558264069509120
1222558266317844481
1222558273506697218
1222558276400713728
1222558294092537857
1222558297959673856
1222558301747064834
1222558309565304832
1222558319765794816
1222558322806738946
1222558335389642753
1222558344864501761
1222558345225293824
1222558386035875847
1222558408353689601
1222558413013618689
1222558417639833601
1222558427517317122
1222558433477566464
1222558439752122368
1222558441299947520
1222558445011759104
1222558475177295872
1222558483976818688
1222558487948881920
1222558508312383488
1222558508509474817
1222558507569991680
1222558516659019777
1222558517569060865
1222558529979998208
1222558531800436737
1222558542160433152
1222558555535863809
1222558558174224385
1222558561215094784
1222558569607942144
1222558571130310656
1222558578051047424
1222558578684256256
1222558582534594561
1222558594455015425
1222558595453054978
1222558608292032514
1222558616647016449
1222558621717991424
1222558626440794114
1222558629431324672
1222558653904896001
1222558655037542400
1222558666068496384
1222558674155114497
1222558674067099650
1222558678584320007
1222558680920420352
1222558687639883776
1222558688138944512
1222558691293040643
1222558698436014080
1222558700931637249
1222558706832945152
1222558710104567808
1222558714810466304
1222558725799579648
1222558729402568704
1222558743931576328
1222558768325709826
1222558788118429697
1222558793705443334
1222558805696884737
1222558808792293384
1222558815608082433
1222558819349356551
1222558823170396160
1222558827599384576
1222558837858848774
1222558838471233537
1222558868561170432
1222558873229373446
1222558874491899906
1222558876324651008
1222558877927051264
1222558879281643520
1222558882750439431
1222558887418781697
1222558905777246210
1222558951465607174
1222558951805419522
1222558959959269376
1222558962429702146
1222558971996688384
1222558976342142982
1222558976652587010
1222558976635588609
1222558980666470400
1222558986232139776
1222559007266746368
1222559007195443204
1222559018738016257
1222559018926796801
1222559033619570689
1222559039810363393
1222559051093102592
1222559051873169414
1222559056386093056
1222559063453700096
1222559085398118400
1222559091752488960
1222559096374812672
1222559099486863360
1222559102653681669
1222559104461225984
1222559120110297091
1222559123360776192
1222559124283625475
1222559125609046016
1222559126313553926
1222559138284212225
1222559152590880769
1222559157997522944
1222559159029325829
1222559159507353601
1222559162992750592
1222559165463306240
1222559170236276737
1222559172585304070
1222559187114364928
1222559189467193344
1222559193569341441
1222559194491961344
1222559197067300864
1222559207284563973
1222563654656237568
1222563661958537222
1222563666387783681
1222563681025896456
1222563692300075008
1222563704266461185
1222563712386551809
1222563720238333952
1222563723493150721
1222563727960150017
1222563740211732481
1222563750235996161
1222563762114351104
1222563763678662656
1222563763909353473
1222563770872008704
1222563772801437698
1222563775670378497
1222563776240738304
1222563783836622850
1222563799472930816
1222563809744826368
1222563826689806336
1222563847669800960
1222563862731350016
1222563868377059335
1222563871703085056
1222563875687665669
1222563882381778945
1222563882566397953
1222563890606813184
1222563892397670401
1222563894671048707
1222563927332048896
1222563927529226240
1222563936777707521
1222563957283721216
1222563971909074945
1222563976795623425
1222563979156787201
1222563982466093056
1222563997825818625
1222564001181102080
1222564028381323264
1222564032424677377
1222564032605032448
1222564044315512833
1222564048207798273
1222564052821532672
1222564057900703744
1222564060442648576
1222564068357296128
1222564073092632576
1222564077647597568
1222564101957849088
1222564102171697153
1222564106206498822
1222564113819156480
1222564125773062147
1222564141048700928
1222564153815994370
1222564156613595136
1222564162640982016
1222564165107228672
1222564176121364480
1222564195247497216
1222564200284901377
1222564201366990854
1222564216953102341
1222564220601958405
1222564233415553030
1222564238251552769
1222564239249772545
1222564243850969090
1222564261680959489
1222564278340812800
1222564300226621440
1222564316043452416
1222564316353826817
1222564325203689472
1222564352831574016
1222564356631613446
1222564360939241472
1222564362692562945
1222564374163755009
1222564375208181760
1222564389523357697
1222564390240583682
1222564405239537670
1222564409136074756
1222564429688123393
1222564431013601280
1222564439448150016
1222564447954272259
1222564455118245889
1222564459023163394
1222564476253175808
1222564499439464453
1222564500353630208
1222564514765230080
1222564523632222215
1222564524076613634
1222564546352746498
1222564549544509440
1222564563972833280
1222564584818536448
1222564588392071168
1222564595501543429
1222564606520020993
1222564626597965824
1222564630150754305
1222564645837230080
1222564662849363968
1222564669648527361
1222564689231667200
1222564698798772230
1222564717891391488
1222564719115956229
1222564731019563010
1222564734274285570
1222564743988350977
1222564746857046017
1222564753173897217
1222564756432850945
1222564769586085889
1222564778414985216
1222564779614785536
1222564779698487296
1222564783876136968
1222564787953029122
1222564792474505216
1222564811524861952
1222564819020152837
1222564820878315523
1222564825630461952
1222564826112593923
1222564826255327235
1222564829979992064
1222564832026624008
1222564832500756480
1222564835839246341
1222564842998943744
1222564861235879943
1222564873315463169
1222564886917656577
1222564887307739140
1222564897608867840
1222564926998351872
1222564928885682176
1222564939757432832
1222564946497679366
1222564947084836864
1222564948246745088
1222564955104456706
1222564960217157632
1222564965879615490
1222564974318510081
1222564981264306177
1222564981453086720
1222564989854277633
1222565001346588672
1222565009940787201
1222565011723210752
1222565019251986432
1222565031130234881
1222565053477470211
1222563807651926020
1222563619298140161
1222563216779292672
1222563184197820418
1222563156448251905
1222563118544556033
1222563077092040704
1222562986767896578
1222562954299625472
1222562937195257858
1222562892312010752
1222562786833764353
1222562595846017026
1222562524056428546
1222562502057349120
1222562453785120768
1222562426866085894
1222562424429039617
1222562310310563840
1222562092445847553
1222562020131778560
1222561969233891328
1222561917492846592
1222561813193281542
1222561763104907264
1222561616392155143
1222561496892182529
1222561112559763456
1222561103508430850
1222561003247849473
1222560789351075845
1222560686531727360
1222560638049775618
1222560606252761089
1222560545712173056
1222560508009701376
1222560487163875328
1222560424068931584
1222560411729506309
1222560363998109696
1222560289889099780
1222560113334063105
1222559829887049728
1222559826212982784
1222559677575200769
1222559491431907328
1222559386993713153
1222559313354297344
1222559266222964740
1222558325818232837
1222557495366807554
1222557413498187776
1222557409626836992
1222557403868123139
1222557315766734849
1222557032626212864
1222556960916066304
1222556915261231105
1222556807698108417
1222556751754477568
1222556635010224128
1222556394966175746
1222556300455940097
1222556268776153088
1222556128782929926
1222556111926153221
1222555960113106944
1222555830521757696
1222555800926711808
1222555800113008640
1222555724502523905
1222555683989508096
1222555615932715008
1222555467425161219
1222555436248858625
1222555290123546629
1222555031024652289
1222555006294839296
1222554944382914566
1222554857699192839
1222554805773705223
1222554506321248256
1222554468824178689
1222554289777840129
1222554107870765057
1222553916040208389
1222553876701696000
1222553838361534464
1222553722267389953
1222553720979742722
1222553694727598080
1222553658002300928
1222553652256133120
1222553642596732928
1222553623030378502
1222553426455822347
1222553371774615552
1222553364480909312
1222553353269346305
1222553170909499392
1222553023383126016
1222553015334227969
1222552596230983682
1222552277594116098
1222552273747767298
1222551903541678080
1222551818351206400
1222551776244748289
1222551514658430976
1222551504323862529
1222551326003023872
1222551026793926657
1222551025883787266
1222550845113241601
1222550812666290176
1222550555488186371
1222550515478777857
1222550370926452738
1222550362042667009
1222550315875962881
1222550265431089153
1222550261627019266
1222550245722083332
1222550240022032385
1222550211232317441
1222550189505798144
1222550065052557313
1222550059159519232
1222550005661106176
1222564845360308226
1222564755786936323
1222564260812935170
1222564244132114433
1222564214876901377
1222564166591893504
1222563617092128768
1222563589472473093
1222563579032936450
1222563566760464385
1222563484228997127
1222563288879456258
1222563154477178880
1222563131509133314
1222563110185242626
1222563092711657474
1222563052098347008
1222563011237425152
1222562947471486977
1222562946636709888
1222562766369673216
1222562742566998016
1222562663202353152
1222562662716006405
1222562588673892352
1222562510542462979
1222562506708668417
1222562445169872896
1222562419240775681
1222562258531696641
1222562250176761856
1222562152256589825
1222562140411711488
1222562073273651200
1222562059168055298
1222562016864415747
1222562004516425729
1222561911801147392
1222561905757360131
1222561903794442241
1222561900837212161
1222561879723249670
1222561849348108289
1222561812614406144
1222561794520055809
1222561786366328832
1222561765596286977
1222561698743230464
1222561660591730690
1222561622238957568
1222561468484218881
1222561332584747010
1222561225139081216
1222561218424164352
1222561180096651264
1222561157073924096
1222561147318083585
1222561020511580160
1222560973371977730
1222560906305064965
1222560879134367744
1222560862717779968
1222560822355951621
1222560662129217536
1222560627383853065
1222560443216076816
1222560425398530050
1222560372143640576
1222560362102448128
1222560308473892864
1222560298818658306
1222560254120153089
1222560197148905472
1222560148268302337
1222560102609235969
1222560004802138112
1222559851026403329
1222559785373110275
1222559759921860608
1222559731648098304
1222559728934572033
1222559626077581312
1222559531529433088
1222559478085648384
1222559472117149696
1222559466039570432
1222559385139937281
1222559114460647430
1222558887771099137
1222558241864978437
1222558170226274309
1222557595468210178
1222557434612338688
1222557430565036033
1222557306438606848
1222557276931796992
1222557264327757824
1222557238876934144
1222557189044416512
1222557109520404485
1222557108995932169
1222556972433788929
1222556938640097282
1222556933489430528
1222556901444997120
1222556900912353280
1222556850148777984
1222556753172320257
1222556752870170625
1222556708750401537
1222556653402243074
1222556411747536896
1222556298912436225
1222556291551371273
1222556245699301377
1222556199171715072
1222556193425461248
1222556189751377920
1222556099791990786
1222556083954311171
1222555953138163712
1222555895147696130
1222555781893120000
1222555775421353986
1222555696908197889
1222555555216097281
1222555539189587969
1222555496961449985
1222555451809783809
1222555367311335425
1222555349993099265
1222555326144077824
1222555304220667905
1222555270703796224
1222555221886369793
1222555195017777152
1222555152814682116
1222555144128094208
1222555083742892033
1222555057310388228
1222555056182120448
1222555035625717768
1222554992399278080
1222554864833761280
1222554862166118400
1222554856973578247
1222554842868129794
1222554811503169536
1222554777470435328
1222554747527290881
1222554724706074624
1222554687863324677
1222554671102906370
1222554658046124034
1222554635908419585
1222554630724280321
1222554580774354944
1222554548012822529
1222554545328414722
1222554517197049858
1222554414814302209
1222554329107828736
1222554257997647872
1222554242122166273
1222554227811274752
1222554210073489409
1222554188145512449
1222554178905628673
1222554085183934464
1222554072810577920
1222554068792627201
1222554033187184640
1222553986248650753
1222553974307463168
1222553973212708866
1222553940480471042
1222553933845082112
1222553913301164032
1222553898256236550
1222553807659446273
1222553800075931648
1222553781352718336
1222553742995750913
1222553661353623553
1222553515970531329
1222553513336532992
1222553503379468288
1222553460391936002
1222553433791590405
1222553387968974853
1222553369191075843
1222552931792109569
1222552906647232513
1222552566547877888
1222552340739297282
1222551777633062912
1222551770058182658
1222551764735381504
1222551751271698432
1222551742921003008
1222551581524140033
1222551511864995841
1222551486984605698
1222551440972972032
1222551352980713472
1222551351089094656
1222551312539144192
1222551228636389377
1222551194075201541
1222551175976767489
1222551119777452034
1222551096305958912
1222550984028753920
1222550975698939904
1222550910301298689
1222550869872463872
1222550844916293633
1222550830286614528
1222550766935855104
1222550756789800965
1222550756294832128
1222550699545751552
1222550695812960256
1222550663583789056
1222550634915745792
1222550628007849985
1222550610387533825
1222550592205328384
1222550584185647105
1222550560156594178
1222550534655266819
1222550501599989762
1222550482343944193
1222550480636850178
1222550335266283520
1222550313036632064
1222550303846715396
1222550299916865537
1222550290198618113
1222550250256289799
1222550249924939776
1222550246007308291
1222550235366526976
1222550211358339074
1222550134317252610
1222550084769996801
1222550002012049409
1222549993971683332
1222549990666645504
1222549984509333509
1222549980302512135
1222560452896423936
1222559492526759936
1222550346540732423
1222555397044625408
1222554566371225608
1222564143133265920
1222563908210319367
1222563590458077184
1222563435336142848
1222563334102192129
1222563289198137345
1222563077822066691
1222563052303855619
1222562977166946304
1222562853929930752
1222562797441224706
1222562202995101696
1222561888413847553
1222561839306821632
1222561818109009922
1222561739394318336
1222561379233796097
1222561296937312257
1222561258274283521
1222560807726092288
1222560762268463104
1222560738633572355
1222560687085563905
1222560623713800194
1222560514061914112
1222560328002617344
1222560235883126784
1222560163174858752
1222559993368584193
1222559783137501185
1222559748215787520
1222559736593186823
1222559724656197632
1222559655207018498
1222559404161028097
1222559354689347584
1222559229535576065
1222558879214702592
1222558816186712064
1222558094858821632
1222557527109525504
1222557523842158593
1222557366908071936
1222557345131253760
1222557306837061633
1222557254009982977
1222557231192797185
1222557122698727428
1222557093187604480
1222556753847439361
1222556747153408000
1222556680040247296
1222556604706512897
1222556466470514689
1222556401077116928
1222556198450466817
1222556143257518080
1222556035317104641
1222555931419930624
1222555817150492673
1222555730756227072
1222555710153613312
1222555670790266883
1222555516376887296
1222555495900360704
1222555495526846464
1222555488375787522
1222555468360495106
1222555372050731008
1222555296016416768
1222555187920896000
1222555136742043649
1222555033889173504
1222554968642801666
1222554789260746753
1222554764489052160
1222554752095019009
1222554470514597889
1222554362641178624
1222554306940825600
1222554084336521217
1222553997510434816
1222553876701646848
1222553808355590147
1222553759542210560
1222553364124393477
1222553105612455936
1222552998473273346
1222552017685635074
1222551800227778561
1222551799032188929
1222551785371389953
1222551522862600195
1222551485768011776
1222551475982864384
1222551389294825472
1222551389177466880
1222551337717706752
1222551289445306368
1222551054660882432
1222550998339555329
1222550997723242496
1222550952219238404
1222550913467940864
1222550901518241792
1222550827715395586
1222550739362299904
1222550691811475456
1222550671486046210
1222550626128654338
1222550609821343747
1222550445458984966
1222550320829517824
1222550156169699328
1222550135428673536
1222550107461054471
1222550010081923073
1222549998463848448
1222562574346215424
1222562182497521664
1222561560196874240
1222561114908696577
1222559055316578304
1222557282849914887
1222557116734427137
1222555395874533377
1222555292564459520
1222555271811289088
1222554157371908096
1222551100500344832
1222550854328188929
1222550408343756800
1222564554410024962
1222563172755832838
1222560812700774400
1222560413780451331
1222555947131985921
1222551826744139776
1222555289762721792
1222560777367773184
1222555553915985920
1222553610598223873
1222561771057082368
