1222293063403560964
1222292823514537984
1222292707051069440
1222292340200656898
1222292321791893505
1222292314057510918
1222292248311799808
1222292141935943680
1222292075699306497
1222291837446184960
1222291828197724160
1222291726854971393
1222291714058178560
1222291667455221761
1222291474923978752
1222291300017496064
1222291169930928128
1222291059964727298
1222290445818126341
1222290196529631232
1222289854840627205
1222289759155838976
1222289706798526465
1222289390937837569
1222289222477893633
1222288973156012033
1222288866205487105
1222288543730556928
1222288455926894592
1222288222325104640
1222288217845702656
1222287763090870274
1222287331945742337
1222286747972726784
1222286377401778176
1222286372242780161
1222286262008188928
1222286083909660674
1222285988212420608
1222285948672716801
1222285810373783552
1222285725279891457
1222285724298305536
1222285638847746048
1222285612654505989
1222285362657144838
1222284971928379394
1222284957697105921
1222284953561362432
1222284835101822976
1222283747275563009
1222283541322452992
1222283531121856513
1222282914819235840
1222282478930493440
1222281543093235719
1222281462189305856
1222281270790631424
1222281104893317123
1222280865801220096
1222280728567828480
1222280454876868613
1222280399952310272
1222280242141597696
1222280089532059648
1222279751131418630
1222279550551281664
1222279521916813315
1222279052460838912
1222279002699784194
1222278911737896960
1222278578332557313
1222278507448995841
1222278475786014721
1222278218796826624
1222293246719799296
1222293206706073602
1222293128562069504
1222293058819121156
1222293039978295296
1222292988979597312
1222292846683852800
1222292830749700096
1222292779360874496
1222292779222458368
1222292725799641088
1222292702722740225
1222292702349479941
1222292576918634497
1222292518865260544
1222292434111156226
1222292325512204288
1222292276530909184
1222292222420439040
1222292130040700934
1222291939476807682
1222291931453100032
1222291656843710464
1222291574303928320
1222291569740566530
1222291498902921222
1222291476052398080
1222291452593459201
1222291394703704065
1222291377062666241
1222291361094885377
1222291352119103499
1222291297039335425
1222291236536475648
1222291212922736642
1222291167607308288
1222290972723335168
1222290903567667201
1222290883581628416
1222290879437623297
1222290876476612608
1222290535387238401
1222290423953133569
1222290379120304129
1222290306374213632
1222290251927805952
1222290236211855362
1222290136433479682
1222290081718964225
1222290010528940033
1222289949623508992
1222289907382505472
1222289875174600705
1222289812713021440
1222289803003088896
1222289791087071233
1222289777715630080
1222289730022207488
1222289704822935559
1222289621356359681
1222289577093877761
1222289487222329345
1222289463201628160
1222289369811312641
1222289324294791173
1222289257995345923
1222289233089630209
1222289208762458117
1222289196800409600
1222289108875300864
1222289075643846663
1222289069369176064
1222289045818159105
1222288842905927680
1222288540882464773
1222288534125662209
1222288499421929474
1222288467230482432
1222288449744453632
1222288369922781184
1222288278902181888
1222288250489802752
1222288227685453824
1222288047070273536
1222287646598234113
1222287621323247616
1222287581678796801
1222287536778809344
1222287446978842624
1222287329072533504
1222287311934803975
1222287300358336512
1222287140102369280
1222287110406836224
1222287102198587397
1222286949463052298
1222286908061048832
1222286867246137344
1222286845083639809
1222286782458421250
1222286678578122761
1222286658894061569
1222286560697044993
1222286493684658183
1222286480493764609
1222286328022347781
1222286277229391873
1222286176301862912
1222286142801793025
1222286083305529346
1222285830120714246
1222285805869137920
1222285729990107143
1222285640659865602
1222285526339813377
1222285248450519040
1222285154309242883
1222285134881116161
1222285004949999616
1222284968862404611
1222284943109148672
1222284939854602241
1222284836552863745
1222284677731508226
1222284623004061696
1222284596059885568
1222284550728044545
1222284328425512960
1222284110267215872
1222284106941313027
1222284095956443137
1222284076024881152
1222283971574353920
1222283783870828545
1222283696469753856
1222283690300100609
1222283663498452993
1222283629860048896
1222283527187615744
1222283443863609344
1222283371532955649
1222283208634617857
1222283202108313605
1222283169422024705
1222283147158720520
1222283145753628677
1222283048776978432
1222283038505095168
1222282952668696576
1222282922306129920
1222282779687292928
1222282772741545985
1222282686913445889
1222282666025766912
1222282603606052864
1222282544269287424
1222282460349837314
1222282438337949697
1222282300748128262
1222282208255336448
1222282201980641280
1222282102533541889
1222282043305943041
1222281883767037955
1222281834677051394
1222281583480262656
1222281550261301249
1222281447463096320
1222281423140327424
1222281149860286464
1222281040141717504
1222280959501819905
1222280905257103360
1222280830363586560
1222280581570007047
1222280481502310402
1222280463491960841
1222280462258798592
1222280412845600769
1222280332411469824
1222280270424018944
1222280261880205315
1222280133374922752
1222280133085683714
1222280046175510528
1222280028622409729
1222279684919980032
1222279684806803456
1222279676455866369
1222279672366395392
1222279626304577537
1222279564916903936
1222279418325893121
1222279386302504964
1222279383978856449
1222279320921464833
1222279270925578241
1222279137689124864
1222279055178915847
1222279037399134208
1222279004029431808
1222278981149437953
1222278784898019330
1222278695903203331
1222278673400782848
1222278506320744448
1222278468890693637
1222278458979561472
1222278453870772225
1222278391107411968
1222278384241315840
1222278372128165891
1222278360291667968
1222278351533920256
1222278176468086784
1222278176346341378
1222285027901227009
1222283800681635846
1222280287603716096
1222291094206959616
1222282247153364993
1222292192254996481
1222288786089967617
1222286984112230401
1222286926016806913
1222282529278873601
1222281200586436614
1222280377185652739
1222279462055825408
1222279040901488640
1222290721790709760
1222290283527909378
1222288417553170432
1222286533983711232
1222284488912228352
1222279350365511681
1222288516887056385
1222288032927186946
1222287190413193217
1222284635792723975
1222283464239566848
1222282137212260358
1222281921943597056
1222281367163219968
1222280625450713088
1222280531766734848
1222279170954158080
1222291112787730433
1222286902063247361
1222285958118137856
1222284306074296321
