1221809845688389636
1221809831658475522
1221809787395956743
1221809752797147136
1221809727002202122
1221809433761574913
1221809420981551105
1221809192501039104
1221809160460914693
1221809053036437504
1221808932261257217
1221808689868201990
1221808549078106112
1221808398141992961
1221808358371549184
1221808201244372993
1221808073574178821
1221807714524782592
1221807627925164034
1221807623630131200
1221807444671770624
1221807410253139968
1221807287053905923
1221807122608009221
1221807028546371584
1221806968303693824
1221806965522755585
1221806945742405632
1221806909218385922
1221806872115630081
1221806747930832896
1221806743010758656
1221806675990106113
1221806648488091648
1221806575175618564
1221806540962689025
1221806378144161793
1221806307612610562
1221806282702606336
1221806229854404609
1221806132248756225
1221806128054636544
1221805976983965698
1221805924043542528
1221805920142815233
1221805655658393602
1221805647680794624
1221805592039297024
1221805507033235458
1221805466675707906
1221805402808938498
1221805292872060929
1221805209724313606
1221805170360758273
1221805128560168960
1221805111573266432
1221805066769727489
1221805018241617921
1221804854995107840
1221804850297491457
1221804693422133248
1221804418846248961
1221804182648360961
1221804131158855682
1221804055900516354
1221804001039015937
1221803886438043649
1221803762999873536
1221803516261367809
1221803488499232768
1221803436120977413
1221803434053111814
1221803374296911872
1221803277928554496
1221803188682014728
1221803161146425345
1221803136387448833
1221803032293208064
1221802861488562177
1221802809898733571
1221802594344955904
1221802513344520193
1221802437226291200
1221802431396241408
1221802425285148673
1221802312290553856
1221802108002816000
1221802047235747841
1221801708658946049
1221801662140047361
1221801645622755329
1221801613934727168
1221801496934670336
1221801377271250944
1221801242743074816
1221801091597099013
1221801069308592128
1221800923300630528
1221800908381573122
1221800744770293767
1221800680978993152
1221800620409135105
1221800413344628736
1221800386266157057
1221800310324322306
1221800279450050561
1221799996699242497
1221799964134633472
1221799912670543872
1221799676854394880
1221799411044380672
1221799325652541440
1221799085352550400
1221799068080295937
1221798861204639744
1221798673471795200
1221798534900375554
1221798516634185728
1221798418433085442
1221798219778351107
1221798186492231687
1221798174785802243
1221798130779209728
1221797949467791363
1221797536479899648
1221797528997228544
1221797507065241601
1221797468653801472
1221797364987387904
1221797316123746305
1221797295361904640
1221797274860343298
1221797215942803456
1221797111529922560
1221797050401976320
1221796929387945985
1221796756574179328
1221796721686171649
1221796606447513602
1221796601343070210
1221796587422150656
1221796442530099202
1221796366516490240
1221796327719391237
1221796100694130689
1221796073259225098
1221796038790397952
1221795897094197250
1221795761307955206
1221795392435544064
1221795335967625217
1221795279994683392
1221795267256573954
1221795164580204544
1221795080953987073
1221795044857790465
1221810011950551042
1221809894455681024
1221809878634811394
1221809858019758086
1221809823404187651
1221809789799288832
1221809701723074560
1221809698174693378
1221809618860400640
1221809548756865024
1221809519363338240
1221809504133640192
1221809455039279105
1221809387615834112
1221809349804351488
1221809322373648384
1221809298021527559
1221809284423376896
1221809257911160832
1221809220636442626
1221809192467681285
1221809161014431745
1221809155931017221
1221809152193941504
1221809138856054784
1221809025173598209
1221808802581737472
1221808797884329984
1221808707878539264
1221808703780872195
1221808543604428801
1221808469138763777
1221808405829959681
1221808345725595648
1221808292147728388
1221808287550599168
1221808268835614726
1221808047351156741
1221808044616667136
1221808022202257408
1221807933165592576
1221807868766294016
1221807824205905923
1221807810771607553
1221807756774191105
1221807735362195456
1221807668983037953
1221807579724206081
1221807572979613707
1221807568932220934
1221807542302580736
1221807490230153218
1221807475994845186
1221807469699067904
1221807469124407296
1221807418243518464
1221807334575480832
1221807327101300736
1221807290891886592
1221807242850308097
1221807214832189441
1221807205252354048
1221807123442520064
1221807100705288194
1221806987622567936
1221806982786478080
1221806813831524352
1221806806122598401
1221806713730478080
1221806596654657536
1221806520599379968
1221806476903309314
1221806476181868544
1221806374721470465
1221806365968097280
1221806315363655680
1221806220673200130
1221806167250235392
1221806147323166722
1221806140880715776
1221806124774633473
1221806112309174274
1221806086832840704
1221806076200247298
1221806052867485697
1221805763213086722
1221805742849609728
1221805581083824128
1221805577547857922
1221805549894815744
1221805502868480001
1221805463680897025
1221805458324893696
1221805448732409856
1221805298303799296
1221805288635932673
1221805285800587264
1221805247712186369
1221805209959194624
1221805165059153920
1221805160713859073
1221805100370259969
1221805084578697216
1221805040048001030
1221804990924128263
1221804949031407617
1221804882153394177
1221804861945196544
1221804852113575937
1221804667182755840
1221804576963289088
1221804504066035713
1221804390564204544
1221804186444222472
1221804178353377281
1221804101228363777
1221804073680138240
1221803906067587072
1221803878062051329
1221803835917848577
1221803687376494594
1221803686663315456
1221803654442700801
1221803497466859520
1221803488272965632
1221803418156552193
1221803404403576835
1221803367774740485
1221803365635645440
1221803361839800323
1221803291371286533
1221803215731036160
1221803199885201408
1221803160286552064
1221803140523098114
1221803100375138306
1221803076048379904
1221803043743625218
1221802870602747904
1221802747940556800
1221802739182776326
1221802545271586821
1221802513017368576
1221802510211567616
1221802358285320198
1221802228417085441
1221802199577235456
1221802181382283275
1221802163829137408
1221802144032002049
1221802135840530432
1221802107159924741
1221802105251487744
1221802096594432007
1221802092106539008
1221801877093933056
1221801731811614721
1221801651134009344
1221801642024144898
1221801637544693761
1221801592007077889
1221801479100497922
1221801369792704513
1221801242118086660
1221801196253515778
1221801188406038535
1221801143073828864
1221801121888395264
1221801056809582594
1221800850093375491
1221800837699317762
1221800699777945600
1221800684942548997
1221800556626354176
1221800548900360203
1221800500959633408
1221800401030135813
1221800348182097922
1221800230389276674
1221800081474473986
1221800056636026886
1221799974318379009
1221799952029896709
1221799932815953921
1221799913434030080
1221799885961408512
1221799880739430402
1221799853526700032
1221799680566185985
1221799673767190528
1221799626543484928
1221799569169604608
1221799476496564226
1221799270061309952
1221799250662699010
1221799239300177921
1221799202210095104
1221799195566395400
1221799180772966401
1221799178570829825
1221799171193049088
1221799151203123200
1221799106323959808
1221799066935402496
1221799048333541376
1221799046790221825
1221799026464411649
1221799012526891010
1221798977030492160
1221798883686264833
1221798702949396482
1221798655268737024
1221798630610407425
1221798520061157376
1221798323675250691
1221798177784913920
1221798078178455553
1221798059132301312
1221798023610675201
1221797918837002240
1221797882292064256
1221797876373671936
1221797874578722816
1221797854479552512
1221797844727758849
1221797751547219968
1221797716931567616
1221797598744309762
1221797587717480450
1221797587457662977
1221797532709376000
1221797456322560000
1221797454942740481
1221797405252698112
1221797377264062464
1221797359497007105
1221797196057546752
1221797074175311873
1221797073596514304
1221797072078364672
1221797034111291392
1221797015761256449
1221796952947351558
1221796941572530178
1221796937785139200
1221796869551976448
1221796839126708224
1221796766124855297
1221796740497465345
1221796526957191170
1221796503095738368
1221796383402758147
1221796228473769985
1221796213667688449
1221796205262524417
1221796192117329921
1221796145317535744
1221796080213426176
1221796064753147905
1221796045153239042
1221795963012026368
1221795960868589568
1221795939683381249
1221795855134408704
1221795705762742274
1221795682341646336
1221795558655975426
1221795452259045376
1221795446135410688
1221795438426148864
1221795346134773762
1221795318871838722
1221795008929382400
1221809058589499398
1221806161202163717
1221805855991128070
1221805514901860354
1221805439404216321
1221803325122908160
1221802599940100096
1221799576119717890
1221797041568768005
1221809933324152832
1221808873918451712
1221807897618919425
1221807753057849344
1221806417763454977
1221806043161718784
1221801084059975681
1221800579648720897
1221798649635786753
1221797387787620352
1221807016932532226
1221806811730173952
1221803684499206144
1221802864277970944
1221800063548018688
1221795694945550338
1221810006741463041
1221809865959469058
1221809852952932352
1221809827598434307
1221809578419146752
1221809353327509504
1221808873780068352
1221807949107982341
1221807550204502017
1221807519456284673
1221807195563741186
1221806722454638594
1221806707581444097
1221806478178357249
1221806253409800192
1221806010186289154
1221805362770087936
1221805351030460418
1221804735277125632
1221804330828861440
1221803024970063872
1221802916601892865
1221802861442433028
1221802678512209920
1221802450975219714
1221802039333670912
1221802028911022085
1221801691831386115
1221801525439336451
1221801433185472513
1221801274229886977
1221801252436226048
1221800447725441025
1221800152597508096
1221800086591754240
1221800026583785479
1221799694973665280
1221799373241290752
1221799018780450816
1221798877797457921
1221798870327361536
1221798869241122817
1221798828866621444
1221798615938732036
1221798286438404097
1221798003222228992
1221797890521169923
1221797579916226566
1221797302354022403
1221797075513487361
1221796881258307584
1221796021010698242
1221809428762112002
1221808146416644096
1221807895378968576
1221805593817567232
1221799630901600256
1221799580716740608
1221802024041213952
1221809111253184517
1221808140804599808
1221804736141094919
1221803582992764929
1221801854511616001
1221800795533787139
1221796196093546496
