1222066730106703874
1222066558463143937
1222066222172442624
1222065716842516483
1222065208203583488
1222065181255032832
1222065042792886273
1222064639879630849
1222064612398465024
1222064538733834245
1222064460929495041
1222063613785137158
1222063590712041473
1222063494498881539
1222063146434748417
1222063093032923136
1222062968541675521
1222062934693728256
1222062879379095552
1222062790636032000
1222062524608040961
1222062483134771202
1222062340138340352
1222062289387433984
1222062135670239232
1222061973531054080
1222061891473702912
1222061555853991936
1222060878415192064
1222060633337794560
1222060096584331264
1222060054884560897
1222059740189999104
1222059188639223808
1222059070544338945
1222058594721357824
1222058566430928897
1222058552824496128
1222058537838350336
1222058383080951809
1222058139681460224
1222058119326392322
1222058048904204289
1222058007766425600
1222057835111936002
1222057612646154240
1222057478675816448
1222057391207747584
1222057166938337282
1222057001057800193
1222056846409601026
1222056754852184064
1222056635067011072
1222056442951168002
1222055848857391104
1222055846785380352
1222055604136574976
1222055245322186752
1222055220462739457
1222055189718405121
1222055101038321666
1222054846775189504
1222053890528464896
1222053755618758656
1222053726401323009
1222053454236880896
1222053320602345473
1222053074597842944
1222052858037592064
1222052582283046913
1222052578126528513
1222052500368429056
1222052200794468355
1222052071496531968
1222066720170315776
1222066705876209664
1222066704227848197
1222066625865646086
1222066539765157888
1222066316665733120
1222066305861345280
1222066285783257088
1222066282595409920
1222066183282708485
1222066164429393921
1222066162478923777
1222066065527713792
1222066008468283392
1222065996011393024
1222065953329926147
1222065622038634502
1222065404664696838
1222065098593882113
1222064962937294854
1222064836688760832
1222064771681476608
1222064719319781376
1222064505091317760
1222064366553567232
1222064339395366912
1222064277588021248
1222064272244502529
1222064256230789126
1222064254448173057
1222064248018227202
1222064191256719360
1222064024310837249
1222063974428086272
1222063936016670720
1222063910922215425
1222063793242624001
1222063790121988097
1222063774451920896
1222063737428942849
1222063719498145792
1222063658475360256
1222063655153537024
1222063594784690177
1222063195214319621
1222062773841977346
1222062756297428992
1222062743101923328
1222062739679563777
1222062629503455232
1222062478550618112
1222062303350120450
1222062169484713984
1222062064287354880
1222062049611509760
1222061971958198273
1222061970708295680
1222061957768859648
1222061766357803009
1222061688423358470
1222061518071701504
1222061412853452801
1222061347837546498
1222061022745387008
1222061002780561409
1222060901668253698
1222060798094110721
1222060738593939456
1222060658918744064
1222060650488160256
1222060643408179202
1222060523543564288
1222060428836163584
1222060422116847619
1222060342978596865
1222060332841152512
1222060069270933504
1222059946998550529
1222059942502260736
1222059936785391616
1222059804392165377
1222059753985204225
1222059747504988160
1222059633088417793
1222059506906959872
1222059377978331136
1222059375621218304
1222059367098224640
1222059307891601409
1222059291768770560
1222059260848345093
1222059242946998273
1222059107093487616
1222059089905123330
1222059086058934274
1222059038936043520
1222059037040291840
1222059026353016832
1222058997592870914
1222058954496172032
1222058939920969728
1222058844488003584
1222058806835892224
1222058794492080128
1222058703957852160
1222058574714720256
1222058549376761856
1222058545559949313
1222058159914663936
1222058078792605698
1222058061457756161
1222058031371997184
1222057849070600192
1222057835569319936
1222057805798133761
1222057755495870465
1222057322001793025
1222057263482966016
1222057041755365376
1222057020087504896
1222057010830569473
1222056807129960448
1222056790839394305
1222056603362291713
1222056598438207489
1222056476287500288
1222056425859403776
1222056371752849408
1222056295802400768
1222056245537849346
1222056157855940608
1222056045540970496
1222056017799741440
1222055827487379456
1222055730636701698
1222055637321842688
1222055564576002048
1222055456778027008
1222055451321405440
1222055321474158593
1222055147460866049
1222055098089492483
1222055066170843136
1222055051746824192
1222055018703941632
1222055004485361665
1222054960629735426
1222054934541107202
1222054907701645312
1222054767339409408
1222054712855298048
1222054641640194048
1222054593183354880
1222054556856541184
1222054529094389760
1222054526418591745
1222054466519617536
1222054275838169088
1222054218938437632
1222054215020736513
1222054196297588743
1222053941585702912
1222053842000330752
1222053815123423233
1222053809826009089
1222053808081031168
1222053653600538624
1222053550211002370
1222053520536494083
1222053338448973824
1222053309126561798
1222053307352518657
1222053226041749504
1222053199684800512
1222053164435640321
1222053134534574080
1222053001440964608
1222052823774285824
1222052795907477504
1222052757588316161
1222052749661163522
1222052577358970880
1222052577325408256
1222052550758797312
1222052510254292992
1222052229516943361
1222052017947832320
1222051945646522368
1222051793124962305
1222051741987942401
1222051695099699200
1222062577930264576
1222062088417206273
1222057123862974464
1222053426277834752
1222053356518158336
1222066242686726144
1222056917163376641
1222055399584489472
1222062059837214722
1222060077667868672
1222055913999290369
1222057533377900545
1222066457187454976
1222063954504998913
1222056972213682176
1222054723722846209
1222054023626248192
1222053354253144066
1222065509103034369
1222058801421004800
1222057798424571905
1222056841007337472
1222054298340798464
1222061426572849152
1222064741973221376
1222064066237280256
1222061998743011329
1222059014126596096
1222057034373308416
1222056300554543109
