1222325114412265472
1222325125934206978
1222325132443688960
1222325149594030080
1222325150508625921
1222325150982594560
1222325154317000704
1222325159287238656
1222325161703198720
1222325175603146753
1222325176299347968
1222325180497899520
1222325182066503680
1222325183492632577
1222325192774434816
1222325201058308096
1222325207970582528
1222325212940849154
1222333806071275520
1222333819031867392
1222333835800530945
1222333842213588992
1222333844453543942
1222333858768674816
1222333866805006337
1222333882713853953
1222333887210192896
1222333904297705472
1222333907837825026
1222333920030732288
1222333920429137926
1222333943816441856
1222333965467443200
1222333998841630720
1222334020681379842
1222334021574643712
1222334027903799296
1222334038515515393
1222334043003506689
1222334045180309505
1222334053451386880
1222334059088617474
1222334059256270848
1222334064100724739
1222334065304653824
1222334079976210433
1222334101711093760
1222334103401500672
1222334104219389952
1222334111852961794
1222334173269987328
1222334183328178176
1222334183730831361
1222334214760255489
1222334235098267648
1222334278991781888
1222334281885933568
1222334289703886848
1222334298323161088
1222334307491930112
1222334314068627458
1222334326282563584
1222334328799023104
1222334334406971392
1222334342015463427
1222334357437927426
1222334365377523712
1222334366530949120
1222334388836409344
1222334391017328642
1222334395799023618
1222334410067865601
1222334414530609152
1222334415906406400
1222334427239501835
1222334433019121666
1222334438547316737
1222334449364369410
1222334456649809921
1222334458910650369
1222334466556694528
1222334481010479105
1222334483002724352
1222334490086821888
1222334490372182021
1222334497624141824
1222334500551553024
1222334500455079937
1222334513285664768
1222334519186821120
1222334531413389312
1222334546173218816
1222334551285891072
1222334558944813056
1222334571716300800
1222334600057257984
1222334600531402755
1222334641316564992
1222334651932409857
1222334652494598144
1222334661214515200
1222334664993640449
1222334669150093319
1222334677777817605
1222334680042786817
1222334681355448321
1222334682341109760
1222334689525940224
1222334698933964802
1222334702142533633
1222334709188845570
1222334735961161731
1222334744949489665
1222334749139537920
1222334749697441792
1222334750569820160
1222334793758793729
1222334807625097218
1222334812360298496
1222334822653124608
1222334828265250817
1222334831041949696
1222334843951833088
1222334849756925953
1222334856283160578
1222334865342779393
1222334871630036992
1222334876528988161
1222334887534837760
1222334888197730310
1222334889699053569
1222334892001751040
1222334900553994241
1222334903578066944
1222334915481690121
1222334920963608578
1222334935568146432
1222334938290192384
1222334952412536832
1222334958343159808
1222334966513721344
1222334970263457792
1222334973518086144
1222334975506370561
1222334991884906498
1222334995819200512
1222334996695961603
1222334999447236608
1222335029579218950
1222335073833209857
1222335074223390720
1222335078346436611
1222335082016444416
1222335084440612864
1222335093638713344
1222335105365995520
1222335111129116672
1222335114425851905
1222335139339878400
1222335200203628544
1222335203655520256
1222335209787387905
1222335215412088839
1222335227953065987
1222335242893234176
1222335245359280128
1222335247225774080
1222335273075269632
1222335276820774912
1222335278133563392
1222335303731568642
1222335309637046274
1222335314615848960
1222335317920927754
1222335328406499328
1222335343615205377
1222335345447989252
1222335358584655878
1222335367736713217
1222335371280732160
1222335389395869697
1222335394827644928
1222335406903042050
1222335411827040256
1222335419423084548
1222335451492519936
1222335454743232512
1222335465522515968
1222335477790851072
1222325562007412737
1222325597290090496
1222325610971836416
1222325613060640774
1222325628252446721
1222325634451542018
1222325638394085377
1222325639102906368
1222325653430624258
1222325674238627840
1222325682015031296
1222325686028779520
1222325691892420608
1222325720753426432
1222325745546092544
1222325746565173249
1222325747970379782
1222325749568495616
1222325759940931590
1222325778970484736
1222325789233963009
1222325790215303168
1222325793956691969
1222325798511706112
1222325811799379968
1222325821664321537
1222325831688605696
1222325848897966080
1222325849594245122
1222325853268389888
1222325856183504898
1222325856653250561
1222325869097750528
1222325870670630913
1222325880132907008
1222325883794382849
1222325901133672448
1222325902102523905
1222325913611685891
1222325915197362177
1222325922235342849
1222325929461944320
1222325939058683909
1222325942195900416
1222325959573065728
1222325970067017728
1222325970142498816
1222325981349679104
1222325988836724740
1222326005026775041
1222326011431309312
1222326042481680386
1222326047401807875
1222326064346796034
1222326068301852672
1222326101390909442
1222326114498031619
1222326123306061826
1222326129194868736
1222326138443325440
1222326165140013060
1222326179136294914
1222326181602779136
1222326181795639296
1222326187608825857
1222326198883106816
1222326205954658304
1222326206915211265
1222326220349509632
1222326220378923009
1222326227538759690
1222326227186462721
1222326270257696768
1222326270442295297
1222326270760931329
1222326271105011714
1222326278340169728
1222326285868732416
1222326304009117702
1222326307289288704
1222326307553333248
1222326316776771584
1222326323684741121
1222326338574413824
1222326348263219200
1222326350205325313
1222326354470936576
1222326357062893569
1222326380991524864
1222326392450375682
1222326396002820097
1222326417167437825
1222326420921180160
1222326422535958528
1222326423370661888
1222326432325611523
1222326433256656896
1222326434905120768
1222326437392322560
1222326439174864896
1222326465410355200
1222326465561276416
1222326492815773696
1222326497752412160
1222326506963079168
1222326516215771137
1222326526198386694
1222326538537844736
1222326559475937288
1222326570540421120
1222326570842456064
1222326594091483137
1222326602509373440
1222326606401810432
1222326611623608320
1222326615176122368
1222326640618795014
1222326644435759104
1222326657547034624
1222326670465564672
1222326682918490114
1222326711859253249
1222326736752463872
1222326740183396353
1222326735821254656
1222326753160581124
1222326760483803142
1222326768771780608
1222326770084376577
1222326772470992896
1222326775574908928
1222326776107540480
1222326784756195329
1222326790779064320
1222326813013266438
1222326816045748224
1222326819220873216
1222326836861947904
1222326838720155648
1222326841924448256
1222326843111546882
1222326849369444352
1222326861155319808
1222326867065262080
1222326882063896576
1222326898698727424
1222326900367994880
1222326903761199110
1222326905627496450
1222326907569655809
1222326923084419074
1222326930722054144
1222326938917732352
1222326940121649152
1222326946761068544
1222326948875120640
1222326957058199552
1222326957515264000
1222326986187644931
1222326996404928514
1222327000226058243
1222327006018375686
1222327015115776002
1222327020266426368
1222327024985001986
1222327028407570432
1222327038578700288
1222327038784294914
1222327052985987072
1222327058484822016
1222327076503592960
1222327084045021189
1222327114063437825
1222327116567478272
1222327116752019456
1222327155603861506
1222327174356787201
1222327180442722304
1222327181365239810
1222327199836995585
1222327202680901632
1222327222968770560
1222327247618658305
1222327257320034306
1222327263087267840
1222327285757489155
1222327286415925248
1222327288668143616
1222327295643242497
1222327305726496768
1222327321039949825
1222327336013426688
1222327347434618880
1222327355076567040
1222327384906403841
1222327389822173185
1222327404833542145
1222327407190990848
1222327414425915392
1222327423334780929
1222327434378272768
1222327461205172226
1222327464929529857
1222327474194747392
1222327491768934401
1222327499507388419
1222327504347619328
1222327508403658753
1222327512685928448
1222327521510772736
1222327525445115905
1222327546248716289
1222327547909869568
1222327558345281536
1222327590083534851
1222327596177936385
1222327596328742913
1222327610354483200
1222327613693349889
1222327632479559690
1222327655246311424
1222327669389328384
1222327672925310976
1222327678780485632
1222327720446767105
1222327721293991937
1222327726821933057
1222327730710155264
1222327748112203777
1222327755527938048
1222327758329536514
1222327780135833605
1222332737123758080
1222332755096285185
1222332761761107971
1222332768887214081
1222332769050611712
1222332769952419840
1222332804358459393
1222332822481801216
1222332826470637568
1222332830807707649
1222332860528582658
1222332860952014848
1222332873526607872
1222332874088767489
1222332895450345472
1222332915658317824
1222332916425883649
1222332926068690945
1222332926920052736
1222332955827130368
1222332983132278786
1222332991755771906
1222332994519617541
1222333037645570048
1222333044104880128
1222335488570413057
1222335495163826177
1222335504743587841
1222335509411790851
1222335520484810752
1222335521067872256
1222335525652054016
1222335537228312576
1222335549014450182
1222335557587439616
1222335551086452736
1222335560368316417
1222335562553741312
1222335563925262339
1222335564462153729
1222335592068980738
1222335595009019905
1222335600218394625
1222335600461668352
1222335628102135809
1222335642962546689
1222335645990785025
1222335646833901568
1222335657772646400
1222335666551447552
1222335668556308481
1222335686470029312
1222335692254121986
1222335704790904832
1222335704690237440
1222335707852742656
1222335715876450304
1222335735266717701
1222335736885710848
1222335765847343109
1222335770373038080
1222335774974234626
1222335788681175040
1222335794339360769
1222335814908174337
1222335830661877762
1222335837855256577
1222335839306469378
1222335881559912450
1222335883355004928
1222335895644172290
1222335899134046209
1222335907577188352
1222335908810084352
1222335922563248128
1222335923565690880
1222335943719284737
1222338525552463872
1222338455079772160
1222338248594165760
1222338068964757505
1222338030821920768
1222338027885694977
1222337947678044161
1222337938299576321
1222337893450076160
1222337826324283392
1222337534258057218
1222337339734671360
1222337248252719107
1222337193315667968
1222336492623675392
1222336438341193731
1222336364164866048
1222336149563174912
1222333744746352640
1222333631143669760
1222333617398960129
1222333244735205376
1222332631406338048
1222332610178961409
1222332329810636801
1222332248461987840
1222331909809807360
1222331889371041792
1222331664526823425
1222331457919574016
1222331375782510592
1222331254374158338
1222331169640996866
1222331153450819586
1222331105900204032
1222331024010403840
1222330969132167169
1222330901440286720
1222330893672411136
1222330594010382337
1222330463295037441
1222330327042969600
1222330277352968193
1222330274429620225
1222330217194090496
1222330039087198208
1222329679786467334
1222329650942304258
1222329569249767424
1222329313317527553
1222329224872116225
1222328594812194818
1222328530563936257
1222328458019106816
1222328235586981888
1222328175293759495
1222324870169497600
1222324616338780163
1222324277740961793
1222324183704584192
1222324130302722049
1222324050074185728
1222323995833331712
1222323910521155585
1222323853356978176
1222338537544011776
1222338480249982977
1222338467352305667
1222338364143296513
1222338322934030336
1222338076313149440
1222338076246069249
1222337963281043463
1222337915235135489
1222337910139125760
1222337709995429888
1222337521922609152
1222337505481019393
1222337493938442240
1222337477819527168
1222337456487436289
1222337311620263937
1222337277445042177
1222336983336353792
1222336941674389505
1222336915287859200
1222336913362669568
1222336790448824320
1222336773881090048
1222336691463024640
1222336660895080449
1222336505118461952
1222336419743420416
1222336400449773571
1222336370342907905
1222336341960118273
1222336341448347651
1222336298582757377
1222336273953615872
1222336063554949120
1222336049503928320
1222336042063187968
1222336027664228352
1222335968948047872
1222335953295069185
1222335474380894208
1222335453128347649
1222333776660852736
1222333750341619713
1222333745140772864
1222333722063769600
1222333639293145088
1222333584117133312
1222333470183170048
1222333440428859392
1222333330361683969
1222333291614724096
1222333204662632448
1222333177118613504
1222333173062864901
1222332714864349185
1222332688729853952
1222332677904310272
1222332532173213698
1222332437046288386
1222332421913206784
1222332291726241792
1222332290434359297
1222332143138934784
1222332139750023168
1222332103133663232
1222332036066627587
1222332006744248321
1222331994799067136
1222331992118845440
1222331943322341376
1222331933293629440
1222331908694011906
1222331866834964480
1222331859951972352
1222331524202291200
1222331522381828097
1222331473123897344
1222331464575926272
1222331325501313024
1222331280051720192
1222331212401823744
1222331150116376576
1222331079803142144
1222331014761963521
1222330904380571649
1222330897548087296
1222330842971852800
1222330829294178304
1222330818866999296
1222330744518991872
1222330507976794112
1222330482060353536
1222330336274722816
1222330194163355648
1222330177738412032
1222330011123777536
1222329834837176321
1222329747126001664
1222329694600691712
1222329671888408576
1222329652267474944
1222329520453115904
1222329490170249216
1222329458083889152
1222329321337098240
1222329262364971009
1222329090243551232
1222329013299007488
1222328975164411904
1222328939064020992
1222328888141008896
1222328761439272960
1222328731496144897
1222328693713883136
1222328553817157632
1222328507432407040
1222328504919842816
1222328464427995137
1222328392185516032
1222328384954552325
1222328341312745473
1222328261008510976
1222328128564916224
1222328103780995072
1222328047732310016
1222328020905746432
1222327996037640193
1222327894954762240
1222327856308477952
1222327837492834305
1222325391114874881
1222325299007774721
1222325073299685377
1222325067012628480
1222325037635522560
1222324950259859457
1222324923932336128
1222324883763298304
1222324873948794880
1222324840943824896
1222324786593796096
1222324579311419392
1222324552945950720
1222324543760543750
1222324524684906499
1222324497057046528
1222324464815411205
1222324435564167168
1222324379238981632
1222324345860546561
1222324318996180993
1222324293427761152
1222324266135240705
1222324150611730432
1222324114859397121
1222324060656414723
1222324036988030979
1222324018008580097
1222324016154701824
1222323972416643072
1222323967056326661
1222323950841221122
1222323880683016197
1222323791411523589
1222323779059306498
1222323756552450050
1222323733072961538
1222323651959148545
1222323618828488706
1222323540063670272
1222323517078810624
1222323495490801664
1222337344138829826
1222329297547014144
1222336629882286080
1222331457655447552
1222336813098045440
1222336669224816645
1222336220346376192
1222335974589464577
1222332577308200962
1222331791647870977
1222331408942632960
1222330578055376903
1222330359104311297
1222329804885823493
1222329739156885504
1222324705081716736
1222323924551323649
1222338553885216768
1222338276742377473
1222337917302919168
1222337883987681281
1222337868229726209
1222337811640201221
1222337690735202304
1222337615279677442
1222337599139930112
1222337408907325440
1222337396722864130
1222337354276515841
1222337321565130753
1222337248693080064
1222337145354039296
1222337096431652864
1222336978227617792
1222336787818872832
1222336601423900672
1222336593048018950
1222336490333704193
1222336400240062465
1222336258724130816
1222336248909418496
1222333691059494915
1222333679030042624
1222333649313583105
1222333602010161152
1222333593931911168
1222333582892576769
1222333570921979905
1222333424326926337
1222333401438523392
1222333375157080064
1222333357796626432
1222333333683593218
1222333252876238855
1222333228796637186
1222333085934608384
1222333077776523264
1222333071736832001
1222332621658652672
1222332558479806464
1222332531279831040
1222332413776482306
1222332286751985664
1222332068937338882
1222331843401392128
1222331748538900480
1222331710068740097
1222331704934834182
1222331628913078274
1222331538064445440
1222331343658455040
1222331335836078081
1222331208006238210
1222331194588594176
1222330904221081600
1222330898282008576
1222330749380022273
1222330531628638210
1222330467812179968
1222330410815770625
1222330358466850816
1222330108209397760
1222329939711623174
1222329747457347584
1222329603945062400
1222329537184354304
1222329373371654145
1222329369256816640
1222329242752413696
1222329106047623175
1222329010082009089
1222328812785942529
1222328805588684800
1222328768292777987
1222328633706131456
1222328545697042433
1222328509986508800
1222328461924163585
1222328371868307458
1222328369578151936
1222328365564284934
1222328261553860613
1222328255232917504
1222328168943509505
1222328101209886722
1222328059249995776
1222327981298847744
1222327967331823617
1222327875853938691
1222327858804248578
1222325402691129346
1222325377902600192
1222325315772567552
1222325055306125312
1222325008778715136
1222324959826956288
1222324942789693440
1222324904542064641
1222324892613238784
1222324778867949570
1222324713126604800
1222324470452510720
1222324255553150976
1222324102708359168
1222323833090330626
1222323765507264512
1222323713149939712
1222323574125617153
1222323546871017473
1222323531385581568
1222333188929773573
1222332095403479041
1222331911235952641
1222330685937025024
1222328358333296643
1222338167593828353
1222334778046726144
1222333369377271808
1222332087052591104
1222330874848522243
1222330856804622336
1222330517506400256
1222330510908755968
1222330459205488640
1222330313390592001
1222330201142517760
1222324106609090560
1222337913226006528
1222336053576486913
1222331789433176064
1222331270035730432
1222329631593750528
1222337319471964160
1222331061889269766
1222324858295595011
