1220631956989153281
1220631919181717504
1220631821584482304
1220631699165331457
1220631659994742785
1220631536828989440
1220631288228372480
1220631085639323648
1220630817245810688
1220630285118857216
1220629927692619776
1220629588297994242
1220629508430221312
1220629439815372800
1220629396630863872
1220628731246436353
1220628479076700160
1220628439125741570
1220628413469351936
1220628298063130625
1220628218312458240
1220628022732185600
1220627891882319873
1220627853487640576
1220627845577351168
1220627777596153859
1220627624487075840
1220627253412945922
1220627244575531008
1220626748175536128
1220626712133636096
1220626580122357760
1220626540418846720
1220626473574391809
1220626421934018560
1220626364476293126
1220625931015983104
1220625747984949249
1220625706381533184
1220625616455626753
1220625331608064001
1220625214410616833
1220625069031874564
1220624976857812992
1220624698003742720
1220624358592434176
1220623933248090112
1220623821306257408
1220623585355526149
1220623486818717696
1220623069623926784
1220622868259778561
1220622751343374336
1220622535366070273
1220622515170529281
1220622423432675329
1220622421994004480
1220621956434673666
1220621926948921344
1220621817762594816
1220621523985190912
1220621297958305793
1220621296624533505
1220621138100965376
1220621028637970434
1220620920135602177
1220620897708466176
1220620659199365120
1220620522708504577
1220620425325109248
1220620305351102466
1220620056654041088
1220619844309020673
1220619786599534593
1220619763380039681
1220619737983602691
1220619672589983744
1220619405685596160
1220618926440185856
1220618522423775234
1220618337517895680
1220617963608240128
1220617676432658433
1220617540877135872
1220617517036490752
1220629345175142400
1220628821818400769
1220626934058668032
1220621313468981248
1220620888326004736
1220619062121844736
1220631002030043136
1220629216443559937
1220628360318963712
1220626935719567360
1220623450231848966
1220620976490106880
1220620802808152064
1220617819907223552
1220617797874507776
1220632054033002496
1220631813242138624
1220631757487333376
1220631669146714112
1220631548233486338
1220631341965987842
1220631294175891456
1220631267215052800
1220631201716654081
1220631106984144897
1220631095294586881
1220630858014564352
1220630765194469377
1220630721338851329
1220630655152689152
1220630481022193664
1220630458150637569
1220630127983251456
1220630074593923072
1220630070529642497
1220630023494725633
1220629888974983168
1220629772734087170
1220629594648338432
1220629523441516545
1220629231475912704
1220629124374396928
1220629033039187969
1220629010788556800
1220628846623391744
1220628791589888000
1220628696769290240
1220628660362915842
1220628525398548480
1220628414614233090
1220628302265630720
1220628105347452928
1220627927022231552
1220627860429271040
1220627328834756609
1220627306256818176
1220627133187276801
1220627094662762498
1220627000647454722
1220626817884860418
1220626799039696896
1220626668613619713
1220626660388507648
1220626396512497664
1220626345186578432
1220626340379889664
1220626299649060865
1220625839034777600
1220625808189988864
1220625793186848774
1220625700689977346
1220625627872735232
1220625451154124800
1220625023536377857
1220624877943545859
1220624814274035712
1220624749216186373
1220624680010182656
1220624425592090624
1220624012713156608
1220624007461924864
1220623905070534656
1220623501226168321
1220623367650213889
1220623349048459264
1220623123185205248
1220623108421357568
1220623020278063105
1220622989898567683
1220622920197664773
1220622851260071936
1220622810437038080
1220622735447089152
1220622632195747841
1220622556350308353
1220622538448834561
1220622385423847425
1220622281044525057
1220622199175860224
1220622076643631110
1220622068544204801
1220621952022388737
1220621883097276421
1220621882673651713
1220621773173141504
1220621719452274692
1220621669938745344
1220621537268699136
1220621383060705280
1220621314349649920
1220621033734049792
1220621013496369152
1220621011747581953
1220620886060855296
1220620689893257216
1220620664559661056
1220620556346593280
1220620427317456897
1220620418563956737
1220620230797316097
1220620203630809088
1220620151172796416
1220620073439641600
1220620002732191744
1220619797890813953
1220619692001222656
1220619523293876224
1220619430692098050
1220619363188977664
1220619164043370496
1220618763180994560
1220618463141453826
1220618321067831298
1220618140444266498
1220618107045048320
1220617996260925441
1220617916158115840
1220617854329987073
1220617842674077698
1220617787812372480
1220617547487367168
1220617502327107584
1220617493045055491
1220617404239306753
1220617389211049986
1220617374652563457
1220617344499769345
1220617276644196352
1220631788650823680
1220631254317461504
1220630727659868160
1220630121263988737
1220627115290263552
1220625981158805505
1220625526932439040
1220623815132307456
1220622430810595328
1220620266944061440
1220630475900735495
1220629737766129664
1220629451521683457
1220627679390642176
1220627415262732288
1220620300208852992
1220618841446735872
1220629816560492544
1220627856683827200
1220626283366879233
1220624129763594240
1220623202063474689
1220620687964024833
1220618781086535680
