1221688986285953024
1221688962525216768
1221688911287611392
1221688856656801794
1221688810263629825
1221688362228039680
1221688345350160387
1221688042160672769
1221687985218801665
1221687841496846336
1221687639763324930
1221687217720037378
1221687002984112129
1221686755339853825
1221686715997310978
1221686431896100864
1221686238073085954
1221685615881789442
1221685489469513728
1221685480409796608
1221685155410001920
1221685107058081792
1221684910437437441
1221684675493548032
1221684492265328640
1221684391581310976
1221684387109978112
1221684347482198016
1221684264283996160
1221684188031549441
1221684013577859073
1221683997106786305
1221683905331228672
1221683861735624705
1221683725999542272
1221683687273582592
1221683427252035584
1221683300701478912
1221683267935432705
1221683192542842882
1221683046375493632
1221683036846202880
1221682796986609665
1221682701633146880
1221682697174568961
1221682328742744064
1221682310270996480
1221682219485290497
1221682097087082497
1221682036970262528
1221681916551647232
1221681784548622336
1221681675890917376
1221681622547714048
1221681572237074432
1221681543480893441
1221681481304510465
1221681427592503296
1221681182116478976
1221681173853868032
1221680940830736384
1221680523937865728
1221680111809744897
1221680024891379712
1221679915004649472
1221679816669138944
1221679677820948480
1221679523390820359
1221679194213507073
1221679146864123905
1221679054329221120
1221679045529653251
1221678957893910531
1221678808656269313
1221678674572800000
1221678640699625472
1221678597632659457
1221678478732382208
1221678190101454848
1221678135151714305
1221677804758208514
1221677670095904768
1221677576617259011
1221677570661339136
1221677558997176320
1221677399219130369
1221677161163251712
1221677053436747776
1221676522416693248
1221676448899043328
1221676425817673729
1221676355944960002
1221676160263700480
1221675972325527552
1221675719945703425
1221675502508756993
1221675479838576641
1221675245184016384
1221675218512445441
1221674953994469376
1221674842891571201
1221674755658522624
1221674398253572096
1221674361423220736
1221674243554869249
1221674197039992832
1221689093052039169
1221689066699350017
1221689032188551168
1221688858850594816
1221688683494903808
1221688606370103298
1221688424932859904
1221688412853268480
1221688254400843778
1221688097680719873
1221687980055621634
1221687964943601664
1221687871003713538
1221687765324255233
1221687748123226113
1221687746017792001
1221687717911781376
1221687595467333632
1221687326067134464
1221687317892493312
1221687296862195713
1221687268055883776
1221687215350140928
1221687188468850689
1221687176661913602
1221687161386360832
1221687125780979714
1221687051197784064
1221687015273402369
1221686947032125440
1221686862865145856
1221686843244081153
1221686757697052672
1221686753485971456
1221686745336401920
1221686656559919105
1221686612905668611
1221686582660489218
1221686435423514624
1221686425768218625
1221686409351716864
1221686312920465409
1221686232884736001
1221686003766874112
1221685955943374849
1221685917393526784
1221685914356867073
1221685839555514369
1221685779514175488
1221685753349996544
1221685607572942849
1221685463083180032
1221685447866253312
1221685410973147137
1221685380740734976
1221685341024702466
1221685232874618882
1221685225136066560
1221685127518048257
1221685042025390080
1221685010584887301
1221684977450061824
1221684910563434496
1221684835871125504
1221684789872381955
1221684745811066881
1221684707370233856
1221684683592912897
1221684640806772736
1221684597504671744
1221684561119268866
1221684524662378501
1221684515539574784
1221684504097505280
1221684483608330240
1221684355015282689
1221684083639500800
1221684081634631680
1221683967729889282
1221683959576190977
1221683778558386176
1221683693690986497
1221683602930401280
1221683539898355717
1221683490627833856
1221683483203911680
1221683462551113728
1221683181620850689
1221683179859456002
1221683141309394945
1221683025123192837
1221682941132201984
1221682881468207105
1221682871850553344
1221682813939810304
1221682783208108033
1221682691084390400
1221682586134536192
1221682579947962368
1221682576802361344
1221682532791586816
1221682467968602114
1221682449811308544
1221682439485034496
1221682437580886016
1221682381293268998
1221682277387833346
1221682262451687425
1221682211398832128
1221682147099987969
1221682114564804608
1221682103143804928
1221682009811996673
1221681988769370113
1221681840366374912
1221681829255708672
1221681638528208896
1221681631175442432
1221681534522003458
1221681385225613312
1221681294104358914
1221681228933296129
1221681228438478850
1221681120120647681
1221681105700577282
1221681048456585216
1221680931406172166
1221680867107467264
1221680852100247552
1221680845473247232
1221680819678220289
1221680800355307520
1221680751537684481
1221680742243217408
1221680716036993024
1221680365753917440
1221680337958273024
1221680128763121664
1221680119124721664
1221680077127081984
1221680006889459713
1221679961871978496
1221679954548539392
1221679930427109376
1221679760792621056
1221679749057019905
1221679745571729408
1221679693084033025
1221679640638521344
1221679589488918528
1221679585764368386
1221679526322696192
1221679503887364098
1221679452779896832
1221679383305428994
1221679342855393280
1221679258679926784
1221679240745107457
1221679230200582144
1221679010238758913
1221678913740369925
1221678828831092737
1221678669397209088
1221678417612947462
1221678409236922368
1221678328475578368
1221678295386853377
1221678093770715142
1221678062711930880
1221678023784771585
1221677855228092416
1221677854292770816
1221677820625260547
1221677649652744192
1221677638609076229
1221677555809427456
1221677541880037376
1221677489879044097
1221677483692560385
1221677479049302016
1221677405695143937
1221677324787077121
1221677305891827712
1221677258827608065
1221677231564558336
1221677187499081728
1221677155022622723
1221677120931364865
1221676921521459200
1221676782803247106
1221676769721274368
1221676534999572480
1221676489260916736
1221676484827332608
1221676315956346881
1221676158112038913
1221676128634490881
1221676112498974721
1221676096732770304
1221676071721943040
1221676060653211650
1221676023982542849
1221676020220088320
1221676009486864386
1221676006076928000
1221675786731544576
1221675633501032449
1221675543147372544
1221675535312588800
1221675534502920198
1221675468652470273
1221675366391128065
1221675255518896128
1221675094713327617
1221675041097756672
1221675032646246400
1221674975020507136
1221674940669104128
1221674891482562560
1221674681536696321
1221674664386150400
1221674522866151424
1221674511193370625
1221674367848939520
1221674360320036865
1221674315533471744
1221674210357055488
1221686724918566913
1221676260566265858
1221685813718614017
1221685365884383233
1221683134401515522
1221682584410656768
1221682245456416768
1221681795349073920
1221681149463814144
1221681069591646208
1221680348964085761
1221676641069350912
1221676501445283841
1221674892459855872
1221687940297805824
1221684025032675328
1221676740000436224
1221676143503400960
1221675662160748544
1221674443866460160
1221674315210350593
1221677295359819776
1221676507053117441
1221689240003792896
1221688914164846593
1221688516666519557
1221688080421117954
1221687876762554368
1221687850900410369
1221687692213145601
1221687537208442880
1221687218177052672
1221686101762437120
1221684296416661514
1221683842764943360
1221683647880679424
1221682638425149440
1221680733095415808
1221679283954802689
1221678411724161026
1221678220824604672
1221677914871066626
1221676882485055489
1221676445023592448
1221676416313331713
1221676377331552257
1221676133764206592
1221676040298221568
1221675411941122050
1221675008239386624
1221688020933455872
1221687227564072961
1221687200443551744
1221684105013858304
1221680550823579650
1221680537678614528
1221678822388420608
1221677764878721025
1221677095815909376
1221685665508683776
1221680945511616514
1221680833754353664
1221680777009614848
1221678957642182656
1221678062732898304
1221674484270280705
1221683193318801408
1221680727395192832
