1245157723718602752
1245157739891961859
1245157739933777920
1245157748028788736
1245157751958810624
1245157756459515905
1245157756534849537
1245157756581134337
1245157761308069890
1245157798612054016
1245157806468186113
1245157811392327680
1245157827481665536
1245157832024043520
1245157836419547136
1245157865452691456
1245157886906511365
1245157886973501441
1245157890844962817
1245157912206397441
1245157915700445186
1245157919718588417
1245157937515040768
1245157940870418432
1245157962127114240
1245157986768748546
1245157991516602368
1245157991822684161
1245157991894126593
1245157999951450116
1245158012928458752
1245158016497913861
1245158024756461569
1245158037339471873
1245158037528207363
1245158041521135616
1245158045958561793
1245158046139125761
1245158067047718913
1245158071065772033
1245158083640340485
1245158100765536259
1245158104561582081
1245158109045305345
1245158116024442881
1245158117324832775
1245158121313570816
1245158126120103939
1245158138468335616
1245158142209490945
1245158150992531456
1245158155019051008
1245158154939158528
1245158159792115712
1245158163185307649
1245158167413026819
1245158171997503488
1245158192549515264
1245158196941074432
1245158197435879425
1245158200942440448
1245158213491683328
1245158226427023361
1245158230839496704
1245158243258773504
1245158251391365120
1245158255581683721
1245158272530812929
1245158289471492098
1245158297860280320
1245158305602789376
1245158314557702145
1245158322573135872
1245158324888145921
1245158342252572672
1245158343888388096
1245158348196020226
1245158364767588352
1245158369343619072
1245158373085061125
1245158381121228800
1245158381259759617
1245158394375204864
1245158402763796480
1245158423383224320
1245158427342647299
1245158431507582981
1245158431654326272
1245158431750848517
1245158431708905473
1245158444501536774
1245158448179957761
1245158457168269312
1245158465091354624
1245158465523179521
1245158473748434945
1245158477846073344
1245158515523620870
1245158519831232513
1245158528710578176
1245158557512843265
1245158574034051072
1245158574369669122
1245158578807361537
1245158578941497347
1245158582917701632
1245158587221016577
1245158595681030144
1245158599506132992
1245158599883657223
1245158603738304513
1245158611908579328
1245158620658053120
1245158624487526400
1245158629348478976
1245158654652932097
1245158658402631680
1245158670985551873
1245158675033010178
1245158683442642945
1245158683421462528
1245158688186392576
1245158692498092032
1245158704200237058
1245158712613847040
1245158713041674241
1245158721451216897
1245158729416183809
1245158729948860416
1245158733753323521
1245158737905664005
1245158742318108673
1245158754921791489
1245158762890924032
1245158767701958657
1245158792469401606
1245158796462379008
1245158800518193152
1245158830150836225
1245158829895139328
1245158838816432135
1245158842696155138
1245158855115300864
1245158863818633216
1245158863776690176
1245158871955472385
1245158885129883649
1245158888791556097
1245158888728432641
1245158893430419456
1245158897159213061
1245158918554353665
1245158922408693760
1245158930369654785
1245158935272861697
1245158943862726658
1245158956378570753
1245158981250801665
1245158989698142211
1245159010304696320
1245159014847184897
1245159019037233155
1245159032014475272
1245159065212391427
1245159069058564096
1245159069436071936
1245159081641488384
1245159082111229954
1245159086456475648
1245159090377994240
1245159107004223488
1245159111265837062
1245159119931260928
1245159132530749440
1245159132564504576
1245159144191078401
1245159149131816960
1245159186436104198
1245159186679422983
1245159190978576390
1245159195344695296
1245159216085688320
1245159216333099009
1245159220506476546
1245159224411328513
1245159224897867776
1245159228702105601
1245159229050302464
1245159232581832704
1245159257982599168
1245159258024480773
1245159270628417538
1245159278840811520
1245159283307749376
1245163561602736128
1245163607261773824
1245163615751000064
1245163616103362560
1245163624592805889
1245163645580918784
1245163653642489860
1245163653806075905
1245163657882939392
1245163662853263361
1245163674882445312
1245163682859909120
1245163686882430976
1245163687314362368
1245163695774273538
1245163707845373953
1245163716313853953
1245163729513148417
1245163771041112065
1245163784169127938
1245163791966449670
1245163796580184064
1245163804561780738
1245163804809404421
1245163809251213313
1245163821439881216
1245163821376864257
1245163834194530305
1245163838116429824
1245163850447507461
1245163854964887559
1245163854927200262
1245163859029213187
1245163867359109123
1245163867694444546
1245163892898172930
1245163896761171968
1245163897348214784
1245163897319030786
1245163909381787649
1245163909486645249
1245163921880821760
1245163930965512194
1245163934111465477
1245163935042584576
1245163942952996865
1245163955682598912
1245163959663185920
1245163964192837632
1245163972514516994
1245163972988407808
1245163976805187592
1245164001450999808
1245164006236721152
1245164014209990657
1245164022523199489
1245164023005372416
1245164023034699776
1245164039895990278
1245164048334774272
1245164068861812736
1245164077246226433
1245164077669732353
1245164110934933506
1245164132283932672
1245164140689338368
1245164156853956608
1245164178337402881
1245164182263205889
1245164190744141824
1245164190811250689
1245164203544989702
1245164236776583169
1245164241130270720
1245164257924255744
1245164262378614784
1245164270586822656
1245164278686121986
1245164291113865221
1245164291742785537
1245164295094251520
1245164295232663553
1245164337108525056
1245164345564311558
1245164345950158848
1245164358117642243
1245164370994266112
1245164379743510528
1245164395853946881
1245164400354512897
1245164421141282816
1245164430159048705
1245164450891665411
1245164467668652032
1245164467685429248
1245164497041530881
1245164509104308225
1245164543074013185
1245164547004141569
1245164556164435968
1245164576137793539
1245164576502677505
1245164576435552257
1245164580457926662
1245164597600026624
1245164601345552384
1245164601429409793
1245164601622183936
1245164606076534784
1245164626616123393
1245164647579291651
1245164655963713537
1245164660455804930
1245164664725680129
1245164665019088901
1245164673160237056
1245164677685866498
1245164681586712576
1245164690180689921
1245164694383529985
1245164697575403523
1245164706526113796
1245164706890944514
1245164715019558912
1245164731842932737
1245164735827513344
1245164744153038850
1245164744450945024
1245164752889958407
1245164757285359616
1245164765053411329
1245164786607767553
1245164789694959616
1245164807332024321
1245164807088726017
1245164824063021056
1245164824297902080
1245164827946950657
1245164849539112961
1245164857487491075
1245164857722355713
1245164874037989376
1245164886922907648
1245164895512989696
1245164907554844683
1245164915939147777
1245164916035608576
1245164928983597056
1245164936805765125
1245164941826338816
1245164945278267392
1245164950164652033
1245164950223556608
1245164962206625794
1245164986965667840
1245164987645034497
1245164995802890241
1245165000160763904
1245165000509075458
1245165004464304129
1245165006129430532
1245165012806553600
1245165020939460609
1245165054661726209
1245165059011158017
1245165071166291974
1245165097057759232
1245165101369282560
1245165109661634561
1245165134517022722
1245165138677764096
1245165138765729792
1245165147326480389
