1253247236433010689
1253247243525726209
1253247248584134658
1253247256158965761
1253247264409235458
1253247269760991235
1253247285783334915
1253247293723197442
1253247298659901448
1253247302875123712
1253247310911414273
1253247311666311169
1253247315109953536
1253247344608514049
1253247344621113344
1253247348697903105
1253247361788362752
1253247369577103360
1253247382294233089
1253247385473613824
1253247395862724608
1253247402846433281
1253247403274252288
1253247404377169920
1253247407246020613
1253247415764815872
1253247416146505728
1253247416045760512
1253247416607768577
1253247419711729664
1253247436362878976
1253247448866336768
1253247461524680704
1253247466738192384
1253247479325364227
1253247482714370048
1253247483754565632
1253247483888664583
1253247525018107904
1253247528541261824
1253247528591474688
1253247537525424128
1253247545637298176
1253247546505474055
1253247546413244416
1253247558383742977
1253247562896642048
1253247571604144128
1253247574741594115
1253247579883790336
1253247591787216896
1253247634275479553
1253247635042914304
1253247639048671236
1253247663836925954
1253247664616927233
1253247666877722624
1253247667003633664
1253247685332631554
1253247684749561857
1253247688172351488
1253247713921073154
1253247717750562816
1253247718190964736
1253247734758248448
1253247739540000768
1253247741137911808
1253247771873771521
1253247773169901570
1253252205781692416
1253252205303365633
1253252214799335425
1253252218721099776
1253252226618884104
1253252235527630848
1253252236093906946
1253252247376596994
1253252251499536384
1253252264539627520
1253252263822471168
1253252285360156673
1253252288904228864
1253252298500784129
1253252306654695424
1253252319929483264
1253252336128069633
1253252339344920578
1253252352540196864
1253252377911742464
1253252377877995530
1253252382072373248
1253252385654353920
1253252386174439424
1253252395020070913
1253252398153437185
1253252420156764160
1253252423251943424
1253252440176111623
1253252441513967616
1253252444886269952
1253252456810717184
1253252504411877376
1253252508451057666
1253252515094765568
1253252524083159042
1253252537970495488
1253252545818038272
1253252554538041344
1253252554781347842
1253252554835800064
1253252554848337921
1253252566542168066
1253252569520132097
1253252579481583617
1253252583101087755
1253252587337515008
1253252587249254401
1253252588180561920
1253252591582093313
1253252612813500417
1253252612964712450
1253252613128232960
1253252616517226499
1253252616861233152
1253252624083714048
1253252630341726210
1253252641389510656
1253252645395013633
1253252650168180736
1253252666496552960
1253252680308477952
1253252688986419202
1253252693432418304
1253252696049680384
1253252697098248192
1253252717083934720
1253252717679529986
1253252722578644993
1253252745785675778
1253252755285827585
1253252755247923200
1253252759937323008
1253252764093710337
1253252771723313152
1253252777041629184
1253252780200005634
1253252780216598530
1253252790140502017
1253252814106759168
1253252823136956416
1253252838534283264
1253252838785982468
1253252843898671105
1253252852564164608
1253252910466596866
1253252914266517504
1253252914505809920
1253252914237358080
1253252915332071424
1253252919509553153
1253252926707040257
1253252940770541568
1253252944134172672
1253252944218279936
1253252948538212353
1253252957048430593
1253252981312675842
1253252981656453121
1253252990594699266
1253252998223982593
1253253016511275009
1253253019023609857
1253253035901333506
1253253044008976385
1253253053282693121
1253253057535791104
1253253057615364096
1253253074170175489
1253253074958684160
1253253082584158208
1253253099868819457
1253253103220072448
1253253115928772608
1253253136577449986
1253253137735049216
1253253145301585922
1253253149550231554
1253253153748893696
1253253157985148930
1253253174623981569
1253253178197454848
1253253195046047745
1253253200150441984
1253253201006125056
1253253204701138945
1253253224783626240
1253253229451841536
1253253234132758528
1253253246052790272
1253253254034657280
1253253262305828864
1253253275568095234
1253253275694108673
1253253280001593347
1253253295985971200
1253253295730307079
1253253300000116736
1253253308401225728
1253253308036247552
1253253322171207680
1253253341871775744
1253253354953768960
1253253363132542981
1253253380476108801
1253253380782292993
1253253396343054336
1253253413296640005
1253253413657178112
1253253426999439361
1253253435241136129
1253253439624056832
1253253451359936518
1253253455898185731
1253253467763769346
1253253476282445824
1253253476601249793
1253253477188292608
1253253477679202309
1253253481546178561
1253253518783164416
1253253552199348224
1253253552765575168
1253257826555752449
1253257827147268101
1253257830590828545
1253257850907955200
1253257850916200448
1253257860395433985
1253257871694991360
1253257876543504386
1253257876509949952
1253257884525355008
1253257913990361090
1253257914225094656
1253257926896214021
1253257935557464064
1253257938896146435
1253257939365892097
1253257942926675968
1253257947339202561
1253257947876143104
1253257951873245184
1253257957254598659
1253257977093656576
1253257990154653696
1253257998257934336
1253258001873502208
1253258014980739073
1253258015639105537
1253258019976040451
1253258049252442112
1253258065043959809
1253258068823064577
1253258077811257345
1253258090683785216
1253258119184027653
1253258123898486784
1253258124720517121
1253258149341126658
1253258165430497281
1253258186523414528
1253258199450279937
1253258228441497600
1253258229066485761
1253258237660598273
1253258249916354561
1253258258682392576
1253258267020505091
1253258274956165122
1253258282824679425
1253258295340605440
1253258295801835520
1253258293541171200
1253258310213488640
1253258333223448576
1253258362667614208
1253258366698356737
1253258367918911488
1253258371366629376
1253258392627445761
1253258405994610688
1253258422490972160
1253258425443573761
1253258429776318465
1253258434037907463
1253258434457112579
1253258435094810625
1253258442262757381
1253258451439874048
1253258455625928705
1253258460520542209
1253258463817367552
1253258464064757760
1253258473300582400
1253258488756625408
1253258488836472833
1253258506456764421
1253258510781100032
1253258513985548290
1253258534961250305
1253258535233900544
1253258540145274880
1253258547120484352
1253258555337179137
1253258564786892800
1253258572315504640
1253258589411647490
1253258589659181056
1253258615710003201
1253258619056840706
1253258622940971009
1253258630830288897
1253258648358436870
1253258648681435139
1253258653064482818
1253258677223600130
1253258682206388224
1253258698266296320
1253258715513286656
1253258720034746369
1253258727815286792
1253258728800993282
1253258756693114880
1253258766218407943
1253258774569050112
1253258778616700931
1253258787697426432
1253258802771767297
1253258820794691584
1253258841699037184
1253258859042537473
1253258859214331906
1253258865732317184
1253258874343378945
1253258903900565505
1253258912557604865
1253258913081970689
1253258916990836736
1253258925228675074
1253258933181075456
1253258934611316737
1253258937429897217
1253258959953235970
1253258963367473153
1253258971479027712
1253258975673491456
1253258992106815488
1253258992433762304
1253258992727490560
1253258995533520896
1253258997005611008
1253259005197238273
1253259008468758529
1253259017142624256
1253259025397043201
1253259025883504641
1253259029721370625
1253259030291714048
1253259033537986566
1253259033739436032
1253259038437052416
1253259051615559680
1253259051913404416
1253259064164974593
1253259084393930752
1253259085161562113
1253259109467594753
1253259109828374531
1253259117457793025
1253259118657384449
1253259129994399744
1253259139536564224
1253259152597618688
1253259156464820225
1253259177088004097
1253259193857060869
1253259205567344640
1253259210416025601
