1252343966441193474
1252343970723577856
1252343975131766785
1252343987664388096
1252344008317132801
1252344017183895553
1252344017792065540
1252344020988080131
1252344021202071552
1252344033554255872
1252344050415370240
1252344084015878144
1252344105281007617
1252344121705902080
1252344151829405700
1252344155121913856
1252344159580504067
1252344159995748353
1252344172457033728
1252344192916811783
1252344252211716105
1252344255760064512
1252344255852376065
1252344256741556227
1252344260675768320
1252344264253558792
1252344293676560385
1252344293525618688
1252344298177130496
1252344314065072134
1252344315935780865
1252344319278637058
1252344323942694913
1252344326979375106
1252344353340579841
1252344361209049089
1252344365319467009
1252344369144754177
1252344374068826112
1252344382071517190
1252344382423920642
1252344407212212224
1252344410961928193
1252344411037417474
1252344411326832643
1252344414418034690
1252344431916675073
1252344441550983170
1252344449570488320
1252344462040129540
1252344466129580033
1252344465924079618
1252344473918468096
1252344487549915143
1252344511574900743
1252344515576295429
1252344532856791041
1252344562523140096
1252344566109237254
1252344566444724224
1252344568860688387
1252344574984351744
1252344579279384579
1252344596111060993
1252344600171175938
1252344604520665088
1252344613152538626
1252344633343881216
1252344633687805954
1252344637114597385
1252344667116433408
1252344671281405953
1252344684057255937
1252344701018976259
1252344708858146821
1252344725731856389
1252344726243565570
1252344726478401542
1252344734338539520
1252344738675437575
1252344751145095169
1252344763992301569
1252344776793321474
1252344784598884354
1252344797639016448
1252344805205528576
1252344809638866950
1252344818727964674
1252344847442145293
1252344847941267459
1252344855621062658
1252344868300402691
1252344876953305091
1252344889372635137
1252344889360019461
1252344889456484352
1252344893562687489
1252344893906673665
1252344901804556293
1252344914123186177
1252344915062747140
1252344932003540994
1252344969202823169
1252344973141217286
1252344977872412677
1252344982104469514
1252344982368710663
1252345002417467395
1252345023380611074
1252345023888101381
1252345027604307968
1252345027579179014
1252345028338311168
1252345028376006658
1252345032108982274
1252345033124048896
1252345041130975234
1252345057522233345
1252345061544562693
1252345129215512586
1252345136668831744
1252345137302134787
1252345141450293262
1252345162061115396
1252345166419001355
1252345183045214210
1252345187558289410
1252345200304779266
1252345212128518145
1252345224841453568
1252345229807546370
1252345229824253953
1252345233120956416
1252345241228591110
1252345245959782401
1252345254608384001
1252345266952302592
1252345296530468864
1252345300234022912
1252345318076674049
1252345329480945677
1252345338792259586
1252345342940418048
1252345354822881280
1252345363362537475
1252345371486912513
1252345375978958854
1252349755033710593
1252349754861748225
1252349776521121795
1252349788508393479
1252349801640808451
1252349805759623175
1252349835044257794
1252349842589757447
1252349843059556355
1252349846679285761
1252349850936475648
1252349855244054530
1252349855357235202
1252349855856332801
1252349871790542848
1252349876202954759
1252349909509869569
1252349909866385413
1252349918032695300
1252349922247970817
1252349922399010817
1252349922730315779
1252349922801627137
1252349931358048262
1252349935166451717
1252349943957749761
1252349947573227521
1252349952203710469
1252349964174295040
1252349963922624513
1252349964811821058
1252349989583376387
1252350002321473536
1252350006113087489
1252350007107182595
1252350010538131456
1252350019513880576
1252350023611736065
1252350027109855232
1252350028196110338
1252350031333519360
1252350057485004804
1252350061071069184
1252350077722431490
1252350107283939330
1252350115500617728
1252350116003897348
1252350127739555847
1252350128473571328
1252350136526798848
1252350144940437516
1252350157821108224
1252350161642086401
1252350161876967427
1252350170613739521
1252350187302866954
1252350190750588929
1252350191170019329
1252350191568433153
1252350204046524422
1252350207406141445
1252350207771070466
1252350216172212229
1252350246253760522
1252350246257963015
1252350253786791938
1252350258044002307
1252350262515085314
1252350275244838914
1252350292105940995
1252350296044400643
1252350308509868037
1252350333457555458
1252350338004205575
1252350341254807554
1252350342248820736
1252350346271133698
1252350354483638273
1252350354911490052
1252350363350339585
1252350371558641664
1252350379431346176
1252350383881519104
1252350388063227904
1252350408564936713
1252350420673916930
1252350421617610757
1252350422037094404
1252350426088828931
1252350429800787968
1252350438596161540
1252350439078588423
1252350442358489090
1252350463434821636
1252350468346441734
1252350492698525699
1252350493545820166
1252350506359336968
1252350514244665346
1252350522721329155
1252350539423080458
1252350543768375303
1252350547966849025
1252350552211550213
1252350555982139393
1252350559664783360
1252350573065592838
1252350576806907905
1252350563469062146
1252350585384230912
1252350589578534915
1252350588991401984
1252350602589253636
1252350626891091968
1252350631748067328
1252350655886311424
1252350674181910528
1252350685309308928
1252350685724602369
1252350686039166976
1252350690116038658
1252350698429140992
1252350727743107075
1252350732352622593
1252350740183388161
1252350740783222790
1252350745074036739
1252350745216610306
1252350748731469827
1252350761192706048
1252350761888911360
1252350769883299841
1252350773893062657
1252350774694121477
1252350787373555712
1252350790716411910
1252350795447537665
1252350799646089216
1252350803748122630
1252350820307202051
1252350824711254017
1252350833024397316
1252350833766756352
1252350840834154499
1252350858211160064
1252350861780500482
1252350862355083264
1252350878557732872
1252350907842392067
1252350916612636672
1252350916792954886
1252350921255731201
1252350925357760512
1252350959574867970
1252350963370717184
1252350971377643520
1252350984229019650
1252350984275148800
1252350991904632837
1252350992424636427
1252350995897520132
1252350995981414407
1252350996652584961
1252351013257752585
1252351034367721474
1252351037958021121
1252351038264205315
1252351037983191049
1252351038234914816
1252351047135162369
1252351059080515584
1252351059265089536
1252351063824297984
1252351064134701056
1252351084737081352
1252351088738459651
1252351097433276419
1252351100583198722
1252351101589835776
1252351101547892740
1252351105490497541
1252351109542207488
1252351109403865089
1252351109970059264
1252351117960200192
1252351130882805760
1252351130949939202
1252351139019808769
1252355429759246337
1252355446549053440
1252355493068025859
1252355497237204995
1252355521643872256
1252355522113572866
1252355534235119623
1252355534323212290
1252355547006828545
1252355559778471936
1252355563700121600
1252355573091164163
1252355576207556619
1252355593622351872
1252355597816573952
1252355610043019269
1252355614396702720
1252355618037366785
1252355618335100929
1252355618851045378
1252355630691528705
1252355632088231936
1252355636064477184
1252355643190546436
1252355664078237699
1252355672647163912
1252355681052549122
1252355681597812737
1252355689759903745
1252355697779474432
1252355702628028417
1252355706717532166
1252355710651785219
1252355715009638401
1252355724094484482
1252355757044977664
1252355761004404737
1252355760886972417
1252355773360771074
1252355773616623617
1252355781858521088
1252355781908770820
1252355782588301312
1252355786035978241
1252355786652573696
1252355790628773890
1252355795003432960
1252355808085467142
1252355823788949505
1252355828713000964
1252355836552216577
1252355849994924037
1252355857997692935
1252355861571268609
1252355866147221505
1252355874531586052
1252355887873679362
1252355912712327170
1252355912754294784
1252355912771137536
1252355920757002241
1252355928147419136
1252355929258905604
1252355933600006145
1252355936905125891
1252355945637703681
1252355949966225408
1252355983696781314
1252355987538731010
1252355991519150081
1252355991544295425
1252356004693471233
1252356033722253315
1252356034024226818
1252356037501280256
1252356050251968512
1252356050516242434
1252356050994380808
1252356059206782976
1252356063753416707
1252356075422023687
1252356084041306118
1252356087640027136
1252356088332087298
1252356109400109056
1252356109601366017
1252356121399975938
1252356125854330883
1252356142669328384
1252356147345977351
1252356173124128771
1252356175875604483
1252356185543503882
1252356188471058434
1252356201792196609
1252356205835505664
1252356213729161222
1252356214412853251
1252356214840627200
1252356227541024774
1252356227557756935
1252356235321413634
1252356239578652676
1252356243349319681
1252356247606554629
1252356251876392963
1252356260952813569
1252356289797087233
1252356293899087873
1252356298261229568
1252356302518378496
1252356302577127432
1252356315365556224
1252356322911121420
1252356344172052483
1252356352644493313
1252356356884926465
