1250661858513768448
1250661867011203074
1250661866927464448
1250661874682789889
1250661879091023873
1250661900565667841
1250661909084483585
1250661921080082432
1250661921142915073
1250661942022344704
1250661950842781697
1250661966567227393
1250661984476905472
1250661992031047681
1250661992333000704
1250661992379097089
1250662009441415168
1250662017918255104
1250662025426014209
1250662050948354048
1250662051141148674
1250662063648710656
1250662090987180032
1250662092673298439
1250662093142945798
1250662096762781703
1250662105721626625
1250662113934077952
1250662117730144256
1250662139469221888
1250662143621361664
1250662151276003330
1250650131487129600
1250650151518998529
1250650156317528065
1250650185845272577
1250650189918068737
1250650193453895685
1250650210075725824
1250650222524416000
1250650227104718848
1250650235287695360
1250650239725211648
1250650239985504260
1250650256804634624
1250650260407369728
1250650265792868354
1250650273141469184
1250650282612142087
1250650298269536257
1250650307836731392
1250650311225638912
1250650315768168448
1250650327688400896
1250650336177426433
1250650344209526785
1250650349188382721
1250650357115518977
1250650357857992704
1250650360827568128
1250650362173947904
1250650370038063105
1250650374068994050
1250650374383579137
1250650377680228352
1250650382147227648
1250650387125682176
1250650390678212608
1250650391080910853
1250650395111600128
1250650398920265728
1250650403097792512
1250650411532537856
1250650416251109378
1250650424220286976
1250650433259012096
1250650458529558528
1250650458756087810
1250650465911660544
1250650467144736775
1250650474308677632
1250650474761424897
1250650482659344385
1250650486690152450
1250650488019628033
1250650495997239296
1250650512338255873
1250650525206487041
1250650537269354497
1250650558890795008
1250650588230176768
1250650588485832706
1250650596778139648
1250650613832187904
1250650616956768256
1250650617770422273
1250650621847334912
1250650634178699264
1250650642391187457
1250650646358958081
1250650664067190784
1250650667175346176
1250650671973494785
1250650680219451393
1250650692467003393
1250650702742843394
1250650722087075841
1250650726734467073
1250650752009162754
1250650751979810816
1250650785873969158
1250650793172058113
1250650802428932096
1250650810737987584
1250650810985439233
1250650818325299202
1250650822763044865
1250650830736445440
1250650840328802304
1250650843969400832
1250650852622303237
1250655176358158336
1250655185229082625
1250655188492443649
1250655192594309120
1250655202413359106
1250655214333558784
1250655226979209216
1250655227209908224
1250655231622426624
1250655238819733504
1250655239285465088
1250655239402926082
1250655253386498049
1250655260390985728
1250655260521009152
1250655264782548994
1250655265235427328
1250655265445294082
1250655273225728000
1250655276790841344
1250655282176438274
1250655281790496768
1250655286135791616
1250655289835020288
1250655298198659072
1250655298567561218
1250655302975762432
1250655319660920832
1250655323494416384
1250655323603468289
1250655327013335040
1250655327562825728
1250655335792115716
1250655353139867648
1250655356562235397
1250655356667248647
1250655374018883584
1250655377550643208
1250655377890443270
1250655423734206464
1250655427454472192
1250655432172900354
1250655432479256578
1250655457716256768
1250655458341216257
1250655462560653312
1250655470584500225
1250655478918656000
1250655482957553665
1250655483670732800
1250655491023347713
1250655524128989185
1250655554428710912
1250655562762645505
1250655566264848384
1250655578822713344
1250655579271360512
1250655592458452992
1250655596212346880
1250655600444182529
1250655601052401665
1250655604349169664
1250655604152172544
1250655608556183552
1250655620644118529
1250655624876048385
1250655625647800326
1250655638218137600
1250655645671608322
1250655646116012032
1250655663396700162
1250655667989499904
1250655671256707073
1250655693004136448
1250655696158224385
1250655701569015808
1250655708846022660
1250655755851780098
1250655763460210689
1250655764479426561
1250655776089288706
1250655776215105536
1250655784498655233
1250655798205673477
1250655839121096705
1250655839481761792
1250655864156860417
1250655864668725251
1250655872595816450
1250655889553387520
1250655914622726150
1250655923921661953
1250655936231825408
1250655949234204677
1250655965017518085
1250655973410308102
1250655981521993728
1250655981660405760
1250655990543982592
1250655998412574720
1250655999205298176
1250656003412148230
1250656007350398978
1250656012463255552
1250656027399335936
1250656028229689345
1250656044394504192
1250656049532715008
1250656061297577984
1250656061649870848
1250656065164697601
1250656069442916352
1250656074488664064
1250656086157258754
1250656087482617856
1250656093887279104
1250656124723920897
1250656132537909248
1250656133561430017
1250656145489842179
1250656149344595968
1250656150313304064
1250656158051753984
1250656159301660672
1250656174300467200
1250656186963161088
1250656187588268035
1250656204520517637
1250656212955193344
1250656213034991617
1250656229728321536
1250656233125818368
1250656241346662401
1250656242814484483
1250656250460684288
1250656253996646400
1250656271033909250
1250656271885201408
1250656292986916865
1250656317221593093
1250656321851908096
1250656330647580672
1250656339497349120
1250656351241424897
1250656364281528323
1250656372728848385
1250656375711117313
1250656385240612865
1250656397546717185
1250656397425086465
1250656400830849026
1250656401111887872
1250656425610817536
1250656431071801344
1250656435383369728
1250656439749742592
1250656460352061442
1250656464978337792
1250656468358926336
1250656473337610240
1250656480371658752
1250656480572968961
1250656480673427457
1250656481835393024
1250656484792209408
1250656497182244865
1250656505851834368
1250660760658644993
1250660763817005056
1250660772725821446
1250660780472782850
1250660780883804161
1250660783760924672
1250660796855513088
1250660797388255237
1250660801372807171
1250660805743243269
1250660813888610305
1250660813985251330
1250660826635046913
1250660839356420096
1250660843198353409
1250660871916773377
1250660889159700480
1250660910722621440
1250660914317033472
1250660918540644353
1250660922361647104
1250660927235436544
1250660931429756934
1250660931643686912
1250660932138778624
1250660939164155905
1250660939692756993
1250660952325926912
1250660955794661376
1250660957178654720
1250660960609673216
1250660961091977219
1250660964455849985
1250660977248362501
1250661006625439744
1250661028217659398
1250661032873406464
1250661036249640960
1250661041110835202
1250661046739599360
1250661056722026496
1250661061339918336
1250661086254313473
1250661102809038848
1250661107225763841
1250661107959808000
1250661124015415296
1250661124573282311
1250661124669943808
1250661128885198848
1250661136690601985
1250661149693095937
1250661150452146176
1250661161437147136
1250661166134648832
1250661166394814466
1250661186841882624
1250661190809911296
1250661191040602115
1250661195473981440
1250661204449730560
1250661208211898368
1250661212477677568
1250661215946395648
1250661216957067264
1250661236980637696
1250661246317150208
1250661253862748160
1250661279292932097
1250661279540404224
1250661291720499200
1250661304043520001
1250661308615327744
1250661315850448899
1250661328928333825
1250661346871517184
1250661351070015488
1250661358653317120
1250661363250270208
1250661384582574081
1250661388386570242
1250661391930810371
1250661396984954880
1250661413216903168
1250661413476958209
1250661422301769729
1250661430078115840
1250661446997774336
1250661447325057024
1250661447765569538
1250661464320417797
1250661467713462274
1250661471794737152
1250661472641966081
1250661497342214144
1250661500953325568
1250661509992087552
1250661510088658945
1250661514270425088
1250661522235244544
1250661525725077505
1250661556053934080
1250661568410300421
1250661602539560960
1250661602736648193
1250661603118366720
1250661619627175936
1250661623393472513
1250661628208574465
1250661639407448065
1250661640674123776
1250661648358084609
1250661652103495680
1250661652665479168
1250661657279266821
1250661664623558659
1250661665495896065
1250661668901830656
1250661681518252033
1250661686081699842
1250661690355703810
1250661694671482880
1250661695313203200
1250661706813984768
1250661711612219392
1250661720038621185
1250661723175964672
1250661732483166208
1250661737159770113
1250661741018714112
1250661761704964096
1250661762317385735
1250661769611182080
1250661773952286721
1250661786673545217
1250661787109736448
1250661790603636737
1250661808173486080
1250661815924580352
1250661819762511872
1250661824711798786
