1247360231727697921
1247360235683090433
1247360244138643457
1247360244294078467
1247360244419907584
1247360252246405120
1247360256788832256
1247360273314459648
1247360290213302272
1247360303257358336
1247360306944176128
1247360319829217280
1247360337059500032
1247360344852500480
1247360374204182528
1247360374392922116
1247360386933940224
1247360391379812354
1247360395485917186
1247360416205938688
1247360424795914240
1247360428897779712
1247360433574510593
1247360437663850496
1247360450217406464
1247360474787786753
1247360483755253761
1247360487479623681
1247360495750963201
1247360504588382210
1247360512985358336
1247360538448887816
1247360550952206336
1247360555062456320
1247360584661770247
1247360609743708160
1247360635081375750
1247360647081451520
1247360655360811010
1247360655465664512
1247360659580280833
1247360668413681666
1247360671987019778
1247360672595234816
1247360676147986443
1247360676508491781
1247360680321339395
1247360685278781440
1247360705495552002
1247360722650054657
1247360731340607488
1247360760176664577
1247360764035371008
1247360781164806145
1247360789150720000
1247360798294290432
1247360810449592320
1247360819249025026
1247360827075813376
1247360836018081793
1247360852274999299
1247360852723814401
1247360856779665410
1247360864832884738
1247360865365606406
1247360865566961664
1247360869622841344
1247360873229881345
1247360894855786497
1247360910429126664
1247360923767111682
1247360961465458688
1247360974455074817
1247360982227324930
1247360991047946241
1247360995485499392
1247360999101018112
1247360999046262785
1247361000015376384
1247361011834687488
1247361020273852416
1247361020621979648
1247361024241655810
1247361037109788672
1247361053450625024
1247361057783304192
1247361062103547906
1247361066646089728
1247361074640240641
1247361074921238528
1247361075235807234
1247361079199567874
1247361079509782529
1247361104268926977
1247361108836585472
1247361116424060928
1247361116667367425
1247361130202161153
1247361133243256834
1247361142323851265
1247361145834475522
1247361154638372866
1247361159033995264
1247361162985050117
1247361163215634432
1247361171356712960
1247361175463100416
1247361180210884608
1247361188138233857
1247361192747773957
1247361208694370304
1247361233990418433
1247361246749265920
1247361246954958848
1247361246636077058
1247361250985684992
1247361255058419712
1247361259680325632
1247361267544788992
1247361272368082944
1247361296707850241
1247361310360297474
1247361331168260097
1247361338872975360
1247361343621136384
1247361372985450500
1247361381055098880
1247361381327933440
1247361385245229056
1247361389909487616
1247361435493117955
1247361451980800007
1247361452379459592
1247361460277145600
1247361468648939520
1247361473120264192
1247361477549469697
1247361490224476160
1247361490564374531
1247361535909015553
1247361540107493377
1247361548961669120
1247361549368315906
1247361552908464129
1247361565398982656
1247361569593450500
1247361569484419074
1247361569740263427
1247361570046345226
1247361574161039361
1247361577688240130
1247361577881341954
1247361578246103040
1247361586869817345
1247361587096309760
1247361591143739400
1247361595040321536
1247365957099667456
1247365970072604673
1247365994395381761
1247365996194627586
1247366023420022784
1247366032458735622
1247366036342493184
1247366045733699584
1247366049189822464
1247366070379220994
1247366070668636160
1247366078411333638
1247366104181170180
1247366112762683393
1247366112892735493
1247366116411752449
1247366128638271491
1247366129598656513
1247366141309153281
1247366141544214533
1247366141820964874
1247366158916800512
1247366162633154560
1247366166735011845
1247366192270127105
1247366192546942976
1247366196426452992
1247366208179130370
1247366212679618562
1247366229758787591
1247366234104086529
1247366242274390016
1247366259106332673
1247366263019466752
1247366271269662720
1247366272397930497
1247366292367200256
1247366301590355968
1247366305159753728
1247366305415434240
1247366309395955715
1247366319227486208
1247366321651712001
1247366331143319552
1247366335031439360
1247366342833037314
1247366354027417600
1247366371895377921
1247366376576233473
1247366376701874176
1247366380539621376
1247366381210939399
1247366385220476929
1247366388630634497
1247366389343682562
1247366397837094913
1247366423082668033
1247366430913228800
1247366433803128832
1247366439373344768
1247366443575808000
1247366447527067651
1247366459896061953
1247366472873238530
1247366481735749632
1247366490329735169
1247366493609906176
1247366494280957953
1247366502585708545
1247366506427670528
1247366506897268737
1247366515172630528
1247366532428173312
1247366548332789763
1247366548689309696
1247366548836233219
1247366549112901632
1247366585909731328
1247366607409741825
1247366611557928961
1247366637151375362
1247366640687140869
1247366640934805504
1247366657657294848
1247366657879703552
1247366673889460224
1247366678570078209
1247366690893189122
1247366694823178240
1247366715891204097
1247366720001638400
1247366724887904256
1247366737168723970
1247366741115703296
1247366749441232897
1247366754101321728
1247366758111076362
1247366762716213248
1247366775005569030
1247366779095187463
1247366779153682432
1247366804550365184
1247366813177921546
1247366871529263105
1247366871768154116
1247366888075730945
1247366892194578434
1247366892458835970
1247366913795092481
1247366926067798017
1247366930559913985
1247366934703849472
1247366942710587392
1247366954987319296
1247366955268521985
1247366959194353666
1247366968413286406
1247366972045737986
1247366980677644288
1247366984812998661
1247366993197465601
1247367001833521153
1247367038814883840
1247367073124290564
1247367077121282050
1247367077389897728
1247367085757313026
1247367143139594240
1247367152195100672
1247367164623032320
1247367178082344960
1247367186395455494
1247367203273375744
1247367219547340800
1247367228132954114
1247367228594573312
1247367232415576064
1247367232528637954
1247367241215205377
1247367261796495360
1247367277910970371
1247367278313734144
1247367278582251520
1247367290724761600
1247367311343968256
1247367311272464387
1247367312417665025
1247367324597960705
1247367328343322626
1247367333254856704
1247371619909025793
1247371636610719746
1247371640251564037
1247371644609404928
1247371648765808640
1247371669464727555
1247371674082820096
1247371678671237121
1247371686820937728
1247371690801168387
1247371703325343744
1247371708069228545
1247371732702433280
1247371736711974916
1247371741212692480
1247371749512974337
1247371749953593347
1247371753589891072
1247371757360644096
1247371766898364417
1247371774641094656
1247371803736944640
1247371812440363008
1247371816143704065
1247371816357658624
1247371821080592393
1247371825333460994
1247371833105678342
1247371841238265858
1247371866471350272
1247371879930707968
1247371899912343554
1247371909140013056
1247371917436145668
1247371925829156864
1247371929683714048
1247371933605187587
1247371933915611136
1247371942048305153
1247371946414804992
1247371951540224000
1247371954878918656
1247371967465811968
1247371967776391169
1247371971546861570
1247371988659814400
1247371993290280960
1247372017696833537
1247372018267222016
1247372011363422210
1247372026550947840
1247372030036422657
1247372038508933121
1247372038672506880
1247372043378712576
1247372051201110017
1247372068770820097
1247372072486989824
1247372072495591424
1247372076303781892
1247372076995895296
1247372084587757568
1247372084843630593
1247372093462679552
1247372097678180352
1247372101872312322
1247372102300131328
1247372106687488000
1247372110114291712
1247372114169978881
1247372134940176384
1247372168494747649
1247372168901484545
1247372181170016256
1247372189369880576
1247372189495517185
1247372189634101254
1247372193605943296
1247372202623651840
1247372219421847552
1247372219589840896
1247372227483484162
1247372239856529408
1247372240280154112
1247372244030050305
1247372265995436032
1247372277731037184
1247372290460811264
1247372302880309254
1247372303425515520
1247372315764985856
1247372324225069056
1247372324438974465
1247372327802683392
1247372332366266369
1247372336820563970
1247372340549337088
1247372362250682372
1247372365828427781
1247372369791868929
1247372378944004097
1247372383381585921
1247372387428864001
1247372391929589760
1247372408169750531
1247372412104183808
1247372412368211968
1247372416474644485
1247372416793423873
1247372429325975552
1247372458459459584
1247372466957062146
1247372466999013376
1247372479284293632
1247372487777751042
1247372500327071745
1247372508220624897
1247372516806426624
1247372529641062400
1247372533663490049
1247372542257528832
1247372562935373825
1247372567264006144
1247372568064954369
1247372580064866306
1247372583667974144
1247372591884636161
1247372609022357504
1247372634146451457
1247372634444034048
1247372634565869568
1247372638881632256
1247372651238010880
1247372659224129540
1247372672192770051
1247372675992829952
1247372676131405827
1247372696943570951
1247372697119703040
1247372701519536133
1247372714693844995
1247372726920048640
1247372731118579712
1247372738991403008
1247372738857230336
1247372755886112768
1247372755864940546
1247372759807606784
1247372768657788929
1247372776585015296
1247372781106245633
1247372781295038470
1247372797397078022
1247372806565900288
1247372814363041795
1247372814807638017
1247372818796490752
1247372823494000645
1247372831626858497
1247372844218167296
1247372852116029441
1247372856415182848
1247372856683401217
1247372860680744960
1247372869652414464
1247372881631182848
1247372894860201984
1247372898228154369
1247372902418329600
1247372902707728385
1247372903147921408
1247372910727135232
1247372919744815106
1247372932155932675
1247372932336111618
1247372935955795968
