1255893879527792646
1255893903779086336
1255893907835105282
1255893917142261761
1255893920745009157
1255893924788555777
1255893945650905089
1255893950600224768
1255893954366705665
1255893962218450945
1255893970929975298
1255893971206725633
1255893975183044617
1255893988709670912
1255893992249733121
1255894008393601024
1255894012868784129
1255894025602809856
1255894025942503432
1255894029847465984
1255894034209542151
1255894034280845312
1255894063435223045
1255894071756967937
1255894072243486720
1255894080330088448
1255894080707457028
1255894084390133760
1255894088097898496
1255894092611026946
1255894101549080580
1255894113376964610
1255894138693849090
1255894139973091329
1255894143508910080
1255894147262808065
1255894159602442242
1255894159421997059
1255894172969689088
1255894181366706176
1255894198487789568
1255894201369276417
1255894205538488320
1255894214891630603
1255894223368400897
1255894234978271238
1255894243270328325
1255894243706634247
1255894247896580102
1255894265030307842
1255894265252786178
1255894289894256643
1255894290326306816
1255894294277378049
1255894298173857799
1255894306738647048
1255894319589928960
1255894331677741057
1255894337021456384
1255894345070317568
1255894348610146305
1255894360471810050
1255894386589814784
1255894386661044226
1255894390876274689
1255894412065996801
1255894419590516737
1255894419590410240
1255894423990415360
1255894424556617728
1255894432194363393
1255894478822481922
1255894483167784960
1255894490008752128
1255894507595407362
1255894507649933319
1255894512699916289
1255894516445282304
1255894546040229888
1255894562524008449
1255894566588334080
1255894566718386176
1255894571243892736
1255894608531394560
1255894613447016448
1255894633881563136
1255894646976180225
1255894650826764290
1255894679628984325
1255894684146307072
1255894684494450689
1255894688386691074
1255894692656447489
1255894747350216711
1255894747668811776
1255894755529101313
1255894767776522240
1255894767814078464
1255894776756535299
1255894780220895233
1255894797887221760
1255894813842407424
1255894835195555842
1255894835594215424
1255894843210915842
1255894843747860481
1255894852186836993
1255894852321054720
1255894856381206529
1255894856712499201
1255894856712376320
1255894872898392064
1255894885401493504
1255894898969985026
1255894902996635648
1255894923364032512
1255894927973720064
1255894935980695552
1255894940300840964
1255894948697608193
1255894961184104449
1255894981790834688
1255894990582091776
1255894998630850560
1255895011901812736
1255895015504539649
1255895016058355719
1255895027936571392
1255895028398010368
1255895041278689281
1255895045653385224
1255895045678473223
1255895057808359426
1255895087373926400
1255895094869319682
1255895094953152512
1255895095292891139
1255895095414579201
1255895099046678528
1255895103266316288
1255895103379570688
1255895112049197058
1255895114855206914
1255895128402726918
1255895128734130176
1255895137529421828
1255895146052358145
1255895150187778048
1255895154155753475
1255895157762908161
1255895178742829057
1255895191975874560
1255895200179912704
1255895203610648576
1255895204424568834
1255895208367177729
1255895208744685569
1255895216973848576
1255895220626976770
1255895220933267457
1255895232979390467
1255895246799544328
1255895249831915521
1255899626277941250
1255899633240305664
1255899632913338368
1255899633655652353
1255899650202222593
1255899654698553350
1255899658284646405
1255899662587961345
1255899667373740032
1255899675393060871
1255899683593097216
1255899683995578368
1255899692157882368
1255899696196988929
1255899696717012997
1255899700487770113
1255899701112647690
1255899704967270401
1255899706007453696
1255899713733365760
1255899747400867843
1255899763528159232
1255899775737700352
1255899785032335360
1255899792552505345
1255899797241946113
1255899797799817217
1255899809510240259
1255899814384078848
1255899818196480000
1255899818398023685
1255899818758672391
1255899818871963648
1255899818817437698
1255899818809049090
1255899826841178115
1255899842775261186
1255899851398627328
1255899851335692288
1255899851725905926
1255899860303253504
1255899863746830336
1255899864623460359
1255899876887592964
1255899889608716288
1255899893207633920
1255899906864287746
1255899918885142528
1255899931564560384
1255899936073416707
1255899939445641219
1255899944445251586
1255899953089654786
1255899985419415552
1255899994655264770
1255899997960146945
1255899998400569344
1255900036451323905
1255900048287625218
1255900049382551552
1255900053002088449
1255900057347506177
1255900082081116165
1255900086703476742
1255900098971787265
1255900112334848001
1255900120110919681
1255900124531666946
1255900132199014400
1255900132362661888
1255900133146976256
1255900153254424578
1255900157306195969
1255900170564382724
1255900179082993665
1255900182522269696
1255900187664560133
1255900195143004165
1255900195696578561
1255900195918921728
1255900204118822914
1255900211932803074
1255900216080941059
1255900228575690753
1255900229276229633
1255900237954154498
1255900250079887362
1255900250193231874
1255900259009671168
1255900283269455873
1255900305071509504
1255900305226637313
1255900317302087684
1255900325619302400
1255900325980102661
1255900337787076608
1255900346028785665
1255900347333316609
1255900358506881024
1255900363242328067
1255900368086667264
1255900376529801216
1255900379587411968
1255900388965797888
1255900389070843904
1255900418090995712
1255900422612619272
1255900426806988802
1255900430548324355
1255900477415469066
1255900488949624832
1255900493999636480
1255900497824763904
1255900501931163649
1255900509929713665
1255900522869121027
1255900526568407041
1255900526815805440
1255900530972463104
1255900531102547968
1255900535217098752
1255900543727386624
1255900544171937793
1255900559967576065
1255900576631738368
1255900577143435264
1255900577503956998
1255900594453315589
1255900614673993728
1255900615374495745
1255900623117135872
1255900627819016194
1255900644726190081
1255900661562081280
1255900661645901824
1255900664942772224
1255900665215430656
1255900669866905602
1255900677521444866
1255900702854934531
1255900703324684288
1255900703316475906
1255900712594223104
1255900719623872514
1255900724556255232
1255900728050110469
1255900728863973376
1255900731908841472
1255900736778571779
1255900744521322497
1255900744982638592
1255900745359962112
1255900749411876864
1255900753627090945
1255900758001750017
1255900761839538176
1255900769347424262
1255900778880888832
1255900791145025536
1255900791707230210
1255900795528269825
1255900812921974786
1255900816294195206
1255900816352915461
1255900816508096513
1255900828310921219
1255900846031810561
1255900858052722689
1255900891925950470
1255900916806553601
1255900921059565568
1255900933449490433
1255900950578917376
1255900958560858112
1255900959114436608
1255900961350062087
1255900975832813568
