1254228705867636737
1254228728974135302
1254228740319506434
1254228740566970368
1254228749718962177
1254228753976373253
1254228756992004096
1254228786507218944
1254228790626201604
1254228795776696320
1254228807516598278
1254228806904102912
1254228815393501186
1254228816052006912
1254228816039378945
1254228819831070725
1254228825098993665
1254233198357250049
1254233199506591745
1254233216048697344
1254233232150757376
1254233240195534854
1254233245161369601
1254233248940658688
1254233249875804160
1254233270419468288
1254233279265304576
1254233286844522496
1254233291139547138
1254233292171337732
1254233296030089216
1254233308650598400
1254233325918511105
1254233340825100288
1254233345220902915
1254233359011549186
1254233367618490376
1254233383078674432
1254233450208428032
1254233454901895168
1254233459628924929
1254233467807727628
1254233468155781125
1254233496563912704
1254233505455837184
1254233526372794373
1254233526809042945
1254233531406041091
1254233546669150213
1254233547034025987
1254233554826833920
1254233560598241280
1254233580307468290
1254233597508280321
1254233601475895297
1254233610175033345
1254233614306496512
1254233614444670976
1254233652650631169
1254233656756862976
1254233657276895237
1254233672850513923
1254233689564893184
1254233693465395200
1254233697454358529
1254233698410659840
1254233698590846977
1254233706514059270
1254233715393196032
1254233715586134016
1254233726889803783
1254233743734292483
1254233772981055488
1254233787287863296
1254233802466947073
1254233819399499778
1254233837233754114
1254233837846085648
1254233841230688256
1254233856237961216
1254233865473986561
1254233869433397248
1254233870192476160
1254233874240098305
1254233879461990402
1254233888144019456
1254233891096928256
1254233900236275713
1254233902920740866
1254233907475644416
1254233928627560452
1254233945438212100
1254233946352746502
1254233949531967488
1254233949901139968
1254233965889634306
1254233978703196161
1254233980355989505
1254233995459522560
1254234016917659649
1254234016917618688
1254234033443176451
1254234041991270400
1254234051923197952
1254234055446429697
1254234063084421123
1254234067232579585
1254234071183634433
1254234071724625921
1254234079471505408
1254234079865823234
1254234092914212866
1254234105824161792
1254234109423030273
1254234114015858695
1254234118407192576
1254234126191751168
1254234130159742977
1254234134551068672
1254234143753416705
1254234155866566657
1254234168654991365
1254234179790725120
1254234181774856195
1254234201114607616
1254234205837389824
1254234219062190080
1254234222191013889
1254234230231572481
1254234231284236288
1254234231519219721
1254234247415640064
1254234264930881537
1254234268651356162
1254234278449291264
1254234284962930689
1254234290356961281
1254234294119288832
1254234293485756416
1254234307016773635
1254234318982897664
1254234319306076163
1254234323248529408
1254234340961202181
1254234343482052608
1254234365963440132
1254234390038638592
1254234398419009536
1254234399509483520
1254234402277806081
1254234407822450688
1254234411450720259
1254234419478528000
1254234423504977920
1254234423597371392
1254234428240302080
1254234428873809928
1254234429330948104
1254234431822295041
1254234446066266118
1254234458515017734
1254234461685891072
1254234461778202626
1254234462474272768
1254234481843568645
1254234499187200001
1254238782066286593
1254238799162466307
1254238802731765763
1254238839406768128
1254238845165604869
1254238845295419392
1254238849435226112
1254238857999945728
1254238861099745283
1254238861942763522
1254238869257478144
1254238873389076481
1254238878975705088
1254238882905939968
1254238886903066629
1254238895375618048
1254238906842832900
1254238907249680386
1254238915189329920
1254238923934457857
1254238925020856320
1254238957140754432
1254238983309201413
1254239000249937920
1254239008747651072
1254239013180977153
1254239021821239297
1254239033955319809
1254239036622999554
1254239036668956672
1254239038103523339
1254239042415157249
1254239045439324160
1254239051114258432
1254239054360608778
1254239054545158148
1254239071318298625
1254239080214396928
1254239083221544961
1254239083540500481
1254239091668873216
1254239103882866694
1254239121398169600
1254239159595593728
1254239164293427200
1254239167384608769
1254239167451557889
1254239171612487683
1254239192890003458
1254239196262391813
1254239200460800001
1254239201282928642
1254239209768071168
1254239213651988491
1254239225563799553
1254239234162073603
1254239251396526086
1254239251794808832
1254239254827466753
1254239260552593414
1254239270203805696
1254239285907079169
1254239288775987200
1254239289308839942
1254239301639892992
1254239311005806593
1254239335190278150
1254239343394381824
1254239347970396160
1254239355595452416
1254239368115617793
1254239380794900481
1254239385811251203
1254239386134347777
1254239406791237632
1254239406937923584
1254239431613186053
1254239435534684160
1254239444061716482
1254239445013770241
1254239449522692096
1254239461807972354
1254239465402437632
1254239478308147200
1254239498193469445
1254239506380869632
1254239525498388481
1254239541680095232
1254239548902723584
1254239549510889474
1254239550588637184
1254239552891314177
1254239561586216963
1254239569391898624
1254239570822139906
1254239574626193409
1254239583308599298
1254239590925418497
1254239599427125248
1254239599729283075
1254239607392174081
1254239611813089281
1254239633325490176
1254239633858330624
1254239650589392896
1254239658919317505
1254239662031413248
1254239662006317062
1254239683644514304
1254239687109013508
1254239692486254593
1254239692532469762
1254239696156192768
1254239699927019520
1254239713113735168
1254239734563471361
1254239746739499008
1254239747129643013
1254239776292704261
1254239779262050306
1254239783838265344
1254239787726376962
1254239796957855745
1254239800720318466
1254239770261295111
1254239805350821888
1254239821394034688
1254239822631313408
1254239826678878210
1254239830038511617
1254239838846451714
1254239839521652738
1254239846794760196
1254239850825428992
1254239855988502528
1254239858953818113
1254239863634788352
1254239864360300544
1254239876125319169
1254239884778364930
1254239889090121733
1254239893527592960
1254239896551796738
1254239897965264896
1254239910040657923
1254239910287904768
1254239918865256448
1254239922350960640
1254239923294568450
1254239923345018886
1254239935458148356
1254239936053739521
1254239938645762049
1254239938704367618
1254239943376769026
1254239948271579137
1254239961014054914
1254239960573624320
1254239973290790916
1254239978281996290
1254239980588761088
1254239985894592517
1254239985986940928
1254239988922953729
1254239998246883335
1254239998641090561
1254240002139185152
1254240003347136512
1254240027699273729
1254240032430239744
1254240036175917062
