1247815237149089792
1247815247299325953
1247815272649691136
1247815276244189189
1247815276361445376
1247815276470480898
1247815280862138368
1247815301565050880
1247815314324291584
1247815317700538368
1247815322696134658
1247815338621878272
1247815339569811457
1247815351267540993
1247815355457830912
1247815364018233344
1247815368132841474
1247815368422363137
1247815372478263296
1247815381047222273
1247815381265403904
1247815381588135942
1247815385178607616
1247815385656610816
1247815385690365957
1247815419018108929
1247815419412516865
1247815430799896577
1247815443676450816
1247815444142194688
1247815448063815680
1247815449225592832
1247815433463488514
1247815460755836928
1247815465595961344
1247815473699459072
1247815482142420994
1247815489750999041
1247815493794148352
1247815497816477703
1247815502170218508
1247815540669734913
1247815553063870465
1247815561779777536
1247815582906548224
1247815594998673410
1247815620122509312
1247815628204814336
1247815637319053315
1247815645506330624
1247815649704935426
1247815658244456448
1247815669955153922
1247815682915545091
1247815683502571523
1247815687374090240
1247815695410184193
1247815711990231041
1247815712229462018
1247815712908828672
1247815716201431040
1247815716289441792
1247815733381230592
1247815741497159683
1247815741988012032
1247815754889580544
1247815771603914754
1247815778436612097
1247815787882205185
1247815804998934528
1247815829414129664
1247815833121894401
1247815833427959809
1247815855670509569
1247815859407589376
1247815863929114626
1247815867112488961
1247815879796105216
1247815880299417601
1247815884791402497
1247815889241673729
1247815901304455169
1247815909223231490
1247815922167025664
1247815922473205760
1247815947219546112
1247815951405461505
1247815951619198977
1247815952370106368
1247815954366468097
1247815958883794949
1247815963967287297
1247815968207843329
1247815985433686020
1247815992849264641
1247816010327097345
1247816010503262208
1247816014936621056
1247816019231395845
1247816023253925888
1247816027301347328
1247816039800270848
1247816043390631937
1247816065180196864
1247816077339439104
1247816077700222977
1247816085702938625
1247816085283287043
1247816102320779265
1247816102358290432
1247816111430799361
1247816123430490113
1247816131429031936
1247816131366264833
1247816145039536129
1247816157446287360
1247816166288109568
1247816169089875969
1247816168603373568
1247816178019385344
1247816186634649600
1247816195400663043
1247816198911393792
1247816199100084224
1247816199066484737
1247816203894026240
1247816206444183554
1247816211431215104
1247816212316389376
1247816220071456768
1247816224089747456
1247816224731303936
1247816244608319490
1247816245883416576
1247816249616154624
1247816257350414338
1247816269602185217
1247816290716319749
1247816299515764736
1247816304356179973
1247816323931033601
1247816333372227585
1247816349729972224
1247816358374621184
1247816395586326528
1247816395922030592
1247816396173541376
1247816396181884929
1247816404641906688
1247816409763196928
1247816412669702152
1247816420886528000
1247816425177112576
1247816442076106752
1247816442386493445
1247816455166611456
1247816479422242816
1247816483888967681
1247816496094445571
1247816505045274624
1247816517934149634
1247816522396925952
1247816525655838721
1247816538893123584
1247816559340519427
1247816572619685888
1247816572573552640
1247816592546816000
1247816593435844610
1247816601442934784
1247816609760067584
1247816614776430592
1247816618811379712
1247816626512244736
1247816639527235587
1247816651879469056
1247816652101746689
1247816652487622657
1247816676885835776
1247816681231130624
1247816693457379328
1247816693608378368
1247816689993089024
1247816698205519873
1247816723006394368
1247821072352694272
1247821093940822016
1247821098332434439
1247821114274955265
1247821118330847232
1247821119312277505
1247821134973861889
1247821135393234946
1247821143899283462
1247821168683421697
1247821177793413120
1247821180725153792
1247821190372241408
1247821198064586752
1247821198475563010
1247821198865678336
1247821202560876544
1247821220122263557
1247821223310045185
1247821232508153856
1247821229886771200
1247821265236262912
1247821265349611522
1247821274354761728
1247821295078854656
1247821316188766209
1247821323272888320
1247821328574537728
1247821349336363009
1247821357603151872
1247821370265911296
1247821370710323202
1247821386816663552
1247821387332550657
1247821391761674240
1247821395251335169
1247821395750510592
1247821408303865856
1247821413072822280
1247821416600186880
1247821432987488258
1247821446610444289
1247821449949151234
1247821453472477186
1247821466621612032
1247821479141609472
1247821538746826754
1247821542693711873
1247821551178625024
1247821554202955776
1247821555528167424
1247821571902881793
1247821585215623168
1247821588516372480
1247821589057425409
1247821596863037440
1247821605029347329
1247821605176135680
1247821625925517312
1247821634343440384
1247821634549006336
1247821635161329664
1247821638760103936
1247821655855988737
1247821663879692288
1247821672369065985
1247821672842956800
1247821676265508864
1247821676630269954
1247821689246887936
1247821698034028551
1247821710239436803
1247821710335844354
1247821727306055681
1247821743156158465
1247821725430992899
1247821752006295552
1247821752094375937
1247821760390746123
1247821760537427968
1247821769253228544
1247821781957738503
1247821790073651200
1247821797938118656
1247821798332391426
1247821803206164481
1247821802950123520
1247821827273109506
1247821840195760128
1247821844251439105
1247821849318178816
1247821891102019584
1247821902653120512
1247821906918682624
1247821911008018432
1247821915713982465
1247821915885932544
1247821927932026880
1247821927940362240
1247821932621369344
1247821941366378497
1247821941391667200
1247821962463895553
1247822004457275394
1247822012770185216
1247822016297697280
1247822041371119622
1247822045607596032
1247822046224056326
1247822046400135171
1247822062053441536
1247822074732859392
1247822079484780545
1247822083515723776
1247822100171120640
1247822100695412736
1247822105141547008
1247822108224360448
1247822108568121345
1247822109314879490
1247822113588891648
1247822120962478081
1247822133885054980
1247822137915666432
1247822154646904832
1247822159319351296
1247822162980896768
1247822163496730624
1247822175530184705
1247822192093597696
1247822197286227968
1247822201165737985
1247822213610377217
1247822221822824450
1247822226046332930
1247822230190469126
1247822234338709505
1247822242647429121
1247822255029014528
1247822297114836992
1247822310490308608
1247822318107340802
1247822327406002177
1247822330757144577
1247822339586371584
1247822347744284672
1247822351778975744
1247822356506120192
1247822380875108354
1247822401972338694
1247822410394537984
1247822419051442180
1247822426785943557
1247822430778863617
1247822435669487618
1247822448772472834
1247822465197375490
1247822469311889408
1247822473665687556
1247822473766240256
1247822485556527104
1247822485766242304
1247822506871754752
1247822487817084928
1247822515067588608
1247822519568084993
1247822528208408577
1247822536093700097
