1245473294435917825
1245473294536474624
1245473298177118208
1245473306582683654
1245473318943232004
1245473331748515841
1245473335716216833
1245473348362145800
1245473360777224192
1245473360999403520
1245473377474744324
1245473390598557696
1245473399356391425
1245473419916906496
1245473436702392320
1245473441139920896
1245473445330247680
1245473491471613952
1245473499696766977
1245473499961057286
1245473507804209152
1245473512145510401
1245473536933797892
1245473570723168256
1245473570932887552
1245473579204042752
1245473583448629248
1245473600196485127
1245473600058134529
1245473608987586560
1245473617007149056
1245473650737680384
1245473658975522824
1245473667271643137
1245473671361236993
1245473671185084426
1245473671667281921
1245473679619874817
1245473680047722498
1245473688067231751
1245473696585781257
1245473701178605569
1245473712989769730
1245473717360054273
1245473730102525954
1245473734401589248
1245473738658844672
1245473744639922179
1245473751195680772
1245473767658336258
1245473767805145095
1245473780664872962
1245473784699781120
1245473797052010496
1245473797647601664
1245473805893619718
1245473810171609088
1245473822716854272
1245473826491662336
1245473826831585282
1245473826898509824
1245473835215990784
1245473839062056960
1245473843407446016
1245473851896668165
1245473860331409409
1245473868728414213
1245473876806598656
1245473885082050561
1245473889347465219
1245473889595150337
1245473893676179458
1245473893722099714
1245473923237625862
1245473927461244929
1245473931386970112
1245473931605102598
1245473935807795200
1245473935778623492
1245473939746258945
1245473956422914048
1245473965138731008
1245473977469939714
1245473977490866176
1245473998378430465
1245473998936342537
1245474015528902656
1245474015503716352
1245474015688474627
1245474019622649864
1245474023745687553
1245474028019519488
1245474048563384322
1245474064774414341
1245474065961361408
1245474074135891970
1245474082596032513
1245474086656114694
1245474090200248320
1245474094985904128
1245474095380258816
1245474099150946312
1245474120306999299
1245474124861968385
1245474136958406657
1245474137151352833
1245474149813944320
1245474174472261632
1245474178838540292
1245474183502426114
1245474183393443841
1245474195393392640
1245474203920478214
1245474225260904448
1245474225324019718
1245474228905947136
1245474229241380868
1245474237759885312
1245474254184951808
1245474254080049153
1245474258765008896
1245474283478036480
1245474308937433089
1245474309100929026
1245474317522980865
1245474321776050176
1245474325672714243
1245474325710372864
1245474350762991616
1245474355418546176
1245474359113928706
1245474359109726208
1245474366571384837
1245474376234885123
1245474396782854150
1245474405611757568
1245474434808524802
1245474451216633859
1245474451275350018
1245474455654203392
1245474456069263360
1245474463711404033
1245474468178296832
1245474472116641792
1245474481075863552
1245474485416767490
1245474489711972352
1245474493809786880
1245474510280765444
1245474527578112004
1245474535631093762
1245474535811567616
1245474539821121536
1245474544103518210
1245474560410976257
1245474560310300672
1245474573031813123
1245474573174398977
1245474589926449152
1245474590203265035
1245474593927766022
1245474598210109442
1245474619647279104
1245474623187189762
1245474631689154562
1245474640375345152
1245474653067501568
1245474661581783040
1245474694930653185
1245474745312657408
1245474749205164033
1245474754016010247
1245474774589079555
1245479081342361604
1245479090498318336
1245479094965452801
1245479103081349126
1245479106910670848
1245479111646117888
1245479132525363200
1245479136673611778
1245479157561262080
1245479162166550528
1245479178432102405
1245479178738294784
1245479203623051264
1245479207859175424
1245479211910885376
1245479224456159232
1245479228646146050
1245479233083801601
1245479233574653954
1245479249915588611
1245479250200846336
1245479254072201221
1245479270782205952
1245479271210024968
1245479279166509057
1245479279418314755
1245479291686727682
1245479296292003840
1245479300045910016
1245479304538009601
1245479308333920257
1245479321319464960
1245479325547270152
1245479329351397376
1245479333222850568
1245479342085472257
1245479358887837696
1245479367104434177
1245479371093262336
1245479380010307584
1245479384410206208
1245479388365254656
1245479388398989322
1245479396305252353
1245479396452040705
1245479413241851904
1245479430522163200
1245479434750173184
1245479438571245571
1245479455331479553
1245479459412557827
1245479480405057536
1245479481105682433
1245479488516915202
1245479489171144704
1245479489250918401
1245479500604936199
1245479510138650626
1245479521593237520
1245479534973136896
1245479543210684417
1245479543667900417
1245479556410150913
1245479560264716294
1245479560478707713
1245479564089884673
1245479593873682433
1245479615151431680
1245479623061798913
1245479632054427649
1245479635476979714
1245479639801348096
1245479652753170432
1245479664958799874
1245479681845010433
1245479690132914177
1245479690531475457
1245479694201507841
1245479706935386113
1245479720000598016
1245479736404512774
1245479749046198280
1245479749713043461
1245479778645430272
1245479782449655815
1245479782663327744
1245479786648141830
1245479790695628800
1245479795275825152
1245479807762206720
1245479815928561664
1245479828851212290
1245479833213296644
1245479837223059463
1245479841408987138
1245479854340018180
1245479861692530689
1245479874619416576
1245479878910251008
1245479878964547584
1245479879417696263
1245479895721009152
1245479904059121665
1245479916176539654
1245479916847726593
1245479950385381377
1245479954378350592
1245479958904016903
1245479975341490176
1245479984032092160
1245479996451405828
1245480013346099205
1245480034393108480
1245480063413477380
1245480067985297410
1245480067960053762
1245480088545738757
1245480092593197056
1245480135014453249
1245480138940256256
1245480168313040898
1245480168627425280
1245480184880431112
1245480197618454528
1245480198109384705
1245480198163902467
1245480201859092482
1245480206468612102
1245480210599776256
1245480215041761280
1245480218757861376
1245480231248343041
1245480239741861888
1245480243697197056
1245480247954493451
1245480260851740678
1245480282012241923
1245480310806020097
1245480323510657030
1245480323875581953
1245480328292155393
1245480331899211779
1245480336357838850
1245480336504418304
1245480340447211533
1245480344733671424
1245480348793712641
1245480352857993217
1245480352916758528
1245480365700964353
1245480369559932928
1245480382348345344
1245480382646099969
1245480386643156992
1245480385645076480
1245480391030571009
1245480403621892098
1245480403671994368
1245480407711264780
1245480428565344258
1245480428779253761
1245480441190252545
1245480441668227072
1245480444826714118
1245480444969263104
1245480449754853376
1245480453991272454
1245480462157598720
1245480475180896257
1245480495623933954
1245480504222154755
1245480508403978240
1245480520718389249
1245480537260777473
1245480537738874882
1245480537738731521
1245480541635465219
1245480542063206400
1245480558915919873
1245484821385625600
1245484840834732035
1245484870278746114
1245484883222413313
1245484891434819585
1245484904067895297
1245484907855515649
1245484924863492102
1245484929099526144
1245484941607084034
1245484958392692742
1245484958560538628
1245484971193753600
1245484975371300866
1245484983721930752
1245484991724675073
1245484991917821957
1245485004425068544
1245485029997846529
1245485033865072641
1245485038126456833
1245485046372368384
1245485046720532480
1245485054924591105
1245485059093737472
1245485063246143490
1245485063623413761
1245485071001247745
1245485076055547906
1245485100957081601
1245485100734787585
1245485121668513795
1245485130312892417
1245485134662402049
1245485134758973445
1245485142719836163
1245485146930905088
1245485151146127361
1245485171975114754
1245485176488165379
1245485188806778880
1245485189154983943
1245485192971681798
1245485193240219653
1245485197631672323
1245485210050932743
1245485209941925890
1245485214157148160
1245485222529040394
1245485231538348033
1245485234923151365
1245485239448809474
1245485243395723264
1245485243580272641
1245485247451586561
1245485272948781057
1245485289574817793
1245485297854369793
1245485310462615552
1245485327831228417
1245485339726184449
1245485344235159552
1245485356612554752
1245485369182822400
1245485369258160128
1245485390678482944
1245485394701029377
1245485398853214208
1245485398949847042
1245485411427848193
1245485415693537281
1245485432625758208
1245485432613322754
1245485432755773440
1245485436207759367
1245485436195069953
1245485436568387586
1245485457582030851
1245485461830680576
1245485482731020290
1245485486732443648
1245485491207766018
1245485503555780608
1245485503807475719
1245485507510927361
1245485507854950406
1245485537231847424
1245485546035609603
1245485566503895042
1245485566600179713
1245485570702430208
1245485579057405952
1245485579115982848
1245485587450097665
1245485599684878336
1245485608438358016
1245485612519624704
1245485625576435712
1245485634019622915
1245485633969192960
1245485642324135936
1245485650822004741
1245485667397877761
1245485667401990147
1245485667636912128
1245485675266392078
1245485675765329920
1245485697034620929
1245485713304555521
1245485717263802368
1245485729783975937
1245485734015971328
1245485768413347840
1245485771806695424
1245485772188327940
1245485793113780226
1245485801150038019
1245485809999978502
1245485813955100672
1245485813997150210
1245485814202560512
1245485818099249154
1245485830778413056
1245485835375579139
1245485835392294918
1245485847425748995
1245485847459139587
1245485847526473729
1245485864370737155
1245485868401344514
1245485881106018309
1245485881294819331
1245485893437124608
1245485894053900289
1245485902110928896
1245485906485743616
1245485906523344896
1245485918552821761
1245485919270055938
1245485922935640065
1245485943538270213
1245485943781568512
1245485956448174080
1245485965126389761
1245485969169678345
1245485977528946690
1245485977839087621
1245485977801355266
1245485985779064833
1245485986454347777
1245486002518384640
1245486014862430210
1245486019572613120
1245486023708217344
1245486036484001792
1245486039998722048
1245486052976050178
1245486057145196551
1245486082726285312
1245486086752808962
1245486090762452998
1245486095451619329
1245471657562603520
1245471948076978177
1245472140784254976
1245473756618817536
1245476064303996928
1245477294396682240
1245477603227701253
1245477780512538624
1245482902990749697
1245483566387118080
