1251680706675310592
1251680713235185664
1251680717651742722
1251680725281234945
1251680738405003264
1251680743279013890
1251680747674406914
1251680755241160706
1251680776401440772
1251680779979108355
1251680785003921410
1251680788183212032
1251680796743614464
1251680801261080577
1251680804897357824
1251680805111377927
1251680805484498946
1251680814561034240
1251680814875754496
1251680834374885376
1251680834937069570
1251680843636015104
1251680847289335808
1251680851550564353
1251680872736194561
1251680880558571520
1251680880982216705
1251680889827807232
1251680893049151488
1251680905564958721
1251680911453806592
1251680914595168256
1251680918789554176
1251680926637133824
1251680931670196230
1251680935189393408
1251680964473954304
1251680973848064000
1251680982115155968
1251680990138904576
1251681002860302348
1251681002990125056
1251681010959486976
1251681011156598784
1251681023546601476
1251681035714129920
1251681045377925121
1251681048695582721
1251681077766299659
1251681077636337665
1251681078525321218
1251681090428952576
1251681094350536705
1251681095197868041
1251681098523869184
1251681111433936896
1251681123928768512
1251681124167778304
1251681145944567808
1251681166295552000
1251681178786189312
1251681178991689728
1251681179062984704
1251681186621120514
1251681196213493765
1251681207710081025
1251681229642096640
1251681242354868225
1251681250521145344
1251681250663940097
1251681262013743104
1251681288349782016
1251681292124651522
1251681292262965248
1251681296918732802
1251681304090902528
1251681305131171840
1251681317399355392
1251681321480605697
1251681338299686917
1251681341881679872
1251681379588374534
1251681396608950273
1251681409309175808
1251681410068463617
1251681414241677312
1251681414308941824
1251681425998274560
1251681426442981376
1251681447057985537
1251681447754084352
1251681446936424448
1251681447561195520
1251681455241076737
1251681455727497216
1251681472500686848
1251681481224830976
1251681493799194626
1251681505635495936
1251681535947931650
1251681551500353537
1251681555656785920
1251681556088799236
1251681569330339840
1251681573218455559
1251681589588684800
1251681590054252544
1251681590112972800
1251681593879457792
1251681602595323907
1251681611352924160
1251681614633086982
1251681620148408320
1251681623063572480
1251681632131723265
1251681635805925381
1251681639777710081
1251681639786336256
1251681640566439937
1251681644404264961
1251681661655437312
1251681665505730565
1251681668974297088
1251681686410219525
1251681698732859392
1251681703019544577
1251681711454220290
1251681721604440064
1251681732086116352
1251681745566527489
1251681774465417220
1251681774767390720
1251681778596798475
1251681779456458753
1251681799354400768
1251681799706759168
1251681812771934209
1251681846062014465
1251681849459372033
1251681849736298496
1251681853939101701
1251681862461689856
1251681878672900103
1251681896171474944
1251681904077619200
1251681905428369411
1251681912965349376
1251681925061726209
1251681907907022850
1251681929931501569
1251681937804181505
1251681946037637121
1251681963594801153
1251681963859206145
1251681975800381447
1251681996947877888
1251682001188503553
1251682009568751620
1251682021686022150
1251682022113886209
1251682025783754752
1251682034109554688
1251682034231111680
1251682059606728709
1251682068012113922
1251682068553175040
1251686395699232773
1251686412673482752
1251686413831213056
1251686433804304385
1251686443166109702
1251686447087783938
1251686454939365378
1251686468105523202
1251686476133302272
1251686480084373506
1251686496719056897
1251686501236146177
1251686518445543431
1251686526595076096
1251686526842556416
1251686546945777664
1251686568504578048
1251686581095870464
1251686601572433922
1251686602553937920
1251686608719376384
1251686623303122944
1251686627585466371
1251686627711373312
1251686627899879424
1251686631838547968
1251686651576778752
1251686652646494209
1251686664646258695
1251686665480859650
1251686673785782272
1251686694082031617
1251686694589349890
1251686698515382274
1251686698515390464
1251686723207278593
1251686727221207046
1251686748427608064
1251686749174026240
1251686752462479361
1251686752542220289
1251686753553047553
1251686760804950016
1251686761954238466
1251686762184945664
1251686766559412224
1251686769340362752
1251686769638154240
1251686770011451393
1251686795210903568
1251686799560314881
1251686811593826308
1251686815553241088
1251686824638132225
1251686825086742529
1251686844699496449
1251686861547999234
1251686861904453634
1251686865746505730
1251686874147627009
1251686878883065857
1251686883454783490
1251686891411271685
1251686903998537728
1251686908125683712
1251686914610081793
1251686934151340034
1251686937943068672
1251686941206208515
1251686941889892352
1251686950014119936
1251686953864462336
1251686958310592515
1251686967236087813
1251686975284883458
1251686988018667521
1251686991735017474
1251687004531654656
1251687026233151488
1251687042519568384
1251687054733262848
1251687055026991105
1251687072647254023
1251687088233369602
1251687088237367297
1251687092796698628
1251687114342674435
1251687130499371011
1251687134899175428
1251687135373135872
1251687172719157248
1251687180495396867
1251687201903124486
1251687209868148739
1251687218961408000
1251687230894153729
1251687235860103169
1251687247725957127
1251687248044584960
1251687256416497664
1251687264213663744
1251687269184012288
1251687298250530816
1251687327795208196
1251687340080336897
1251687344412880897
1251687344429727744
1251687344945520640
1251687352172515330
1251687357209862152
1251687357016879107
1251687361458704386
1251687382400843777
1251687390143557632
1251687390457950211
1251687411026784256
1251687411941117954
1251687419822260224
1251687424725594114
1251687427883913216
1251687432447287299
1251687440827498496
1251687445055275008
1251687449748746241
1251687454031122432
1251687471030562817
1251687478303567874
1251687482367901697
1251687512956862464
1251687512814292992
1251687521555230727
1251687524281356288
1251687524512260097
1251687546016366599
1251687562864984064
1251687583584858112
1251687587644764161
1251687592082497536
1251687592095027202
1251687595895070720
1251687596163510272
1251687604120162304
1251687609585319937
1251687612315811840
1251687612588478464
1251687617122492416
1251687621551669249
1251687621681491968
1251687629311049728
1251687659300442112
1251687668079091713
1251687677646290944
1251687680020058112
1251687688605962240
1251687701046312963
1251687701264334848
1251687708935651329
1251691974882545667
1251691976681979905
1251691983309090818
1251691983938236417
1251691987557707776
1251691987637428224
