1254472291565498369
1254472303100022788
1254472307944370176
1254472315578056704
1254472320007143424
1254472328743968768
1254472336968945666
1254472337304571905
1254472337736548360
1254472362344538114
1254472366182326276
1254472366886842369
1254472375367872513
1254472375434973187
1254472375627849730
1254472399921262594
1254472400189689866
1254472416648183808
1254472425686867968
1254472430153760769
1254472446398410752
1254472450148089856
1254472454900117505
1254472458284875776
1254472459685773312
1254472463339094018
1254472475221602305
1254472483798831104
1254472496369278977
1254472500559388676
1254472525486194688
1254472525821751297
1254472530066374656
1254472534545895425
1254472538551250944
1254472551532658688
1254472571610730496
1254472571594117123
1254472580892897280
1254472593790382082
1254472601499467777
1254472605152788483
1254472617609900033
1254472622710153217
1254472630381445120
1254472643010375681
1254472643589242880
1254472659838078976
1254472660341399553
1254472677076733954
1254472677017948160
1254472685100445701
1254472693270773760
1254472697532289030
1254472718524743682
1254472722945638401
1254472722941227008
1254472731464208386
1254472744521138177
1254472751848534022
1254472764741742593
1254472764833976320
1254472765224243201
1254472769246580737
1254472781892214786
1254472785688215552
1254472786044547073
1254472790356275201
1254472799147696128
1254472801626591232
1254472815451025408
1254472819955638273
1254472827903803400
1254472831615873025
1254472832232423432
1254472848267231232
1254472853786746880
1254472853870784519
1254472853812129798
1254472857196941314
1254472861336645633
1254472869523755008
1254472869679071240
1254472883088261121
1254472890579378177
1254472907482374150
1254472907935399936
1254472919650111488
1254472921042620417
1254472940994940931
1254472945268862981
1254472962121404418
1254472970044506113
1254472978324127745
1254472983504175107
1254472990995156992
1254473004001755149
1254473016098111490
1254473016227946496
1254473033777065984
1254473042664833024
1254473058963734528
1254473066794582023
1254473067583008768
1254473069697142784
1254473079281135618
1254473079436316674
1254473087858487296
1254473112852234240
1254473112802000896
1254473130254401536
1254473141834985476
1254473142111698945
1254473167902564353
1254473184734113792
1254473192686718977
1254473197128384513
1254473204896153601
1254473209908428801
1254473221673570308
1254473221853843457
1254473234277425153
1254473234940116992
1254473239142825984
1254473242674429953
1254473251612512256
1254473255542538243
1254473269052354560
1254473272072306688
1254473276388073475
1254473280725147648
1254473298005671937
1254473313990082562
1254473318385795075
1254473323129589763
1254473326702940162
1254473331698552840
1254473339466207232
1254473339395092486
1254473356448903170
1254473356591718402
1254473360970571779
1254473360504913920
1254473376846004224
1254473377370312704
1254473381656788997
1254473389407981568
1254473389886013441
1254473394021707777
1254473402825531394
1254473423205675008
1254473427412496384
1254473427362050049
1254473431992750083
1254473436711333888
1254473440511381504
1254473457212907521
1254473477589028865
1254473478465482752
1254473482626359297
1254473498849882114
1254473502960291846
1254473511625805829
1254473519389433858
1254473528621125638
1254473536980365314
1254473549315821569
1254473557993762818
1254473569892892677
1254473574586466306
1254477836670337025
1254477848963923974
1254477857365135363
1254477865472733188
1254477873437540352
1254477873873932290
1254477884783296514
1254477895134740488
1254477903561179138
1254477924192919554
1254477927598526464
1254477941125320704
1254477944694755336
1254477945114165256
1254477948872036352
1254477948943564801
1254477961383702528
1254477982346825729
1254477982976086024
1254477986662961154
1254477995722473472
1254478012457852934
1254478037661319170
1254478050340864003
1254478053713104896
1254478053889228811
1254478070649688064
1254478075238256640
1254478078723723267
1254478083631058950
1254478091386269705
1254478100169138176
1254478108326940673
1254478116711530502
1254478126001713153
1254478129621426177
1254478133320773632
1254478138299633668
1254478159048634369
1254478159430537219
1254478163519864837
1254478187943170049
1254478188119494656
1254478192183664640
1254478200257654785
1254478215864868866
1254478221724139520
1254478225725624325
1254478238258249728
1254478246504288261
1254478246881755136
1254478254779531270
1254478297641086978
1254478301080334336
1254478330390347781
1254478331166314498
1254478334639198210
1254478343598223360
1254478347335274498
1254478348174200833
1254478352565575680
1254478359305883650
1254478363906826242
1254478364859142144
1254478368902430722
1254478397801144321
1254478405887758336
1254478405980041217
1254478410434228226
1254478414490337280
1254478419439558657
1254478426976612353
1254478439144402945
1254478457066663943
1254478460547891201
1254478469389574145
1254478477035790336
1254478477312524289
1254478477648171008
1254478477681623041
1254478481582407687
1254478481766756352
1254478490319151105
1254478502574817281
1254478510971924481
1254478519528292353
1254478520174215169
1254478532606152704
1254478557004341251
1254478565288140801
1254478566143688705
1254478593478008834
1254478599396229120
1254478602890104833
1254478611836518402
1254478633470738432
1254478640466853889
1254478645810343936
1254478649304272899
1254478661895565312
1254478670204452865
1254478695584206849
1254478694850220034
1254478728886841344
1254478738189963264
1254478736604508162
1254478736684134407
1254478770951593984
1254478771668709377
1254478771647844354
1254478783295488002
1254478784050475011
1254478791658913797
1254478796180217859
1254478801054072833
1254478809228881926
1254478817776762882
1254478826026881025
1254478837988995074
1254478842208681984
1254478843034951688
1254478846361047040
1254478854523060227
1254478871350718496
1254478871363227648
1254478905525694465
1254478917467082752
1254478921766068224
1254478931299667968
1254478934454030337
1254478938270773256
1254478943442415620
1254478943534473216
1254478947808665602
1254478955161280524
1254478976631754752
1254478977076428800
1254478980658483200
1254478989407780864
1254479001424400394
1254479010454663168
1254479022966243328
1254479035205328898
1254479055929389062
1254479056009076737
1254479072735965191
1254479077186179073
1254479081099452416
1254479081057464326
1254479089580355584
1254479093678010373
1254479103459307520
1254479089999675396
1254483389068873730
1254483401148686337
1254483410451607552
1254483418143997953
1254483418366259203
1254483418496327681
1254483427111268354
1254483427304206336
1254483431389425664
1254483435013525505
1254483438389862401
1254483439862059008
1254483439908257792
1254483448741298176
1254483451438227456
1254483452197588992
1254483456022777857
1254483464579174401
1254483469515833347
1254483473152323586
1254483481339584512
1254483481402335233
1254483485034639361
1254483489535254528
1254483498406236167
1254483501715468289
1254483511559352320
1254483519557992448
1254483523370508288
1254483523622313986
1254483543876685825
1254483561790476298
1254483568967012358
1254483577359740928
1254483581826711553
1254483594883424256
1254483598670999552
1254483598851309568
1254483603238551558
1254483611329466368
1254483611962785792
1254483615230169089
1254483620061995009
1254483628630986753
1254483631927627776
1254483641092247555
1254483661354926083
1254483690454908928
1254483695173619712
1254483707651637250
1254483741063417863
1254483746117627907
1254483750018318338
1254483770754949121
1254483778744889344
1254483783614685185
1254483791399264256
1254483791768363009
1254483791822950408
1254483808029675520
1254483817320058881
1254483826132353024
1254483834193604608
1254483850643849218
1254483854523424768
1254483861926563840
1254483863205752832
1254483863792836608
1254483871615332356
1254483871720255488
1254483884483457024
1254483887733997569
1254483900253888518
1254483917354209285
1254483933623996422
1254483938015416322
1254483947175772160
1254483954956218370
1254483968516374528
1254483972500762624
1254483996869828610
1254483997511618566
1254484001848524803
1254484006176911360
1254484013995241475
1254484017925304320
1254484021951844352
1254484039123316739
1254484040343846917
1254484056047312905
1254484060304560132
1254484076427427841
1254484089878376448
1254484094144131072
1254484101886812162
1254484106362134530
1254484115157594112
1254484119284854790
1254484136091361281
1254484144492630016
1254484164545519619
1254484180957712385
1254484199249149952
1254484202361442304
1254484228768579584
1254484257356959745
1254484274247598080
1254484282967457795
1254484286297776130
1254484287124123649
1254484307290337281
1254484319768174592
1254484319978115072
1254484320594661377
1254484320556744704
1254484336944054272
1254484349099139072
1254484366605991936
1254484367113674752
1254484370586587137
1254484371341484032
1254484382917595136
1254484404682084352
1254484407911620612
1254484412688990210
1254484416501551104
1254484417013145600
1254484438312005635
1254484441474273280
1254484458767634438
1254484467714011137
1254484480653266944
1254484492686942211
1254484496012869632
1254484496285483008
1254484505466998787
1254484521069817856
1254484529571602433
1254484534172794880
1254484534302658560
1254484538329305090
1254484547426824195
1254484551511883776
1254484558722076672
1254484559737094144
1254484585825665024
1254484588560125952
1254484597095759872
1254484626250305540
1254484639764250624
1254484644084494347
1254484655576887296
1254484694101561344
1254484697570213898
