1247844060867559424
1247844074226409473
1247844099245223938
1247844103074832384
1247844103477313537
1247844103502651392
1247844107168280576
1247844128689401860
1247844132162330629
1247844141280575488
1247844149916622848
1247844162482786311
1247844166282903553
1247844175145578497
1247844179218219008
1247844187581689857
1247844191922565120
1247844195852845058
1247844196268093446
1247844204501401600
1247844207957401601
1247844208209276930
1247844212084822016
1247844212479012864
1247844211975753728
1247844245995585536
1247844246327111681
1247844254883422209
1247844270968463361
1247844271346106373
1247844271811682304
1247844275674583040
1247844279227047936
1247844287921954817
1247844292481224704
1247844300509118464
1247844309103239169
1247844313544839168
1247844317726756864
1247844321992118272
1247844326027059200
1247844367722741761
1247844380053913601
1247844388048384001
1247844409674268672
1247844422101815297
1247844446777094144
1247844452145803265
1247844464279932929
1247844472563646467
1247844476761997317
1247844485079478272
1247844494000771072
1247844506868887553
1247844510106710016
1247844514414374912
1247844522542931969
1247844536044457984
1247844540037443585
1247844540209340416
1247844540272250887
1247844540322480129
1247844560270553089
1247844569087193088
1247844569443491840
1247844581514731522
1247844598413766656
1247844606743633920
1247844615178211330
1247844631867359232
1247844653426245634
1247844657389662208
1247844660938145792
1247844682434072578
1247844686578024448
1247844691254464519
1247844691401273344
1247844707197243394
1247844707738300418
1247844712209399813
1247844716156198912
1247844728407810048
1247844736351821825
1247844749203120128
1247844749656166400
1247844774574317568
1247844777544110080
1247844778944925697
1247844779230146560
1247844783487365120
1247844787731996678
1247844791439650816
1247844795256619008
1247844812709117952
1247844820321632256
1247844837547704320
1247844837887373313
1247844842086039553
1247844846309687297
1247844850403356678
1247844854421426176
1247844867499274241
1247844870313644032
1247844892539224064
1247844904908263426
1247844904979632128
1247844913053564933
1247844913288548352
1247844929612722178
1247844929486958593
1247844938475278337
1247844950894678016
1247844958834491394
1247844958855483393
1247844972088328192
1247844984121962497
1247844993022255105
1247844996583174145
1247844996860071936
1247845005328150530
1247845013779857410
1247845022654803968
1247845026371174401
1247845026417094661
1247845026379337728
1247845030930321409
1247845034411659264
1247845038987579394
1247845039486775298
1247845047824871424
1247845051612319744
1247845052086243328
1247845072067936257
1247845072952946688
1247845076979658752
1247845084818575360
1247845097053532160
1247845118398337024
1247845127294509058
1247845131870277635
1247845151860502531
1247845160697958401
1247845177454198787
1247845185918304257
1247845223381848064
1247845223633313792
1247845223935414272
1247845227269951489
1247845232068251649
1247845239752187904
1247845239311777792
1247845248555814913
1247845252876193792
1247845269741371392
1247845269829570560
1247845282592829440
1247845307439812608
1247845311420268545
1247845326683287558
1247845332748296194
1247845345230544896
1247845349516914688
1247845353082232833
1247845366365634561
1247845387253268485
1247845403497807872
1247845403418116102
1247845419591380993
1247845424406331392
1247845429095456768
1247845437459095553
1247845445218557958
1247845449203167232
1247845454135676928
1247845467213479936
1247845479586639873
1247845479557124096
1247845483105660929
1247845504370782211
1247845508665749509
1247845521395417088
1247845521361960965
1247845525170380806
1247845525937848320
1247845550650687488
1247849942049271808
1247849963113111553
1247849970977443841
1247849983694561282
1247849987880427522
1247849988584919041
1247850004842254336
1247850004984647681
1247850013536944130
1247850038207762433
1247850047137558531
1247850051059232768
1247850059934375936
1247850067727433729
1247850067979051008
1247850071854469123
1247850072064344065
1247850092641452032
1247850092905795584
1247850101613170688
1247850110068850689
1247850134777597958
1247850134777430016
1247850143522721799
1247850164146094080
1247850185499103232
1247850193707347968
1247850198086320129
1247850218776821763
1247850227379437573
1247850239693750273
1247850239786131456
1247850256303132673
1247850256739504129
1247850261399449600
1247850264519774209
1247850265111416833
1247850277706829826
1247850285600362497
1247850286267449346
1247850302235127809
1247850319125417984
1247850319410847744
1247850323521056777
1247850336150323200
1247850348565291016
1247850408195825666
1247850412029304832
1247850420732448768
1247850424264273921
1247850428064292867
1247850441251094528
1247850457508139009
1247850457889980416
1247850461731926017
1247850466370707456
1247850474654650369
1247850474960814081
1247850495407845377
1247850504035672065
1247850504123830272
1247850507713957889
1247850508573790209
1247850525149687816
1247850533655904257
1247850541717360640
1247850545580146688
1247850545722863616
1247850546393952258
1247850558897172481
1247850567621320706
1247850579600257024
1247850579742744576
1247850600127254529
1247850612865327106
1247850621040054273
1247850621434318848
1247850621597777926
1247850630074585094
1247850630150004736
1247850642321727489
1247850654703460360
1247850659061399552
1247850667718385665
1247850667961614339
1247850675632869382
1247850675825979393
1247850696721854465
1247850709325938688
1247850714044469250
1247850721812385792
1247850763713277954
1247850772236140544
1247850776795451392
1247850781111394305
1247850785272184833
1247850788837359616
1247850796881809410
1247850797314031616
1247850802355613696
1247850810417053697
1247850810429575168
1247850834999869443
1247850877014196224
1247850885335703553
1247850885453172739
1247850911122292736
1247850915022823424
1247850915832508417
1247850918776696832
1247850931946950659
1247850944135442432
1247850948765970432
1247850952981446656
1247850969595105282
1247850969884438528
1247850974309482496
1247850977656360962
1247850977669058560
1247850981754310656
1247850982492516353
1247850990293975041
1247851003518636032
1247851007675170817
1247851024066510848
1247851028713811973
1247851032085794816
1247851032450863104
1247851045159604224
1247851061492068352
1247851066370162688
1247851074070945792
1247851082929172480
1247851090969853952
1247851095411605505
1247851099522052099
1247851103665848320
1247851112444633091
1247851125166034944
1247851166651777024
1247851175380226048
1247851187472199680
1247851199983783936
1247851200151764992
1247851209051996162
1247851217138659330
1247851221052010499
1247851225682284545
1247851250672156675
1247851271668858881
1247851280258785280
1247851288299065344
1247851296658358272
1247851300697436161
1247851305462349829
1247851318141730818
1247851334696603649
1247851338743988225
1247851342854529025
1247851343278202886
1247851355395575808
1247851355483635713
1247851376543248385
1247851376882917376
1247851384663420928
1247851389033701378
1247851397464408065
1247855691332804608
1247855692200833030
1247855692331061250
1247855700514136065
1247855721925967876
1247855726082396163
1247855734655725569
1247855739097378817
1247855753932746752
1247855755203612673
1247855767929192451
1247855767757127680
1247855788967813122
1247855793300312064
1247855805455634432
1247855805795389446
1247855813890166784
1247855826242547713
1247855826615885824
1247855843074347009
1247855843447582720
1247855851831832576
1247855855778881537
1247855864578539522
1247855864624668675
1247855873340342273
1247855881116622850
1247855893292535809
1247855898246217729
1247855901681299457
1247855902029492225
1247855931901259777
1247855935462268929
1247855939396325382
1247855947973832704
1247855948267286528
1247855956316258305
1247855968811024385
1247855989795233793
1247856002625605633
1247856010737352704
1247856010796171265
1247856019524349952
1247856019750957058
1247856040282148871
1247856044363087872
1247856048926601216
1247856049312366592
1247856057407471616
1247856070141370369
1247856073593274368
1247856074121674752
1247856090781532160
1247856099497254913
1247856103578198017
1247856112033861633
1247856120301060106
1247856132506308609
1247856132628103168
1247856149661171713
1247856153956093952
1247856157957521408
1247856158045601795
1247856166543265795
1247856178756976641
1247856183236415488
1247856187036631040
1247856191306207232
1247856200059949056
1247856204346466305
1247856216874913792
1247856224646791170
1247856233350037505
1247856237229662209
1247856241805864960
1247856241872945152
1247856245874155521
1247856246444552192
1247856250169126912
1247856250353639426
1247856258973081602
1247856270901731328
1247856283748687873
1247856300668727298
1247856304812630017
1247856309137035266
1247856312786001925
1247856317009661952
1247856320973242369
1247856329718448130
1247856333992259585
1247856338165731328
1247856359388991488
1247856363260325889
1247856363780345857
1247856388195246082
1247856393031421957
1247856393266302978
1247856401503969280
1247856401583611904
1247856418067185665
1247856421984776192
1247856422047477760
1247856430482255872
1247856434357944321
1247856434584395776
1247856439349129216
1247856443639779328
1247856459599224832
1247856459825766402
1247856480503676930
1247856488829288449
1247856498065080320
1247856509846986752
1247856527437778944
1247856552175951876
1247856552259641345
1247856581573660673
1247856585868705792
1247856618911535104
1247856618957688833
1247856631637041152
1247856635785216000
1247856635953008641
1247856636380753920
1247856636720566273
1247856681834483712
1247856686355959814
1247856694815850497
1247856698997563392
1247856699089866753
