1250412695183978496
1250412699152003073
1250412707796234240
1250412720278474753
1250412741556232194
1250412754034360321
1250412754093199361
1250412762188124160
1250412762154631169
1250412775333072896
1250412813312385026
1250412833512308736
1250412838100893697
1250412837014581251
1250412858418049024
1250412858434699264
1250412859156283392
1250412867431673857
1250412867565879296
1250412879318142979
1250412879594917890
1250412892656209930
1250412905209761792
1250412925984092162
1250412930098704384
1250412930157481985
1250412938533404673
1250412963309076481
1250412963351035904
1250412963338440712
1250412980749185027
1250412997270437889
1250413017822568448
1250413047493152769
1250413051888664576
1250413051947315206
1250413060231217152
1250413064744128512
1250413064828211200
1250413072365359104
1250413072977661952
1250413080770564097
1250413080871231488
1250413085157974017
1250413089968680962
1250413093466800134
1250413106393735168
1250413119030980612
1250413127377829888
1250413130917638147
1250413140212428801
1250413152698679300
1250413165093019649
1250413165243817985
1250413169366818817
1250413177730469888
1250413185913556992
1250413223708426242
1250413227927879682
1250413245002731521
1250413248823713794
1250413252913160192
1250413257317396485
1250413299394625536
1250413312019398656
1250413320135417856
1250413349290102790
1250413353576665088
1250413357611401216
1250413366037770245
1250413387198185475
1250413391140675585
1250413391577001984
1250413395523915776
1250413395393855490
1250413395402244096
1250413395922182147
1250413400267636742
1250413404394786817
1250413416189022208
1250413429376061442
1250413438045540352
1250413442185326594
1250413445629042689
1250413445826011147
1250413446040104960
1250413450557190146
1250413484346445825
1250413496321310720
1250413496392536066
1250413500998004736
1250413500578639873
1250413541993086976
1250413546715873280
1250413550482284545
1250413550511652866
1250413563866423298
1250413571428810753
1250413571776770048
1250413579758710785
1250413592689512450
1250413614080630784
1250413630358773760
1250413630564077568
1250413659727126529
1250413659999760385
1250413693621460997
1250413696964157441
1250413697677373440
1250413714588733441
1250413714488131584
1250413722205650953
1250413722989969408
1250413726978711552
1250413727167504389
1250413739276296192
1250413739444260865
1250413748222910465
1250413785526857728
1250413798227210240
1250413811082727425
1250413822495481856
1250413832276553728
1250413844784177153
1250413852593922049
1250413865185284097
1250413869245267969
1250413869194854400
1250413873422897152
1250413873552908289
1250413886609797120
1250413891072524289
1250413894717317120
1250413894956441600
1250413895027699715
1250413907811995648
1250413923800621064
1250413936375001090
1250413940317638656
1250413941399977984
1250413945225183232
1250413953555070976
1250413961977171968
1250413966586675201
1250413970206359552
1250413978620215296
1250413978590707713
1250413986912169989
1250413987394498563
1250413995489546246
1250413999843348480
1250414007795802113
1250414024933683200
1250414049998835713
1250414053815508994
1250418360761765888
1250418370291421190
1250418378730172417
1250418382782058496
1250418394987294722
1250418398523035655
1250418403245871106
1250418403677892608
1250418404218925058
1250418407641505793
1250418416185294848
1250418424800403459
1250418437593194496
1250418437563637760
1250418441149956096
1250418449525829639
1250418453950783489
1250418462146605056
1250418470757396487
1250418491976331265
1250418500579008512
1250418508166561792
1250418525472034816
1250418529297485824
1250418534024466432
1250418546087063552
1250418546301173760
1250418550277312513
1250418554844794880
1250418571114467336
1250418575635968000
1250418592467673095
1250418592753074176
1250418604920713216
1250418613133012992
1250418626051444736
1250418625946832897
1250418626143719424
1250418633718677505
1250418638470995968
1250418655411572737
1250418667394744323
1250418667755409414
1250418676110524416
1250418701460897792
1250418709841223680
1250418713909551104
1250418722432585733
1250418726727540737
1250418731051708416
1250418739205386242
1250418743353712640
1250418752124071936
1250418752170209281
1250418756448206850
1250418760147558401
1250418764232957952
1250418772608815104
1250418777277292544
1250418781014216705
1250418785783181321
1250418789302145025
1250418801763651584
1250418801847361537
1250418802489208833
1250418806381359105
1250418814602358785
1250418822806470656
1250418827260841984
1250418835720507393
1250418839507988480
1250418840116183040
1250418847930150914
1250418847997251585
1250418848051970049
1250418857178566658
1250418868800983040
1250418869208047616
1250418869669212166
1250418877873491968
1250418898387611657
1250418911021064193
1250418915131322368
1250418928133615618
1250418932160159745
1250418936052699138
1250418940448141319
1250418944961216512
1250418948903862280
1250418949193375744
1250418952821329920
1250418952896835584
1250418953014272002
1250418961629335557
1250418964443906048
1250418969753710599
1250418969816621069
1250418982215208960
1250418982387056640
1250419007242436608
1250419016075587595
1250419028788572165
1250419044928196612
1250419045167333376
1250419045209264129
1250419053748842496
1250419061848248320
1250419070454751232
1250419071000207360
1250419078742728709
1250419100754550784
1250419112188100614
1250419129250508806
1250419133499330566
1250419133931573248
1250419138142408705
1250419141930074112
1250419146199715841
1250419192282501121
1250419208686415874
1250419208996831239
1250419217121214476
1250419229603450880
1250419230261927937
1250419242396045313
1250419259164864512
1250419266131603456
1250419271810908160
1250419280606363648
1250419284683046918
1250419301418323968
1250419322574581760
1250419326760321024
1250419335094394883
1250419339418906625
1250419347232710657
1250419348012851212
1250419351615873024
1250419355562590212
1250419368703299584
1250419376840273921
1250419377024806915
1250419380908744705
1250419389670789121
1250419393361670146
1250419397811793922
1250419397757292545
1250419402102599680
1250419414874251270
1250419427385974784
1250419439511703552
1250419439150854144
1250419443764588547
1250419444133683200
1250419456217501702
1250419482016788480
1250419485590409216
1250419494050238466
1250419515432644608
1250419515579490304
1250419523993378816
1250419524081299459
1250419535854723072
1250419535963983872
1250419556671049729
1250419573771264004
1250419573909671937
1250419577525112834
1250419577961345028
1250419582034046976
1250419595443408896
1250419591098126336
1250419610509176834
1250419620235735047
1250419636429926401
1250419637403041792
1250419645095399425
1250419645305110528
1250419649449095168
1250419653932765201
1250419657900617728
1250419670588375050
1250419678389760002
1250419686862245890
1250419699684237315
1250419699386482689
1250419699839406080
1250419704109264896
1250419728713048072
1250419732785713152
1250419762904981504
