1255451768726663168
1255451769599131648
1255451778210050049
1255451799273836553
1255451803065487361
1255451804009222145
1255451807997997062
1255451820857741313
1255451838029185025
1255451849353822208
1255451854403747844
1255451858191163395
1255451858379907075
1255451862410682374
1255451862653980673
1255451871067717632
1255451874465103872
1255451883256401920
1255451883948425216
1255451891993100288
1255451896338399237
1255451899765182464
1255451908925460480
1255451912419397638
1255451912599678976
1255451912964575232
1255451929632784384
1255451930219995136
1255451933780951040
1255451934313582601
1255451950683996165
1255451958242148357
1255451956446986243
1255451964093202437
1255451963652800513
1255451987908460545
1255451988374040584
1255451997253382144
1255452016492654599
1255452025783025664
1255452026110173187
1255452033693425669
1255452046356099073
1255452047811530754
1255452051011764226
1255452062697037832
1255452079969185798
1255452081068158978
1255452085627338752
1255452097828605954
1255452101855055874
1255452105504145408
1255452118439342080
1255452122705002499
1255452123086688256
1255452126400131072
1255456425813463040
1255456434722144256
1255456446487109634
1255456455886540805
1255456459296583681
1255456463973224449
1255456468230422528
1255456472546361350
1255456480251318273
1255456488480542720
1255456505966612480
1255456522676719618
1255456527000928256
1255456546911391747
1255456547909578752
1255456551659343872
1255456556084269056
1255456563910840321
1255456573155168257
1255456589781270528
1255456594059501570
1255456597834424320
1255456598274736130
1255456605509992451
1255456622257803265
1255456635897679872
1255456651936706561
1255456702683590657
1255456727346163712
1255456744127553537
1255456748393172994
1255456748640534529
1255456749110407169
1255456765304504325
1255456773294690306
1255456777493192704
1255456783209988098
1255456786183831553
1255456790193545217
1255456790516465665
1255456802843643906
1255456811404140550
1255456824280723456
1255456824251252738
1255456832832880640
1255456832975450115
1255456837186568195
1255456849597534211
1255456853858926595
1255456861236744193
1255456865695272960
1255456866223751170
1255456870564868096
1255456874792706052
1255456891628589056
1255456895269318663
1255456900029841408
1255456903511134212
1255456920158289921
1255456924717461504
1255456928614035457
1255456941272416258
1255456941268140033
1255456946498527239
1255456962122256390
1255456971651768320
1255456974797508611
1255456996419153920
1255456997127991296
1255457000374362116
1255457000454004737
1255457001116766214
1255457017050869760
1255457021295558659
1255457021438169098
1255457025951248385
1255457026030911488
1255457038584471552
1255457059627315201
1255457076605849604
1255457076643577860
1255457076664467456
1255457088387629058
1255457096918798337
1255457097615106051
1255457122592206849
1255457130821357570
1255457134092877825
1255457137851064322
1255457139067412481
1255457139805556736
1255457147015639042
1255457146940129281
1255457168670765061
1255457176036020224
1255457180700082181
1255457188623126529
1255457198118928387
1255457201591894023
1255457234575900685
1255457239642537984
1255457244386336772
1255457268105129984
1255457269938040837
1255457272949608448
1255457306017501187
1255457306206253059
1255457306579533825
1255457306805968896
1255457311210029056
1255457323256033281
1255457352427454464
1255457361998884872
1255457378146889730
1255457411307057152
1255457418890412033
1255457424426913792
1255457428709269505
1255457436779020288
1255457441145335812
1255457445243224064
1255457448720240641
1255457469616271362
1255457486854897664
1255457512138182657
1255457512930885632
1255457515845963778
1255457516718342144
1255457520719708160
1255457521109798913
1255457529338957827
1255457533885644802
1255457537077452801
1255457545323495426
1255457554681016321
1255457557386330112
1255457571487481859
1255457595713880066
1255457600298258432
1255457608133214209
1255457620846133253
1255457638122508289
1255457654182461443
1255457658267742208
1255457684184326145
1255457687661432834
1255457689045553153
1255457691994112001
1255457692484861953
1255457712860692483
1255457717113716738
1255462012865429505
1255462016350932996
1255462045744599041
1255462055093641216
1255462062416891906
1255462071329787904
1255462079718404098
1255462091798073344
1255462092083204103
1255462100685795330
1255462117202894848
1255462125373476866
1255462134026207234
1255462138489036800
1255462143329210369
1255462150715461633
1255462159313707008
1255462159598878727
1255462218285580288
1255462226921689089
1255462231288012801
1255462234828034060
1255462259507310593
1255462260077625346
1255462263869394952
1255462285709127681
1255462298132656134
1255462310447067136
1255462314352029706
1255462318785417217
1255462343846301696
1255462343925956609
1255462385600663553
1255462386355535882
1255462390684098562
1255462411143974914
1255462419113152520
1255462418932797447
1255462424024698880
1255462439866585098
1255462440860618754
1255462445306519559
1255462448733265923
1255462461500776453
1255462486469459969
1255462498968444929
1255462504647593984
1255462507646517254
1255462516584570884
1255462520640409600
1255462528483721216
1255462545613299713
1255462557378383873
1255462558347206656
1255462562143055872
1255462579708801027
1255462582485385218
1255462586411335680
1255462590559531010
1255462590630834177
1255462596305698820
1255462604312469504
1255462624529088514
1255462625057570820
1255462633387540486
1255462638248767500
1255462645429424131
1255462650076635137
1255462654048698368
1255462658280734722
1255462663271956481
1255462663267782657
1255462679558320128
1255462680116301825
1255462683488522242
1255462691545776128
1255462691944255489
1255462713494581248
1255462717504323584
1255462737674735621
1255462746218528768
1255462746440765442
1255462751801049093
1255462758474186753
1255462763268378627
1255462788769681414
1255462800891293696
1255462809435090944
1255462809812508673
1255462826581385216
1255462830788300812
1255462838572892162
1255462842511360001
1255462846449713152
1255462855677218819
1255462867740037123
1255462867828121601
1255462872383139841
1255462880255803397
1255462880511754241
1255462939747930114
1255462959997956096
1255462964674560004
1255462981271420936
1255463002360422400
1255463010203820035
1255463010551902212
1255463039308124160
1255463044509040640
1255463056534130689
1255463057230348291
1255463061705633793
1255463085776801795
1255463072183078921
1255463094152843267
1255463107561959424
1255463110917238784
1255463108870635520
1255463115086577670
1255463115409494025
1255463123823230977
1255463135898730496
1255463135995101186
1255463149026902016
1255463157763620864
1255463166122885120
1255463173861359624
1255463203917660161
1255463204068753412
1255463203372445696
1255463208179171333
1255463220082589696
1255463224151072768
1255463224159481859
1255463225392586752
1255463245034524675
1255463257692930055
1255463265922138123
1255463266886864899
1255463267062906885
