1246135889320910852
1246135901505421315
1246135910028267523
1246135926897729538
1246135951899926537
1246135964629598211
1246135964919046150
1246135968610103296
1246135969155186688
1246135972947005443
1246135972976345095
1246136006379630593
1246136010666196993
1246136035635060740
1246136040278110208
1246136065292931078
1246136069260742656
1246136069587898370
1246136073647820802
1246136073589227521
1246136077490032641
1246136081927540736
1246136094749491200
1246136107059884033
1246136111107166208
1246136116098539522
1246136136566820866
1246136136847765505
1246136153150980101
1246136157454434306
1246136169995407360
1246136170033152001
1246136186940411904
1246136187061968897
1246136191268855808
1246136208083816450
1246136220750475264
1246136233182535683
1246136249406160896
1246136258600022016
1246136262320427014
1246136270742523904
1246136271283642368
1246136278590119936
1246136304598781954
1246136312857591810
1246136379001749504
1246136396626251776
1246136400694501376
1246136404935147521
1246136417681641472
1246136421708115970
1246136438556692481
1246136442658701313
1246136442730024961
1246136442830585859
1246136459360456710
1246136472371179520
1246136484681388038
1246136489085267972
1246136493074190337
1246136501303496704
1246136509868072960
1246136526515384320
1246136535336079363
1246136535415541762
1246136535411576832
1246136559885340673
1246136568315809794
1246136572870889477
1246136576608010244
1246136576930971648
1246136593678831619
1246136602000228352
1246136610485346312
1246136610942586881
1246136614939766787
1246136618752360448
1246136627380072449
1246136631653957633
1246136634199937024
1246136635416358913
1246136635688751104
1246136644186456065
1246136652411613184
1246136656660500481
1246136656853434369
1246136656694054920
1246136686439890944
1246136690323771393
1246136724000059394
1246136736444375040
1246136736612093954
1246136737052741632
1246136757458030592
1246136769743065091
1246136770149912584
1246136770200125441
1246136773719326721
1246136778232397824
1246136778865750016
1246136782539894787
1246136803570024448
1246136803037511681
1246136824784924672
1246136824831135754
1246136841666990080
1246136870922121216
1246136878887251979
1246136879239626756
1246136883698073602
1246136917080457217
1246136925087395840
1246136925200609285
1246136925125304322
1246136929130819584
1246136933136433153
1246136937741783041
1246136946658873346
1246136950140153862
1246136979667836928
1246136979689013248
1246136979843993601
1246136983874949120
1246136983925043200
1246137000694091779
1246137025947938816
1246137029622202368
1246137042876149761
1246137047049367553
1246137059720511488
1246137072148189184
1246137080306163719
1246137088547774469
1246137092628979712
1246137101675941888
1246137105572659200
1246137105748803590
1246137109511122945
1246137118117765121
1246137122106609665
1246137135280816128
1246137139173048320
1246137159809224706
1246137159922397187
1246137176519315457
1246137176775147522
1246137184983363584
1246137189316071427
1246137189328736261
1246137205996654592
1246137206378545152
1246137218487459842
1246137227362492422
1246137231166910465
1246137240100757504
1246141559487311872
1246141560204353536
1246141563807444993
1246141597466550273
1246141597986836481
1246141610049470465
1246141614105526272
1246141626776539136
1246141635349688324
1246141639510446083
1246141643687936001
1246141652219068417
1246141660737818627
1246141673291186176
1246141702265548800
1246141710817726467
1246141714949177345
1246141732133183510
1246141736117768194
1246141739955609607
1246141752618049537
1246141756774604802
1246141765591031808
1246141769819062275
1246141777943429123
1246141794427035650
1246141807680839681
1246141811225251844
1246141811908734976
1246141819823554561
1246141820062429185
1246141828304429058
1246141858671202305
1246141861577842690
1246141865663004680
1246141874236051456
1246141874525650944
1246141878728364034
1246141882633048064
1246141882557587470
1246141882867933184
1246141891336437766
1246141924601454594
1246141941332488193
1246141941353512965
1246141957992316929
1246141970902388736
1246141974362517504
1246141975192981506
1246141979244797952
1246141991613841410
1246142021527576576
1246142029345808385
1246142033775013891
1246142033980469250
1246142038031994880
1246142038040592386
1246142041911963648
1246142042100637698
1246142059125194754
1246142062950522880
1246142080075935745
1246142083943063558
1246142092335820803
1246142092725956611
1246142100934209537
1246142113659662341
1246142113403883523
1246142117480521728
1246142121838608386
1246142125894500357
1246142126339108866
1246142143141498884
1246142164234653696
1246142176809148416
1246142159868309505
1246142188523859969
1246142188993613826
1246142189253660673
1246142214490804224
1246142230806630401
1246142239144914945
1246142247503978496
1246142247642464257
1246142247596371969
1246142247847985156
1246142251933274115
1246142297433088005
1246142310557143041
1246142314810167303
1246142327615369225
1246142339698974720
1246142340110008321
1246142348502974464
1246142356681711616
1246142361043951624
1246142366802751494
1246142369117999105
1246142369013039105
1246142369436557313
1246142373509214216
1246142386440474627
1246142402806636546
1246142415519592448
1246142419898208256
1246142423643783169
1246142431978029056
1246142436692418561
1246142440584642560
1246142462080495623
1246142461937770496
1246142474092937218
1246142474306883586
1246142478459101184
1246142490756988937
1246142491126124544
1246142503885008896
1246142524546256911
1246142528472190977
1246142533106720770
1246142537032544257
1246142541184950272
1246142558205509632
1246142574840201218
1246142583119785986
1246142599808921601
1246142607937253382
1246142612769210371
1246142634063736833
1246142641776910336
1246142641856708611
1246142654808592385
1246142667119091712
1246142671145431041
1246142680419250177
1246142684051496962
1246142688509992960
1246142691840319490
1246142696353382400
1246142696428896260
1246142721883918337
1246142734769033216
1246142734731063296
1246142751424438273
1246142755073675266
1246142780390457347
1246142784907558912
1246142788892348417
1246142789148082176
1246142801009455105
1246142813991043075
1246142814229913602
1246142830868922373
1246142831057686529
1246142838926127111
1246142860132380673
1246142885373902848
1246142885248077824
1246142889370906624
1246142898145353729
1246142926918483969
1246142927199334400
1246142939979558917
1246142952151359488
1246147215615299585
1246147226155524096
1246147239317209088
1246147243012489216
1246147255922540545
1246147275044392966
1246147285131517953
1246147285249150977
1246147289200107521
1246147293222322176
1246147305897627648
1246147310033256448
1246147314583883776
1246147318379921408
1246147318946111491
1246147322968297472
1246147323010387969
1246147331470381065
1246147352181780486
1246147356522942464
1246147368803807232
1246147369185370112
1246147372834578434
1246147373388181505
1246147402857435140
1246147410667155457
1246147423321325572
1246147427788296193
1246147452899647488
1246147461212770311
1246147473942425601
1246147474319970311
1246147478145183748
1246147490430226439
1246147498932080643
1246147503273238532
1246147511506649089
1246147514765660162
1246147520025198593
1246147527629516805
1246147536680652806
1246147557505380352
1246147562056417281
1246147586840559616
1246147586920075264
1246147587176103936
1246147591001329664
1246147599838691330
1246147616284475396
1246147628775112705
1246147629098176516
1246147633384693764
1246147662707122178
1246147670911135745
1246147671737266176
1246147675096903680
1246147683808509952
1246147687650639873
1246147696353849345
1246147700170645504
1246147708794044416
1246147713324011524
1246147738409897985
1246147750686871558
1246147763047456769
1246147779841359872
1246147780051165185
1246147826578382848
1246147838939222016
1246147863983374343
1246147872204210177
1246147880743657472
1246147897307136000
1246147901505458181
1246147914436616200
1246147918685515776
1246147931234652160
1246147939640246280
1246147952114044929
1246147956287422464
1246147960230031365
1246147960297205760
1246147968966840321
1246147972859076613
1246147977518997505
1246147981293780992
1246147981780430848
1246148002357678087
1246148018971213824
1246148035719168001
1246148040005746690
1246148043935641605
1246148044631859202
1246148052680761344
1246148052785692678
1246148060817711104
1246148069139382273
1246148090962292739
1246148098868510726
1246148115364790273
1246148119596871683
1246148136768323585
1246148157450235904
1246148157672751105
1246148165851643907
1246148170318569473
1246148195161423873
1246148195517960203
1246148199515074561
1246148199645143042
1246148204065939458
1246148211884068864
1246148212173557767
1246148224592863234
1246148224949325824
1246148254246547457
1246148258059243520
1246148258340061184
1246148278917398529
1246148295719821313
1246148295707316224
1246148300446871552
1246148304557268992
1246148313088393225
1246148316963860480
1246148358772645888
1246148359074787328
1246148396592836609
1246148396861308939
1246148405212008450
1246148409406390272
1246148421980807169
1246148425634197506
1246148426032701440
1246148430000533504
1246148430247886850
1246148438343012353
1246148438825349120
1246148446899318786
1246148450707738624
1246148455518490625
1246148463986958336
1246148472283201536
1246148497457414144
1246148505795690497
1246148509721677828
1246148514117300226
1246148518278057985
1246148526708572160
1246148534937759746
1246148547482988547
1246148556119031810
1246148564650266627
1246148572472586242
1246148577023479809
1246148589551628288
1246135526358384642
1246136447742115840
1246137294760927233
1246139370454876160
1246139612810133506
1246141562972598274
1246143461205696517
1246146653582745601
1246146760814272520
1246148343937540101
1246148990716035076
1246149162556624897
1246150365738909698
