1252765393443151872
1252765393653039105
1252765402511183873
1252765422782382081
1252765436036501507
1252765439878455297
1252765447943946240
1252765448485122048
1252765461076496387
1252765465908334599
1252765469381210114
1252765486070345728
1252765494815232001
1252765502377734147
1252765515283644416
1252765515367567362
1252765519804985344
1252765531658170368
1252765540365590529
1252765540944396288
1252765544849145856
1252765549056139264
1252765558560354305
1252765570241527811
1252765607763664896
1252765607810027523
1252765616144072709
1252765616659890177
1252765624197144576
1252765624456998913
1252765644988264451
1252765663078293508
1252765704203296770
1252765720561152000
1252765729037803521
1252765729616654336
1252765746226253827
1252765749690560513
1252765750873321472
1252765759358537730
1252765771706413056
1252765775481405443
1252765776039141376
1252765805596471296
1252765817755914241
1252765817982386177
1252765821857914886
1252765825557245953
1252765833824292865
1252765834050756609
1252765834470014976
1252765842246438913
1252765846524608515
1252765847543824385
1252765855064059904
1252765856586559489
1252765864002236421
1252765868376784896
1252765879588335622
1252765888857739264
1252765900878622720
1252765914329743361
1252765918612148224
1252765926849683458
1252765930674888704
1252765931664785409
1252765939281641473
1252765952673902593
1252765963587661825
1252765977416290304
1252765980993839104
1252765981128241152
1252765990129000449
1252765993354608640
1252765996475191296
1252765997653807104
1252766001545932800
1252766001663524864
1252766001462153216
1252766018205868032
1252766018386243584
1252766023419191296
1252766031787044864
1252766032130985985
1252766035062566914
1252766039487758341
1252766044634206208
1252766060702363649
1252766061553991680
1252766064427044864
1252766065211240450
1252766069762252800
1252766077727264768
1252766077966094337
1252766081900523521
1252766085507616768
1252766085750894592
1252766085809442817
1252766086564663296
1252766102272315393
1252766144831918080
1252766149756030977
1252766156785684480
1252766157213323266
1252766161760116736
1252766165442670592
1252766169179860994
1252766169657937920
1252766178772234240
1252766191564787713
1252766219645497344
1252766224452169729
1252766225005862912
1252766233293979650
1252766245730111494
1252766248934522882
1252766258040320001
1252766261995544576
1252766269817982977
1252766282648375303
1252766303502454785
1252766303732944896
1252766324759158784
1252766337169977344
1252766337706930184
1252766341469175808
1252766350180786176
1252766354421284865
1252766362671423489
1252766383609438215
1252766396460732419
1252766403947626496
1252766409483907072
1252766425535651840
1252766425577664512
1252766435039866880
1252766438542258177
1252766441637588994
1252766450936434688
1252766484624846848
1252766488001490946
1252766492640325632
1252766514069078016
1252766517269159937
1252766517701169152
1252766526895251456
1252766530263068673
1252766546855936002
1252766559866626049
1252766580854972419
1252766606033387521
1252766610252804097
1252766614124146691
1252766618104430592
1252766631660486656
1252766639034109952
1252766639269036033
1252766639558324224
1252766647850598400
1252766652774649858
1252766655811182593
1252766655924617217
1252766668381736961
1252766669409095680
1252766669447061504
1252766669359009794
1252766673599430657
1252766680926781440
1252766685402185729
1252766694541594624
1252766706713452547
1252766706986094592
1252766711587180544
1252766723574554631
1252766727869358081
1252771027144208384
1252771027177922560
1252771051538432002
1252771052121399301
1252771056173146112
1252771060736548868
1252771081888415744
1252771084908335105
1252771086175031296
1252771089547059203
1252771089610084353
1252771102138433544
1252771114201296899
1252771118886379522
1252771123738996742
1252771127513845761
1252771127681847296
1252771127891505154
1252771136170942464
1252771147822710785
1252771156752506894
1252771160565178368
1252771190210465799
1252771190608924675
1252771198586376195
1252771219818061826
1252771224326979590
1252771236217749504
1252771236733566976
1252771241213202438
1252771253355712512
1252771270263013377
1252771270736973824
1252771274687799297
1252771287027630083
1252771304287154176
1252771312692592641
1252771315813154816
1252771319856365570
1252771338172981248
1252771345365995521
1252771349845684224
1252771358112542725
1252771358888640513
1252771379197460483
1252771387816718341
1252771391671275520
1252771395442020358
1252771408742146050
1252771408826023936
1252771429386301440
1252771438538510337
1252771441784827907
1252771462487760896
1252771462936760322
1252771467957284872
1252771513591369729
1252771513721290758
1252771513905950725
1252771514857877506
1252771526341914624
1252771543488188416
1252771551344115712
1252771555874164743
1252771559594491904
1252771563197263873
1252771571971903489
1252771585200701441
1252771592335167490
1252771593194835970
1252771593392021504
1252771597007519744
1252771604968415237
1252771606054592512
1252771609842049024
1252771614539657218
1252771618063032322
1252771622726975488
1252771629719007234
1252771655924903940
1252771664837910529
1252771672513556480
1252771676951056385
1252771693094993922
1252771698350456834
1252771706071994373
1252771706776637440
1252771711088549889
1252771718999015424
1252771723012796416
1252771735759437825
1252771756869369858
1252771760690225152
1252771764653998081
1252771776922296321
1252771778184638464
1252771802109095938
1252771802683707397
1252771811181375489
1252771815245492227
1252771819670720514
1252771831825776641
1252771844072943616
1252771853589901312
1252771857885003780
1252771858803576832
1252771882358751232
1252771882719490048
1252771911253327872
1252771916315648002
1252771919830507520
1252771932543447040
1252771933093068804
1252771940940623873
1252771945453481984
1252771962889187328
1252771966601138176
1252771983470854145
1252771986876424192
1252771991704109056
1252771995286200326
1252771999560146944
1252772007969603585
1252772012851965952
1252772016861573120
1252772017369210882
1252772025757769728
1252772029859676162
1252772033584410624
1252772033643118597
1252772037938069504
1252772054992068608
1252772058175586311
1252772058578079744
1252772066950107141
1252772067235237896
1252772067583438855
1252772075619651588
1252772084301914113
1252772084633292800
1252772092212203521
1252772092656996354
1252772104581328907
1252772133849137152
1252772137649266688
1252772137946972162
1252772154594164737
1252772163704233984
1252772171635658753
1252772180124893184
1252772192888201217
1252772196528898060
1252772209099264003
1252772217441660929
1252772222537736200
1252772222676144128
1252772223624118272
1252772234156036099
1252772234915131392
1252772239394643969
1252772246998749184
1252772256251609089
1252772259590057984
1252772268486385671
1252772272072298497
1252772276241608710
1252772276891770880
1252772309670248449
1252772314464358401
1252772322429132800
1252772323310088192
1252772331400818688
1252772340385054724
1252772357036441600
1252772357350912001
1252772360555335680
1252772360605892612
1252772361100656640
1252772381019516928
1252772386362937345
1252772389911478272
1252776756601327617
1252776760376283142
1252776760464125954
1252776772703141889
1252776773420371968
1252776780932485122
1252776780890505217
1252776789685882881
1252776790654947329
1252776794043842560
1252776794178150400
1252776802126385157
1252776818886742017
1252776823219511296
1252776831822041088
1252776835450101760
1252776839598297088
1252776844228726784
1252776844933378048
1252776861194649600
1252776873848799233
1252776899736109056
1252776906728112134
1252776907197865986
1252776907734728705
1252776924012740614
1252776924541153280
1252776948645986304
1252776961803317248
1252776991281078272
1252776991557857280
1252777011380183040
1252777016706949125
1252777028853436416
1252777055130923008
1252777070406635520
1252777084394647552
1252777096407068683
1252777112588693505
1252777116938063873
1252777120389951488
1252777120763244544
1252777121136640000
1252777149926260736
1252777154082820096
1252777159078412290
1252777159204241410
1252777175436099584
1252777180230225922
1252777191592677377
1252777195908423681
1252777200258031618
1252777210970288129
1252777213549821953
1252777218188562432
1252777221762289665
1252777230121517056
1252777230201245696
1252777230603870208
1252777235200847872
1252777241999704070
1252777267689852929
1252777272278265856
1252777288757698562
1252777301126729728
1252777301667917829
1252777310350012422
1252777334404517889
1252777355409592321
1252777356546019328
1252777356609097729
1252777356554625029
1252777364863541253
1252777376422998016
1252777380818546690
1252777381611352065
1252777384748580866
1252777390264254465
1252777397868474368
1252777414314213379
1252777427513860097
1252777456064516097
1252777456160788480
1252777468827709440
1252777474225770496
1252777478436851713
1252777482547269632
1252777494173843456
1252777502906494976
1252777510934245377
1252777515485184001
1252777528168603655
1252777536360198144
1252777541229621248
1252777545126248448
1252777542546870275
1252777552780972035
1252777553632337920
1252777553665892362
1252777561442131968
1252777566232027136
1252777590588354564
1252777598981214209
1252777604605771778
1252777624331526144
1252777662403272707
1252777670938628106
1252777691918610436
1252777695605329921
1252777724608778240
1252777725342945280
1252777734104911873
1252777745765011457
1252777746662658048
1252777770943463430
1252777775511019523
1252777780049108993
1252777780405628928
1252777795928813568
1252777804988637184
1252777804544053248
1252777816988549126
1252777880796442625
1252777884898353153
1252777888690196481
1252777893031264258
1252777900740395009
1252777905286811648
1252777909330366464
1252777914271256581
1252777917769232386
1252777918494904320
1252777930469474304
1252777947209089025
1252777959812771840
1252777968411254786
1252777968461664258
1252777988745199617
1252777992897642497
1252777993140830209
1252777993229000707
1252777997679165442
1252778009825771521
1252778010601754624
1252778022484062208
1252778022706442243
1252778023084007427
1252778030835159041
1252778031166283776
1252778048006557698
1252778060874686464
1252778064846749697
1252778068852293632
