1253127848099012608
1253127848111398912
1253127869997486081
1253127878373371904
1253127908174036993
1253127919813251074
1253127920953856001
1253127929162334213
1253127941623443456
1253127962372853761
1253127965690392582
1253127974846558208
1253127982987849728
1253127986905260032
1253128004575858689
1253128007604146185
1253128029552836608
1253128042223935490
1253128062620905472
1253128066169176067
1253128075547602945
1253128087971049472
1253128092014411776
1253128095730720771
1253128096053690369
1253128100310732802
1253128100872949761
1253128100952629248
1253128113606836228
1253128120875401216
1253128120959459329
1253128121210908673
1253128134423085057
1253128134699872257
1253128146632806400
1253128159454793729
1253128163015766021
1253128167042228225
1253128167683846144
1253128184226361344
1253128192325369858
1253128213921845250
1253128230716035072
1253128250890518528
1253128260357181446
1253128268867416068
1253128276324708353
1253128276278743047
1253128276739936256
1253128285648834566
1253128289578868743
1253128294494613506
1253128302077915136
1253128302207725570
1253128305877884928
1253128310613143552
1253128314002251783
1253128322156040196
1253128322868969472
1253128327004483585
1253128340250210305
1253128352581337089
1253128364531027973
1253128372898746370
1253128373100072964
1253128373498503169
1253128386425356288
1253128394624995329
1253128401755541509
1253128401931718657
1253128423691747328
1253128431434215424
1253128436408709123
1253128440460410880
1253128440406032396
1253128460693897217
1253128445384523776
1253128474333716487
1253128478167150593
1253128486392217602
1253128490305630210
1253128499428306944
1253128502578221056
1253128523604254725
1253128527852994560
1253128528389791744
1253128560895758337
1253128561759830024
1253128562355437569
1253128578184572928
1253128607553196032
1253128620555399168
1253128632370892800
1253128645532622848
1253128661940621312
1253128678747275272
1253128682744528899
1253128692429193216
1253128712406675456
1253128713341767680
1253128716227694595
1253128717326446592
1253128725161545729
1253128729066377216
1253128729150345222
1253128729951272961
1253128737450799106
1253128737694105600
1253128749953974274
1253128763300347910
1253128772225818626
1253128775556046857
1253128775996280832
1253128779435782145
1253128791997788161
1253128825908666368
1253128826240065537
1253128835324801024
1253128846892830725
1253128847119310852
1253128851397304320
1253128859400253440
1253128881000853507
1253128893172776962
1253128909081673729
1253128918091038720
1253128926874021889
1253128935413604353
1253128968682770437
1253128989507571712
1253129014383792128
1253129014442631176
1253129027856072705
1253129035615481858
1253129036416667648
1253129044658237445
1253129060789583872
1253129061439807488
1253129078284201985
1253129081719267329
1253129090032418828
1253129090468466688
1253129106839015425
1253129127596568580
1253129140976234496
1253129145007169536
1253129148891103234
1253129149729800192
1253129161364905985
1253129161285107712
1253129203177984002
1253129203735617541
1253129207347019776
1253133573957304320
1253133591006990336
1253133603904475137
1253133615367704576
1253133615170453505
1253133649417064448
1253133657725779968
1253133658208305160
1253133662519996416
1253133678911332353
1253133688079937536
1253133691108208640
1253133704605679617
1253133707663290369
1253133708128931841
1253133720405581825
1253133724746743810
1253133729624494081
1253133737124073473
1253133754907987969
1253133758749970435
1253133762197626880
1253133767222243328
1253133771760701441
1253133779368947712
1253133784548950017
1253133787648663554
1253133792467918850
1253133795982794752
1253133796335116289
1253133804861943808
1253133817587601410
1253133838211002368
1253133842585546752
1253133850185617409
1253133851196444673
1253133867827036160
1253133871513829382
1253133880426672129
1253133889217888257
1253133896910360577
1253133897203888128
1253133905055670272
1253133943064326146
1253133964413468672
1253133964530728960
1253133984395132928
1253133997426782209
1253134010747949056
1253134014451314688
1253134018167615490
1253134018599673856
1253134022559096833
1253134030775767040
1253134030972891141
1253134034881953804
1253134043497017345
1253134064590061568
1253134065194029056
1253134073524105223
1253134080822173697
1253134089701527553
1253134089596669963
1253134093040128000
1253134102011809792
1253134123536973827
1253134127408320512
1253134148254011401
1253134148455337984
1253134148438556676
1253134152204943361
1253134173553995777
1253134173889585152
1253134187210715137
1253134207699881985
1253134212221329408
1253134212510683136
1253134219850723329
1253134228738527240
1253134240566435843
1253134241170415616
1253134282417192965
1253134286468927489
1253134287421005834
1253134287634944000
1253134300058435585
1253134303841718272
1253134304277860353
1253134325094195204
1253134332635549696
1253134345621188614
1253134345662947328
1253134346464030720
1253134345910566913
1253134346862592000
1253134362096394246
1253134379636801537
1253134381671047168
1253134399920619526
1253134417427660804
1253134455390289921
1253134462948442113
1253134463631941633
1253134471169179648
1253134476030488578
1253134476168826883
1253134484318433280
1253134485085773824
1253134513523363842
1253134529704988672
1253134576060227584
1253134580581904385
1253134585195638787
1253134610017419268
1253134610332094466
1253134627486740480
1253134634583502850
1253134639016759296
1253134643055996931
1253134669358473218
1253134673095667718
1253134698764808193
1253134706624753666
1253134731706798080
1253134735351693317
1253134739503853568
1253134739596292096
1253134748127543298
1253134756616695810
1253134760584589312
1253134769543667715
1253134773834268672
1253134794579251200
1253134794663309313
1253134795015684096
1253134802791698432
1253134803395907586
1253134810899312642
1253134820080746498
1253134831762001921
1253134831837470721
1253134840729341952
1253134841605877760
1253134848740470784
1253134849382273025
1253134861562286080
1253139158689693696
1253139160673779715
1253139164524163075
1253139168982528007
1253139181515276288
1253139190788829184
1253139193976328192
1253139202964774912
1253139203094794240
1253139216176799744
1253139223886036992
1253139227673530369
1253139232002134016
1253139232232574977
1253139244664664064
1253139245750988801
1253139266688946177
1253139286313951232
1253139299509448704
1253139307159621633
1253139312037842950
1253139312540934145
1253139316194398211
1253139328756338694
1253139337010651136
1253139354043551744
1253139357814448130
1253139357797580801
1253139366341251073
1253139366895124481
1253139387233099776
1253139387162005505
1253139391394066433
1253139391406575620
1253139403959988224
1253139416731856897
1253139421311963137
1253139425048924160
1253139428949856263
1253139441511731202
1253139445416628227
1253139446322679813
1253139450177044481
1253139454572691457
1253139491763568642
1253139500232048640
1253139512726781955
1253139529860386821
1253139543374671876
1253139566992797697
1253139593114894336
1253139601704849410
1253139604934295557
1253139612542828544
1253139626329403392
1253139626996400129
1253139627147436035
1253139629999439873
1253139630599188482
1253139635401711617
1253139638895538178
1253139681396453377
1253139685750292481
1253139688866689024
1253139688967172098
1253139692972892160
1253139701646712835
1253139706591825924
1253139710807072768
1253139717996130306
1253139718952366083
1253139730708836352
1253139730809655299
1253139739189927940
1253139743925297158
1253139748018774017
1253139752343293953
1253139760534650880
1253139760564121601
1253139768524881920
1253139772689833992
1253139773184552960
1253139773197135873
1253139773910376450
1253139782307209218
1253139781413937153
1253139795179720704
1253139797914185728
1253139810925117440
1253139811218657284
1253139819716399110
1253139836732497922
1253139852377260036
1253139853069496320
1253139857985191936
1253139865295818759
1253139869938749440
1253139882039443457
1253139898292453379
1253139911374503937
1253139911374336000
1253139925098266624
1253139927807729664
1253139933134336000
1253139936460619778
1253139948993208320
1253139957159464960
1253139961894797319
1253139970308464641
1253139987421331456
1253139987572248576
1253139991699415040
1253139995398832128
1253140003720331265
1253140007646347269
1253140013337980929
1253140017796591618
1253140037157425154
1253140054572183552
1253140071135547392
1253140075002703878
1253140075421917184
1253140075787026434
1253140088487383040
1253140091502903296
1253140090924261380
1253140104123576320
1253140108175462406
1253140108724727808
1253140108892606471
1253140138479288322
1253140138680614915
1253140154568503296
1253140171442143233
1253140176240545794
1253140192699060236
1253140193454022656
1253140197438611457
1253140201293168640
1253140209224478720
1253140222063382529
1253140225947246592
1253140242401357824
1253140263373090816
1253140268938715137
1253140272382390272
1253140272801775617
1253140277021347845
1253140288727666689
1253140289298018304
1253140293395845120
1253140309518815232
1253140318444290051
1253140322084777985
1253140322323804160
1253140322911244288
1253140331400495104
1253140331698065408
1253140348710371329
1253140352434704389
1253140352434921474
1253140361175658496
1253140364363542529
1253140377613340672
1253140377730572288
1253140390624088067
1253140402116403202
1253140405983592448
1253140405895548929
1253140419820630020
1253140431979917312
