1245368851153420288
1245368872691269633
1245368876466081794
1245368880949800960
1245368889371955205
1245368897647153152
1245368902353399811
1245368910624567296
1245368935190368261
1245368939632353286
1245368939946725376
1245368939808464898
1245368956442914820
1245368956229242893
1245368972918259713
1245368981407633408
1245368981575303173
1245368989988966401
1245369010834866177
1245369011010965504
1245369019370221569
1245369023753334785
1245369027276521472
1245369031894368257
1245369082246885381
1245369098520760321
1245369107563700224
1245369107723231236
1245369128182923264
1245369145056620551
1245369145249669120
1245369149213118465
1245369149490069506
1245369153512337408
1245369153571000322
1245369157438275586
1245369161813024769
1245369162043731972
1245369166003146753
1245369174723047424
1245369204125118470
1245369212526362624
1245369220810117123
1245369224559644673
1245369224912044033
1245369229110472707
1245369229290786816
1245369241877929985
1245369249964662785
1245369262346309632
1245369271179456515
1245369275084226567
1245369300442959873
1245369304763084802
1245369325244100613
1245369329710817281
1245369346794442753
1245369350581825536
1245369354633596928
1245369367392595974
1245369371469455360
1245369379971268608
1245369380067819521
1245369388322230272
1245369388766822400
1245369405363507200
1245369426163068934
1245369430000816128
1245369438724997121
1245369455539965953
1245369488851132416
1245369492865052674
1245369497596211202
1245369502000459776
1245369505825554432
1245369518685208577
1245369526897655808
1245369535168950278
1245369535294816257
1245369539308793856
1245369543666606083
1245369589724254209
1245369623161090049
1245369648469536769
1245369669801967616
1245369686340009985
1245369703129845765
1245369706875432960
1245369706921459712
1245369711367462912
1245369732422717440
1245369732556926983
1245369736449400838
1245369740643598337
1245369741042053120
1245369745051987970
1245369749367734274
1245369753314754561
1245369761690718210
1245369765931233282
1245369774281875456
1245369786546225154
1245369795240964104
1245369799539961857
1245369803772215297
1245369807739834368
1245369811716243458
1245369841222967302
1245369850052194305
1245369871019327489
1245369883212353536
1245369895883354119
1245369899851165697
1245369916661870592
1245369916942725125
1245369925218095105
1245369954578333696
1245369963071901696
1245369963101089792
1245369971556773893
1245369975402983424
1245369975801622528
1245369992222253058
1245369996789854208
1245370051252944896
1245370055505768451
1245370059620585473
1245370059096125440
1245370063856603137
1245370068030160896
1245370072278786049
1245370085406990338
1245370085604294656
1245370085226749954
1245370113605414915
1245370118072221697
1245370126611841024
1245370143322095616
1245370147428347906
1245370147528982528
1245370147562536960
1245370181167255552
1245370185218961410
1245370185441304582
1245370210711941122
1245370214415556608
1245370219062681603
1245370222787219457
1245370223114534912
1245370239723933700
1245370248141787138
1245370248322142208
1245370252373917698
1245370256811364353
1245370260456439811
1245370264734572546
1245370303125037057
1245370306627350528
1245370306862239747
1245370315179347976
1245370314902704128
1245370315120705549
1245370315418591233
1245370319726141442
1245370369948749830
1245370374075768833
1245370382254845963
1245370386524573699
1245370386541211650
1245370390806843394
1245370390672801792
1245370415960264704
1245370424529162241
1245370437187571712
1245370445479596033
1245370453750775808
1245370458045919235
1245370457928294401
1245370466417750016
1245370470377144321
1245370474734817280
1245370500135567360
1245370508004163586
1245370508264312832
1245370512127266818
1245370512479596544
1245370512529915905
1245370521065345024
1245370521065336835
1245370524970233857
1245370529411981312
1245370536907223040
1245370546197614593
1245375645640622080
1245375645762203651
1245375650510372866
1245375667169984512
1245375675843743750
1245375688196096000
1245375696568045568
1245375713504628736
1245375726129381383
1245375726284505089
1245375738511048710
1245375742785060875
1245375751232184320
1245375763521601537
1245375772266614789
1245375776263933952
1245375784946208769
1245375801505316865
1245375805561147393
1245375805485723649
1245375808828346370
1245375814436294656
1245375822514421761
1245375822539579392
1245375826566230016
1245375826813689856
1245375835009355777
1245375839551795203
1245375843322359809
1245375847843770371
1245375856278724610
1245375860653166593
1245375872867147776
1245375906333339649
1245375914495610880
1245375927128899584
1245375927309070336
1245375931469819911
1245375935647367169
1245375944178774017
1245375952479301633
1245375965364211719
1245376002907205632
1245376015519682562
1245376023727869954
1245376023774089217
1245376027884470275
1245376040593170433
1245376040471535616
1245376048868425729
1245376053196931073
1245376053331124224
1245376065192644610
1245376065792606209
1245376078572662787
1245376099426672640
1245376103402921984
1245376107584593920
1245376111741227013
1245376120226078722
1245376124500115457
1245376141172469762
1245376153562615808
1245376158213922816
1245376158297919489
1245376162139975680
1245376174508986368
1245376187427196928
1245376191596498944
1245376199351828480
1245376204154138624
1245376225000001541
1245376229156536321
1245376237788213248
1245376250492981248
1245376258608955392
1245376266863136768
1245376279567876102
1245376283980238848
1245376292167585792
1245376292217917440
1245376304679129088
1245376308969902080
1245376313096990720
1245376313071812608
1245376313092911104
1245376329857540097
1245376342629273606
1245376350762029056
1245376359045742592
1245376359297355783
1245376376376406018
1245376392713449472
1245376405556387840
1245376409675214849
1245376413865095168
1245376426691497984
1245376430340485120
1245376455875444736
1245376459692220417
1245376468365897728
1245376468659638272
1245376472656707585
1245376480961368064
1245376481288732672
1245376489358389249
1245376489618579457
1245376489668972545
1245376497776496641
1245376497986273282
1245376511978414082
1245376522824880128
1245376526981435392
1245376527279312897
1245376531574202370
1245376531645337600
1245376535294590976
1245376535650947072
1245376543825604608
1245376547726467073
1245376560594649099
1245376564738523141
1245376581461311489
1245376581645688839
1245376585647017984
1245376593834512385
1245376627674091521
1245376632132710401
1245376644799479812
1245376657030086662
1245376669520707588
1245376669654777856
1245376669780762624
1245376678249082880
1245376690660007939
1245376695177273352
1245376707189760001
1245376715922313217
1245376719651057670
1245376724159741953
1245376724600225792
1245376732888096769
1245376737023864833
1245376744351084544
1245376761627660290
1245376766174093313
1245376770297266176
1245376770611658753
1245376782846443520
1245376800026484738
1245376808481992704
1245376816606400513
1245376824986742786
1245376829122199553
1245376833161285634
1245376841700880384
1245376845966716928
1245376850265812993
1245376858713014275
1245376862936801281
1245376865512099843
1245376879466622977
1245376891873185792
1245376896336121861
1245376913272684544
1245376917588439041
1245376921384267778
1245376925847023625
1245376929693175808
1245376934227275777
1245376954930520064
1245376971762274308
1245376992788262924
1245376992834228226
1245377038573350912
1245377042750803970
1245377042994073601
1245377043195260929
1245377060048076800
1245377072408735744
1245377085142695938
1245377089517301760
1245377089383075842
1245377093241901056
1245377101668196354
1245377106277568514
1245377123172454401
1245377139643482112
1245366884771348480
1245367372992655363
1245367776430059526
1245368171722412035
1245368395001925632
1245368716600266753
1245369330914799617
1245369946978336771
1245370288113700864
1245372076401319938
1245375499246977024
1245375954777759747
1245377901194870787
1245377949416783872
1245379799167664139
1245380327855579136
