1255227496473276419
1255227500617175041
1255227504425607169
1255227517281210370
1255227521223790592
1255227550705553409
1255227554660790282
1255227567210201089
1255227575762325506
1255227589138034690
1255227597425987587
1255227606078816262
1255227613314011138
1255227614052171777
1255227622860230657
1255227626031104000
1255227634822320131
1255227638706298886
1255227647036096514
1255227655668015104
1255227664060866561
1255227693454569473
1255227698315657227
1255227723007565826
1255227751658926081
1255227760215293958
1255227772961783809
1255227777655111680
1255227782013112324
1255227786538737668
1255227798312095751
1255227814686711808
1255227823436042241
1255227826757865474
1255227828133560322
1255227836727726088
1255227844583702531
1255227848593375239
1255227877462880259
1255227878356201477
1255227881967550464
1255227886602256388
1255227932370448393
1255227932072718340
1255227941174329347
1255227949437026304
1255227949915176963
1255227961764167685
1255227979401252867
1255227983239024653
1255227990855868419
1255228000209117187
1255228007884742657
1255228012041318402
1255228017078611975
1255228046166065153
1255228062234443778
1255228096384512002
1255228097131143168
1255228138113679368
1255228142966525956
1255228147060137985
1255228151040487424
1255228167549259777
1255228176344719362
1255228183659655168
1255228213145538563
1255228225808105474
1255228255814201344
1255228264114728963
1255228264278364166
1255228268271341571
1255228268686512130
1255228276659949572
1255228285606334468
1255228285644156929
1255228297832812545
1255228315130044423
1255228318498119681
1255228335178874881
1255228344058216450
1255228351989547009
1255228352119689217
1255228360881590274
1255228364119564290
1255228364446674947
1255228384319283200
1255228385586032640
1255228398219284480
1255228405974552579
1255228406708477962
1255228410659516421
1255228423032758277
1255228461028966400
1255228465013547008
1255228469191102466
1255228473485996033
1255228494696583169
1255228498802769922
1255228502397288453
1255228510786007040
1255228519304564745
1255228532424400903
1255228548736040962
1255228557267210240
1255228557279793155
1255228561100865539
1255228562233229315
1255228582609158145
1255228599914856451
1255228615706492930
1255228636891922434
1255228640985518083
1255228653941723137
1255228658010263560
1255228661877420033
1255228678671384579
1255228678864343041
1255228688305659906
1255228691757572096
1255228695796686848
1255228704487342088
1255228721017094148
1255228729040781313
1255228729095344128
1255228729103716354
1255228733792948224
1255228750893068289
1255228758266728450
1255228766797934593
1255228775152959494
1255228775371063298
1255228780265816066
1255228783436730369
1255228784405630977
1255228788037779469
1255228800398512129
1255228804739579905
1255228805251244033
1255228809273630721
1255228813153390593
1255228817746079753
1255228825602007040
1255228830006067204
1255228838507876352
1255233324219416576
1255233334357229570
1255233335107948545
1255233335107956736
1255233343379116034
1255233380523872256
1255233394088255488
1255233409775009800
1255233409842122754
1255233414942330883
1255233418767609856
1255233430821965824
1255233434911494145
1255233434835877890
1255233447880253444
1255233452011671552
1255233456302424074
1255233457187414019
1255233461041971202
1255233468386115584
1255233468646203392
1255233481279447044
1255233489500241925
1255233493891760129
1255233494239907840
1255233494718038016
1255233506768236545
1255233510983467008
1255233523197362176
1255233524115877891
1255233524195622913
1255233528092069888
1255233531887996928
1255233544009498624
1255233544655421446
1255233556835688448
1255233570412601347
1255233582441926661
1255233586082562050
1255233590171926529
1255233590268497921
1255233594366341122
1255233595708448782
1255233603870613505
1255233607280533506
1255233615476207619
1255233628944117760
1255233633482350599
1255233644274356224
1255233645201235968
1255233649945034753
1255233657104732160
1255233666172805120
1255233666193797123
1255233674473287682
1255233691728711683
1255233695092482049
1255233699613990917
1255233703858573313
1255233716802277376
1255233733613047814
1255233738134499328
1255233755226259461
1255233763350585346
1255233791519535107
1255233792681431040
1255233812541452288
1255233817331318785
1255233821378830338
1255233841834397697
1255233847031201797
1255233850248134656
1255233855646306312
1255233859328884739
1255233879729999873
1255233880526917634
1255233897308327938
1255233901318078467
1255233918271397888
1255233933878480902
1255233938471161860
1255233938806714374
1255233946813693953
1255233971790778373
1255233976966557700
1255233980808470531
1255233997367640070
1255234013767311371
1255234014140665857
1255234018569748481
1255234031555395587
1255234034772426757
1255234035087020032
1255234072726638593
1255234080494563330
1255234090242060289
1255234093962407939
1255234098471284739
1255234106486554625
1255234106578939909
1255234114611032064
1255234123016388613
1255234123452596229
1255234148698071043
1255234156138766337
1255234157652910082
1255234165630554117
1255234174191046660
1255234177479389184
1255234178104385546
1255234181610770432
1255234186065121282
1255234191161253888
1255234194575364103
1255234211402964993
1255234219284054019
1255234228754710528
1255234248686161921
1255234249529196545
1255234262531440640
1255234270349713414
1255234273755488256
1255234279308693508
1255234295389720577
1255234299655335937
1255234307406299136
1255234308605980676
1255234328424046593
1255234327392202759
1255234337458606080
1255234362351779841
1255234375509254146
1255234391598600192
1255234399907561472
1255234399962046471
1255234400532467720
1255234421113978880
1255234442949509120
1255234442932760579
1255234450918715392
1255234454836084743
1255234455196839943
1255234459122753542
1255234459105976320
1255234467196817413
1255234471739240449
1255234487417483269
1255234492408750080
1255234492152844288
1255234512524652544
1255234530790735873
1255234533730983941
1255234539414327301
1255234542270582784
1255234543101100035
1255234556204122112
1255234576181612548
1255234605583609859
1255234609387843586
1255234609840865285
1255234610075664385
1255234618103607299
1255234618476965890
1255234622356586499
1255234630573228034
1255234631638618117
1255234643013636101
1255234643013615624
1255234648524959746
1255234648461971459
1255234656150196225
1255234671975301128
1255234673283870721
1255234681437655043
1255234690555969544
1255234701998133253
1255234706456686593
1255234710172774402
1255239232643387392
1255239240520273923
1255239253531013125
1255239265950281732
1255239298766573570
1255239320535027715
1255239320560173057
1255239328697065474
1255239332186730497
1255239332501377025
1255239333046554637
1255239336536260614
1255239336011972608
1255239348045459457
1255239349072990209
1255239353103781888
1255239353628049412
1255239357591666688
1255239365783142402
1255239391125090312
1255239391288705025
1255239395399122951
1255239404043542529
1255239407860363270
1255239408623771648
1255239412004380678
1255239416781701122
1255239420418162688
1255239425321205760
1255239442400448513
1255239462457683970
1255239475657084932
1255239475745218564
1255239491767406597
1255239496242728962
1255239500898480131
1255239516975255554
1255239559517962240
1255239563833982976
1255239571534643200
1255239575728992259
1255239588530008070
1255239592913055744
1255239593265442818
1255239596566351875
1255239596532813826
1255239617248460801
1255239617546194945
1255239627004416001
1255239639222366212
1255239642825228289
1255239643462844417
1255239647648677895
1255239651721457665
1255239663578689540
1255239685309423618
1255239688467742722
1255239693417013256
1255239718662529024
1255239723217563653
1255239723246911489
1255239726656892928
1255239726493286401
1255239731664818177
1255239768792850433
1255239773394001926
1255239781887496194
1255239797762818055
1255239798530465793
1255239801776812039
1255239806390538241
1255239823373279234
1255239848266477568
1255239861830909963
1255239865186373632
1255239865291149313
1255239865702191109
1255239873772085248
1255239882122944517
1255239886736691201
1255239899416080386
1255239919661875201
1255239924250562564
1255239932051951623
1255239932576227335
1255239941275205641
1255239949244399617
1255239954122313728
1255239974116560896
1255239974754168834
1255240007603965954
1255240012318326789
1255240012947492865
1255240020543311873
1255240041581944839
1255240041699463168
1255240050096439301
1255240054022328321
1255240054303227905
1255240058313023489
1255240062658392064
1255240083193675785
1255240083831169025
1255240087488606210
1255240092463087616
1255240096770592769
1255240103997460481
1255240125161902089
1255240128970317824
1255240129305808900
1255240137899900931
1255240143004471298
1255240146678681601
1255240163674009601
1255240171366350853
1255240209081470981
1255240213259005963
1255240221249208326
1255240230782865408
1255240238038990848
1255240238689116160
1255240246444412929
1255240267952775173
1255240272105136129
1255240272067399681
1255240280191754244
1255240289431756800
1255240301859549187
1255240313641279489
1255240313985253383
1255240318745743360
1255240334784835584
1255240356460924938
1255240368540573704
