1254775374438785026
1254775404977459202
1254775425672216581
1254775429858131971
1254775442336149506
1254775442831060999
1254775442881474561
1254775447729999875
1254775455434960898
1254775459406950402
1254775472568721412
1254775488846815232
1254775500980936708
1254775518055903235
1254775521935650821
1254775526268403714
1254775530303283202
1254775572204380162
1254775581566099460
1254775589682077696
1254775614084575233
1254775614923390977
1254775627317567489
1254775643956408323
1254775647815122946
1254775648020660224
1254775664713973761
1254775668576907264
1254775681474416646
1254775685605814273
1254775702458519554
1254775723157409794
1254775728190525454
1254775736331726849
1254775761002590211
1254775762013446144
1254775762231549954
1254775787409903617
1254775794267680769
1254775798705184770
1254775807538429953
1254775808285011968
1254775811653025796
1254775811971801089
1254775840845336582
1254775850194530304
1254775862731276288
1254775874420801547
1254775878942261250
1254775883295895552
1254775887846715400
1254775887972589569
1254775895010598917
1254775896176594949
1254775900429709313
1254775904460369920
1254775907442556931
1254775921141141504
1254775928657285131
1254775937826123777
1254775941848432647
1254775945669406725
1254775946353143808
1254775962496929793
1254775967286886403
1254775983342678023
1254775996940599299
1254776004607762434
1254776025000493062
1254776025646415874
1254776030503464962
1254776034534125569
1254776042184531969
1254776042520100869
1254776045682614277
1254776046768934913
1254776051508506624
1254776052804534272
1254776080386322434
1254776088586153989
1254776092528791554
1254776104851628032
1254776114192375809
1254776126133530627
1254776147176374272
1254776155292368897
1254776156034748422
1254776164033236997
1254776172002476033
1254776189106831372
1254776202050465792
1254776202083962883
1254776205477208064
1254776209768017922
1254776223420448769
1254776243339190273
1254776244182241287
1254776247189532673
1254776260447793154
1254776277845725186
1254776285848432640
1254776293830193158
1254776294195073027
1254776301799354370
1254776302944391168
1254776306790576131
1254776310150262792
1254776323014184969
1254776323446149120
1254776339921395716
1254776340265398274
1254776344048590849
1254776348540715008
1254776363338199042
1254776390768971778
1254776416232591365
1254776440945434627
1254776454119690240
1254776456166563842
1254776470653726721
1254776473979781121
1254776473900077056
1254776482880094210
1254776491784540161
1254776499053277193
1254776503297949696
1254776503549562880
1254776516082151424
1254776528446951424
1254776528711213056
1254776533077524482
1254776544502808577
1254776558507618306
1254776558742458370
1254776566833278977
1254776587888652293
1254776599792070658
1254776609225101324
1254776612861566976
1254776616795779073
1254776621262704641
1254776633514328066
1254776637956083714
1254776638622937088
1254776654074789892
1254776654716530692
1254776659489648644
1254776675532861442
1254776676208095236
1254776680591159300
1254776687893475333
1254776708693020674
1254781076079173632
1254781079598161921
1254781108731834370
1254781125416775680
1254781146623143939
1254781155741585409
1254781159193505792
1254781168215445507
1254781180123086852
1254781184413859843
1254781214466076685
1254781217708183554
1254781218266046464
1254781230697963531
1254781242676875266
1254781256442605575
1254781263765835779
1254781268111159296
1254781284905218048
1254781302026326024
1254781306753302533
1254781311098646535
1254781335056474119
1254781348255948804
1254781334498578432
1254781373614747649
1254781385266442242
1254781385992110084
1254781394774982658
1254781397664817152
1254781401850773504
1254781402576379906
1254781431965863946
1254781435728130051
1254781440060882946
1254781477696331781
1254781486693150722
1254781486630232065
1254781499225731079
1254781515491237888
1254781525033226241
1254781528757776386
1254781550010359810
1254781553638387719
1254781561574047744
1254781570650566661
1254781574354055171
1254781594956558337
1254781595283644419
1254781599377321984
1254781603533873154
1254781608533479432
1254781613008805895
1254781617169510405
1254781624534720514
1254781629190377474
1254781633208582145
1254781637734232064
1254781641987207186
1254781645401415684
1254781654205267976
1254781658416287744
1254781662224805890
1254781662317051904
1254781670881759234
1254781670839906304
1254781675030016002
1254781733569875969
1254781742084263936
1254781750405820417
1254781758895091721
1254781758437879809
1254781767103311883
1254781771704483840
1254781775647129604
1254781779942113282
1254781784815857667
1254781797805641730
1254781830680637444
1254781838280683521
1254781843439620101
1254781847231279112
1254781864042086409
1254781906396147717
1254781918899367937
1254781926784655360
1254781926814052352
1254781931805270016
1254781943557709831
1254781943549317122
1254781947563216899
1254781956228710409
1254781960649453570
1254781977779032066
1254781985890811904
1254782007042732035
1254782014730850304
1254782015523549185
1254782027435356166
1254782045160476679
1254782052181762050
1254782056929783813
1254782069294522368
1254782094879764482
1254782102735749127
1254782107332689921
1254782128929124354
1254782148805984257
1254782157697900545
1254782174886158337
1254782175049703426
1254782179189460995
1254782182867955713
1254782216170647552
1254782225133916161
1254782227835006976
1254782278959370241
1254782279810867207
1254782295677886465
1254782296130912259
1254782317563752448
1254782321292500993
1254782329064534020
1254782341928505350
1254782347246854149
1254782350703030272
1254782354226176004
1254782354851160067
1254782355048239104
1254782362954563584
1254782371599015938
1254782372001677315
1254782371783512064
1254782383582179328
1254782392310435841
1254782392927047684
1254782401340825600
1254782417786687488
1254782422094209029
1254782430541524994
1254782435180417026
1254782438804295684
1254782443359358977
1254782451190132736
1254782451617914881
1254786837735858179
1254786838125936647
1254786838377553921
1254786839052877824
1254786846535516167
1254786847361794049
1254786855049916420
1254786859332325380
1254786859575590914
1254786867565715457
1254786880991719427
1254786888675647488
1254786913682124802
1254786918383902721
1254786926344691716
1254786930882928642
1254786934838161412
1254786947471405067
1254786955486748673
1254786964626104322
1254786968644247554
1254786972289122305
1254786981352992771
1254786985572446209
1254787006191697923
1254787006594338818
1254787010448908292
1254787014362185732
1254787031441399811
1254787039104393220
1254787056758210561
1254787069601144833
1254787090010652673
1254787090832736257
1254787098718044162
1254787111422550017
1254787119450480648
1254787123313430546
1254787123774816256
1254787136126988292
1254787140262617095
1254787148500226048
1254787152312807426
1254787161003397123
1254787161188036610
1254787169660497921
1254787174362255360
1254787174454579202
1254787178082623488
1254787181056364558
1254787182004297729
1254787186878148611
1254787199712636930
1254787224089931779
1254787227793518598
1254787228955324417
1254787237012664321
1254787249549348874
1254787257631830017
1254787257627602951
1254787271091314693
1254787274845196292
1254787275210158088
1254787313000787968
1254787325046845441
1254787329471860736
1254787333276098561
1254787333578088455
1254787337831108608
1254787337814282242
1254787338401574914
1254787354385977347
1254787358718742528
1254787366767583244
1254787383297314819
1254787383746150400
