1275398181744979968
1275398187289907200
1275398193149366273
1275398198136201221
1275398233121046528
1275398245242503169
1275398272752877568
1275398295397920768
1275398302519791616
1275398303803494400
1275398304621301760
1275398316134674433
1275398316289929216
1275398325752049664
1275398333062762498
1275398339987636231
1275398340134436864
1275398345499033601
1275398354185400321
1275398367221293056
1275398390369714176
1275398390982103040
1275398394924732425
1275398400243097602
1275398407805378560
1275398413077622789
1275398417586536448
1275398424297377793
1275398466617761794
1275398471412068352
1275398486842884097
1275398495726219264
1275398499568402434
1275398525115760642
1275398550860554240
1275398564449931265
1275398566811504645
1275398579738365955
1275398579880726528
1275398591662755840
1275398597677285377
1275398601125040128
1275398601099800578
1275398601674493953
1275398612722290693
1275398613808541697
1275398637921722368
1275398658784137216
1275398663397834754
1275398684654669824
1275398692292513792
1275398710420221961
1275398710739046400
1275398722302722048
1275398726694178828
1275398730024452102
1275398734571077633
1275398735313244160
1275398751599734784
1275398759933833218
1275398760206565376
1275398773888421888
1275398776203677696
1275398781106675712
1275398785816948736
1275398790699028481
1275398793526013953
1275398794549616641
1275398823578304512
1275398829047676940
1275398839717916674
1275398844021452800
1275398849759023104
1275398851919142913
1275398853412282370
1275398882038550528
1275398885838553088
1275398898442534913
1275398906701111296
1275398908420796418
1275398931996971016
1275398933548695552
1275398948933586945
1275398952444198912
1275398940205121536
1275398960832790533
1275398961172484096
1275398965509476353
1275398990364684289
1275398992415936513
1275398995335155712
1275399020337397760
1275399030303076353
1275399033385820166
1275399042252640256
1275399046052696064
1275399048728465415
1275399057964281856
1275399063383552002
1275399074087305216
1275399076238856192
1275399078168363011
1275399103648759808
1275399103627878405
1275399116194033665
1275399130676973568
1275399135949131788
1275399141561171968
1275399145482788864
1275399146925469697
1275399154211131392
1275399164571127808
1275399164550164480
1275399164956798977
1275399167569952773
1275399171927879685
1275399191414681600
1275399208263131136
1275399209529733120
1275399222221836293
1275399229993897988
1275399239468630021
1275399242971054080
1275399244095070209
1275399246464901120
1275399246414561280
1275399251540037634
1275399255646179333
1275399268090642434
1275399268799479814
1275399284158939141
1275399292346343434
1275399293378023429
1275399293730463751
1275399301179617281
1275399302022561793
1275399305277452288
1275399305436766208
1275399305902223361
1275399310528507904
1275399318107639810
1275399326487973888
1275399343927963650
1275399368045219840
1275399392707727361
1275399393492045827
1275399397900079104
1275399411166703616
1275399432285102082
1275399434604613635
1275399436110188546
1275399440199823360
1275399447514619905
1275399460265226240
1275399474488250373
1275399477000626176
1275399488065220608
1275399490942275584
1275399493907693569
1275399497930158082
1275399499524059139
1275399499448487936
1275399502841606144
1275399519119781889
1275399520474607621
1275399536949764096
1275399541026697216
1275399553932357634
1275399554343501825
1275399557862559749
1275399560479703040
1275399565559152653
1275399577676451841
1275399583489613830
1275399590339063811
1275399590410321921
1275399599474249728
1275399603848970240
1275399633582329858
1275399648686080000
1275399667241619457
1275399678574710784
1275399683649744898
1275399692038389761
1275399695183970306
1275399728591601665
1275399730189590528
1275399737278033922
1275399738762952711
1275399745087905792
1275399746522316801
1275399757914148867
1275399771121991681
1275399787622342664
1275399795323154433
1275399808489082881
1275399810150010880
1275399822233698304
1275399842655801345
1275399843599405056
1275399850461483008
1275399864524828672
1275399867230281731
1275399879645331457
1275399893016875008
1275399902080663560
1275399913715781632
1275399914499895297
1275399914432991232
1275399917415038976
1275399923190558721
1275399930325217281
1275399936071405568
1275399950751485959
1275399960167460864
1275399961195220993
1275399963749552129
1275399964378771457
1275399972222046209
1275399984943452171
1275399995093594113
1275399998163816448
1275400002819383296
1275400014613950464
1275400032116789249
1275400048164159489
1275400053067116545
1275400056737333248
1275400057462939648
1275400064702263302
1275400069588623360
1275400072365248513
1275400072436613120
1275400080812642304
1275400081299181569
1275400089591263232
1275400090379677697
1275400094477619202
1275400102677483521
1275400106653519872
1275400119349915648
1275400127205670913
1275400132897525760
1275400153956900865
1275400156729483265
1275400157174083586
1275400157417242624
1275400165617098754
1275400174462894080
1275400177172480002
1275400177935884289
1275400185850593283
1275400198391554051
1275400208789245956
1275400227512516614
1275400232931639296
1275400233057468416
1275400235968274432
1275400236782010370
1275400253911400449
1275400261666832384
1275400262375469057
1275400287516327936
1275400291123429376
1275400302833930240
1275400316947771393
1275400335889068035
1275400337797644288
1275400346282622979
1275400349038399489
1275400349482921985
1275400353794658305
1275400365991776258
1275400375181496320
1275400378855587841
1275400383322640389
1275400384362749953
1275400397541138435
1275400399768424448
1275400400858951681
1275400413253120001
1275400413739532289
1275400429367517189
1275400430336516097
1275400433016725512
1275400451324817409
1275400462808776704
1275400464624910336
1275400466810179584
1275400474993229824
1275400483960754182
1275400488515710978
1275400489555853312
1275400496497528833
1275400505234198528
1275400507029286912
1275400510024155136
1275400510976200704
1275400513736060928
1275400551073792006
1275400551765852161
1275400551858126848
1275400567884443649
1275400571688833030
1275400598691745792
1275400606224715776
1275400609718558720
1275400613837373440
1275400614965661697
1275400631197425668
1275400634980806656
1275400635018629122
1275400648662663169
1275400668593913863
1275400669416108035
1275400676382666754
1275400714903261187
1275400715410845696
1275400715913969665
1275400715964313602
1275400736050987010
1275400757676826624
1275400760038166531
1275400761124564992
1275400781110423552
1275400802572484609
1275400811028324353
1275400828002668547
1275400857815785472
1275400862026870784
1275400867714412544
1275400869698297856
1275400871266914304
1275400873443823616
1275400874920206336
1275400886731386881
1275400895891636225
1275400899960209409
1275400912199127042
1275400919971180544
1275400924375154689
1275400928200400896
1275400930389905408
1275400936534487041
1275400944801452032
1275400946239954945
1275400951235514368
1275400966817415169
1275400970965594115
1275400974413242368
1275400982940139521
1275400987193335809
1275400995472699392
1275401005421780992
1275401007678152704
1275401020999446529
1275401025474555907
1275401029878759424
1275401032999321608
1275401043359207425
1275401046790213635
1275401056092995584
1275401067379986439
1275401068449615872
1275401070613839873
1275401076267552768
1275401105300770822
1275401106017804288
1275401110531051523
1275401143238250497
1275401147189284864
1275401167217049608
1275401172984254465
1275401193112637443
1275401195075637248
1275401202667188225
1275401222737006592
1275401221243731974
1275401226197381120
1275401226713251841
1275401226788708352
1275401229871570946
1275401230458580992
1275401234417979392
1275401235521253376
1275401252453494785
1275401255393918982
1275401255800786944
1275401263426023426
1275401301145214976
1275401301891796992
1275401302588219399
1275401313912786950
1275401314978201602
1275401322552946688
1275401339384848390
1275401347878223873
1275401348402548736
1275401352009711620
1275401352894656512
1275401356220694530
1275401382233866240
1275401386298159104
1275401394648907776
1275401405940092929
1275401414500659201
1275401415658221568
1275401423933640704
1275401439725133824
1275401439934906370
1275401447912484866
1275401461200048128
1275401486051143682
1275401507991482370
1275401520713011205
1275401528501821446
1275401532050075648
1275401537301381124
1275401545224523777
1275401545664864258
1275401550685450243
1275401561309577219
1275401574353944579
1275401593115074560
1275401595744923651
1275401596831035395
1275401600027242502
1275401603219161088
1275401608101351424
1275401621111898113
1275401632935817219
1275401642758856705
1275401653844348928
1275401663080271878
1275401671535923205
1275401675445075971
1275401683670044672
1275401700619063296
1275401701588156418
1275401704989581319
1275401708332515330
1275401712325595136
1275401713315385345
1275401720827392000
1275401733477412864
1275401747671003136
1275401759620464641
1275401760119631881
1275401775080714244
1275401792348717057
1275401813173383169
1275401815236976643
1275401822358904832
1275401842202009600
1275401844890763264
1275401851165270017
1275401855321780227
1275401863341498374
1275401863643271168
1275401875966308353
1275401875999899649
1275401885281931264
1275401901710782464
1275401906748305410
1275401923110170634
1275401940394967040
1275401952747192320
1275401952986148864
1275401972825415680
1275401973760753665
1275401977392963585
1275401981432082434
1275401985311662081
1275402001707339776
1275402006094635014
1275402006497095686
1275402006350397441
1275402019457642496
1275402020430786565
1275402026915000320
1275402032741048329
1275402054408830977
1275402066731470849
1275402081868922882
1275402086956462080
1275402137254666240
1275402145181896707
1275402148310921216
1275402153499246595
1275402154367279104
1275402157773197314
1275402157982994433
1275402174902808578
1275402194519560193
1275402242472816641
1275402250383474688
1275402250517483521
1275402258759417857
1275402262811205632
1275402263108947968
1275402272076369921
1275402291890262016
1275402304129126400
1275402338954473472
1275402342205186048
1275402342523785216
1275402353945063424
1275402355605794816
1275402359212920832
1275402366368481282
1275402375424065537
1275402376191471617
1275402388741017603
1275402391895097345
1275402410647666690
1275402433968181252
1275402452762865665
1275402455556161536
1275402456277700610
1275402464242675713
1275402485511983106
1275402492361297920
1275402496748519428
1275402510132547587
1275402518797914114
1275402528021250048
1275402534262312960
1275402533784223744
1275402543183597568
1275402543665786882
1275402555359625217
1275402567879516160
1275402568307339264
1275402580705841154
1275402580965941248
1275402589996269570
1275402598980476928
1275402610498064387
1275402618949578752
1275402636007575557
1275402644232843264
1275402651992195072
1275402681880727553
1275402703359946754
1275402737388326913
1275402749501415425
1275402761404739584
1275402773924896769
1275402782485491712
1275402798704795649
1275402811828629505
1275402812805967873
1275402816614473728
1275402817096859655
1275402825376444417
1275402845479514113
1275402845773316097
1275402845995630592
1275402857412530178
1275402862219210754
1275402862793838594
1275402874353156098
1275402882452303873
1275402887741538306
1275402891130548226
1275402928526774277
1275402938886819842
1275402942363963392
1275402945639649286
1275402964262420481
1275402971518504960
1275402972399353858
1275402966229569536
1275402996952768515
1275403004364062720
1275403010110132225
1275403022219317249
1275403030255546368
1275403030607941634
1275403034214969347
1275403034399395842
1275403043421503492
1275403055303974912
1275403056163758080
1275403060542607360
1275403069367349249
1275403072630652929
1275403081581309952
1275403084219461632
1275403092662587393
1275403105211953160
1275403110538776576
1275403126867210240
1275403172224393217
1275403180218691585
1275403188577992705
1275403189983105024
1275403192759697410
1275403193820815360
1275403202335252482
1275403202532425728
1275403202444374021
1275403205933969410
1275403206214979584
1275403215069155329
1275403222983880704
1275403232001564674
1275403235755470848
1275403247394656256
1275403252343779328
1275403255565205506
1275403264352292866
1275403265417580545
1275403269867741185
1275403285365735426
1275403291103563778
1275403299357970432
1275403311756259328
1275403320010706944
1275403325199077378
1275403339522609154
1275403344308248576
1275403345746817029
1275403345776111617
1275403349286883335
1275403362188488704
1275403364881379330
1275403364847759361
1275403372707950597
1275403377745240066
1275403378517069825
1275403382098927619
1275403403175374849
1275403403309404162
1275403415712129025
1275403433756033025
1275403444715696131
1275403445168599040
1275403445328056320
1275403453121077249
1275403457193705472
1275403475480952834
1275403474759487488
1275403495500247041
1275403504706781191
1275403513263042560
1275403524768178176
1275403525527187457
1275403528979308545
1275403536524869632
1275403536872935424
1275403538005405696
1275403545538248704
1275403546410663938
1275403549699121153
1275403553549541376
1275403572180430848
1275403579092799489
1275403579562643456
1275403584268652545
1275403605152075777
1275403608771657730
1275403616128507905
1275403634495442947
1275403638693867520
1275403646474375168
1275403662823772167
1275403683845435392
1275403697447669765
1275403709745430528
1275403714610769920
1275403751092883457
1275403751403261952
1275403755748556800
1275403760471343105
1275403767157084161
1275403768700579842
1275403775872831488
1275403785494392833
1275403813814513665
1275403815932567552
1275403830952374273
1275403835461308420
1275403852460761088
1275403852758413312
1275403852838100992
1275403876829716482
1275403882294845440
1275403886757642241
1275403894701674504
1275403898245861376
1275403898606489600
1275403902310133766
1275403906156290048
1275403907695509504
1275403907557216256
1275403911457918977
1275403927551447040
1275403929254330369
1275403943670054914
1275403948258664449
1275403965056929794
1275403968101920769
1275403987030814720
1275403994551259146
1275404003011067905
1275404003686432771
1275404014969147392
1275404021084422146
1275404027631595520
1275404041342742528
1275404042169192448
1275404044958420992
1275404053652987904
1275404053871308806
1275404075249565698
1275404098762944513
1275404103783346176
1275404104743956480
1275404112994217985
1275404142815698944
1275404150373781505
1275404157822726149
1275404158766428163
1275404166068867074
1275404183525560320
1275404196666277893
1275404225330253824
1275404225384714240
1275404233651769344
1275404234784194565
1275404250739343362
1275404259685806082
1275404269898907650
1275404284784508933
1275404292938137602
1275404313943257089
1275404313964183552
1275404321505579008
1275404329588002817
1275404330489823232
1275404360684625920
1275404363847139330
1275404368154513409
1275404371585613828
1275404372713730049
1275404375620493313
1275404394159312901
1275404410630230016
1275404418587013121
1275404431367028736
1275404431542980610
1275404447615782912
1275404448727269376
1275404464787263488
1275404468218191873
1275404472408301568
1275404473104510977
1275404478242578438
1275404481178583041
1275404486060773382
1275404505941716992
1275404557049184256
1275404583246823426
1275404586254249985
1275404603358617602
1275404615115251712
1275404627324928000
1275404627467329537
1275404631531798528
1275404648539717633
1275404658178232323
1275404662250917890
1275404674279989248
1275404683377590272
1275404690277240832
1275404695163539457
1275404703380226048
1275404706882428928
1275404708753088512
1275404712058277890
1275404715791208449
1275404716265164803
1275404720761266182
1275404721491251200
1275404769843126274
1275404778907021313
1275404854110810122
1275404858884009984
1275404876235911170
1275404879582818307
1275404879931027456
1275404884200747008
1275404895626104832
1275404895789764608
1275404908301291521
1275404925426679808
1275404925984542723
1275404926622011392
1275404930304684033
1275404933861261313
1275404938676506626
1275404951431155720
1275404957949333504
1275404985161957379
1275404993563185158
1275405000982683648
1275405009946058752
1275405014475948032
1275405014761160704
1275405013469233153
1275405031248977920
1275405048168755200
1275405077692416001
1275405077596057600
1275405092787650561
1275405122193981441
1275405127931682817
1275405135590686722
1275405139260645385
1275405148387409921
1275405152875241472
1275405164317495296
1275405172672532480
1275405182046801925
1275405189587939328
1275405193526620165
1275405203177644033
1275405214946922499
1275405215102050306
1275405231266938881
1275405239865221121
1275405240125329409
1275405256889962496
1275405265706160128
1275405282944987137
1275405286719668224
1275405290532462594
1275405299101417475
1275405299763961857
1275405310463746048
1275405310878982144
1275405331980582912
1275405331988955136
1275405344257212418
1275405349428670464
1275405349777014786
1275405374913482753
1275405382383534087
1275405399332515840
1275405428353118208
1275405434531139588
1275405441007312896
1275405441267232772
1275405446019518464
1275405446623322114
1275405454223593472
1275405458510143493
1275405466118565888
1275405472070119426
1275405503951142912
1275405504576192513
1275405508573310980
1275405513249951746
1275405512994152450
1275405517431717888
1275405518002151424
1275405520401133569
1275405524830490626
1275405571752169479
1275405572683313153
1275405579800977408
1275405588810403840
1275405600667635714
1275405600894210048
1275405601338798080
1275405647396339712
1275405647887114246
1275405655407333376
1275405668313374725
1275405684104818690
1275405685941927936
1275405696985706497
1275405697925210113
1275405701880459266
1275405719114780674
1275405723904679936
1275405730728665089
1275405736026177536
1275405751280742400
1275405737951461377
1275405765096988678
1275405769240801280
1275405773573627904
1275405782117486592
1275405790694846471
1275405810408001539
1275405818977038337
1275405819677417478
1275405837016727552
1275405843731755008
1275405844205776896
1275405844893650944
1275405849134075907
1275405882134687744
1275405898106564609
1275405907518730241
1275405924992274432
1275405944575291392
1275405945812606976
1275405958752145410
1275405966473867266
1275405978922627073
1275405986648461312
1275405988162486272
1275405998921039872
1275405999428567042
1275406015547289605
1275406016499322881
1275406024778944515
1275406025344966659
1275406029614985216
1275406033045852160
1275406041832984577
1275406050116526080
1275406054122192896
1275406057502892034
1275406058832441346
1275406062561026052
1275406071524401154
1275406075928252417
1275406082958073858
1275406087823536130
1275406091543871488
1275406100079271936
1275406112263716865
1275406116202123268
1275406121545670656
1275406130441748480
1275406142240362497
1275406150050238464
1275406155079131139
1275406158979895296
1275406193486225408
1275406210037153793
1275406218014732288
1275406219033735168
1275406225933340672
1275406238550016006
1275406244153643008
1275406250688176134
1275406264118452224
1275406285140344832
1275406293210140673
1275406294162083841
1275406302462611456
1275406317847445506
1275406331214626816
1275406338919739393
1275406344049373185
1275406348398682121
1275406361862516740
1275406369647136775
1275406372465717248
1275406381487710209
1275406389934882822
1275406410147409921
1275406424378490886
1275406439213719552
1275406439729643521
1275406464526548992
1275406465415761922
1275406468531945473
1275406472822829056
1275406510454013953
1275406527596298240
1275406531929014272
1275406544776110080
1275406548462972929
1275406548743917568
1275406554313838593
1275406558206320640
1275406578708086784
1275406588317237258
1275406595053309952
1275406617085980675
1275406624300175361
1275406625109684224
1275406625822642176
1275406629849235457
1275406650023837696
1275406650485112840
1275406654591434755
1275406675357233152
1275406678570090498
1275406688326205442
1275406691840995330
1275406692574998528
1275406712032329730
1275406717275140097
1275406717816209414
1275406729434615809
1275406741304496128
1275406741308674055
1275406751035060224
1275406800720814081
1275406804294328322
1275406806232076288
1275406829741318144
1275406855406325762
1275406859504099328
1275406859718057984
1275406860070326272
1275406881406754816
1275406889098997760
1275406893456986114
1275406894266540034
1275406910074716161
1275406927791448066
1275406934150205445
1275406934477361152
1275406944505942016
1275406944866623488
1275406977166913536
1275406980635521026
1275406984645357570
1275406988789182464
1275406989724712960
1275406990123008005
1275406993000448000
1275406997433745409
1275407030816292864
1275407040316354562
1275407040614105088
1275407048855805953
1275407055763976194
1275407056682377218
1275407072662654978
1275407077842792448
1275407081294749696
1275407085728075781
1275407111401472001
1275407111548264448
1275407119957753857
1275407123585908738
1275407127595515906
1275407127612358660
1275407128325390338
1275407145043968000
1275407149435322371
1275407169387626496
1275407173644955650
1275407179319779330
1275407191009308672
1275407207224532993
1275407221229322251
1275407225259950081
1275407232268632066
1275407250287398923
1275407253055713284
1275407257816219649
1275407257879093256
1275407258214526976
1275407262148972546
1275407274459099137
1275407274501189639
1275407279731486727
1275407283757789184
1275407287478153217
1275407290921897986
1275407291580403714
1275407296558817280
1275407308772777984
1275407311553478657
1275407312228954113
1275407329777930241
1275407330109161474
1275407341274480640
1275407341458948096
1275407350489284608
1275407350338400256
1275407354322878464
1275407354863841280
1275407358622085122
1275407358584410118
1275407363336359936
1275407383074725889
1275407385025286144
1275407387353112577
1275407391303987200
1275407400216997889
1275407421666660354
1275407422312628225
1275407422832685063
1275407434442407939
1275407434610290693
1275407434853412864
1275407438418710529
1275407447302311937
1275407450997481475
1275407458249383941
1275407464536645632
1275407472749133825
1275407476301729794
1275407481024311297
1275407509227024385
1275407510166437894
1275407513827991552
1275407514104786948
1275407514142683136
1275407531016433671
1275407538998173696
1275407550708477952
1275407567829774336
1275407576583159809
1275407590630047745
1275407601438806016
1275407613698727936
1275407640118657025
1275407640521256962
1275407647597101064
1275407652655374337
1275407655805337600
1275407656933621761
1275407672813158400
1275407681562357760
1275407694610874368
1275407698801184770
1275407698943774720
1275407702399696896
1275407719009320960
1275407719940321282
1275407727112544257
1275407728874098688
1275407732494028804
1275407736579264512
1275407762004914178
1275407766086209536
1275407768774737927
1275407769374388224
1275407770209136640
1275407782301315073
1275407785962934273
1275407786608701441
1275407790824095751
1275407794708119552
1275407795089620993
1275407800294875139
1275407802958307328
1275407811434987520
1275407820582727680
1275407827884965888
1275407832842743808
1275407833119498240
1275407836479135744
1275407845475811330
1275407845765382144
1275407854678142990
1275407857303912449
1275407858167943169
1275407862815211522
1275407870947921921
1275407887423033345
1275407899209146371
1275407903562715136
1275407908524691457
1275407908952592384
1275407915789279232
1275407916338679808
1275407919912112128
1275407941131264001
1275407946617253888
1275407963566608384
1275407975499182080
1275407984575877120
1275407988199743491
1275408012128256000
1275408013587820545
1275408029018660864
1275408029937094662
1275408054679461889
1275408075189436416
1275408079841103872
1275408095905226752
1275408110748917761
1275408117975703554
1275408130151776260
1275408130554228738
1275408150880026628
1275408155149656064
1275408160287649793
1275408163991322624
1275408201316474880
1275408206781702151
1275408210648682497
1275408226209730565
1275408244127797252
1275408253086658563
1275408255540269064
1275408259697049600
1275408263677448199
1275408288990015488
1275408298230104066
1275408316341108737
1275408347785842688
1275408348641480713
1275408369415671808
1275408382028132353
1275408386398527490
1275408390735290370
1275408394946396161
1275408399056769029
1275408402705985538
1275408402789928961
1275408412361269248
1275408412659142656
1275408415884484610
1275408416140406788
1275408419239886850
1275408424516321286
1275408427913797634
1275408432460378113
1275408435987845126
1275408448990126080
1275408449896165376
1275408456615428102
1275408462701309957
1275408478048096256
1275408479142977542
1275408486986387457
1275408490693931010
1275408491973357569
1275408507580428289
1275408515650240513
1275408516099051521
1275408516505726976
1275408523937976322
1275408529604726784
1275408533559934980
1275408533996154889
1275408542510481409
1275408555156348928
1275408566204194818
1275408570125860869
1275408580078964736
1275408579995013120
1275408591516819459
1275408603403280384
1275408603546091520
1275408608235225091
1275408625926672384
1275408645900185602
1275408653626101760
1275408675952365568
1275408677269319681
1275408677395202048
1275408689353109509
1275408692893167616
1275408705241190402
1275408717182382080
1275408721292730368
1275408721842065409
1275408721976471557
1275408729635278851
1275408747670597632
1275408763831418880
1275408764649328640
1275408769351106560
1275408772110802944
1275408780180639745
1275408780755427328
1275408802163101696
1275408809591099393
1275408813953343489
1275408823109537792
1275408840687747077
1275408842499649536
1275408850246610945
1275408856177205248
1275408865132081152
1275408873059258369
1275408885348741120
1275408889194975234
1275408889626984448
1275408893540052992
1275408894622236672
1275408898191773697
1275408918546702337
1275408918995275776
1275408928071958530
1275408939874684930
1275408965300617221
1275408968664391681
1275408968920293377
1275408969675214848
1275408974687268866
1275408982044291072
1275408998351671298
1275409023001604096
1275409023102263297
1275409035815256067
1275409041720819712
1275409048750473216
1275409053838045187
1275409057688555520
1275409061152985088
1275409065905131520
1275409078743756800
1275409086859718656
1275409090710298624
1275409094682312712
1275409111937507329
1275409112344346625
1275409115662213120
1275409129557889036
1275409137606819840
1275409154325135360
1275409154748940288
1275409157643001856
1275409161262678016
1275409168703184896
1275409170569859072
1275409171605848064
1275409173841276931
1275409174688665601
1275409191872729088
1275409194775183361
1275409195811115010
1275409200114532352
1275409216732196865
1275409225187983360
1275409253919055873
1275409255152173059
1275409263758901248
1275409267877502978
1275409292678647811
1275409301381812224
1275409317324378112
1275409317647220736
1275409329093476353
1275409367223939073
1275409375746756612
1275409388417748999
1275409393044066304
1275409396730941441
1275409396990906368
1275409414682542080
1275409430293524480
1275409439286231042
1275409451424419840
1275409455933358080
1275409460542857217
1275409464921915392
1275409464745582595
1275409484920139777
1275409485448740864
1275409489714466817
1275409505292034053
1275409506739118086
1275409538825555969
1275409539362222080
1275409543426686976
1275409544693219328
1275409547180617728
1275409547675525122
1275409590423891969
1275409627643908097
1275409628113907718
1275409635923673088
1275409639400771584
1275409644152926208
1275409661085331457
1275409661773049859
1275409673991204867
1275409680932712450
1275409683025707008
1275409683210285059
1275409685932380163
1275409708241780737
1275409711576215555
1275409711551176704
1275409712649891845
1275409724624662529
1275409727757918209
1275409733311098880
1275409739661430784
1275409745696960512
1275409762348339202
1275409762545364994
1275409778920099842
1275409800994619392
1275409808477175810
1275409811681632258
1275409837401268225
1275409842010820609
1275409853486452737
1275409858641174528
1275409887539978241
1275409888030584833
1275409904988192769
1275409908868034562
1275409912445702150
1275409938777423875
1275409949825200128
1275409954069872640
1275409954506248193
1275409964077629446
1275409968708177920
1275409972290035713
1275409983878893569
1275409996000514048
1275409997531418624
1275410005609627649
1275410010768470016
1275410022499880961
1275410030909513728
1275410035124797444
1275410066682806272
1275410081140662273
1275410089785073665
1275410101331992576
1275410115097538560
1275410121917706240
1275410122718806016
1275410139009421314
1275410143484579840
1275410151965679617
1275410164619730944
1275410169363603457
1275410173956222977
1275410185348145152
1275410193434718210
1275410210035769344
1275410210660716544
1275410227530170368
1275410237286166535
1275410244374614017
1275410253434294272
1275410256684867584
1275410262577774593
1275410274208452608
1275410281963745288
1275410289148735489
1275410311454044162
1275410320303980544
1275410328088645632
1275410333029597184
1275410337387491330
1275410344941363201
1275410348888281089
1275410349471268864
1275410361236086784
1275410362175680515
1275410365363425286
1275410370518233090
1275410377921175554
1275410378860756992
1275410424423464962
1275410425010466816
1275410433395089408
1275410440697163777
1275410474507497472
1275410483026288640
1275410500030025735
1275410508569628672
1275410508472975363
1275410530228936705
1275410541713010693
1275410546301509632
1275410550655246338
1275410567797313538
1275410572289376256
1275410575040737281
1275410575493922821
1275410587904872449
1275410588911443975
1275410592686379008
1275410605021659136
1275410612873498624
1275410629197729793
1275410633672978433
1275410634520367104
1275410651373019136
1275410667646812162
1275410676740218880
1275410685565034499
1275410722504097792
1275410726702780416
1275410728233644033
1275410730062213120
1275410751830646788
1275410757228920833
1275410764409516032
1275410764703109120
1275410773242572802
1275410789415792640
1275410797326487553
1275410802653061121
1275410806201597953
1275410826619490304
1275410860610125824
1275410861603971072
1275410868520521730
1275410873763467266
1275410881166422017
1275410882273689605
1275410891056570368
1275410893631885319
1275410906583883777
1275410911604375553
1275410920072675328
1275410923721818122
1275410935818211328
1275410936292167684
1275410936786976768
1275410952410877952
1275410957582376960
1275410966990249985
1275410979388612611
1275410991426174977
1275410998745346048
1275411028776542208
1275411036867354626
1275411066416009222
1275411071164022785
1275411078231453696
1275411091275776000
1275411099106578432
1275411137283137538
1275411170573221888
1275411180463554560
1275411187681972227
1275411188331851778
1275411192383586304
1275411196393320448
1275411238382690305
1275411255075803136
1275411255348670465
1275411263653199873
1275411297220415496
1275411305147428865
1275411305600618497
1275411309878816768
1275411315146670080
1275411318766518273
1275411347573026816
1275411354812166144
1275411375955816448
1275411380737241088
1275411381500723205
1275411384709177346
1275411389339877376
1275411393504776192
1275411394368884736
1275411396918865920
1275411401369096192
1275411406020653056
1275411406783987713
1275411414081994756
1275411417815027712
1275411422105735169
1275411426719551488
1275411436202754055
1275411440913002497
1275411444297879552
1275411447636508672
1275411451658874880
1275411452170387459
1275411468205375488
1275411469493026816
1275411469480284160
1275411477181001730
1275411477218951168
1275411489441153024
1275411498161094662
1275411498240577536
1275411502078537730
1275411503831752704
1275411506495197190
1275411511658201090
1275411515143786498
1275411518083883011
1275411527143755778
1275411531749117953
1275411531832922112
1275411549172240384
1275411556336111616
1275411560824004611
1275411561587171328
1275411569535565825
1275411582646923265
1275411583016067072
1275411587659112448
1275411602565664771
1275411607284137985
1275411612514619393
1275411619674234880
1275411623507787776
1275411627555336193
1275411633091706883
1275411634110914563
1275411637034520577
1275411645804707840
1275411653555662849
1275411657255268352
1275411658941370370
1275411658916220928
1275411666398666752
1275411678981533696
1275411691669458944
1275411695473590274
1275411707687366659
1275411711768629248
1275411722048696320
1275411737588752385
1275411746178490368
1275411754630000640
1275411758681899008
1275411758945951744
1275411762834100224
1275411771180888066
1275411782681665536
1275411783688294400
1275411788159504393
1275411799932796928
1275411800083881985
1275411804076699648
1275411804743700484
1275411812096200704
1275411817829892099
1275411822032687105
1275411826650558464
1275411841687134208
1275411843490734080
1275411846741270528
1275411850641977346
1275411854169387009
1275411858934071299
1275411859345158145
1275411868031479808
1275411868472000512
1275411871391027200
1275411875287556097
1275411875866595330
1275411876600360960
1275411879297499136
1275411883659575296
1275411883768438784
1275411891783753728
1275411914475044870
1275411916928643072
1275411921190223878
1275411921190170630
1275411926886027266
1275411931256553472
1275411938646937600
1275411942853742595
1275411943734546432
1275411943839412229
1275411950852325376
1275411963342970880
1275411967830659073
1275411968254500865
1275411972196986882
1275411973266649094
1275411973447041026
1275411976257142794
1275411977397891073
1275411979860168709
1275411979969142784
1275411980799492098
1275411981105684480
1275411989704122376
1275411993671938049
1275411993843793920
1275411994179325952
1275411997950124033
1275412018124726277
1275412019022139392
1275412022377799683
1275412026970591234
1275412028111421445
1275412028161773571
1275412031403954178
1275412043391283200
1275412047124205569
1275412051964375044
1275412059673563137
1275412064463400961
1275412065356668930
1275412068896780289
1275412072537473024
1275412073355370499
1275412073879605248
1275412085028065281
1275412131467460608
1275412160529797120
1275412173003485184
1275412177755783168
1275412182281400321
1275412189747298310
1275412190237884419
1275412194600124416
1275412210584449024
1275412214724337664
1275412219812024323
1275412244717764608
1275412248769503232
1275412250036187137
1275412258177396741
1275412260920279040
1275412261771894784
1275412262367485952
1275412270030487552
1275412273725464578
1275412278142210048
1275412282911178756
1275412291362709505
1275412291916304384
1275412295070347264
1275412302829780992
1275412302909583360
1275412307221393409
1275412307485564928
1275412341400784897
1275412342323310592
1275412354394583046
1275412363198464001
1275412382886645760
1275412383951970304
1275412396031565830
1275412396765515776
1275412396971098115
1275412404529180672
1275412408287330309
1275412408719347721
1275412409205874692
1275412412733194241
1275412416155664384
1275412425626525698
1275412434682085376
1275412438398242816
1275412438356123648
1275412453921157120
1275412463442419712
1275412484833214464
1275412517884329985
1275412534141616128
1275412525329207297
1275412551786954754
1275412554756562944
1275412555117273089
1275412560326594560
1275412572599132166
1275412594568966144
1275412602084921346
1275412609274003457
1275412609236267008
1275412613380390917
1275412623090241536
1275412631319269376
1275412634762981377
1275412642753130497
1275412667877003266
1275412668355088389
1275412669277896706
1275412698407321602
1275412711560658952
1275412715197079554
1275412720288968704
1275412731630256128
1275412741122031617
1275412757115011074
1275412768531853312
1275412769664352256
1275412773892046850
1275412777901993984
1275412782947721219
1275412789658517505
1275412807689875459
1275412811154370564
1275412814623051779
1275412824177639430
1275412835741335552
1275412836638846978
1275412841617653760
1275412853328052225
1275412853974093824
1275412866388996099
1275412869153161218
1275412886530207746
1275412887281061894
1275412902636290048
1275412907732410374
1275412907778506753
1275412932755468288
1275412944923303936
1275412953307774977
1275412953605406721
1275413003542896641
1275413012862697474
1275413013105868800
1275413020966096896
1275413025760124928
1275413030197702658
1275413036820582400
1275413050238144512
1275413049839628288
1275413066730156032
1275413067409612801
1275413071385825281
1275413075986972673
1275413087248678913
1275413095586902017
1275413109486661634
1275413124946984961
1275413133969022976
1275413142118383617
1275413146539188224
1275413147101401088
1275413151148720128
1275413155691335681
1275413159633997824
1275413162003742723
1275413177220595712
1275413179418501121
1275413196304723974
1275413200364867584
1275413201992077312
1275413205075066881
1275413209978200067
1275413230387712001
1275413234015768576
1275413234191945736
1275413242618224640
1275413256081899520
1275413256891322370
1275413260863442948
