1268318481147219970
1268318499425980421
1268318503213375488
1268318515007754243
1268318515393675264
1268318522544922628
1268318531466088449
1268318561044434944
1268318569604935682
1268318602836541441
1268318603553669122
1268318603641643008
1268318609107017731
1268318611363508231
1268318615763206145
1268318624730800129
1268318635858300936
1268318635988115458
1268318650748059653
1268318676081618945
1268318678975569920
1268318679604789249
1268318679957192708
1268318691772510209
1268318704640708610
1268318709484892160
1268318719903707138
1268318720201494530
1268318725457002497
1268318725553491968
1268318729668120577
1268318738157236224
1268318745585430533
1268318746562695168
1268318758529110016
1268318768037584898
1268318777575460865
1268318778850308097
1268318779152498690
1268318779177529344
1268318825713303552
1268318829609959425
1268318847309877251
1268318860358246400
1268318866532376579
1268318869183254529
1268318876879724545
1268318883292647424
1268318900531298304
1268318902163038208
1268318902783631360
1268318904922890243
1268318909129568256
1268318914888466432
1268318929778282498
1268318930210185216
1268318930206064640
1268318937986535432
1268318943317495812
1268318972149207040
1268318973151625216
1268318980906704896
1268318985147252740
1268318986254647296
1268319034304495619
1268319040461770753
1268319048099434496
1268319048221241344
1268319069234552832
1268319069742268423
1268319065262653440
1268319080433348608
1268319089157476352
1268319095356903428
1268319102512189440
1268319106178170883
1268319114847678465
1268319115900604421
1268319128990945280
1268319132732149760
1268319140747423744
1268319143901769728
1268319144056885248
1268319149362733057
1268319157021544448
1268319160360206337
1268319164516544514
1268319165196177410
1268319170405359616
1268319190227865600
1268319195692969985
1268319202126880769
1268319203536314368
1268319206421876736
1268319216064704517
1268319218975617024
1268319224465952769
1268319225002651649
1268319225397075970
1268319228974768130
1268319266161426444
1268319277649727489
1268319279205801989
1268319286789095424
1268319290437992448
1268319319777304577
1268319321136099328
1268319337796055040
1268319338806771712
1268319340996308994
1268319345697894400
1268319354199748608
1268319354757582851
1268319366723977216
1268319375951425536
1268319380888150017
1268319381169340416
1268319404212846592
1268319408713338880
1268319420146909185
1268319434705383431
1268319445862080513
1268319446004690944
1268319447653199872
1268319453554434048
1268319459900522496
1268319476778520577
1268319501113790465
1268319504804839425
1268319508357242881
1268319520877240320
1268319537683935232
1268319539013595138
1268319550388473856
1268319571552768000
1268319552548397057
1268319580432154624
1268319590431420418
1268319593098952704
1268319596584599554
1268319602380959744
1268319622174040066
1268319630101282831
1268319644202516481
1268319665127936007
1268319731620040704
1268319732861677570
1268319736934338560
1268319744769351680
1268319749336895488
1268319752411320322
1268319773433053185
1268319775123550209
1268319781570121728
1268319783381921792
1268319786708107264
1268319826998689795
1268319827216793605
1268319828974198784
1268319858371858435
1268319864961200129
1268319873547087872
1268319882539610113
1268319891460890626
1268319919336194050
1268319932481073153
1268319954736209922
1268324440741478402
1268324441857175554
1268324450480644097
1268324454242770944
1268324463470231552
1268324467207475202
1268324491161001984
1268324499608526852
1268324517908103168
1268324518562537474
1268324526384746496
1268324526967762945
1268324527265775616
1268324538875510784
1268324567266652160
1268324605875195904
1268324614012313602
1268324618315522050
1268324626788085760
1268324629631971331
1268324630743224321
1268324638091816960
1268324638368714753
1268324644748054529
1268324647898165251
1268324671843254272
1268324699051831296
1268324705968230406
1268324711844515840
1268324731444269057
1268324736250986496
1268324738905993217
1268324756249440257
1268324756522065921
1268324769549750272
1268324780635127809
1268324794098909185
1268324803141828609
1268324805671034885
1268324806262321152
1268324810276384768
1268324820053307394
1268324839619571715
1268324847509057536
1268324848838664192
1268324860725510144
1268324865498546178
1268324866731606016
1268324877498343425
1268324878345662464
1268324883294871553
1268324889691394048
1268324889817051137
1268324897941409793
1268324899111596032
1268324906917396480
1268324912323792897
1268324914861191168
1268324915968536576
1268324916706766848
1268324920058093568
1268324925959335936
1268324929067536384
1268324940446605313
1268324945098149888
1268324946482085888
1268324952962248704
1268324954409504768
1268324954740670466
1268324959610265600
1268324974923833344
1268324977830477832
1268324978170134529
1268324983337607174
1268324983517753345
1268324995706445831
1268325008377630720
1268325008989921280
1268325012454338561
1268325029902716930
1268325037431554048
1268325070671208448
1268325074484047872
1268325075054399493
1268325100526333952
1268325116959744001
1268325118821842944
1268325125142614016
1268325130121469952
1268325139189391362
1268325151843721216
1268325158974099458
1268325163122204673
1268325184156532736
1268325200128380928
1268325205019029504
1268325206512328705
1268325213898489856
1268325218889748482
1268325238703566850
1268325244286238721
1268325244306993152
1268325251261190144
1268325255224926210
1268325267606351874
1268325288032768001
1268325288238133248
1268325309197279232
1268325344836288513
1268325345138225155
1268325346857844736
1268325348170543104
1268325363630907395
1268325369267945472
1268325375957889028
1268325382232702977
1268325386590605313
1268325389908226048
1268325397567062017
1268325399219462144
1268325401316614146
1268325410468532224
1268325416286121984
1268325422296514560
1268325424829886464
1268325428508479488
1268325448456470528
1268325456195080192
1268325457868587011
1268325464596242432
1268325467083411457
1268325473680949248
1268325489829011456
1268325495436906496
1268325495491395585
1268325506836860928
1268325519776333827
1268325524184727557
1268325524276985860
1268325528773070849
1268325529226080258
1268325546355683328
1268325553955909633
1268325558166753282
1268325559089745921
1268325566262005761
1268325599585734656
1268325612113899520
1268325632292687872
1268325633739931648
1268325646377328642
1268325646499041281
1268325648826880000
1268325670200807424
1268325687145852928
1268325695735754758
1268325700257198080
1268325709904326657
1268325719991447553
1268325758746976256
1268325759338164224
1268325763499069444
1268325764170158081
1268325779190013955
1268325783031840769
1268325784936054784
1268325802376155136
1268325810043322370
1268325822240301060
1268325843773927424
1268325850698723329
1268325861247389697
1268330312808849409
1268330327119986690
1268330343188348930
1268330357494910976
1268330362855399429
1268330368957964288
1268330376067461128
1268330383441043458
1268330384984596482
1268330388394577920
1268330396866867201
1268330403452129280
1268330414592135170
1268330416739504128
1268330430744289280
1268330434598862850
1268330434724839431
1268330435123306498
1268330439124701186
1268330439418286080
1268330448482115589
1268330460440117249
1268330473627037696
1268330477464817665
1268330491314405389
1268330493596127232
1268330502936723462
1268330515062546434
1268330524055134210
1268330527217594368
1268330536050790400
1268330544099725314
1268330545852932099
1268330546133979137
1268330548793147393
1268330550126919680
1268330560985853953
1268330565931094023
1268330582691287040
1268330582855110656
1268330586424446978
1268330598998966272
1268330607752482816
1268330611929907202
1268330621308305408
1268330642191921152
1268330656574078978
1268330657299812352
1268330684524802048
1268330686366220288
1268330703495794688
1268330705546690562
1268330709858480128
1268330722051457026
1268330725583007746
1268330725960343552
1268330729638944768
1268330732746915842
1268330745820409856
1268330751327563777
1268330757577154561
1268330771032358913
1268330779765071873
1268330797720899584
1268330803618078720
1268330809322323968
1268330821032783873
1268330830931406859
1268330833930305537
1268330838384656384
1268330839198380032
1268330851995189250
1268330859620376576
1268330879262261248
1268330884286955520
1268330909855449091
1268330929702961157
1268330937785266177
1268330938242646016
1268330946308145152
1268330964804972545
1268330964909989889
1268330965325287425
1268330972887617538
1268330980617707520
1268330985466150913
1268330990453362689
1268330998791647232
1268331042525544457
1268331045142827008
1268331057478275078
1268331059487408131
1268331059722293248
1268331073613656065
1268331077887803392
1268331091166928896
1268331095126409216
1268331116873875456
1268331119855964162
1268331126705324033
1268331131516092416
1268331132749336576
1268331170774650880
1268331170993000449
1268331178026647552
1268331186746728448
1268331189548519424
1268331198553690112
1268331202567602178
1268331206204162048
1268331208238194688
1268331214676639744
1268331215066673152
1268331220406018048
1268331221605482496
1268331229323112448
1268331232699518977
1268331237292138496
1268331248742629376
1268331249325748224
1268331249900425216
1268331260755226636
1268331261589966848
1268331271480127488
1268331274143318018
1268331338731413505
1268331359505911808
1268331359547899904
1268331363444436993
1268331366132912128
1268331370365018114
1268331367366041601
1268331400610095106
1268331409451520002
1268331426937745408
1268331429680709633
1268331433535303680
1268331434449780746
1268331446785040385
1268331447645020161
1268331470545989632
1268331472655613952
1268331479391600640
1268331495900549120
1268331508634435584
1268331510354063360
1268331511151054852
1268331514787434496
1268331530625171456
1268331538199896064
1268331544319602689
1268331546835972096
1268331568407420929
1268331598488969225
1268331600703561728
1268331605329731590
1268331606869041152
1268331607062122497
