1270974024454148096
1270974035808137221
1270974042426703877
1270974043588636682
1270974030904991744
1270974051515879424
1270974085892317184
1270974092129316866
1270974126799216641
1270974135452172289
1270974173075181568
1270974173905649664
1270974180528230405
1270974182009028613
1270974182155784192
1270974185318182913
1270974195762110464
1270974217731915776
1270974219166216192
1270974233141796865
1270974257867247621
1270974271322566657
1270974295510929408
1270974297121583104
1270974301399691264
1270974303232638977
1270974304054845440
1270974311365566465
1270974308949594112
1270974320773410821
1270974325332598791
1270974326980972544
1270974352377417729
1270974359012859904
1270974368844111872
1270974369834156032
1270974374846386181
1270974384191295488
1270974389975203841
1270974421289897984
1270974425404370944
1270974432249614337
1270974435818909698
1270974439954558982
1270974445222387712
1270974445302231041
1270974452906577922
1270974457289469953
1270974463148912641
1270974477711466499
1270974478177185794
1270974497110310913
1270974501161926656
1270974504982863873
1270974507054968832
1270974561841041408
1270974608053809152
1270974610318688256
1270974615570046977
1270974618514231296
1270974620947144705
1270974661506019329
1270974690715152384
1270974710134734850
1270974710139031552
1270974722080210945
1270974734893584384
1270974735115927557
1270974738832265216
1270974739796897792
1270974740295938049
1270974741940187136
1270974747153764352
1270974749141807104
1270974750169329669
1270974754468618241
1270974759128399877
1270974768934617090
1270974770545213440
1270974771166097410
1270974776178176001
1270974784801734656
1270974786877837312
1270974809753739265
1270974810814808065
1270974822953164801
1270974832558190592
1270974838853849090
1270974853273677825
1270974856054689798
1270974857589723136
1270974862673301506
1270974868696240135
1270974885620137985
1270974890011701248
1270974903177494529
1270974906184982528
1270974919170330624
1270974929001988096
1270974933477318656
1270974938313306114
1270974945342808064
1270974945888264192
1270974946416693249
1270974950929817601
1270974953266053120
1270974974652747777
1270974976875589632
1270974978322808834
1270974981015552002
1270974989777264640
1270974994521128961
1270975005036285952
1270975013798248448
1270975017602420736
1270975054780616704
1270975060535197697
1270975067279761409
1270975079158087680
1270975079669805057
1270975090809868290
1270975091652820993
1270975093385166850
1270975102662909952
1270975123378581505
1270975125098311685
1270975158094909440
1270975178697252869
1270975180362391553
1270975198997643264
1270975198951616512
1270975201937891329
1270975203850571779
1270975217108692993
1270975220401176577
1270975246741442560
1270975250797334528
1270975252059701248
1270975266790178816
1270975274549538816
1270975280924983296
1270975283215073281
1270975295084990464
1270975296775340032
1270975303876145153
1270975309123379200
1270975328186400768
1270975342493212672
1270975347542994946
1270975367801712641
1270975372037722112
1270975416422019074
1270975422797234177
1270975433929080834
1270975435807940609
1270975448667901953
1270975490149486594
1270975516711940096
1270975517785817089
1270975548882219009
1270975555605757958
1270975585137950720
1270975589953032193
1270975594776289280
1270975599365042176
1270975617333428226
1270975627651354627
1270975654989828098
1270975655635832832
1270975656197861378
1270975656902492161
1270975657086984192
1270975658978664448
1270975665941229568
1270975686929461249
1270975693384368130
1270975694391083010
1270975698954575872
1270975714976772096
1270975723659055104
1270975729753370625
1270975745658142722
1270975814658490368
1270975820392169472
1270975821679923200
1270975836540203011
1270975842588516357
1270975849081327616
1270975862813323267
1270975863555842050
1270975872732889092
1270975877468377088
1270975883810144256
1270975885152342016
1270975892379111425
1270975895998586880
1270975897340911616
1270975897714200578
1270975904202678273
1270975930408800256
1270975934859001856
1270975937740505088
1270975938621313031
1270975940550631426
1270975943125929986
1270975948779687936
1270975952076578817
1270975966911909888
1270975967910146054
1270975978727071744
1270975991108775937
1270976003700068352
1270976012579291137
1270976016115269632
1270976017386135553
1270976036038213632
1270976042090377218
1270976046872104960
1270976051301277702
1270976057764483073
1270976072536821760
1270976093734842375
1270976101045723136
1270976117780905987
1270976122495385600
1270976132679172097
1270976137821409280
1270976150299262976
1270976152815800320
1270976155965849601
1270976156901269504
1270976174110498817
1270976174429257728
1270976174982860801
1270976192720646145
1270976194817560576
1270976199754346496
1270976200685391872
1270976221287976960
1270976229286514688
1270976235607412737
1270976237410889734
1270976253789700107
1270976257774190592
1270976268855652353
1270976271393140739
1270976287004393472
1270976290099585031
1270976304683249664
1270976340502745089
1270976346940936192
1270976359028764672
1270976360509554689
1270976361243512833
1270976363319758850
1270976374358958080
1270976385088192512
1270976388183592961
1270976409733935104
1270976412586041346
1270976428776001542
1270976435960807425
1270976439698042880
1270976454566850561
1270976456269668353
1270976464612061186
1270976475118919680
1270976475634827270
1270976477618733060
1270976483432042497
1270976485093003266
1270976496065146880
1270976504013426688
1270976516554252288
1270976519926681600
1270976526243246081
1270976529388974080
1270976531981099009
1270976547013287937
1270976553766305793
1270976560187801601
1270976564763787264
1270976576985993219
1270976580995645445
1270976584917417989
1270976585236176897
1270976597567385600
1270976604823486470
1270976610108207105
1270976619306536960
1270976629024661506
1270976643746725888
1270976652458196997
1270976659596775424
1270976677774942215
1270976685215813635
1270976699006672896
1270976724658982913
1270976737396969473
1270976765138276353
1270976776882262016
1270976793680293893
1270976814329053184
1270976814769410049
1270976823640408065
1270976853902266371
1270976859463966720
1270976861762252802
1270976861770637313
1270976865382158345
1270976879651180544
1270976881869848576
1270976882436124672
1270976886961844225
1270976889197408256
1270976893022613506
1270976897212731392
1270976906347847682
1270976908428279809
1270976933547966464
1270976938425954305
1270976942842490880
1270976945975472129
1270976953466699778
1270976973276237824
1270976974236893191
1270976974438174720
1270976996550610944
1270976999046000640
1270977015206883328
1270977022475599873
1270977022559469568
1270977026992812032
1270977063550410760
1270977083217530881
1270977086887518208
1270977120014082049
1270977129375621121
1270977141098844160
1270977157087416320
1270977176343580674
1270977185931722755
1270977187571740672
1270977190692294656
1270977196006531072
1270977206626340864
1270977214708961280
1270977226847121408
1270977228067700736
1270977231737643008
1270977250716815360
1270977254282199044
1270977263450931200
1270977268504903681
1270977281033482240
1270977295440916482
1270977307692466177
1270977323785949186
1270977338877059076
1270977340366086144
1270977362117578753
1270977362352537600
1270977387480649728
1270977393449148418
1270977408469028864
1270977422142304256
1270977435006308352
1270977442015051776
1270977447677382656
1270977457055727616
1270977466505457666
1270977475674116102
1270977487116345344
1270977498600407041
1270977501381029888
1270977511757881346
1270977522340159488
1270977527016763394
1270977528086188032
1270977541482971136
1270977552845344769
1270977562903105537
1270977563121209345
1270977572625473536
1270977587594924032
1270977600018509825
1270977610239979520
1270977617961922561
1270977619635376128
1270977621535477760
1270977633610878978
1270977636852998153
1270977663428186112
1270977673473523712
1270977687063068673
1270977688686096384
1270977693971030016
1270977697829621762
1270977709477421060
1270977713335963648
1270977726736773121
1270977738912956416
1270977751567101952
1270977753656037376
1270977760329109510
1270977764795887616
1270977771276296194
1270977802540470272
1270977824887721984
1270977846635200513
1270977848115855360
1270977851462832128
1270977860937961473
1270977866117910529
1270977869376708608
1270977880734838785
1270977889819860993
1270977906257219584
1270977913412653057
1270977916097224705
1270977937228075008
1270977940163948544
1270977941208358931
1270977942349385728
1270977947755782145
1270977953808048128
1270977955284615168
1270977957431922689
1270977989073928192
1270978004500443137
1270978009672175616
1270978019453214720
1270978023521542145
1270978042278666241
1270978043893465088
1270978044233121792
1270978049790693378
1270978054710583296
1270978064269393922
1270978073991639040
1270978081533149184
1270978087082029059
1270978089338765312
1270978099614752769
1270978103888744448
1270978103859466243
1270978122524041223
1270978132716093441
1270978135488557056
1270978138126909442
1270978140454584320
1270978150617366531
1270978158641049611
1270978158636994562
1270978160495034368
1270978170217476102
1270978171286900737
1270978179532873728
1270978181642797056
1270978184004190210
1270978191755112449
1270978271539273728
1270978272508051456
1270978291374178304
1270978296126205955
1270978302241636352
1270978314933620736
1270978321103421440
1270978332499283968
1270978357446860801
1270978389340573699
1270978390141657088
1270978397447942144
1270978399163441153
1270978416540614656
1270978428150312960
1270978433867276288
1270978444474679296
1270978454431776769
1270978466335375360
1270978491966607361
1270978492340068358
1270978501877747715
1270978512246108161
1270978512669696001
1270978524745216001
1270978527773380609
1270978529602277384
1270978529908457473
1270978540977229826
1270978544622059522
1270978545745948672
1270978564846993408
1270978574410006532
1270978600863502337
1270978606974619648
1270978607934996482
1270978613312184320
1270978613937008640
1270978628348547075
1270978632471719939
1270978634799595526
1270978643473416202
1270978649727143937
1270978658321170432
1270978658963009537
1270978672191664128
1270978672678309888
1270978673311531008
1270978674339254273
1270978678550401025
1270978693607743489
1270978697525264384
1270978708896198662
1270978709332168707
1270978727363706887
1270978730999951360
1270978748997758976
1270978762415280130
1270978765389279232
1270978770640556034
1270978779372900352
1270978786511773696
1270978829553512448
1270978833714425858
1270978845521428480
1270978855638089728
1270978863393312768
1270978866253717504
1270978891168055298
1270978901532200960
1270978922667114510
1270978935971594240
1270978941914722306
1270978942653149195
1270978949066055681
1270978962479435776
1270978963691593729
1270978966417858560
1270978969089667072
1270978982129790976
1270978983551795200
1270978985963458561
1270978988945690625
1270978990992433156
1270978994893185026
1270979008864403457
1270979014769942529
1270979028883734533
1270979037914071046
1270979051268833281
1270979056511660033
1270979067916017664
1270979071682514944
1270979072617742337
1270979076929359873
1270979092632842242
1270979106318897152
1270979109729034242
1270979110815191041
1270979121590538240
1270979129261920256
1270979129773563904
1270979132285808640
1270979133523148800
1270979163038441479
1270979168524816385
1270979170965864448
1270979173549576192
1270979197230407681
1270979200858697729
1270979205061324801
1270979205875085312
1270979205904371713
1270979223881162752
1270979229413449729
1270979231258984449
1270979234052407296
1270979240297558016
1270979257884262401
1270979276813328384
1270979284836941824
1270979290168004610
1270979294773288960
1270979302557913088
1270979307012100097
1270979348988923905
1270979362494582785
1270979378625773569
1270979388431929345
1270979394731945986
1270979404827635712
1270979404999659525
1270979406706728960
1270979409093197824
1270979409655234561
1270979411664388096
1270979427703197701
1270979427997024256
1270979432878989316
1270979446313541632
1270979447559270402
1270979456233091072
1270979456954519553
1270979473479892992
1270979477758070784
1270979488671649792
1270979495118290945
1270979503603494913
1270979522205298688
1270979534062366720
1270979554442506240
1270979567642165258
1270979573346209793
1270979583291072513
1270979587577528321
1270979598998790144
1270979603717292035
1270979626161094659
1270979638303621120
1270979639037562882
1270979642565033985
1270979651540664322
1270979658885070853
1270979661783134209
1270979692498223104
1270979696696721408
1270979707660460032
1270979724572008451
1270979725842776064
1270979726211813376
1270979733757530112
1270979784261218305
1270979785993465856
1270979788178628608
1270979791806541824
1270979804687450112
1270979805429633024
1270979806377791489
1270979807371653125
1270979820730580992
1270979822265696259
1270979825679900673
1270979825940017152
1270979847297302529
1270979856751345664
1270979857388888068
1270979868365393921
1270979868554153986
1270979905405227010
1270979910056771591
1270979919787352070
1270979934476021760
1270979935851745280
1270979940209451008
1270979945662160897
1270979965849341952
1270979966587375616
1270979967262875648
1270979990646149125
1270979993330475008
1270979999613562880
1270980004923441153
1270980013190516736
1270980014326943744
1270980023881805833
1270980026549313536
1270980038180179969
1270980038964449282
1270980046178652160
1270980053460025350
1270980060321910784
1270980062477778947
1270980076411199493
1270980080563441664
1270980083474284546
1270980084157960192
1270980103447724032
1270980104676573184
1270980108396965889
1270980111882317824
1270980124536483843
1270980128600764416
1270980130555510784
1270980145264787456
1270980159227809792
1270980167431749632
1270980167414845440
1270980180639485952
1270980183114362885
1270980188529217537
1270980190533976064
1270980191309815808
1270980224163987458
1270980228479881217
1270980249480814592
1270980264852779008
1270980286931746816
1270980287858716672
1270980297467637762
1270980297765597185
1270980302559522816
1270980305021788162
1270980311950651392
1270980314194739201
1270980317247987712
1270980350207037442
1270980386907193344
1270980414203547649
1270980423183749126
1270980444172029952
1270980450996060160
1270980454519173122
1270980460248735745
1270980482037997569
1270980513231065096
1270980523230298113
1270980539336491008
1270980541471326208
1270980544491331589
1270980553085317120
1270980557485207552
1270980561763475456
1270980561922752515
1270980570147848192
1270980573750853633
1270980576980406273
1270980587466219520
1270980606378180608
1270980610794885120
1270980613261209600
1270980623784726528
1270980639005777921
1270980667094872064
1270980676318347264
1270980686485184513
1270980707205230593
1270980717309288450
1270980719926546432
1270980723122544643
1270980728990375937
1270980731309666306
1270980736762261504
1270980744391819268
1270980770711007232
1270980803485368320
1270980819981647872
1270980820514168832
1270980820577030146
1270980836372840448
1270980835542552576
1270980845705330688
1270980829435453440
1270980855452913666
1270980864109883394
1270980868417507329
1270980879960039424
1270980882321551362
1270980890156466176
1270980897714692097
1270980909249048577
1270980942308323329
1270980946955767809
1270980958552879106
1270980962470572032
1270980980900233217
1270980987892183040
1270980991054741505
1270980998172274688
1270981027780014081
1270981036642570240
1270981038030888960
1270981039779835909
1270981052668895233
1270981061477089280
1270981066921295898
1270981073447591937
1270981082314399748
1270981098445537281
1270981100387487744
1270981117022101509
1270981118280503297
1270981118657994753
1270981121065525248
1270981156360482816
1270981164094939139
1270981174983299072
1270981176790925313
1270981178997137409
1270981210706231296
1270981216418881536
1270981223582781441
1270981226489413632
1270981245275602944
1270981272492523521
1270981283141820417
1270981290695720960
1270981303874158592
1270981305308778496
1270981316553646081
1270981317811818498
1270981358781730822
1270981369158664192
1270981379766005762
1270981395142369280
1270981421100937217
1270981426637398016
1270981430936514561
1270981442231812096
1270981454462361605
1270981471554154497
1270981471688249344
1270981486905372677
1270981499970555904
1270981507117703168
1270981509428715520
1270981524553445376
1270981524943486977
1270981527455756290
1270981527439114240
1270981533994749952
1270981537463332865
1270981557650698241
1270981573450424320
1270981599853674497
1270981638378401793
1270981645852708864
1270981654656376832
1270981658565414918
1270981664890478592
1270981665016344576
1270981672016719872
1270981690014531585
1270981692442857472
1270981704551813120
1270981706548416512
1270981715368919040
1270981716245528577
1270981740786356226
1270981750038999040
1270981763872014337
1270981794293219328
1270981810177146880
1270981823447744513
1270981826295721985
1270981831329026048
1270981837142331393
1270981845883277312
1270981848060112896
1270981835103887360
1270981859644788739
1270981864241729536
1270981872324153344
1270981872416428032
1270981880574169088
1270981889914843137
1270981895023669249
1270981899217862656
1270981940368207873
1270981969686310913
1270981974082097152
1270981986748968960
1270981989995368448
1270982003987550208
1270982003924652034
1270982021008031744
1270982023713378304
1270982033087619072
1270982047671164928
1270982065106944002
1270982086552412160
1270982140667314176
1270982147415965699
1270982151077576704
1270982153317371904
1270982154479173633
1270982158526623751
1270982162477649920
1270982171809873921
1270982201178501126
1270982211832033280
1270982213065113601
1270982217351565312
1270982234212831232
1270982237593440256
1270982255872106496
1270982262985764871
1270982265661603842
1270982271345086465
1270982280908025856
1270982300663234561
1270982306883424256
1270982306690367493
1270982307470626817
1270982315154591744
1270982319369793536
1270982323316588544
1270982325573206016
1270982328169291776
1270982333974355971
1270982339900964864
1270982344430804992
1270982353461051401
1270982375112167424
1270982384561860608
1270982387158089730
1270982387984457728
1270982390815453185
1270982399900483584
1270982401900941312
1270982402425438208
1270982409882701824
1270982427968708610
1270982443542228993
1270982456301088768
1270982460004798464
1270982465004371969
1270982475234377728
1270982476731518981
1270982477192982529
1270982495979388934
1270982498676346885
1270982503394766848
1270982507077517317
1270982510546124800
1270982523900719104
1270982539826679808
1270982542246715399
1270982565869105152
1270982566368014344
1270982573154435073
1270982575457214465
1270982591622111232
1270982590519001088
1270982610949410816
1270982616695615488
1270982616972484608
1270982622898987009
1270982629865783301
1270982633623678976
1270982635897192458
1270982644269023240
1270982654708629505
1270982656575057920
1270982671288729602
1270982677429137409
1270982701089263616
1270982704054464512
1270982708856975360
1270982730516516864
1270982741773873152
1270982759687704577
1270982760346161153
1270982766214160384
1270982766457311233
1270982771645624320
1270982803476418560
1270982806068494336
1270982806257258496
1270982809251753984
1270982814817759232
1270982815216218114
1270982833759236097
1270982835122262016
1270982844995850241
1270982844916137985
1270982856664285184
1270982866793566208
1270982877686177792
1270982909021655041
1270982911311765507
1270982915170750466
1270982917750210561
1270982927090880513
1270982937694126080
1270982947839995905
1270982952399355904
1270982953598947330
1270982962993983488
1270982972343230464
1270982973249056768
1270982977330335744
1270982977460121601
1270982981734199296
1270982988281438208
1270982991628640258
1270982999098753034
1270983002374524929
1270983006199693312
1270983019776663553
1270983022402088965
1270983022700101633
1270983023152922625
1270983027276099584
1270983048431980545
1270983060859871232
1270983080212402176
1270983085966925824
1270983088676495360
1270983092245655552
1270983096939106309
1270983106489651202
1270983113938571264
1270983115771711495
1270983124013457413
1270983134788628480
1270983151540744195
1270983153038098432
1270983166103220224
1270983191084576768
1270983201561985037
1270983214513913859
1270983223888265219
1270983230015995904
1270983232213807104
1270983240015400960
1270983247317446657
1270983260181536775
1270983265353183233
1270983270050619393
1270983273376866304
1270983273548783617
1270983305207451648
1270983329270161408
1270983330952032256
1270983336161394688
1270983340678688768
1270983350862450688
1270983352795852800
1270983354679095297
1270983359532015616
1270983374065119232
1270983376888041474
1270983382344912897
1270983440779730945
1270983467736666112
1270983479044345856
1270983480369983488
1270983481900720128
1270983483691806720
1270983494043348992
1270983505917415427
1270983520307953664
1270983522560413696
1270983530097459200
1270983537739661312
1270983548678344704
1270983555301154818
1270983557012324353
1270983566982287360
1270983587928723457
1270983591644794880
1270983604684894212
1270983607457202181
1270983593674899457
1270983616965812224
1270983628936232961
1270983630689427457
1270983634732843008
1270983677657395206
1270983680257929216
1270983686029078529
1270983695558680578
1270983698389839872
1270983699321012225
1270983707717971968
1270983720846217217
1270983724503465989
1270983737396920321
1270983745454120960
1270983748079796224
1270983747974787073
1270983756527079424
1270983757030469632
1270983786810028032
1270983788223496192
1270983790513586176
1270983796381319169
1270983797002194945
1270983803960467456
1270983825309364224
1270983856917606400
1270983857257529345
1270983865012756480
1270983874093424640
1270983873933881344
1270983875225763843
1270983890337796097
1270983890774233089
1270983899167051777
1270983908398686209
1270983930020278273
1270983932641546240
1270983945492918273
1270983966116503553
1270983973229998081
1270983990816759808
1270983996630011910
1270983999272321024
1270984000308424704
1270984001310748672
1270984021560954880
1270984058504458241
1270984063256457217
1270984070810357760
1270984080067137536
1270984105686114304
1270984117052678145
1270984120949080065
1270984138363936770
1270984143464288257
1270984143631986688
1270984143703343106
1270984148983767040
1270984162409943043
1270984177471684608
1270984186095194113
1270984195972771841
1270984201823608833
1270984201983188992
1270984210770096130
1270984218596847617
1270984222950346753
1270984226398040064
1270984226565849088
1270984240277196801
1270984251572473856
1270984263173672962
1270984273877561344
1270984277627473921
1270984290734673922
1270984296153657344
1270984313899802626
1270984324817604609
1270984329620004864
1270984335718563841
1270984343020810241
1270984350197260289
1270984352021778432
1270984350620737536
1270984374553645058
1270984384598945792
1270984392970821638
1270984399123673089
1270984416052023296
1270984416127483904
1270984423975067649
1270984435379437569
1270984449463902208
1270984451934298112
1270984458745888769
1270984473618898944
1270984482171097093
1270984492660846593
1270984499237728257
1270984501485867011
1270984502693597190
1270984514991460352
1270984523191332865
1270984539922403328
1270984544238424064
1270984546763194368
1270984553050464256
1270984562865143809
1270984571354599425
1270984571849445376
1270984581974495232
1270984588014256129
1270984588463087618
1270984603705040897
1270984620478279681
1270984627293786112
1270984634709364737
1270984645052518402
1270984645929123840
1270984646726168576
1270984649267953669
1270984652254257153
1270984706205478912
1270984713482776581
1270984722580230144
1270984726472343553
1270984734483591168
1270984736878575618
1270984738988318720
1270984743346200577
1270984752669970432
1270984754268078082
1270984777185636352
1270984779932950528
1270984780935544832
1270984785603686403
1270984801261101056
1270984801634271232
1270984814779199488
1270984846152695808
1270984851437608961
1270984853228531712
1270984889379127296
1270984893628022784
1270984896434110464
1270984905338519552
1270984911671955456
1270984915186843648
1270984919527968768
1270984922463744006
1270984928533110784
1270984933071155200
1270984935977951232
1270984942512562178
1270984942579671041
1270984942856667137
1270984978059362304
1270984983516024837
1270984985764233217
1270984987924291584
1270984993876185088
1270984994450804736
1270984994731642880
1270984997264953349
1270984998745563136
1270985006651854848
1270985014486982656
1270985015531237377
1270985016613507073
1270985016802082816
1270985019851288577
1270985023529811968
1270985036582596608
1270985041603149825
1270985042291052544
1270985051069538304
1270985052114096130
1270985054446145536
1270985055645696001
1270985064684367873
1270985078051610625
1270985085572067328
1270985088151556096
1270985102319849472
1270985125032013825
1270985137770151936
1270985145659654145
1270985146318061568
1270985156304818176
1270985159509250048
1270985165918162945
1270985205407416320
1270985210776215555
1270985221907927042
1270985222054481920
1270985224416038912
1270985228119683073
1270985242296422401
1270985244498223104
1270985265851404288
1270985267269316609
1270985270234624000
1270985278346326017
1270985284876976128
1270985290891526149
1270985304267083776
1270985304325992448
1270985318984867842
1270985328799690753
1270985328774598658
1270985346486956032
1270985349129474049
1270985366229716992
1270985385053732864
1270985393547116544
1270985405480022018
1270985405551255553
1270985406712930305
1270985406998286338
1270985412325126144
1270985425625190401
1270985427479138304
1270985458764468224
1270985459296956422
1270985493329719296
1270985506592034816
1270985521184026624
1270985525827186689
1270985533897019394
1270985548031602688
1270985553429725184
1270985553832366085
1270985558131605504
1270985563563319297
1270985570479566848
1270985571733774336
1270985593393045505
1270985596819910656
1270985598770110465
1270985603136405504
1270985607674822659
1270985609671249920
1270985615081967617
1270985620597374976
1270985646908280838
1270985648929796098
1270985663890907137
1270985668815130624
1270985670841044993
1270985672833327104
1270985704470953989
1270985719201267713
1270985722871320581
1270985724779626498
1270985741464731651
1270985749412720641
1270985766232039424
1270985777057587204
1270985785181966336
1270985794967273472
1270985829251416064
1270985842752962561
1270985861388214274
1270985874440847362
1270985880124227584
1270985908146319377
1270985913569546242
1270985914630713344
1270985928773980160
1270985928929148930
1270985953411100672
1270985957714669569
1270985972834947072
1270985975116660736
1270985979520745474
1270985981227868160
1270985987276054533
1270986000358084608
1270986012039303169
1270986018582380551
1270986031941267456
1270986036823408640
1270986046466134017
1270986048756039680
1270986059116052480
1270986076392431617
1270986079785627648
1270986094926946304
1270986105374953472
1270986106108968960
1270986116707962880
1270986122584371202
1270986132415709184
1270986139231350784
1270986150518366209
1270986169384423424
1270986183766683649
1270986185343733760
1270986193262403586
1270986201583898624
1270986207472877568
1270986207523221507
1270986210039775233
1270986218935853059
1270986223918518272
1270986228008173568
1270986231149588481
1270986239152254983
1270986248530866176
1270986255501864960
1270986258131685376
1270986263240347649
1270986270160781313
1270986273709228032
1270986275403726848
1270986289127571457
1270986296270426113
1270986301597253632
1270986313827835904
1270986333578833921
1270986333721432065
1270986337068474368
1270986345184444416
1270986356869574656
1270986367032365057
1270986368391446529
1270986371268837377
1270986374674612224
1270986375068819456
1270986375865622528
1270986378424115200
1270986379007275008
1270986383377805312
1270986390667476992
1270986401979363328
1270986402554150913
1270986406677151746
1270986409319583744
1270986420518346753
1270986424796483584
1270986425102557184
1270986436586508289
1270986437715001344
1270986438658666496
1270986452957102081
1270986453317812224
1270986457885347840
1270986469184729089
1270986488898031616
1270986493952229376
1270986494199517185
1270986497647415298
1270986498163310596
1270986505704681475
1270986508036603904
1270986513275379712
1270986513719926784
1270986527963824128
1270986537468071936
1270986544757669888
1270986570955468800
1270986594669998082
1270986600399269888
1270986607156506625
1270986624671850496
1270986630258704384
1270986632032743424
1270986633379295232
1270986675548717057
1270986676760788992
1270986680422535168
1270986685522702336
1270986692975968258
1270986702216212482
1270986717298855936
1270986722797588481
1270986731337084928
1270986736152313856
1270986742292779013
1270986760995196928
1270986765462052864
1270986772793737216
1270986781404680192
1270986789700976640
1270986805551095808
1270986808801853440
1270986832151343110
1270986837327097856
1270986849381576705
1270986859808731138
1270986865949147138
1270986868474220546
1270986869795414016
1270986874018861056
1270986906336182272
1270986906424102912
1270986918310735874
1270986921251135488
1270986928926724097
1270986937843638272
1270986957141635072
1270986977140043777
1270986983163129856
1270986986204147712
1270986986719936512
1270986987181412352
1270986996337405958
1270986996522127361
1270986999118192641
1270987000523489280
1270987011441209344
1270987020190584832
1270987021251563520
1270987023546023936
1270987039723454466
1270987044878090240
1270987045473849348
1270987049382928385
1270987054759936000
1270987058367074306
1270987063484129280
1270987069091954688
1270987074657587200
1270987077207785472
1270987082903588866
1270987084485079043
1270987092445868033
1270987093762813952
1270987101383909377
1270987170992488448
1270987182514360325
1270987207193571328
1270987210972635136
1270987243205931008
1270987243738423298
1270987267813892096
1270987277989224450
1270987297274683394
1270987309392019458
1270987311564521472
1270987321492385799
1270987326651416577
1270987331537862656
1270987331827191809
1270987334016798721
1270987339188166656
1270987356170891269
1270987359522299906
1270987361132912642
1270987367852081152
1270987373627703296
1270987378111307777
1270987381496262659
1270987392229552129
1270987396079910912
1270987401264074753
1270987412106145792
1270987416317222912
1270987433954422785
1270987438723403776
1270987439721467904
1270987440271081472
1270987482708897792
1270987486261661698
1270987492930420737
1270987502900240385
1270987510257192962
1270987516313812992
1270987518738079744
1270987520054972417
1270987522261299202
1270987543522283520
1270987550820372481
1270987558663540737
1270987585691811840
1270987589701578760
1270987591446224902
1270987592125816832
1270987595363704835
1270987601521057792
1270987609070804992
1270987611474030592
1270987617920786433
1270987621859307521
1270987656747462657
1270987661793267712
1270987665773670403
1270987666050424832
1270987669682696192
1270987680625520641
1270987685637820416
1270987686090768384
1270987687558701062
1270987707922157568
1270987708429504518
1270987712724635650
1270987731749892096
1270987744173535232
1270987747562528770
1270987749198307330
1270987757876383750
1270987761248546833
1270987770375344128
1270987814822457344
1270987816500150272
1270987823387234304
1270987824574038016
1270987825870041088
1270987845906436096
1270987851749117952
1270987858598400001
1270987861735755776
1270987866399629312
1270987875354542084
1270987880454905856
1270987887924801536
1270987899714990080
1270987910737727488
1270987914634309632
1270987941784027137
1270987946087374849
1270987950382354433
1270987952911339521
1270987959353786369
1270987969902505985
1270987978987442181
1270987980325281792
1270987986004516864
1270987990270201856
1270987998859952131
1270988001032601602
1270988004891537410
1270988012743036929
1270988024030117888
1270988033798610944
1270988036130476032
1270988038714294272
1270988042313089025
1270988046519828480
1270988062160490508
1270988065146724352
1270988068883968001
1270988071257980928
1270988074021945345
1270988099305320448
1270988121824526339
1270988126219939841
1270988134797373453
1270988140379922433
1270988144444243968
1270988168825761792
1270988179160662016
1270988185171120128
1270988185343066113
1270988190409777154
1270988197988675584
1270988198383058949
1270988207560306690
1270988220323500032
1270988227592118272
1270988230457004032
1270988237201461248
1270988242905686017
1270988243752779777
1270988243882971139
1270988248538476544
1270988259389128704
1270988263235387392
1270988263579242496
1270988271322050560
1270988276770336770
1270988277567361024
1270988296743763968
1270988310345912320
1270988311822286850
1270988312992526337
1270988333448146947
1270988338531405824
1270988346030993411
1270988346576134144
1270988351294840833
1270988364049788928
1270988370441834497
1270988388758241286
1270988395523657729
1270988398883409920
1270988409906085888
1270988420429512704
1270988425219506176
1270988429753344002
1270988437315891202
1270988448795688960
1270988459767934982
1270988467460288513
1270988472380260352
1270988484648435718
1270988506437992449
1270988516667691008
1270988520664924160
1270988521528946688
1270988524355874817
1270988527023636482
1270988545721696259
1270988561018429440
1270988592534507522
1270988593910165506
1270988594316894208
1270988600226742272
1270988600805597187
1270988603913654274
1270988611073105920
1270988625241653253
1270988648670887936
1270988648834494466
1270988654723371013
1270988658728775681
1270988663560613889
1270988668195438592
1270988668228993024
1270988677276225543
1270988681143189509
1270988689431310336
1270988695672426496
1270988695714349057
1270988696091856896
1270988724436979713
1270988734645796864
1270988741025415171
1270988743529431040
1270988749418254336
1270988751171248128
1270988765448806401
1270988765847326720
1270988770976976901
1270988777633181697
1270988808415109120
1270988813859540992
1270988816422141953
1270988819420966913
1270988844972699650
1270988846096932864
1270988854259040257
1270988860055531520
1270988865289977857
1270988890447511558
1270988894083973121
1270988896604585984
1270988918737911809
1270988921296453633
1270988931404791811
1270988934458142721
1270988935850754049
1270988959221456897
1270988976262795269
1270988977458331649
1270988978599202816
1270988997641113600
1270989026606977030
1270989033737457666
1270989038208479235
1270989041899499520
1270989047452839936
1270989059066933251
1270989065282715649
1270989071477686272
1270989073834930177
1270989103652364290
1270989116688273412
1270989118651027457
