1275881369638449152
1275881381554458625
1275881399619387401
1275881402915905541
1275881407504662536
1275881428853481472
1275881445261824001
1275881445278523393
1275881449166647296
1275881454266839041
1275881458201051138
1275881458582814723
1275881461065842691
1275881466518528001
1275881473350852608
1275881475292962817
1275881481878077442
1275881486865096706
1275881503797411840
1275881516137091073
1275881524831772672
1275881528325804035
1275881534067744771
1275881542255026183
1275881562605789185
1275881570646319105
1275881578502242304
1275881583640104960
1275881609426845696
1275881611985371137
1275881616292921345
1275881620420124673
1275881625453289473
1275881626405179392
1275881649998368768
1275881672551075840
1275881679899557890
1275881712740777984
1275881713630154757
1275881735478280195
1275881739467055104
1275881742835093504
1275881754872754177
1275881797021315073
1275881798044704768
1275881801622319104
1275881805124710401
1275881814385704963
1275881830336442368
1275881830793785344
1275881843498397697
1275881843938725888
1275881856039337984
1275881856307793921
1275881868546707457
1275881873114308609
1275881876951973889
1275881898468937728
1275881902130581505
1275881919931179009
1275881927371882497
1275881931255640064
1275881932379713537
1275881956010536963
1275881960188121088
1275881961622401026
1275881964642406400
1275881964688551938
1275881964780662784
1275881965057708032
1275881982451306496
1275881990269607941
1275881999912308739
1275882002235916295
1275882004282773505
1275882007730565120
1275882018610589702
1275882023077515265
1275882028416860161
1275882029016588290
1275882035647782914
1275882065980989449
1275882078987587586
1275882090115092481
1275882091662790658
1275882095542521856
1275882109333364737
1275882136395022337
1275882140614393858
1275882144808742912
1275882148852051970
1275882154262700033
1275882170280579072
1275882201318645765
1275882208960667652
1275882211863072769
1275882225691766793
1275882249460867080
1275882251126005761
1275882266825195520
1275882270763757568
1275882279382859776
1275882291169026048
1275882292418801664
1275882317182107648
1275882339214725121
1275882346139582466
1275882350673567747
1275882360165167104
1275882360425209858
1275882371041103873
1275882388665430017
1275882392042065926
1275882397016489984
1275882397293260809
1275882417820069888
1275882422484307969
1275882435872526337
1275882436065460224
1275882447067058178
1275882447234793474
1275882452167393281
1275882460291588096
1275882485222723584
1275882502167515136
1275882502553505800
1275882510526881792
1275882523323703297
1275882531146149888
1275882573248565248
1275882574515261441
1275882576700411905
1275882586657751041
1275882589589590016
1275882593615921153
1275882606547144705
1275882614923186176
1275882615111921665
1275882620597997568
1275882644283314179
1275882648381030400
1275882664780652544
1275882665707802626
1275882677980278786
1275882690722447360
1275882695281782792
1275882703389368321
1275882711597682690
1275882712134373376
1275882716840505346
1275882736629223425
1275882753268101123
1275882754312417283
1275882758330597378
1275882758661865473
1275882782456262656
1275882798725959692
1275882816002240514
1275882817017257987
1275882820028817411
1275882824575279105
1275882841302237186
1275882842799644679
1275882846234836995
1275882855193665536
1275882872549847041
1275882887313788929
1275882891172610048
1275882884557967360
1275882895647875072
1275882900286734339
1275882926798852096
1275882929202311168
1275882929705672705
1275882930552872960
1275882930665971712
1275882971220844544
1275882985418522630
1275882997665890304
1275883004578103296
1275883008436965376
1275883044226789377
1275883064355364864
1275883068381790208
1275883068616781824
1275883073251479553
1275883098358591488
1275883106558345217
1275883144000999425
1275883156701425664
1275883160727965699
1275883165731741696
1275883168474808326
1275883169674379265
1275883186644488192
1275883187063918592
1275883189886767105
1275883194366201857
1275883219968241664
1275883224149790725
1275883235608854530
1275883240939679744
1275883242974072834
1275883245306105860
1275883252348313602
1275883253812137984
1275883254034214912
1275883261957337088
1275883264666996736
1275883270404800513
1275883273370157056
1275883281892937730
1275883298263388160
1275883300020727808
1275883315644391425
1275883316172869633
1275883327447109632
1275883373915967488
1275883408498069504
1275883424243421185
1275883432208240641
1275883436377436160
1275883438168584192
1275883440567615489
1275883446833799168
1275883449409208320
1275883449459421184
1275883449765842944
1275883453888827392
1275883463250345985
1275883466098425859
1275883488290443264
1275883492425887744
1275883493369638913
1275883495261237248
1275883517013041153
1275883525028425730
1275883533861601280
1275883537237897216
1275883547044306947
1275883550454108160
1275883571862016001
1275883575372644353
1275883609791094786
1275883614656434178
1275883621338013696
1275883625574268928
1275883629894406147
1275883638157180931
1275883638257856512
1275883643261640705
1275883648923758592
1275883656033316870
1275883663314554880
1275883688669188097
1275883690544029696
1275883702464081921
1275883713801453570
1275883722760310784
1275883728158568456
1275883729962106880
1275883739181010944
1275883739420274688
1275883743400521728
1275883777156415488
1275883781963079680
1275883810656342016
1275883810341748742
1275883814640930822
1275883822345859073
1275883824396873729
1275883839903105025
1275883844567064577
1275883852662267906
1275883870055997440
1275883878633390080
1275883890868191234
1275883893628047367
1275883910786932740
1275883923986436102
1275883924254851073
1275883931804499974
1275883936779026438
1275883940050542597
1275883945901449216
1275883956970422273
1275883960778752003
1275883961068277762
1275883966973784065
1275883978701012993
1275883979024076800
1275883991242080267
1275883994790465537
1275884008258363392
1275884015979905024
1275884030051770368
1275884041368211456
1275884041980407808
1275884054940958721
1275884091057922048
1275884116286885888
1275884121470967812
1275884125874876416
1275884128865447936
1275884138445373444
1275884139070226432
1275884154211782656
1275884157802029057
1275884159349768194
1275884156669644800
1275884183488016385
1275884203952033795
1275884209551429634
1275884212793548800
1275884217482829824
1275884233849016326
1275884234314518529
1275884237758103557
1275884242027737088
1275884247069401089
1275884252190646273
1275884256913489926
1275884271161483273
1275884276760948736
1275884280330289154
1275884313850949633
1275884317479231489
1275884322784833536
1275884373083127811
1275884384382484487
1275884384403554306
1275884393027026950
1275884393610063873
1275884394373316608
1275884397577695233
1275884397917548544
1275884427768446976
1275884434835857410
1275884455735910400
1275884469925433345
1275884511033786374
1275884511977488385
1275884516385619973
1275884522723254274
1275884524107423745
1275884527165026305
1275884527710121985
1275884527819395075
1275884561550004224
1275884565001695233
1275884566121758721
1275884573071740928
1275884574317228035
1275884587269251072
1275884590721163264
1275884591413411843
1275884602985533445
1275884629569011713
1275884657112805376
1275884651224186881
1275884687920111618
1275884691258855424
1275884699781599233
1275884703824961543
1275884729368104960
1275884775660826626
1275884783550283776
1275884792907567105
1275884803863216132
1275884804735668225
1275884835014348801
1275884837690368000
1275884846049447936
1275884854748622854
1275884856011038720
1275884860331220994
1275884884486053888
1275884884783968257
1275884889661988864
1275884892413255683
1275884896867647488
1275884904623022080
1275884935031783428
1275884938450124800
1275884938919903232
1275884943491678209
1275884955034320898
1275884955692699648
1275884968410001411
1275884972763725829
1275884976354013191
1275884978321186816
1275884985010941953
1275884992627802112
1275884998604853249
1275884998806077442
1275885005328101376
1275885005823238145
1275885013540667394
1275885038899539971
1275885052904144897
1275885059606708227
1275885065998753792
1275885078162427904
1275885078506242049
1275885080607551488
1275885086408347648
1275885090724290566
1275885111653908486
1275885118918361088
1275885120344506368
1275885123360231425
1275885128531824642
1275885135557087232
1275885150572875785
1275885151977963527
1275885153265553409
1275885169543712768
1275885191467278342
1275885204117176320
1275885206487085059
1275885208055754753
1275885215488053252
1275885215421018121
1275885220219191296
1275885233578168321
1275885241157201921
1275885244189741064
1275885248429977600
1275885248862212096
1275885257494007814
1275885282588454912
1275885295406387202
1275885300187672577
1275885300649091072
1275885307192324104
1275885307884269568
1275885322077798400
1275885324086861824
1275885324758106113
1275885336355393543
1275885337840058368
1275885366600491009
1275885374284283905
1275885378751381505
1275885382748389376
1275885387030892544
1275885396908523520
1275885399982977027
1275885412947378177
1275885433273098245
1275885437891096576
1275885439161958400
1275885479385108480
1275885479506907139
1275885496586158089
1275885497357873153
1275885505448722432
1275885512981610496
1275885513237581825
1275885513828941824
1275885516903206912
1275885530035650564
1275885538596315139
1275885539472945153
1275885544178806784
1275885563850170371
1275885564055732231
1275885580199526400
1275885596477661185
1275885598432268288
1275885614743896076
1275885617377767424
1275885631357571074
1275885644863229953
1275885652874162176
1275885669903147010
1275885707412856834
1275885709975412736
1275885719551201280
1275885719865655296
1275885722499596288
1275885726949933056
1275885736496173057
1275885756054200321
1275885764824481794
1275885773917753345
1275885789977681921
1275885794415255557
1275885815529459713
1275885820272996353
1275885823204954113
1275885833028014081
1275885845418061825
1275885869791154183
1275885870718038017
1275885874090303488
1275885874484412416
1275885874916573184
1275885882273398784
1275885883296751616
1275885887696498688
1275885891412779009
1275885898916229120
1275885899302215680
1275885915282575360
1275885917316755458
1275885924602114049
1275885930243489792
1275885936333684744
1275885940502867974
1275885945070518272
1275885945485701123
1275885954532888581
1275885972060884995
1275885979434352640
1275886009121726465
1275886013907259392
1275886025982631937
1275886035038240770
1275886038481854464
1275886049504436224
1275886049919713281
1275886054889992193
1275886062259318784
1275886079288147978
1275886093703892992
1275886097072107521
1275886104068132864
1275886109227134976
1275886135076696064
1275886142739505152
1275886146376130567
1275886159722426369
1275886160510926848
1275886181939544067
1275886184149864449
1275886184284200961
1275886196602830849
1275886201011081216
1275886239573409793
1275886243042086912
1275886298931195904
1275886301317926912
1275886305927475202
1275886340047962112
1275886347505618944
1275886348780650496
1275886352488435715
1275886352949669889
1275886357408174080
1275886366518362112
1275886374684553219
1275886382683021312
1275886395316252672
1275886402299977728
1275886418271842311
1275886415214190592
1275886436072464385
1275886436735205383
1275886458176286720
1275886465457827842
1275886465629605890
1275886466980294656
1275886473053601798
1275886473854758913
1275886474060271617
1275886483447169028
1275886487435968514
1275886499691708416
1275886519794962432
1275886521242062853
1275886533514592257
1275886533783048192
1275886536777703424
1275886548949622784
1275886549218009088
1275886563168342017
1275886566171426817
1275886574341939200
1275886583842058242
1275886586853494792
1275886587428179975
1275886591114981378
1275886596659822597
1275886600174497793
1275886604536684550
1275886638267236352
1275886662837514240
1275886671905665029
1275886684492541953
1275886685319041024
1275886718244265984
1275886734363037697
1275886738674761733
1275886747130507266
1275886763182096385
1275886775689523200
1275886781821603842
1275886792051429378
1275886792651108352
1275886814449074176
1275886814340042752
1275886825891037188
1275886830420766720
1275886840243871744
1275886848028676102
1275886855137816578
1275886860326273029
1275886876684161026
1275886901245992960
1275886901455720448
1275886917687672833
1275886926508195846
1275886951304957953
1275886974243688449
1275886981998919680
1275886994686689282
1275887003645681664
1275887010218225665
1275887012168568833
1275887018707488768
1275887022608207873
1275887040798867463
1275887051867451392
1275887056246517762
1275887065285177345
1275887066006671363
1275887069009772555
1275887090132234242
1275887090299924480
1275887095152873474
1275887098768191488
1275887116862607370
1275887140631699458
1275887169656295424
1275887173607309313
1275887178602688515
1275887188165697536
1275887191525376000
1275887200773836801
1275887204552847371
1275887208155807744
1275887238291824641
1275887244839211011
1275887245912834049
1275887246072254467
1275887249952047104
1275887265965731840
1275887274756960256
1275887279807049730
1275887280155234306
1275887288220741632
1275887301495848960
1275887322513506306
1275887324681863173
1275887325348855808
1275887342004375553
1275887345984823296
1275887346269880320
1275887346995560453
1275887383796420611
1275887396484251648
1275887397000155137
1275887405929766920
1275887414834315264
1275887418642706435
1275887421444501505
1275887426951475200
1275887427064868869
1275887442332090370
1275887443682766855
1275887451173765123
1275887463848972292
1275887480508747782
1275887484149383176
1275887506395992064
1275887523428921344
1275887530441945090
1275887539036000256
1275887544010506242
1275887548301217793
1275887552545861634
1275887556631109635
1275887563597889536
1275887573529812992
1275887598624485378
1275887618455228416
1275887622557057025
1275887636792606721
1275887652403724288
1275887661220352001
1275887661820137474
1275887662063206400
1275887677884243969
1275887681797406720
1275887689590505478
1275887716207456256
1275887719315656713
1275887720485838854
1275887723220525061
1275887728853487617
1275887736373891073
1275887737414070277
1275887749036474373
1275887753243353089
1275887753708756992
1275887757970325504
1275887758473560064
1275887761304834048
1275887765432008704
1275887769319960576
1275887769533939718
1275887781840072717
1275887782041464839
1275887790463557632
1275887795848921088
1275887795949707264
1275887802987581440
1275887807001747456
1275887820570333186
1275887820750696452
1275887836483350528
1275887840799457281
1275887849825427456
1275887855169085440
1275887859958837248
1275887867353419777
1275887867806593027
1275887875515531264
1275887879340863489
1275887900081577984
1275887908688400387
1275887916858802176
1275887917290962951
1275887924740067328
1275887941974441984
1275887942960111616
1275887946256863232
1275887958177054720
1275887959062052869
1275887963684122628
1275887980138450944
1275887984550821888
1275887988350660608
1275888005035802627
1275888009070559232
1275888009980678145
1275888021884342277
1275888023092301824
1275888026015670281
1275888047012417538
1275888051424653312
1275888060484501504
1275888072459276291
1275888075739103234
1275888079778152448
1275888080763981824
1275888093401354243
1275888093682335746
1275888114683314177
1275888118793670657
1275888119120789509
1275888122635657218
1275888123357138945
1275888173143506946
1275888184363278336
1275888184950493188
1275888185499881472
1275888189077667842
1275888197994766339
1275888210451759104
1275888227581386752
1275888236397805580
1275888236968247297
1275888244870152192
1275888247416160256
1275888251899908096
1275888255700021248
1275888262410833921
1275888261962125312
1275888277707522049
1275888278760157184
1275888289442959360
1275888289921130496
1275888290147827717
1275888293654286336
1275888298066612229
1275888306736119808
1275888310825693186
1275888311869927424
1275888318673125376
1275888324243308546
1275888328529731584
1275888332338331649
1275888345198010368
1275888347978829831
1275888360591110146
1275888361761357824
1275888373148848128
1275888375594090496
1275888378022690818
1275888381487128576
1275888383554920449
1275888383600979968
1275888398314725376
1275888398545367042
1275888407135174656
1275888412092850177
1275888415435784195
1275888415699918848
1275888423828586501
1275888428110888960
1275888437414027264
1275888441813843968
1275888444858867713
1275888453427900417
1275888470326743043
1275888470586728448
1275888484021161985
1275888496457273345
1275888508230656000
1275888512299139072
1275888512588488704
1275888519911792646
1275888530070417415
1275888534348607488
1275888542720438273
1275888553797525504
1275888559858352128
1275888563763269632
1275888570729979912
1275888572395065348
1275888574840348676
1275888587528122368
1275888591957307393
1275888600723447810
1275888617127243776
1275888629341184000
1275888634223353858
1275888634219188226
1275888646844026883
1275888676053102592
1275888676552282114
1275888693946056705
1275888705140654082
1275888705887223809
1275888706050719745
1275888706264563712
1275888708621938688
1275888722370756608
1275888747767267336
1275888750812372998
1275888752263680010
1275888768008912897
1275888768197595136
1275888776502378496
1275888777597198337
1275888793136951297
1275888797620686848
1275888799021707275
1275888801525698560
1275888806223364099
1275888806567251969
1275888810086326276
1275888822358859776
1275888826779607045
1275888830793551878
1275888836405575687
1275888838951317505
1275888847583313920
1275888849412149250
1275888851588915205
1275888880823091200
1275888893989130241
1275888914721435648
1275888918718750720
1275888919385538560
1275888974654050308
1275888978286141440
1275889003171020806
1275889007688396802
1275889015321964546
1275889031541403648
1275889050466111488
1275889069700968448
1275889070149980163
1275889086734102528
1275889094808285192
1275889095601008641
1275889095911366656
1275889107131129856
1275889111270858753
1275889124793147392
1275889125082701824
1275889128811397121
1275889129402839043
1275889129679720450
1275889133303431168
1275889145496338432
1275889146020507648
1275889154174451717
1275889154308616192
1275889154698571776
1275889162466537474
1275889163091374080
1275889170947411968
1275889180577615872
1275889188194443266
1275889221996249093
1275889226299707393
1275889255450107905
1275889264182558721
1275889291756023810
1275889304859037701
1275889317785686016
1275889325620805633
1275889338304299016
1275889339403104256
1275889359397453824
1275889364090920960
1275889384047423489
1275889388216434688
1275889390557040642
1275889400581365761
1275889402057809920
1275889424203747329
1275889427030646784
1275889443564597253
1275889443509944321
1275889443916963853
1275889465437777921
1275889469829320706
1275889497432117251
1275889507498369025
1275889527685513231
1275889527773523969
1275889544886435840
1275889552486522881
1275889560673714178
1275889564834336769
1275889565547606017
1275889569246961666
1275889570102546435
1275889577757233154
1275889578218487808
1275889581049679872
1275889594798616576
1275889599617826819
1275889615581437952
1275889616055341056
1275889618936889344
1275889619213697025
1275889619712778240
1275889627602321409
1275889629762326528
1275889645444902912
1275889648456183809
1275889650398302208
1275889657218097152
1275889665384513537
1275889682325270528
1275889694610542592
1275889698691571719
1275889698850906117
1275889699748483076
1275889712570368000
1275889720002822144
1275889721135243283
1275889730282901504
1275889732761812993
1275889732900270080
1275889745319559170
1275889752252846080
1275889762436513792
1275889762692468737
1275889769923280896
1275889770477076482
1275889783353405442
1275889829864247296
1275889829893607427
1275889845991174150
1275889872268656640
1275889880279789570
1275889896528338944
1275889905609199616
1275889933799100416
1275889947883511808
1275889959652732930
1275889964186832896
1275889967022120961
1275889967135244293
1275889971920953345
1275889984763985922
1275889985703546886
1275889992720699397
1275889996428455943
1275890013033713672
1275890019044069378
1275890030498549760
1275890031790604289
1275890034919391232
1275890043002007552
1275890047024345089
1275890055400296454
1275890059259056128
1275890063667273728
1275890069837135872
1275890076715630592
1275890090380857344
1275890102150062080
1275890105958400003
1275890110156939266
1275890128028938240
1275890128465154048
1275890129022918656
1275890131698962432
1275890143568842752
1275890143879139329
1275890161180704769
1275890161990152193
1275890172576575488
1275890173323042816
1275890185033543680
1275890185566326784
1275890194777083905
1275890240972967938
1275890248401276930
1275890256651354112
1275890258723438592
1275890261969821701
1275890265186643973
1275890269653696512
1275890270534500356
1275890273734873091
1275890274984738818
1275890278130487297
1275890298388963330
1275890299060002820
1275890316055379970
1275890324544643073
1275890333101015042
1275890336057954305
1275890336905285632
1275890341229604869
1275890344526327809
1275890346006888449
1275890354307452928
1275890362628870144
1275890371323723779
1275890387199111168
1275890388432084993
1275890394841190402
1275890400159555584
1275890403636506624
1275890403762483200
1275890407902150658
1275890408749502464
1275890416034947077
1275890441158877191
1275890446582124546
1275890450277203974
1275890468069363713
1275890470460194817
1275890475447324677
1275890480115523584
1275890480644075520
1275890487983878144
1275890492325101569
1275890502357966855
1275890502198575104
1275890509945372674
1275890525384605697
1275890530677927942
1275890538756046850
1275890543587926016
1275890550462459904
1275890550911184896
1275890559261872131
1275890566991994883
1275890570943008768
1275890572344135680
1275890575686930433
1275890577154945024
1275890581311574016
1275890581563195392
1275890584004296709
1275890584511746050
1275890588986966016
1275890589297451010
1275890606124883968
1275890635006976000
1275890638542626817
1275890647665217536
1275890655844335617
1275890660583899138
1275890661070340098
1275890668833869824
1275890680884350978
1275890681068871685
1275890694012514304
1275890696378036230
1275890697229545474
1275890702849839106
1275890706519916547
1275890709657120769
1275890718976901124
1275890723330625544
1275890730632982528
1275890736131641344
1275890739894005762
1275890749599559688
1275890755769380864
1275890764346724355
1275890795380387840
1275890797842501644
1275890802770788352
1275890822953799680
1275890839949135880
1275890848597762048
1275890861721767936
1275890861885272065
1275890869141475328
1275890886166134785
1275890891211911168
1275890899944386560
1275890920697847815
1275890978684129285
1275890990692347907
1275891009650597890
1275891012209008640
1275891020299997185
1275891025094021120
1275891028378243078
1275891029829390337
1275891038419206144
1275891046409437184
1275891053669875712
1275891070451228673
1275891074519662597
1275891099408707586
1275891133550333954
1275891142169702401
1275891146913390597
1275891151829114882
1275891155511791617
1275891158426816512
1275891172431421441
1275891175350603777
1275891201208725504
1275891208024440833
1275891214517252097
1275891225275568135
1275891226089226245
1275891241935425536
1275891242757427201
1275891264005816320
1275891264186179584
1275891298608840706
1275891300689162240
1275891301704241159
1275891306825256960
1275891318850375681
1275891325905391626
1275891328371634180
1275891342821003265
1275891343890550785
1275891348449775618
1275891352241426432
1275891361678573568
1275891377893670919
1275891393622355969
1275891397887963136
1275891401469890561
1275891402279354373
1275891403118133248
1275891407258083330
1275891409820635136
1275891422810472448
1275891448211279872
1275891448794226688
1275891458327949314
1275891470143111169
1275891481576792065
1275891490900840448
1275891520558764032
1275891529240973312
1275891532449472512
1275891532885823488
1275891550363492359
1275891550401245184
1275891562283700226
1275891577907445761
1275891578888876038
1275891603740164097
1275891606995054592
1275891607649292288
1275891629836996610
1275891633268162560
1275891641287655427
1275891642092969990
1275891661667786760
1275891661860560896
1275891666491228164
1275891667426586626
1275891674565218305
1275891675131342848
1275891679690711041
1275891716516651010
1275891725421215744
1275891728650829824
1275891734740971527
1275891737194627074
1275891750587043841
1275891762637176834
1275891763773931521
1275891771696955392
1275891779687022592
1275891788470013952
1275891806262173699
1275891812582989834
1275891813992353795
1275891827141296129
1275891846451994627
1275891848469458950
1275891851409702919
1275891852491681792
1275891858825240579
1275891864688832512
1275891868182573056
1275891868321173505
1275891876743258116
1275891877510672384
1275891897765113857
1275891900936073216
1275891901040754688
1275891905864310784
1275891910352277504
1275891917599977474
1275891918581280769
1275891923962585088
1275891946926596099
1275891955843694596
1275891957252923398
1275891959941521409
1275891963409993728
1275891976223719429
1275891977297502210
1275891982481494016
1275891985979772928
1275891986214653952
1275891989683281924
1275891999049121793
1275892002425655301
1275892024345079811
1275892037238157313
1275892061087113224
1275892074781577216
1275892082788401154
1275892084738797568
1275892107224498180
1275892111846576128
1275892127294160902
1275892145333784576
1275892148726935552
1275892158483107845
1275892160966131714
1275892203316023299
1275892203685064705
1275892203676729346
1275892204180058113
1275892204486250497
1275892217371131909
1275892241094053889
1275892241404506113
1275892245925937153
1275892273943805954
1275892285381783555
1275892287868813312
1275892296312074247
1275892299634028547
1275892308291002369
1275892309700358144
1275892326125232132
1275892341639974915
1275892358090043392
1275892363739582464
1275892367334281216
1275892367636086784
1275892371939450885
1275892387127033856
1275892395758977025
1275892409461813248
1275892418802528258
1275892438985519105
1275892459587817473
1275892468475498497
1275892468643397634
1275892492647399424
1275892493859483649
1275892498586636288
1275892517360328705
1275892535999770624
1275892544279216128
1275892552227598336
1275892563673784320
1275892564332367879
1275892584200769538
1275892590043295744
1275892590492221442
1275892594241703936
1275892601867001856
1275892605570568192
1275892656095277056
1275892669525434371
1275892676643045376
1275892677800673280
1275892685203746819
1275892693537824768
1275892703646146561
1275892706213015554
1275892713796362246
1275892718703710212
1275892724890288128
1275892731257196544
1275892736156151808
1275892753067458560
1275892760663298048
1275892761808588800
1275892761926021121
1275892794481979392
1275892800098308098
1275892802396786689
1275892802765889537
1275892828611080192
1275892853663727617
1275892857866457088
1275892878611546112
1275892883682451457
1275892892427530246
1275892894738546689
1275892895690743810
1275892900702883842
1275892903383105538
1275892903618007047
1275892908172902400
1275892941886758914
1275892946810753024
1275892951479209993
1275892955023396864
1275892966838513665
1275892979480199168
1275892999768215554
1275893008475598853
1275893025974165506
1275893046392098816
1275893047440654336
1275893048174469120
1275893050502459393
1275893093284413442
1275893108446769152
1275893113488207872
1275893125530046464
1275893127316996096
1275893138284883969
1275893154974228488
1275893156727394305
1275893161106083840
1275893167804448769
1275893173412298752
1275893188289536000
1275893190114107397
1275893196678148098
1275893201052880899
1275893227992821763
1275893234825338880
1275893243616677900
1275893268765708289
1275893282338463744
1275893285509365761
1275893285475794945
1275893286004285440
1275893290118807552
1275893297517649922
1275893315469217795
1275893315582427139
1275893316010246144
1275893319772635146
1275893322788286469
1275893324013023239
1275893328123330560
1275893336180756483
1275893337317412864
1275893341645934598
1275893343923437569
1275893348432326658
1275893365532475398
1275893368443322369
1275893382355791872
1275893415927054338
1275893416090632192
1275893423879237632
1275893427729690624
1275893441432555525
1275893445270388739
1275893449229828100
1275893456695681026
1275893457706344448
1275893466321637376
1275893470293569539
1275893483354484737
1275893487351803907
1275893498353520643
1275893516112142338
1275893533917020160
1275893542938972165
1275893549494677504
1275893558239801345
1275893559393234945
1275893574350049280
1275893575734173697
1275893584261234690
1275893597225627649
1275893604314054656
1275893616154738688
1275893616397840384
1275893617459105792
1275893620877537282
1275893642171949056
1275893642628960256
1275893680398893057
1275893687973670914
1275893700829286406
1275893720861327360
1275893750699642880
1275893758995939331
1275893762548531205
1275893763408302080
1275893776347811841
1275893783759126530
1275893783796695040
1275893797231177728
1275893804726226945
1275893806760632320
1275893813832269827
1275893814838743040
1275893835776897026
1275893839824289795
1275893843158851585
1275893851048345601
1275893857519976448
1275893865803907073
1275893866160369664
1275893869129990146
1275893927111913472
1275893928110231553
1275893935706181641
1275893944870678528
1275893956690079744
1275893959932420096
1275893964051267584
1275893978790068224
1275893986159292417
1275894006853992448
1275894023249629185
1275894036751147008
1275894039213158408
1275894052525924352
1275894074235670531
1275894079327399939
1275894081751863304
1275894098453573634
1275894106242387973
1275894108310122498
1275894108565975040
1275894112714059776
1275894119794171910
1275894142028087297
1275894154015506442
1275894157178023941
1275894169924448258
1275894170432024581
1275894195480379392
1275894200467423234
1275894200685469699
1275894216502259717
1275894241907130371
1275894249863680001
1275894254095798273
1275894254435364864
1275894254167035904
1275894257874800640
1275894259657342976
1275894262299873280
1275894262715027457
1275894267525939202
1275894280209534984
1275894296802209793
1275894301168267265
1275894309422759936
1275894317098455042
1275894338850037764
1275894375252459525
1275894384664416256
1275894396714512384
1275894400632139776
1275894400674140162
1275894405233336321
1275894406164463618
1275894409339559936
1275894410501332994
1275894422152962048
1275894434215804928
1275894435222622212
1275894435369365505
1275894439559430146
1275894451722956801
1275894453123891201
1275894456865169410
1275894458157010944
1275894467560706050
1275894467703300103
1275894467967324161
1275894459734114304
1275894472237334529
1275894477568258049
1275894480214859777
1275894505728811008
1275894523298807808
1275894530911473672
1275894536414339073
1275894549332852741
1275894557306126336
1275894573924003840
1275894586028830721
1275894587647840256
1275894598276206592
1275894598045483010
1275894601933602820
1275894603342897152
1275894625073577991
1275894632195387392
1275894632648454147
1275894648481943552
1275894660251234305
1275894698243010560
1275894702269624320
1275894736079945729
1275894753071190021
1275894766404861953
1275894771777601536
1275894787405762561
1275894788273954828
1275894792283721731
1275894794678657025
1275894815830405120
1275894819743764483
1275894819764789248
1275894821530542081
1275894840795058176
1275894841428209664
1275894846838976519
1275894851096190984
1275894857572192257
1275894870129782784
1275894912383410181
1275894917169139712
1275894917185798144
1275894922218926080
1275894930540388352
1275894933912772608
1275894942842437644
1275894979714527237
1275894988417765377
1275894989545828352
1275894997951238145
1275895000476160000
1275895002137276418
1275895009401765889
1275895012719460352
1275895022160875521
1275895063021621248
1275895064384995329
1275895071913603073
1275895073243148289
1275895093665333249
1275895105950539781
1275895109264048135
1275895110211903489
1275895115022839808
1275895117879160833
1275895123713437696
1275895153132273665
1275895155262881795
1275895160430182400
1275895161055334400
1275895194882314240
1275895222833229825
1275895217862987777
1275895231058194432
1275895239920750593
1275895240533164037
1275895248573456384
1275895249127313411
1275895253745258498
1275895269910106113
1275895273328447489
1275895276763516929
1275895277434650632
1275895279607320576
1275895282144808960
1275895307457495042
1275895311794233344
1275895311953690624
1275895316307423233
1275895323714629636
1275895328512843777
1275895344224706560
1275895349039767563
1275895349677297669
1275895352646946816
1275895352986566657
1275895369860354049
1275895371131215874
1275895375103004672
1275895379712790528
1275895387916775426
1275895391867805696
1275895394820476928
1275895400046579712
1275895403796238336
1275895440660148226
1275895444778950665
1275895453704310784
1275895455180828680
1275895457395486720
1275895466497056772
1275895482754174982
1275895484050223109
1275895487170781185
1275895484520050689
1275895488622051330
1275895495504695297
1275895504241594369
1275895513548718080
1275895513943085062
1275895517260787712
1275895524470620160
1275895525510807552
1275895554019676160
1275895566405259264
1275895588635267072
1275895589163712512
1275895591890030592
1275895593898962944
1275895597212545024
1275895609690480640
1275895612156686337
1275895616963403777
1275895633677860867
1275895639767945217
1275895647544045568
1275895652476694529
1275895668436086784
1275895681316773889
1275895681740234752
1275895684206649345
1275895684323880962
1275895688686116867
1275895689524977669
1275895697078808576
1275895705182371847
1275895710055972864
1275895714707628032
1275895722613841920
1275895725839310850
1275895725809963010
1275895731522547718
1275895748991897607
1275895752343138307
1275895764208676864
1275895765068664834
1275895769413926913
1275895781577408512
1275895781938147328
1275895785813499904
1275895790930624512
1275895801873653760
1275895832093454336
1275895851693608960
1275895864578498561
1275895879241814017
1275895882538291201
1275895886816706562
1275895897763860480
1275895898225217536
1275895912104185856
1275895916025831426
1275895936116387840
1275895960292507651
1275895961236246534
1275895969138085888
1275895981691846662
1275896020648505344
1275896030073102336
1275896036796575747
1275896036792377344
1275896046414159878
1275896057646497794
1275896083894370308
1275896117868130304
1275896120082923521
1275896141771497472
1275896149753368577
1275896166513860609
1275896166920716290
1275896172020891650
1275896175015542784
1275896185488904193
1275896193457979394
1275896204149342208
1275896212630016001
1275896243038957574
1275896250135646215
1275896266971545602
1275896267730833408
1275896268083081217
1275896271329308672
1275896273208348672
1275896280565325825
1275896285778849792
1275896284659027975
1275896293727055885
1275896296407261185
1275896296788770816
1275896304745558018
1275896309443149825
1275896317139542018
1275896317525413888
1275896322206257152
1275896343370911745
1275896348785684482
1275896365428678656
1275896371644637185
1275896376971280385
1275896378150072320
1275896388396519424
1275896389621473280
1275896393555759109
1275896394155544577
1275896397934592000
1275896407262707712
1275896410618114050
1275896411029045249
1275896411029221379
1275896419048660995
1275896422169264131
1275896435188391938
1275896447091847168
1275896447595098117
1275896452091269121
1275896452687048711
