1271049525541535746
1271049532504186888
1271049543229022208
1271049543459602432
1271049543686041601
1271049551860776960
1271049560253706241
1271049574791118848
1271049585293697024
1271049585490825217
1271049588779225089
1271049619326349312
1271049626997719040
1271049628838842368
1271049637055488000
1271049641157464065
1271049649370079234
1271049669309870081
1271049674481377280
1271049685520826368
1271049690180550656
1271049696681906177
1271049704479096832
1271049713219801088
1271049716386549761
1271049725056356352
1271049736628428801
1271049738276818944
1271049752881356801
1271049756941463553
1271049762855366662
1271049765439123456
1271049768068960256
1271049770069606401
1271049778462261251
1271049783373737985
1271049787387842560
1271049786460975109
1271049794916581377
1271049817188372480
1271049820548063237
1271049833797779457
1271049836842934274
1271049840886190080
1271049841557241856
1271049847571910656
1271049859051782144
1271049862612541443
1271049868006625280
1271049874855940097
1271049891691794432
1271049896003592195
1271049913766477824
1271049916295581696
1271049938605088769
1271049948251877379
1271049950017847296
1271049954941734912
1271049955843678209
1271049964022411264
1271049969626202114
1271049976219668485
1271049984708718593
1271049995979022341
1271049998331936768
1271049998545891330
1271050014090039296
1271050014765101056
1271050022428323840
1271050029558575104
1271050034696433666
1271050040430063617
1271050063842889728
1271050090346450945
1271050098051633152
1271050103722254337
1271050130448400386
1271050143010369544
1271050145908523009
1271050149049978882
1271050174786416640
1271050185175490561
1271050185783881733
1271050206965125121
1271050217438183424
1271050253907755014
1271050267224674304
1271050270252789761
1271050292151439362
1271050299130732544
1271050312799989762
1271050314817257472
1271050316063137792
1271050326116687872
1271050332991340545
1271050338901069825
1271050362062077955
1271050381943021569
1271050400360280065
1271050407712903170
1271050407255642112
1271050420941619200
1271050433268551680
1271050436393480193
1271050441581826049
1271050468349947904
1271050474167230464
1271050480748298241
1271050480739921921
1271050483168243712
1271050491158396930
1271050493159018496
1271050495231176704
1271050495524843521
1271050496418164736
1271050500499279874
1271050501585547267
1271050503762243585
1271050509412163591
1271050509697376257
1271050510804701192
1271050526197768194
1271050530132037633
1271050537576722432
1271050543801217024
1271050545684504576
1271050546267541504
1271050547945041925
1271050551862665217
1271050562797215744
1271050562956648450
1271050567901732871
1271050575338106882
1271050583936507905
1271050585232437251
1271050596544507906
1271050600625602561
1271050605038051328
1271050630467997697
1271050631126581249
1271050643499888641
1271050645693435904
1271050647744413696
1271050648252026883
1271050668233469955
1271050681877741568
1271050718603104262
1271050719609737220
1271050726589022208
1271050736286281729
1271050760118132736
1271050763054141442
1271050765965168640
1271050769374953472
1271050770259914752
1271050773204369408
1271050773787488256
1271050777918705667
1271050781156765696
1271050785816788999
1271050805601341441
1271050811389251585
1271050819375378432
1271050820063096832
1271050830909759490
1271050857564516353
1271050857988026369
1271050858684248065
1271050870365577218
1271050873729191937
1271050873934880768
1271050880989741057
1271050900287545345
1271050903039217665
1271050906793017344
1271050906885332992
1271050924795088898
1271050936203440130
1271050945292570624
1271050950556319746
1271050952775217155
1271050965634830343
1271050965744050178
1271050978918379520
1271050980201807872
1271050984303681536
1271050991266340866
1271050995934605314
1271051008135688193
1271051020664295425
1271051025273638912
1271051033267990531
1271051040398475270
1271051059130036224
1271051069775400963
1271051083473915904
1271051091036291072
1271051099923861504
1271051104717950978
1271051107758780416
1271051107817664512
1271051109591900160
1271051113806966785
1271051114130149378
1271051117233704960
1271051125526073344
1271051128356999168
1271051129963470849
1271051130630332417
1271051138087845890
1271051147634065408
1271051147890118656
1271051167217442816
1271051175534702592
1271051175782019072
1271051182983839744
1271051196766326786
1271051202264920065
1271051206673215498
1271051213258326021
1271051216882106369
1271051221982277632
1271051234607276037
1271051246179438598
1271051255671066624
1271051267612311556
1271051268178485248
1271051286129995776
1271051309693595649
1271051315230228483
1271051326730850305
1271051342325272578
1271051392770138114
1271051402790526977
1271051418150096896
1271051431278075905
1271051432511168517
1271051442980298753
1271051468674609153
1271051487565807618
1271051491483123714
1271051502732357634
1271051531660517378
1271051533224865792
1271051557136551936
1271051573708406785
1271051587130200066
1271051592595312641
1271051603609436163
1271051603659886592
1271051612270837762
1271051612577038338
1271051625646501890
1271051637403127808
1271051645196005376
1271051670038945793
1271051673843060737
1271051676049264641
1271051676355571713
1271051695678578691
1271051696651694081
1271051712808259585
1271051717296164866
1271051722006429697
1271051725193924611
1271051749680279552
1271051750745739266
1271051756261212162
1271051764440141826
1271051772212150272
1271051774896435200
1271051776700153859
1271051789043892227
1271051792437018625
1271051810007064578
1271051818068578304
1271051831154786304
1271051841489580034
1271051854202449927
1271051857901707266
1271051860502249479
1271051860556738560
1271051864860250112
1271051876759408640
1271051885399719938
1271051889757519872
1271051890361544704
1271051906467708928
1271051915070263296
1271051936565850113
1271051942903664640
1271051946938564608
1271051967910027265
1271051969256402945
1271051969201922048
1271051969327661056
1271051972053958658
1271051974058872832
1271051982783070208
1271051990441684992
1271051992593547266
1271052003523911680
1271052016048054272
1271052020515049472
1271052027968323587
1271052057705758723
1271052055033991168
1271052068208496646
1271052072457125888
1271052081613373441
1271052097769930753
1271052107077111809
1271052110247931905
1271052110398803968
1271052116036145153
1271052120221978626
1271052132196798464
1271052135418023936
1271052135942115329
1271052144649650178
1271052147849822208
1271052158662774784
1271052166271295490
1271052166329823232
1271052169366642688
1271052169865842694
1271052169999859713
1271052191738953729
1271052191751700481
1271052195694170112
1271052206662352896
1271052208403107841
1271052229366161409
1271052234084642819
1271052250572640256
1271052262253703169
1271052274391908359
1271052296743460864
1271052303991214081
1271052309305458689
1271052321523412992
1271052324874653697
1271052336547454976
1271052346450153475
1271052349713330180
1271052362950553600
1271052367048462341
1271052379589394433
1271052391090204673
1271052417296224258
1271052436069892096
1271052454554218497
1271052456005263360
1271052462535966722
1271052463144042497
1271052496207843329
1271052500498604033
1271052501316501507
1271052514025070593
1271052525936848897
1271052530202656768
1271052537907552266
1271052564067430400
1271052575769538560
1271052585005391876
1271052602873016320
1271052618664640512
1271052627116261376
1271052666169430017
1271052672276336647
1271052673782030337
1271052697513451522
1271052699207979014
1271052735987638273
1271052740219854848
1271052760465670146
1271052765549060097
1271052777310035971
1271052787095343105
1271052807286775809
1271052823065698305
1271052832825847808
1271052840820076544
1271052845186416640
1271052848953020416
1271052850534244352
1271052862458605574
1271052866891980800
1271052874076893185
1271052874491912192
1271052875855208449
1271052884331728896
1271052890472435712
1271052902002548737
1271052902728114176
1271052903202111490
1271052905026588672
1271052911922089986
1271052912521809920
1271052916502167555
1271052931958288384
1271052945078001664
1271052950044135424
1271052951361110017
1271052951574982656
1271052958910672897
1271052966489919493
1271052967303688192
1271052986127704076
1271052992192659456
1271052994927374336
1271053003185950721
1271053016452550656
1271053018230857729
1271053026221006849
1271053028666179584
1271053046332755970
1271053051181359106
1271053058697551873
1271053064368242688
1271053071834140672
1271053076900741120
1271053077718560768
1271053080549904384
1271053080549883905
1271053087160111105
1271053093120151554
1271053096182001664
1271053114544701440
1271053117103235073
1271053130269102080
1271053163324411905
1271053167577444352
1271053172254150657
1271053172489048066
1271053180986671105
1271053185063374849
1271053189060722688
1271053192361652225
1271053213639208960
1271053226339696640
1271053234405244929
1271053238532485121
1271053244358221824
1271053261102030848
1271053278479093762
1271053281532370945
1271053286024654848
1271053291384954880
1271053306454929408
1271053313824493568
1271053319629344769
1271053305435881473
1271053326411616257
1271053325115555840
1271053353108242432
1271053380652273664
1271053381503717376
1271053382933979138
1271053394745139200
1271053399098867713
1271053418782752768
1271053418862272513
1271053423736127491
1271053436193292288
1271053436600102912
1271053440312016897
1271053444342833153
1271053449422155776
1271053468875149312
1271053477469282306
1271053487535804417
1271053515402682368
1271053520687575040
1271053521085923329
1271053529445261312
1271053538056118277
1271053553004613634
1271053555366051842
1271053571325190144
1271053573724401665
1271053578707189760
1271053595216171010
1271053596126253062
1271053596675633154
1271053599146225666
1271053603474571264
1271053603562754050
1271053610156208128
1271053613477933062
1271053620763676673
1271053628304957445
1271053632562065409
1271053641538027520
1271053645451268096
1271053654481494017
1271053661909790720
1271053666062139392
1271053696286294017
1271053700329586689
1271053708772511745
1271053710416740352
1271053713252253698
1271053713474572290
1271053718553866240
1271053726191583232
1271053747926360064
1271053755606319104
1271053771188174849
1271053773109030912
1271053780700692485
1271053783708192768
1271053787961020418
1271053796085362692
1271053818369912832
1271053805925339137
1271053850980450305
1271053852784164864
1271053859360825344
1271053859809525761
1271053860262428674
1271053869146148866
1271053875819286529
1271053892567076865
1271053910422294531
1271053920039821312
1271053923202326528
1271053923365744640
1271053923885907968
1271053944542953476
1271053946979790851
1271053947063676929
1271053973169016838
1271053980999864326
1271053998955458564
1271054002621255682
1271054008682188801
1271054027405451265
1271054028663906304
1271054032870785024
1271054051938099206
1271054082397044739
1271054083823042561
1271054085383487488
1271054089925701635
1271054094858432513
1271054107084759040
1271054112105381888
1271054120925921280
1271054128869826560
1271054132531650560
1271054165050036226
1271054171450605573
1271054175955308545
1271054180619292674
1271054183911821312
1271054187720257536
1271054191570481161
1271054196502982656
1271054212412170241
1271054212667854848
1271054217315258369
1271054238475411456
1271054241940099072
1271054261607006208
1271054265788874753
1271054271690096640
1271054271950323712
1271054275934814215
1271054296763772930
1271054302488834049
1271054303512473606
1271054307824218112
1271054309686419463
1271054312173637632
1271054316556689409
1271054329349275648
1271054329982513153
1271054337868009478
1271054339763613696
1271054342385291265
1271054346109833218
1271054367056187392
1271054370554200064
1271054381786583043
1271054387834544129
1271054404628762625
1271054404909555712
1271054409947058185
1271054425973493761
1271054426162094081
1271054432340500480
1271054434932592641
1271054438321577986
1271054458898665472
1271054468059193344
1271054481942142977
1271054497377169408
1271054500225142785
1271054506843754497
1271054509578616833
1271054509993791489
1271054518541791232
1271054526225711105
1271054543581859844
1271054543648722944
1271054544273842178
1271054555955036160
1271054557208915969
1271054572845490182
1271054577979269120
1271054578390306817
1271054580713996290
1271054588897112064
1271054590922850312
1271054595062738944
1271054598862757897
1271054601928749056
1271054607008096256
1271054611022045184
1271054628642308096
1271054629191798785
1271054660649062400
1271054668869877760
1271054678638202880
1271054681276665858
1271054681373114369
1271054690193719296
1271054697957224448
1271054720690520065
1271054745348616192
1271054756677586945
1271054762570465280
1271054773618434048
1271054786239086592
1271054804014428160
1271054821194334211
1271054828760956929
1271054833794105344
1271054836922855426
1271054859664588803
1271054879402921984
1271054890958290944
1271054913418625024
1271054914391769090
1271054925842149378
1271054938454528006
1271054948176969728
1271054951351906304
1271054985426583557
1271054989083979778
1271055001184600064
1271055003948666880
1271055005022171136
1271055008340029440
1271055008927277056
1271055009707425793
1271055035070402562
1271055051608535040
1271055079894708224
1271055088124076032
1271055093752836097
1271055109716209665
1271055118377660417
1271055127743541248
1271055130029207552
1271055152070356992
1271055153207169024
1271055185486458880
1271055193174614017
1271055195229872129
1271055205770108928
1271055208030797824
1271055211302395905
1271055222215852033
1271055224023719938
1271055228864004102
1271055239551029251
1271055239920173060
1271055240796631040
1271055265304100865
1271055274040651776
1271055277706510336
1271055285650628608
1271055286841880578
1271055294945267714
1271055295381291008
1271055303153455105
1271055312095567877
1271055311940521985
1271055314339667968
1271055324657541121
1271055337043439616
1271055336556937216
1271055344530329602
1271055349672325121
1271055349726863361
1271055353279635457
1271055357511680002
1271055378994786304
1271055381863825408
1271055383067533312
1271055390856232966
1271055406282883072
1271055416462434308
1271055428982648833
1271055445361332224
1271055453821317121
1271055471370272769
1271055475736444928
1271055478941003778
1271055486645866497
1271055489120571393
1271055496871583745
1271055508020002818
1271055508812828672
1271055509370605569
1271055509462724608
1271055513703211010
1271055516039385090
1271055520955162625
1271055525564657664
1271055546074968066
1271055576768876544
1271055581034340352
1271055587393114112
1271055613028687873
1271055629260427265
1271055633190617088
1271055643844268032
1271055668846432256
1271055672260603905
1271055688773533698
1271055709715587072
1271055719870214145
1271055734453743617
1271055735649157121
1271055746617282567
1271055760181559300
1271055763931377666
1271055784563085314
1271055785246810112
1271055790305087493
1271055797330591745
1271055811276668928
1271055814585810947
1271055822374621184
1271055829131616258
1271055842813440001
1271055848530468865
1271055852045205504
1271055840624078850
1271055864334614529
1271055881912942594
1271055890171326467
1271055911537303553
1271055915530309634
1271055940717096962
1271055945947320321
1271055948736593920
1271055969439453185
1271055970425139200
1271055978792796160
1271055990524264448
1271055995494686720
1271055999391223809
1271056002163433472
1271056011730845697
1271056012246687744
1271056015023357952
1271056019783708672
1271056025064312832
1271056048284147712
1271056058879016962
1271056063098425349
1271056063324962816
1271056090378260481
1271056092274003974
1271056118064787461
1271056121248116737
1271056129855049728
1271056134305169408
1271056167956029446
1271056174520008705
1271056174574526466
1271056178437672961
1271056180606119937
1271056192450813958
1271056220829265920
1271056247060525064
1271056247542906880
1271056262906753024
1271056267075821568
1271056279289704450
1271056279512010753
1271056289460822018
1271056313414414337
1271056325850652672
1271056333668790272
1271056344074813441
1271056352039878657
1271056363406401537
1271056371623084033
1271056385636102146
1271056396532899846
1271056402077843456
1271056402434232320
1271056418834190337
1271056419693965312
1271056443190530048
1271056445056802817
1271056447133159427
1271056446948429825
1271056452984152065
1271056459711893504
1271056460798218240
1271056491915558912
1271056495350820864
1271056506159595520
1271056512211976192
1271056514875297793
1271056519635795976
1271056527084924929
1271056535049904128
1271056544688336897
1271056556503826432
1271056556935704576
1271056560605794306
1271056564431065099
1271056570131124224
1271056581841436678
1271056583640920064
1271056610824257538
1271056623855960065
1271056625185566721
1271056646668562437
1271056648883310592
1271056649462087682
1271056675554963456
1271056677215838208
1271056678843232256
1271056679908540416
1271056681485639680
1271056681921888257
1271056682118811648
1271056703853694977
1271056708618473473
1271056719989428230
1271056724544368640
1271056725345546241
1271056732505149442
1271056736183607301
1271056742550552576
1271056747218657282
1271056750645358593
1271056758660726784
1271056768857247745
1271056776415363072
1271056782866161664
1271056788260040704
1271056805540491265
1271056810510823426
1271056850130276355
1271056850742640641
1271056857956745219
1271056858908962817
1271056859512934400
1271056863287803906
1271056870845878281
1271056880421527553
1271056884687134729
1271056888675946498
1271056891213479938
1271056898058604544
1271056900424110083
1271056911023124482
1271056912822538240
1271056951473029120
1271056964731015170
1271056971123179521
1271056979893661696
1271056980367589377
1271057009266298880
1271057010088382464
1271057019118682113
1271057019470934016
1271057028505636867
1271057044905299969
1271057047337832450
1271057051406434308
1271057053243576320
1271057068833812480
1271057082205245442
1271057101104787458
1271057105810751489
1271057107161436160
1271057115004747777
1271057105504567296
1271057122818691072
1271057127596048385
1271057127558316035
1271057136097865728
1271057138463449088
1271057155785920512
1271057173091627013
1271057178070331392
1271057185603235841
1271057193421373440
1271057198680928256
1271057219207999488
1271057223796420608
1271057232269017088
1271057244394852356
1271057250220720128
1271057269036326917
1271057282906746882
1271057298400698372
1271057305048682496
1271057312858476546
1271057317182701568
1271057328016629760
1271057334287036416
1271057337319489536
1271057349155926017
1271057349252460545
1271057356982550529
1271057371092193286
1271057378344087554
1271057378956521476
1271057388192366592
1271057390989905925
1271057407469334529
1271057416952573952
1271057425953587200
1271057441615228928
1271057442785427459
1271057446027399168
1271057450020601861
1271057460464431104
1271057471453319171
1271057479779024896
1271057487580540933
1271057492529864707
1271057500129951744
1271057500771684352
1271057504726921219
1271057505284575233
1271057508245872641
1271057516630290432
1271057518790393856
1271057520971452422
1271057534292389895
1271057535915692035
1271057539866800128
1271057541678718978
1271057543486410752
1271057559328301058
1271057559785541635
1271057568690044928
1271057573307838465
1271057577720393730
1271057583449804802
1271057590743560192
1271057594635952129
1271057594673659906
1271057606468124673
1271057617226354689
1271057617771585536
1271057618564526080
1271057634356080640
1271057636042199040
1271057636188971009
1271057643654639617
1271057651087159299
1271057660654358528
1271057672998027265
1271057691008352256
1271057693097287680
1271057698251923457
1271057705977995265
1271057717742964736
1271057734675431424
1271057735040319488
1271057741382070272
1271057751377162240
1271057757513416706
1271057761112113153
1271057764228399105
1271057786298908674
1271057785942401024
1271057794532126720
1271057798860865537
1271057799259328513
1271057818339160072
1271057827486892033
1271057836857012226
1271057849011982337
1271057880536567809
1271057886584565760
1271057889994502146
1271057895971487750
1271057910773297154
1271057916951498752
1271057924991995905
1271057929156923392
1271057940611584000
1271057944432521216
1271057949922861057
1271057950015131654
1271057950040141825
1271057963864788993
1271057974044364800
1271057988799905793
1271058003261865985
1271058011533049856
1271058020668256256
1271058028045856775
1271058041136447489
1271058041526456322
1271058046391857153
1271058057783644162
1271058083255668736
1271058084044189697
1271058089693769728
1271058096572502018
1271058099613376513
1271058101484040195
1271058112053743616
1271058113089679361
1271058116889567232
1271058129778692096
1271058131360133120
1271058138326695936
1271058151589249026
1271058159361122304
1271058159445172226
1271058176125919237
1271058177279262721
1271058183549837312
1271058187542814721
1271058187807047680
1271058201006485504
1271058218781900800
1271058239610851330
1271058239745032193
1271058246258868224
1271058250402803713
1271058269793067014
1271058297680998402
1271058309546569729
1271058315791888388
1271058318212071424
1271058323350093826
1271058349455372288
1271058359307943937
1271058363858784256
1271058390312255494
1271058422474002437
1271058423342301187
1271058440643735552
1271058445081251843
1271058452815675392
1271058461086883841
1271058473485086720
1271058481466847232
1271058482821836801
1271058495899459585
1271058498349137921
1271058502627151872
1271058502698643456
1271058508587335682
1271058512290779136
1271058516854353921
1271058519014473729
1271058529747533824
1271058532322775040
1271058541021806592
1271058544532602884
1271058545153396736
1271058569320894464
1271058582847369217
1271058591882129408
1271058596948701193
1271058634445852672
1271058645913141250
1271058655480369154
1271058662753255431
1271058663923384320
1271058691148656641
1271058691630854149
1271058695246364673
1271058708022333441
1271058718386315265
1271058729379794944
1271058737541849088
1271058742939807746
1271058774636126213
1271058775613546496
1271058779153588229
1271058783452749826
1271058784262082560
1271058796744450048
1271058806584356865
1271058813949546496
1271058817820884992
1271058825353846791
1271058834279235590
1271058859017338880
1271058867913281537
1271058869142188032
1271058890298400768
1271058900238958594
1271058911144091648
1271058914063376386
1271058926772109312
1271058936775315457
1271058946661462022
1271058959965851649
1271058960624254977
1271058960850792448
1271058961387737088
1271058964260614144
1271058972376731648
1271058982161924097
1271058994929512454
1271058997039321089
1271059010582691842
1271059023299858433
1271059028068704256
1271059030895624192
1271059031705214978
1271059032460181505
1271059035484114944
1271059039921696768
1271059040710336512
1271059047769182208
1271059056703287297
1271059065742012417
1271059065779761156
1271059068438757376
1271059083148308482
1271059094028161025
1271059096171659265
1271059107622068224
1271059118904786954
1271059128866177024
1271059137212940288
1271059152257855489
1271059157488144391
1271059158805217281
1271059158838775808
1271059161741242371
1271059162777051137
1271059169370669056
1271059171002265601
1271059171220361216
1271059175389495297
1271059181777321984
1271059189805113347
1271059191516606464
1271059205030641664
1271059213389664256
1271059220150927361
1271059225779875841
1271059240497459201
1271059246432559104
1271059251432230914
1271059257908031488
1271059262312251392
1271059263541129216
1271059276249718790
1271059276438609920
1271059278141501440
1271059283220676609
1271059291181592577
1271059304842485761
1271059307774095361
1271059308520910851
1271059312551567362
1271059346332561408
1271059349725679616
1271059354385616896
1271059366150418432
1271059404226473984
1271059423033724929
1271059433301434373
1271059433926406144
1271059434710675458
1271059442017026048
1271059445724991488
1271059447331328001
1271059447331328000
1271059471029198849
1271059481221267458
1271059483700199425
1271059485486796806
1271059504533291008
1271059504696877056
1271059504881209346
1271059509624987648
1271059510858260481
1271059521645862914
1271059536011460613
1271059536405606403
1271059537299222529
1271059538242912257
1271059540973244417
1271059563282788354
1271059564960628741
1271059568999706624
1271059569502941184
1271059584652894209
1271059598682632193
1271059598993211393
1271059615313207301
1271059637006209026
1271059647328186368
1271059649169522688
1271059656543072256
1271059656421433344
1271059656698404867
1271059674360578048
1271059677548359682
1271059678563196928
1271059694384304135
1271059697596948481
1271059714827264002
1271059714902683650
1271059715724840960
1271059773434167296
1271059777456570369
1271059781189537797
1271059803830444033
1271059815721316355
1271059816144793601
1271059816652238849
1271059833807126529
1271059871622787072
1271059879424258053
1271059925192642561
1271059938597576705
1271059949372665856
1271059962664386562
1271059983040491521
1271059983858188289
1271059983837335552
1271059995862458370
1271060016548794368
1271060020608851971
1271060026354884608
1271060034747842561
1271060038929481729
1271060042091986944
1271060045589954562
1271060045506232320
1271060046139580416
1271060051545948171
1271060062837133313
1271060090544697345
1271060093346426881
1271060099998441473
1271060101630054400
1271060105040027648
1271060108655517696
1271060111285522432
1271060117362888705
1271060114229911553
1271060123230838790
1271060126808637440
1271060126917632000
1271060131367858176
1271060133557055488
1271060147205439494
1271060181028409344
1271060182215331841
1271060192579461120
1271060192915066880
1271060201005694977
1271060201391579136
1271060213844463616
1271060214226341888
1271060223265067008
1271060227224334338
1271060236703424514
1271060239324835842
1271060240293822464
1271060243028598785
1271060251840659456
1271060252218327040
1271060253086486529
1271060263962398720
1271060264646041607
1271060282123657216
1271060289329532929
1271060303535628289
1271060315703148544
1271060321134768134
1271060341930070019
1271060348343218177
1271060349064790018
1271060357306626048
1271060377753645056
1271060383797841920
1271060402051461122
1271060402777055237
1271060419185192960
1271060420581875714
1271060424159567872
1271060429264039936
1271060429410795522
1271060441624481792
1271060462071877633
1271060469902716930
1271060474726100993
1271060490412797952
1271060499094880256
1271060499405303808
1271060500562841602
1271060512382554114
1271060528756961280
1271060536306757633
1271060541381980162
1271060562097700868
1271060574189862912
1271060595782168579
1271060601436024832
1271060604350939136
1271060608243433479
1271060614098685957
1271060618087411712
1271060647866798080
1271060651704713216
1271060655370653697
1271060676887404547
1271060679567585280
1271060679945007105
1271060698962046977
1271060705748201473
1271060708302753793
1271060712463400960
1271060716901064705
1271060722311663616
1271060742070992896
1271060755635417095
1271060759196454913
1271060762757419008
1271060763675725824
1271060771582197761
1271060772211359744
1271060785117171712
1271060802682920960
1271060809037250560
1271060809158819840
1271060811209981952
1271060814242304000
1271060821750276096
1271060821641134080
1271060830025482240
1271060830277308416
1271060843124359168
1271060847515840520
1271060858622234624
1271060871691808769
1271060872845295619
1271060876242620416
1271060876385107968
1271060877572177920
1271060880504041473
1271060881258905600
1271060902650003456
1271060911084548097
1271060913991417857
1271060919691309057
1271060926758674432
1271060931955564550
1271060944253222912
1271060952323100673
1271060953656770560
1271060957612171264
1271060969066659840
1271060978206203906
1271060995012689920
1271060995641872384
1271061002357026817
1271061020145004544
1271061029032726528
1271061045973528580
1271061057524686849
1271061061773426689
1271061063161839622
1271061069021274113
1271061070073991168
1271061079230222336
1271061095827017730
1271061096712069123
1271061099002171392
1271061115812884481
1271061132413894656
1271061138285957121
1271061141838598147
1271061159316201473
1271061159681155078
1271061179088035841
1271061187409690633
1271061196486127619
1271061200114237446
1271061200231706624
1271061207970127879
1271061213280075777
1271061217524830208
1271061220691283974
1271061224810217472
1271061230405529600
1271061233500749824
1271061234155225089
1271061249942605824
1271061250554953728
1271061254342402048
1271061263574085632
1271061264018653184
1271061287020224517
1271061292967776256
1271061296490909696
1271061313419173888
1271061338312204289
1271061376367288320
1271061400438349824
1271061405995872257
1271061406746583043
1271061410815098888
1271061413306470400
1271061417140068353
1271061418725576704
1271061425994285063
1271061429878063105
1271061430402297857
1271061438052868097
1271061439910903814
1271061440472821761
1271061446709981184
1271061451910848514
1271061460857298944
1271061468360949761
1271061477621809152
1271061477567283200
1271061497674792967
1271061497997754368
1271061510870061056
1271061511289610244
1271061528070979584
1271061531434909696
1271061531908812802
1271061536241364992
1271061540951687169
1271061549562712067
1271061552074903554
1271061555770265601
1271061556680364037
1271061560564293633
1271061577815527424
1271061591275028480
1271061595339329537
1271061606449901570
1271061611541913600
1271061611948605440
1271061615883026435
1271061624993046529
1271061632773263360
1271061644177575941
1271061644832124929
1271061646320922625
1271061653111672833
1271061657121443841
1271061657356132352
1271061664788611072
1271061668794163202
1271061683289628673
1271061685629902848
1271061687366569984
1271061689753100288
1271061698192031744
1271061703535419394
1271061712440082432
1271061715946360832
1271061723810795520
1271061724318310402
1271061726344228864
1271061737584726016
1271061752633896961
1271061761685368833
1271061769662930945
1271061804941144064
1271061807243890690
1271061812377612288
1271061820246294529
1271061821475008512
1271061830404845569
1271061837510070274
1271061838554451971
1271061841939238912
1271061845223276546
1271061853297311745
1271061859299258369
1271061864189960194
1271061864806416384
1271061876638695426
1271061896922357761
1271061899736580098
1271061908490051584
1271061912466477056
1271061924915163137
1271061937128792065
1271061938609491968
1271061939540688897
1271061950437433344
1271061954619113474
1271061971870330880
1271061976039469061
1271061989268348928
1271062014589353987
1271062017281945600
1271062030166798336
1271062031643422722
1271062043060297728
1271062051327291394
1271062051700473857
1271062052983803904
1271062057220214784
1271062059128549377
1271062059355123712
1271062072198082560
1271062080628686848
1271062081161355265
1271062086307676165
1271062089755312129
1271062098248978432
1271062100723617792
1271062100786343937
1271062100509700098
1271062107811917824
1271062115424579584
1271062127395004416
1271062130381463554
1271062134919778306
1271062136735891456
1271062148526092288
1271062150740692992
1271062151214456832
1271062157870891009
1271062165307482112
1271062180335620097
1271062193933447169
1271062194109767681
1271062207602798593
1271062231145426944
1271062256206393350
1271062261193474053
1271062261319307265
1271062273340162050
1271062274178940928
1271062275269505024
1271062293690933248
1271062295276216320
1271062299659374592
1271062299885871104
1271062302540824576
1271062314729365504
1271062314947612672
1271062315748798464
1271062323185229824
1271062325190107137
1271062328247754753
1271062332349784065
1271062366051065857
1271062370169864192
1271062378998829056
1271062394605723648
1271062400318529537
1271062401039962113
1271062404055646208
1271062404248592384
1271062408417759233
1271062408895873026
1271062420547649536
1271062422233604096
1271062428630036482
1271062429183737857
1271062437966610432
1271062451006701576
1271062467330916354
1271062476457574400
1271062496015577088
1271062516152532993
1271062528521572354
1271062533470851072
1271062558703865857
1271062559169355776
1271062562164084736
1271062566752616451
1271062580962852866
1271062581566935040
1271062583559294978
1271062593025847296
1271062593441062913
1271062600986615808
1271062606049087490
1271062610880978944
1271062619634323456
1271062621580648453
1271062627465101313
1271062615532306433
1271062658985443330
1271062659690106882
1271062668388913153
1271062672386056192
1271062675481600001
1271062676341432320
1271062686412013571
1271062700894846978
1271062718297104384
1271062721891643393
1271062738438160386
1271062741042814976
1271062746717536257
1271062773309607937
1271062805630902278
1271062808067805188
1271062828112318464
1271062839831285764
1271062862463561729
1271062873251426305
1271062882126618624
1271062894038470659
1271062907397312512
1271062911968935942
1271062915051933697
1271062915278348288
1271062915282591744
1271062916171804672
1271062924468027392
1271062924761710592
1271062931803947008
1271062940238651392
1271062969246289920
1271062971209277440
1271062974334205957
1271062983402192896
1271062985738522624
1271062986283573248
1271062994978508807
1271063003060936705
1271063003425910784
1271063008064745472
1271063008505102342
1271063019309629442
1271063019733147649
1271063040889405440
1271063041178664961
1271063053304381440
1271063062838116354
1271063065987969030
1271063078570885121
1271063079262932994
1271063100104552458
1271063101228515333
1271063107796758529
1271063118387441664
1271063125207453696
1271063146690752513
1271063149207306240
1271063154387107845
1271063180106698760
1271063191204872193
1271063196292517888
1271063201229176832
1271063214311321606
1271063221009616896
1271063229402419200
1271063237589688320
1271063242358603783
1271063255608209409
1271063281130713088
1271063288395096064
1271063291985616896
1271063292124049409
1271063293340250113
1271063296792289282
1271063301150121985
1271063306652942339
1271063310465728514
1271063352450650113
1271063355671883777
1271063356951031810
1271063365415251969
1271063369269874688
1271063390153322497
1271063401901375491
1271063405789618180
1271063406108389378
1271063414752923650
1271063416271261696
1271063423774834689
1271063424320053248
1271063427528744960
1271063436340813825
1271063439734169602
1271063439696367618
1271063445459394561
1271063469282992130
1271063480817180672
1271063481098305537
1271063489738661890
1271063496025833473
1271063511729352705
1271063512262082560
1271063515852406784
1271063523028860929
1271063523360202755
1271063535561388032
1271063565621964802
1271063589525184512
1271063615051792384
1271063619887935491
1271063636455444480
1271063640636940290
1271063653295575040
1271063657905106947
1271063661050765318
1271063673587580929
1271063688171184130
1271063690335465472
1271063692159975424
1271063692101156864
1271063694831542272
1271063696454963201
1271063713534152705
1271063715543232512
1271063749387079680
1271063753782513665
1271063754931765249
1271063758903709696
1271063783784448001
1271063784573059072
1271063786783485952
1271063787215507462
1271063789027438592
1271063800796581888
1271063804940447746
1271063825773735937
1271063842274115586
1271063843167449098
1271063862888951808
1271063877120397312
1271063881289543680
1271063896976130049
1271063909970120707
1271063914789457925
1271063929301712902
1271063929599467520
1271063943717535745
1271063948096417799
1271063967876747264
1271063968468144128
1271063968635904000
1271063980954529792
1271063990580494336
1271063997211643904
1271064006598389762
1271064010905972737
1271064013674131462
1271064026542456833
1271064026731155456
1271064034318733312
1271064051271864321
1271064052014317572
1271064067961057281
1271064073233465344
1271064094402129920
1271064094930399232
1271064118796128258
1271064124462632962
1271064128061390849
1271064126534664192
1271064156679163907
1271064165759639552
1271064187117228032
1271064198064115715
1271064207824498688
1271064216955387904
1271064223867711488
1271064227579678720
1271064235997618176
1271064245912952835
1271064248404201472
1271064256759259137
1271064256952311810
1271064265785516032
1271064266020446208
1271064270952898561
1271064282323537921
1271064294776623106
1271064295577698309
1271064295934177281
1271064320877580288
1271064326489718790
1271064345875820551
1271064355275190273
1271064362023706628
1271064374287859715
1271064388426969092
1271064395934810113
1271064407922151425
1271064420349870087
1271064420978999304
1271064421234688000
1271064424661409792
1271064426863644673
1271064433272467456
1271064435151507467
1271064451811356672
1271064467313438720
1271064467753795585
1271064488142405632
1271064505427144709
1271064513857683456
1271064519050133504
1271064521835249666
1271064543175815168
1271064551702888449
1271064560020013057
1271064571600486402
1271064576352751616
1271064590118465537
1271064593041969152
1271064601002680320
1271064610313891840
1271064617842642944
