1269766065963204613
1269766066076635143
1269766067016077318
1269766104689213441
1269766124763258881
1269766133957132290
1269766134800285696
1269766141049626624
1269766141297164288
1269766141704110085
1269766142823931906
1269766150038130695
1269766158791503872
1269766161664786433
1269766164575633408
1269766175044571138
1269766178668511232
1269766195365810177
1269766201187713025
1269766214022098948
1269766238411952128
1269766250403635200
1269766253809405953
1269766256019877889
1269766260247728128
1269766262126764035
1269766268577447936
1269766284566200328
1269766296197107712
1269766303985790976
1269766307702018048
1269766317193609216
1269766321597792257
1269766321757196290
1269766350484000772
1269766355722657792
1269766356905451521
1269766359371612161
1269766372558606347
1269766377772126212
1269766380582289413
1269766382792646656
1269766383887212544
1269766394284892161
1269766410676428810
1269766420478324737
1269766426719477760
1269766428120551424
1269766441097498624
1269766443052171267
1269766444687986691
1269766449461104644
1269766453198290948
1269766498526138370
1269766501374050305
1269766543522631681
1269766546097922049
1269766548509597699
1269766552074637312
1269766552649424898
1269766554411044870
1269766559842566152
1269766560253706240
1269766571309903873
1269766589571829761
1269766588787568640
1269766594797993985
1269766605568913413
1269766665115521025
1269766667770507266
1269766674431041538
1269766675362197505
1269766675374768128
1269766683377401856
1269766687194337280
1269766705577816065
1269766729565077509
1269766738012405760
1269766757968986113
1269766776394518533
1269766778709856259
1269766782807654401
1269766789757624320
1269766791359868929
1269766796959272964
1269766800343875584
1269766804336828418
1269766825673478144
1269766828760457220
1269766850491056130
1269766867956240384
1269766887220686854
1269766900512415744
1269766925812469766
1269766934582538243
1269766935421562880
1269766946209386497
1269766954304319490
1269766960356536320
1269766964626567170
1269766965826125825
1269766976680984577
1269766977981120514
1269766983521796103
1269766988210991104
1269766989091913734
1269766996499054592
1269766999611248641
1269767007949541376
1269767009790803975
1269767013959942144
1269767034650464256
1269767044590780416
1269767056825581569
1269767061640826881
1269767063976935425
1269767081316151297
1269767091013353472
1269767101012676609
1269767107614584832
1269767110206435330
1269767114761486336
1269767126254006272
1269767139461922817
1269767142746046465
1269767144549552130
1269767147728900096
1269767202812465152
1269767203999617030
1269767223071121409
1269767225021468680
1269767242184560643
1269767260970856460
1269767268801576964
1269767277219508224
1269767282559012864
1269767283079032834
1269767283720818695
1269767301374660610
1269767306634289153
1269767334937403392
1269767335293976576
1269767345758748673
1269767347616825345
1269767367594135552
1269767382781825024
1269767402402861058
1269767411215056898
1269767418341097472
1269767420769697794
1269767422397108227
1269767437794369544
1269767457046134787
1269767458623311872
1269767467049443328
1269767468836360192
1269767470572765185
1269767472187609089
1269767481666781186
1269767487723319296
1269767487966642176
1269767510422847490
1269767511173627904
1269767518039625728
1269767520388616193
1269767548012302336
1269767550759571458
1269767551619338242
1269767573039714310
1269767586062852096
1269767589401636864
1269767591943376898
1269767599283453952
1269767605100871680
1269767616744361989
1269767625762058241
1269767626898706432
1269767633752162305
1269767644833443840
1269767651498381313
1269767655453601792
1269767674487283712
1269767675384942592
1269767709136310272
1269767709446848512
1269767715583033350
1269767726932819973
1269767731282358272
1269767735124295684
1269767740375646208
1269767753830932480
1269767756292911104
1269767757157085187
1269767761343008771
1269767769286942720
1269767799955755009
1269767802488946689
1269767808415604737
1269767820298117123
1269767841965838336
1269767848664141825
1269767862002094080
1269767863402971141
1269767873477718016
1269767880930967552
1269767895808118784
1269767903861248001
1269767909833834497
1269767913801736193
1269767937126268935
1269767946454347777
1269767953446100992
1269767960282853376
1269767979752984580
1269767982655459328
1269767983729192961
1269767986749071362
1269767996609908742
1269767998547480577
1269768008639164418
1269768014041317378
1269768018122485760
1269768021867823105
1269768025735155714
1269768028259934208
1269768035356880898
1269768037592416257
1269768041438621697
1269768046421454856
1269768050145996801
1269768058177871873
1269768058605907969
1269768058664562688
1269768060572962818
1269768068512706560
1269768072400973824
1269768076230262784
1269768078717521940
1269768085508063233
1269768085604614145
1269768092151930880
1269768105426710528
1269768127409258496
1269768137882378240
1269768138666770434
1269768141892173826
1269768148783443968
1269768176960593920
1269768183541567490
1269768194324979712
1269768208552165377
1269768211047694337
1269768212239040515
1269768226109612040
1269768248653987840
1269768253980672001
1269768257025630208
1269768268019126273
1269768286574645249
1269768287115784192
1269768289896599552
1269768305264472073
1269768306455699456
1269768317532868608
1269768318086295552
1269768319818588160
1269768337380302848
1269768343906476032
1269768380212555776
1269768381432987648
1269768381814767617
1269768385702871040
1269768391654596611
1269768398788952064
1269768400349417473
1269768404375920641
1269768406863089665
1269768407894814721
1269768409815879680
1269768420024860672
1269768435375968262
1269768440778276868
1269768448676171776
1269768462135631873
1269768467349229569
1269768468619948032
1269768494251466753
1269768497229414400
1269768499188162561
1269768516288290816
1269768547208658946
1269768553684705280
1269768555106652161
1269768572810625024
1269768575918772226
1269768590137450496
1269768600983941120
1269768616637014016
1269768631208103936
1269768636564221957
1269768653127528449
1269768655144996864
1269768664196186114
1269768668994510850
1269768675550093312
1269768681107664896
1269768692335853569
1269768719456186375
1269768742919000064
1269768748476571653
1269768750187925505
1269768755565002759
1269768756840009737
1269768760707162113
1269768770798706688
1269768776133816321
1269768781892550657
1269768785369731072
1269768804458008579
1269768817938399233
1269768827509837824
1269768838645788672
1269768839744548864
1269768850121383937
1269768850440024065
1269768842395430925
1269768854550577158
1269768859965362179
1269768868085608448
1269768876264493063
1269768876843294720
1269768880060346368
1269768881033412608
1269768882094436352
1269768885580058629
1269768905418895361
1269768908040519681
1269768908933865479
1269768914294247425
1269768915468652545
1269768926856015874
1269768951627542535
1269768976533467136
1269768986385932294
1269768990412484608
1269768999690285063
1269769005193138181
1269769007244214272
1269769010968621056
1269769025095192578
1269769029742260225
1269769033316028416
1269769050323709952
1269769055952609281
1269769065670889475
1269769077343608833
1269769089976684545
1269769095659970560
1269769097908310016
1269769100147912704
1269769110923198464
1269769111132758016
1269769118900682758
1269769127629139973
1269769159635804162
1269769173862715392
1269769179869188096
1269769188962377729
1269769207144734721
1269769209283776515
1269769220327387138
1269769236177661952
1269769242418843648
1269769258231140354
1269769274572394497
1269769279513255941
1269769306734096384
1269769331245641728
1269769335100317700
1269769338979971072
1269769339432886272
1269769347804823555
1269769373293654017
1269769389890514956
1269769418642386947
1269769423574818816
1269769434677248004
1269769438963826688
1269769439110627329
1269769439135793153
1269769439731425280
1269769456898781187
1269769475437576201
1269769477392138240
1269769479640276993
1269769488364273664
1269769492411760640
1269769498418085889
1269769500473339905
1269769515791011842
1269769517036691456
1269769522799538176
1269769529506369540
1269769537118822401
1269769557243310080
1269769569926856710
1269769571738804224
1269769573416517632
1269769577132699648
1269769584447492096
1269769595533103106
1269769602499842048
1269769602998906880
1269769603779100674
1269769610557108227
1269769613941882880
1269769623790145539
1269769626822606850
1269769631989972992
1269769638247895042
1269769657621401607
1269769658342744066
1269769670816661505
1269769673203212288
1269769681516322817
1269769685878411266
1269769693964972032
1269769719416061954
1269769720703696896
1269769725241892866
1269769740085534727
1269769753092067333
1269769754363002880
1269769756544045056
1269769761078083587
1269769761988186115
1269769770498490370
1269769795366531073
1269769800726786050
1269769817835388930
1269769818170953734
1269769819680698369
1269769820444282880
1269769824433037313
1269769838336987137
1269769847396864004
1269769853495390209
1269769859073740800
1269769865528737792
1269769869236592642
1269769874705915905
1269769867823067136
1269769886873550853
1269769891181137925
1269769893429293067
1269769898470903808
1269769914849640448
1269769920432222209
1269769925587095557
1269769926086025216
1269769945807757313
1269769949431595009
1269769961133785090
1269769983195840512
1269769983791255552
1269769993354448898
1269770005257871360
1269770005979246601
1269770012983799808
1269770016653815808
1269770031262511104
1269770039994929153
1269770053811163143
1269770058575708161
1269770060198969351
1269770061402853387
1269770063114051589
1269770078050037765
1269770080692264962
1269770083561340929
1269770089852796929
1269770092142686209
1269770108815187968
1269770111021350912
1269770112988524546
1269770113168924678
1269770114452381696
1269770117128257537
1269770127303684099
1269770140473647104
1269770144860925952
1269770154923167744
1269770168663597057
1269770169129357324
1269770177006260226
1269770181452185601
1269770217799979009
1269770221809795074
1269770224078815233
1269770248351252483
1269770251706798085
1269770262498680833
1269770264650399746
1269770269113139200
1269770274649636864
1269770284527243265
1269770285689065473
1269770288767664128
1269770299115003904
1269770307469967363
1269770311152611329
1269770326277226496
1269770349547315200
1269770354366480385
1269770360196599808
1269770369000525825
1269770369298305031
1269770372519473152
1269770373484216323
1269770396443820034
1269770397869838337
1269770400415842309
1269770409412624384
1269770420401532929
1269770438214856706
1269770440903442433
1269770449765859328
1269770460218241025
1269770463804190720
1269770471635144704
1269770491977293825
1269770493139222528
1269770503771901957
1269770522042216449
1269770524181385221
1269770527880687616
1269770536927682560
1269770546461282304
1269770563649703940
1269770571497140229
1269770571656675330
1269770579026087936
1269770588861726721
1269770605097877507
1269770617777258496
1269770620667133957
1269770621539549191
1269770622541987840
1269770629189902337
1269770631660388359
1269770644461195265
1269770647011381248
1269770651432153089
1269770652858281985
1269770668570279937
1269770675939500032
1269770680557539329
1269770681681612803
1269770687532728324
1269770688979701762
1269770701403312129
1269770717731700736
1269770718948077571
1269770721464479744
1269770723914059779
1269770725897801728
1269770732411682818
1269770734701813762
1269770736039858179
1269770750522789888
1269770752502489088
1269770759272005636
1269770760823980033
1269770761914535937
1269770763680317442
1269770767664889856
1269770776745574405
1269770795284336640
1269770807066198020
1269770810471993345
1269770811440803842
1269770813290364929
1269770818780790786
1269770830105522176
1269770837248393221
1269770846844997634
1269770873571102720
1269770877366763520
1269770893531779072
1269770900318179329
1269770903732150272
1269770920941535232
1269770929753731072
1269770930626203648
1269770933725728774
1269770935361343488
1269770935566864385
1269770940449202191
1269770952600096768
1269770962976849922
1269770974079131649
1269770977606541315
1269770985848344576
1269771012620431360
1269771034426773504
1269771041158696962
1269771044606423040
1269771086700466176
1269771094937960449
1269771103238422528
1269771117180227584
1269771121286475782
1269771122242981888
1269771126491635714
1269771129582911494
1269771140282662912
1269771141519941636
1269771175103803392
1269771187900624896
1269771188693282826
1269771192430407680
1269771194187816960
1269771203868102656
1269771207823577096
1269771220528115712
1269771226068783104
1269771227188604936
1269771230174949382
1269771235803770880
1269771241856077824
1269771246398562305
1269771246574567425
1269771251410763776
1269771266086625281
1269771268561174531
1269771273674067968
1269771274898808835
1269771275838291968
1269771284143054848
1269771297539731459
1269771301478035457
1269771305546665985
1269771305869549570
1269771308478468100
1269771318049685506
1269771318758694914
1269771325779980289
1269771326232899586
1269771331756834816
1269771337813446662
1269771350585081857
1269771372269637634
1269771373146243074
1269771382591754242
1269771393350189058
1269771398530174981
1269771406520152065
1269771418453106688
1269771419300364290
1269771422194380804
1269771431170236426
1269771439571435520
1269771465437609987
1269771469481009154
1269771477311774720
1269771497436065792
1269771528205471744
1269771532609499140
1269771532940828674
1269771550221369344
1269771558249287687
1269771562883911681
1269771584224366592
1269771591451242496
1269771591329579013
1269771598958981125
1269771601366548480
1269771601945509899
1269771626813501442
1269771628113788928
1269771628126355456
1269771646740692995
1269771647596343297
1269771687970684928
1269771688092282880
1269771698783555584
1269771703028252674
1269771710200496130
1269771745067704320
1269771762780299270
1269771764353003520
1269771769273102342
1269771771747672064
1269771784003489792
1269771787228917767
1269771802601021441
1269771806749196289
1269771818837184514
1269771821483728896
1269771824847630337
1269771837392781312
1269771854031597572
1269771862554411008
1269771872285134849
1269771876705976322
1269771909425590273
1269771911996887041
1269771919068246017
1269771926165127169
1269771929273188352
1269771934306316290
1269771937225404416
1269771944683081730
1269771962345234432
1269771979407704067
1269771981416804356
1269771985019641857
1269771997958909952
1269772000953802758
1269772009287925762
1269772056629063680
1269772069824151552
1269772089499631616
1269772102485368832
1269772110978789377
1269772111800754181
1269772113856077824
1269772127936417793
1269772137222615041
1269772141316186112
1269772141672542208
1269772148253622272
1269772199331655680
1269772212342599683
1269772219628036102
1269772230998872066
1269772277027045376
1269772293175160832
1269772301765148672
1269772322719903744
1269772323172880386
1269772328310890497
1269772333088149506
1269772352411361284
1269772360032423936
1269772370316857347
1269772371713548294
1269772373567422469
1269772399337189376
1269772410653495297
1269772414856110081
1269772417624203265
1269772423156686850
1269772423181697026
1269772443494821889
1269772447705894912
1269772460372754432
1269772461798801408
1269772462964826118
1269772471789481984
1269772478307618817
1269772491708301315
1269772492178161669
1269772502613602304
1269772504035233793
1269772513115901952
1269772514160410626
1269772521794142213
1269772526508482560
1269772529947668481
1269772530572759041
1269772541649924096
1269772548071469058
1269772551657578497
1269772555830923265
1269772557676396545
1269772591373225984
1269772593424457728
1269772608557416448
1269772618086920194
1269772618199994370
1269772629122019328
1269772631697317888
1269772635644342281
1269772642401366020
1269772652450918400
1269772657072967686
1269772683253817348
1269772691508047872
1269772691864780800
1269772692292501505
1269772693005623298
1269772708163846144
1269772713670795266
1269772715444957184
1269772727226740736
1269772727600271360
1269772735770738688
1269772744012582917
1269772745413464067
1269772756306059264
1269772772789628928
1269772781886963712
1269772790275678209
1269772799779966976
1269772801981980675
1269772818142515200
1269772844675858435
1269772848102428672
1269772862161776640
1269772865944948737
1269772869497741312
1269772869501964289
1269772874388307969
1269772877160644612
1269772878368722944
1269772889278070784
1269772889131118592
1269772904851357696
1269772919275732992
1269772920093622274
1269772927316168704
1269772943061590018
1269772949512261632
1269772956378501122
1269772973218594819
1269772982018244613
1269772990285217792
1269772991161909249
1269772992214597638
1269772994949328896
1269773004994641920
1269773037181775875
1269773041388552193
1269773048892309506
1269773071256367104
1269773071839305735
1269773089279279111
1269773091971846144
1269773093607800832
1269773108430290944
1269773110364028936
1269773121768357893
1269773129859182593
1269773133671694339
1269773137052422144
1269773141498384391
1269773147542368262
1269773151052853250
1269773151367380994
1269773167347863552
1269773174427783168
1269773178932518916
1269773188646526981
1269773197039357954
1269773218333761536
1269773225489244162
1269773258137583621
1269773265246928896
1269773272482304000
1269773282489905153
1269773283957841920
1269773288739225600
1269773297992060928
1269773298105286656
1269773301586501632
1269773304652615683
1269773310130257923
1269773323422052352
1269773334125961219
1269773337166782464
1269773342006841349
1269773348277493762
1269773351775604737
1269773353885163520
1269773355521114113
1269773363179917312
1269773365075730435
1269773368758161408
1269773384277127168
1269773385892061190
1269773398655340546
1269773401146654720
1269773403763990529
1269773406200889344
1269773413947633666
1269773416158187520
1269773416359505926
1269773420612419588
1269773424794185730
1269773428577505281
1269773430196523009
1269773447845933058
1269773453596426240
1269773458747133953
1269773463893524487
1269773473695571969
1269773474366730245
1269773477373870080
1269773480175661057
1269773491059949569
1269773492100218885
1269773501705134080
1269773530624937984
1269773533032222720
1269773549230632961
1269773550501666817
1269773577282355200
1269773609628610562
1269773609842683911
1269773611033903106
1269773626171154439
1269773627945357315
1269773632009625600
1269773641459384321
1269773644504367105
1269773691627470849
1269773695821721600
1269773718500159488
1269773721633533953
1269773729812357120
1269773730366001154
1269773747227156480
1269773756320415744
1269773759109632011
1269773762355957762
1269773778982244354
1269773780735397891
1269773792907165696
1269773800834502663
1269773807713046528
1269773811689365509
1269773825090170880
1269773837551443970
1269773850893565955
1269773851455623168
1269773867490447361
1269773869478535170
1269773897693630464
1269773913418076161
1269773927619784704
1269773932472659968
1269773942752980999
1269773976613650438
1269773980241743872
1269773983995572226
1269773984020692993
1269774017575235590
1269774019248545792
1269774019483631616
1269774034541006848
1269774052920614922
1269774056154333184
1269774056406089729
1269774076131803139
1269774076370980865
1269774081739624452
1269774083828350977
1269774093739593728
1269774094897221634
1269774097392730116
1269774100261675008
1269774108235124738
1269774118750089218
1269774118867484672
1269774123909038080
1269774136097767424
1269774144150921224
1269774164849811457
1269774167106297856
1269774178304929792
1269774187348070400
1269774192947453952
1269774197162512384
1269774198655909888
1269774211884576768
1269774216473141248
1269774219510009856
1269774219631566849
1269774220361261056
1269774220617269249
1269774221015683074
1269774221195931648
1269774229760770049
1269774232201953280
1269774233414107139
1269774241714647040
1269774242155040769
1269774244470304769
1269774263449456648
1269774267169804289
1269774270613372931
1269774272219820035
1269774274639912961
1269774277781454849
1269774286769795072
1269774293732376577
1269774300640415746
1269774314359922688
1269774321322307584
1269774331443363842
1269774342784679942
1269774350099546117
1269774366226747393
1269774371800801281
1269774379468165126
1269774386854113280
1269774392495611907
1269774392415879169
1269774404214558721
1269774405447700482
1269774415971090433
1269774423030194176
1269774423562825728
1269774427874447360
1269774430248398849
1269774434971398144
1269774438179893248
1269774448296673287
1269774468026597377
1269774479066005504
1269774510921789440
1269774518429638660
1269774530790207488
1269774545587539968
1269774551182987264
1269774567062614017
1269774568648060928
1269774570065723393
1269774576738807815
1269774578391429127
1269774580039770113
1269774594120040448
1269774660494929923
1269774661409107968
1269774672234573827
1269774682733117442
1269774685937467396
1269774690374922241
1269774703939502080
1269774704786587648
1269774707206819840
1269774711883542529
1269774713083002883
1269774723203948546
1269774734885040129
1269774739381325826
1269774740144549890
1269774743810367489
1269774754442932224
1269774785170604042
1269774787133558790
1269774789117448193
1269774796532875264
1269774802392363009
1269774804820918272
1269774815046451201
1269774844423479297
1269774852115910663
1269774870344339456
1269774874840649734
1269774875104874499
1269774892205051904
1269774895610617856
1269774909171027968
1269774916750098433
1269774924010283009
1269774929630646273
1269774937423740929
1269774954507231232
1269774962312851458
1269774970541965315
1269774984605507584
1269774984760745985
1269774988925562880
1269774995196018693
1269774996672569349
1269774999465996288
1269775002464854018
1269775005279232002
1269775011470028801
1269775016884830208
1269775033309650945
1269775072161443841
1269775073067462657
1269775079489110017
1269775101597286404
1269775102440280065
1269775104109613057
1269775114482020353
1269775116646277120
1269775125135720449
1269775125987028993
1269775130504204289
1269775131418808320
1269775132517523457
1269775136913309697
1269775158295719936
1269775164750905348
1269775186364116992
1269775189308518401
1269775192806457344
1269775195335806979
1269775211051790336
1269775219427868672
1269775224112807936
1269775233239650304
1269775236398014464
1269775238226731010
1269775250935382016
1269775270078230529
1269775280312332293
1269775285353938947
1269775287916658689
1269775305025224704
1269775311153123328
1269775318572847104
1269775327355600897
1269775340047663104
1269775343033872384
1269775347047948292
1269775357907021824
1269775363837587459
1269775378610040834
1269775389728968704
1269775390471606274
1269775401611657216
1269775408138006529
1269775418812481537
1269775436319514632
1269775441860030465
1269775442283823108
1269775442661302272
1269775443613429761
1269775454107389953
1269775465226567685
1269775465553833987
1269775479160008705
1269775484000309248
1269775515595837442
1269775530892632070
1269775542187954177
1269775543622197248
1269775544129896450
1269775562840604674
1269775570948239360
1269775571438854145
1269775582985965573
1269775596181217281
1269775604833894401
1269775617672622081
1269775618276839426
1269775618943717376
1269775624857628673
1269775659028451328
1269775678792257543
1269775679727390720
1269775701324042240
1269775709288968195
1269775720819105792
1269775726175113217
1269775731028037633
1269775738615533569
1269775744214990850
1269775746672648193
1269775805699276802
1269775830852534272
1269775836040716288
1269775843347267584
1269775847512293383
1269775859272912896
1269775870312484865
1269775881834082304
1269775886636781568
1269775909181153286
1269775911106248705
1269775967872077824
1269776009676509184
1269776012700610560
1269776022204973056
1269776029410877440
1269776033047339008
1269776036285292546
1269776037585588226
1269776053532229632
1269776054165659648
1269776058171228161
1269776058397712385
1269776063422398464
1269776078924476416
1269776085203456001
1269776098616905728
1269776107164831749
1269776112512425984
1269776115138203649
1269776126278111234
1269776128358731779
1269776137347125248
1269776140463415296
1269776140555649026
1269776149200003072
1269776150693326848
1269776176031002625
1269776195211714560
1269776203109597184
1269776209543606272
1269776221040193544
1269776222923436033
1269776229370118144
1269776238140424194
1269776246021521413
1269776276467757056
1269776289461940224
1269776333913104384
1269776347246800896
1269776364749627394
1269776368419692545
1269776368860106759
1269776373721243649
1269776392100761601
1269776393291907072
1269776412845715458
1269776433771163649
1269776435927035906
1269776439836098560
1269776447708823559
1269776461700849664
1269776478465597441
1269776487802195968
1269776500594802690
1269776504784912385
1269776519393665024
1269776530286284806
1269776578919174144
1269776586984902656
1269776595293790211
1269776616726523904
1269776633378099202
1269776649341546498
1269776658241748992
1269776658367684609
1269776663128141825
1269776642341306372
1269776676944138240
1269776678865305606
1269776686406492160
1269776691095760896
1269776699689963522
1269776701078134784
1269776704811270146
1269776710574264322
1269776720535552000
1269776723995963394
1269776726026043395
1269776726202232836
1269776726374129664
1269776732447363072
1269776750499835905
1269776752248868864
1269776753163001856
1269776754102566912
1269776754190811137
1269776756552146945
1269776762780729346
1269776782959554561
1269776790127472640
1269776794456031232
1269776795164905473
1269776796075130880
1269776826471272449
1269776848130641929
1269776861757943819
1269776866312929280
1269776877998288897
1269776887921946624
1269776892481200128
1269776935141416960
1269776939977408514
1269776941151924224
1269776943374757888
1269776953852276736
1269776954582085639
1269776955248906240
1269776973351596033
1269776974966292488
1269776976564203520
1269776991349334021
1269777006000066567
1269777013579165696
1269777026937876482
1269777043249442816
1269777054746030080
1269777064321781761
1269777072995676162
1269777084039258114
1269777093950410752
1269777094545936385
1269777112128466950
1269777114850635776
1269777119900585986
1269777135255904270
1269777143770124290
1269777156822970370
1269777163147980804
1269777169011671041
1269777169875709954
1269777173617020937
1269777183217717248
1269777184476008449
1269777193976160258
1269777198443044864
1269777218940657667
1269777223759822856
1269777231682826240
1269777240587481093
1269777243804442625
1269777248749531137
1269777265082187777
1269777269951782914
1269777270085910528
1269777278973730821
1269777283293818881
1269777287190384640
1269777303963344902
1269777310728761345
1269777311362174976
1269777314419806214
1269777325358448640
1269777329833852928
1269777336146071552
1269777343716847617
1269777348808802305
1269777354357956608
1269777374234718208
1269777385123196935
1269777401451552781
1269777408485277697
1269777411878641664
1269777405322956800
1269777429419171847
1269777432304852994
1269777432099328005
1269777460662603776
1269777483752079360
1269777491440422913
1269777492677586944
1269777520934576130
1269777523006599169
1269777524189519872
1269777530267021313
1269777542795464704
1269777543625871363
1269777545576108032
1269777560495366144
1269777562236059648
1269777566090567680
1269777573795344384
1269777576907599872
1269777588362326017
1269777594444124160
1269777604011319296
1269777611611348993
1269777614849310720
1269777616933982210
1269777627499450375
1269777631416741888
1269777635216887809
1269777637058072576
1269777655420895239
1269777658294013952
1269777677285720064
1269777683900055552
1269777700572585986
1269777733011206144
1269777734483542017
1269777772227866625
1269777773809356800
1269777779232555008
1269777781627318272
1269777801915387904
1269777818512171009
1269777820097658881
1269777823855783936
1269777829811625985
1269777830277079040
1269777832470773762
1269777839890587650
1269777856747331584
1269777856680386562
1269777856776884228
1269777874648621056
1269777892311007232
1269777902486335490
1269777909767483393
1269777924816809990
1269777925605396480
1269777928759451651
1269777952285302786
1269777954244104192
1269777957209456647
1269777957284982785
1269777962188115968
1269777966369665024
1269777971293949952
1269777984078204928
1269777987278458883
1269777996631740421
1269778005464842242
1269778010355441670
1269778012221759489
1269778017414340608
1269778017427099648
1269778027929534470
1269778033726173190
1269778058401251335
1269778059403689984
1269778077476773888
1269778080400314368
1269778091544473601
1269778105289367552
1269778117310197763
1269778117805162498
1269778133651279872
1269778145286242304
1269778151368011776
1269778151795830785
1269778161580912642
1269778166589067264
1269778172314181637
1269778201498185728
1269778206183370752
1269778227095982081
1269778229033926656
1269778235182575616
1269778250118696961
1269778252433895430
1269778259081904130
1269778260151480321
1269778267504087041
1269778275276132358
1269778279147470850
1269778283354349568
1269778303944216576
1269778304187297792
1269778309270908928
1269778313830170633
1269778318485794816
1269778321577054209
1269778339386068993
1269778342124957697
1269778368909783040
1269778372948877312
1269778374773272576
1269778383115825152
1269778392825491457
1269778392888401920
1269778435255214081
1269778440884019207
1269778442507223042
1269778454087639042
1269778473587007489
1269778481803603970
1269778483686674432
1269778493555896321
1269778499327401984
1269778514632495109
1269778515987177474
1269778539122880512
1269778548664832003
1269778556747481088
1269778563349262338
1269778569187569665
1269778569909198856
1269778576544616450
1269778585541316608
1269778598057123842
1269778611550195715
1269778617069899776
1269778623168491527
1269778625252884481
1269778625621970944
1269778641090744321
1269778667099557890
1269778667464515586
1269778668043239426
1269778674611564545
1269778695830593536
1269778695595663371
1269778700817629186
1269778701408964611
1269778706030931968
1269778716957323267
1269778734552358912
1269778741670096897
1269778750503358466
1269778751489036299
1269778755880288256
1269778759562883072
1269778769524506625
1269778770573082627
1269778784804356097
1269778788247916544
1269778803804573702
1269778808380555265
1269778813266903041
1269778825895768069
1269778837023395845
1269778839854596096
1269778841490395136
1269778850587779076
1269778877657866240
1269778902160990208
1269778905478631427
1269778909085814784
1269778918078394372
1269778918619467776
1269778929436540929
1269778932926038017
1269778942057209856
1269778960692510721
1269778976186269700
1269778976966311937
1269778984063000577
1269779002580926464
1269779010621489152
1269779015549833218
1269779025511149568
1269779027033600000
1269779030040915969
1269779040115789826
1269779074014081025
1269779088023130116
1269779090439049223
1269779100488564738
1269779105718951936
1269779106171809792
1269779118259875840
1269779127776808960
1269779132394676224
1269779135624359936
1269779147980668935
1269779152367910913
1269779155714891776
1269779165160501249
1269779181673615361
1269779185704275969
1269779193459388416
1269779195988791297
1269779204255543296
1269779211599745025
1269779224681787392
1269779225860616192
1269779234064609280
1269779237311057934
1269779246056189954
1269779251894550535
1269779278553587713
1269779300229828609
1269779300905091072
1269779305619431424
1269779309557944320
1269779326595203073
1269779327748583425
1269779336892043265
1269779340717367297
1269779340956512256
1269779349655498753
1269779349621932032
1269779370341785603
1269779385445281792
1269779392726695938
1269779406215659520
1269779421503815681
1269779427082285058
1269779440369836032
1269779446552199173
1269779455049904131
1269779491137548288
1269779494472204288
1269779512839061504
1269779531868618757
1269779533105938434
1269779535203119109
1269779535538425856
1269779540110381059
1269779541385531393
1269779587455582208
1269779588655308806
1269779593533235202
1269779609572249601
1269779614747877376
1269779626672427013
1269779637049188355
1269779644481445889
1269779647736283136
1269779667717767168
1269779681752027138
1269779684323139585
1269779693840064513
1269779714413154311
1269779722008842240
1269779727943905281
1269779730758164480
1269779730817060864
1269779737938927619
1269779751234867201
1269779762685390848
1269779766808244224
1269779793995632640
1269779794415235073
1269779819291697152
1269779840929955841
1269779841508872193
1269779843324903424
1269779855530512385
1269779876321492992
1269779885289099264
1269779885997690880
1269779891622481920
1269779893220331522
1269779895435001867
1269779907174940672
1269779913466359809
1269779927194390528
1269779930029662209
1269779931795464193
1269779931912761344
1269779940129615876
1269779944516681728
1269779946727043072
1269779978876583938
1269779984224260096
1269779986296291329
1269780001056006151
1269780007905181696
1269780009423474688
1269780011625721858
1269780020672618496
1269780024099553285
1269780029430366208
1269780037097701376
1269780039090003968
1269780046694227969
1269780048292257797
1269780050498342912
1269780051572199425
1269780055082905600
1269780059096788994
1269780062921949184
1269780077631270914
1269780108962824192
1269780115979993088
1269780143515394049
1269780144211857408
1269780151929376771
1269780153434959872
1269780161005748224
1269780172150104066
1269780173894885378
1269780175362723841
1269780175627018241
1269780189472382976
1269780169151197185
1269780199547129856
1269780210783830018
1269780230186643458
1269780231159795718
1269780271643201538
1269780281051033600
1269780281180839936
1269780288608956416
1269780293201862656
1269780332963926017
1269780340572401665
1269780346683494401
1269780346746388480
1269780356149977088
1269780368607055873
1269780368913301504
1269780369580187655
1269780374848184320
1269780380992843778
1269780398848069634
1269780406414512130
1269780423900610560
1269780431412572164
1269780435669848065
1269780437297008640
1269780444662423552
1269780445857751041
1269780448168873984
1269780452572827648
1269780458302144513
1269780473045106688
1269780477130551296
1269780478329892865
1269780481886883848
1269780486471155717
1269780487041454080
1269780490141290503
1269780508361347076
1269780518310162433
1269780525826207745
1269780529836163077
1269780544935559168
1269780552917438468
1269780558546173953
1269780559607332865
1269780567299588096
1269780586522202115
1269780587625283584
1269780588539465728
1269780601688604672
1269780613067931651
1269780616083636224
1269780618013007876
1269780622601527298
1269780633192148992
1269780634345635846
1269780655791116288
1269780662149451776
1269780662833250304
1269780676154290176
1269780676766826496
1269780717761937408
1269780739375202305
1269780745196843010
1269780759788879874
1269780772522778624
1269780772883316736
1269780773281898496
1269780787240538115
1269780797646688256
1269780811412209664
1269780822845992960
1269780827245871106
1269780849085616128
1269780850108858368
1269780855066681350
1269780859311325190
1269780864260595713
1269780876675747840
1269780879825612803
1269780881545314305
1269780884431024134
1269780930043969536
1269780940559015936
1269780946628288514
1269780956648542216
1269780957034405888
1269780962197594113
1269780973580947457
1269780979654287361
1269780984272207874
1269780996200763396
1269780996758441984
1269781009589035011
1269781011740622849
1269781017147162626
1269781022385885191
1269781022528475137
1269781041696342017
1269781063934541824
1269781068447731713
1269781073992564736
1269781074391031808
1269781075288522755
1269781076571914245
1269781085510086656
1269781087628099586
1269781146285617152
1269781148001075202
1269781148424720384
1269781157455048704
