1268845022180339712
1268845025305206787
1268845038647119872
1268845042766151682
1268845046536843275
1268845059467653121
1268845098839814149
1268845099414413328
1268845100681039873
1268845103474499586
1268845117554769920
1268845126035652609
1268845136194273280
1268845152447000576
1268845156985339906
1268845169454903297
1268845183233331200
1268845191483412480
1268845191605166082
1268845199075262465
1268845204074901504
1268845207317024769
1268845211494436869
1268845215646978050
1268845216418738177
1268845218012573698
1268845228729020416
1268845240573714433
1268845240644849666
1268845243291615234
1268845269585551360
1268845273889071110
1268845290284605450
1268845317656584192
1268845332437360646
1268845332559007746
1268845341807443968
1268845348195307520
1268845348778381312
1268845350145662977
1268845362988621824
1268845365140357121
1268845370844622852
1268845378746671104
1268845396270256128
1268845398984196096
1268845399445508096
1268845400548446209
1268845419154624515
1268845419926347777
1268845425009844225
1268845441891926021
1268845442818871296
1268845445272363008
1268845449085140993
1268845450276282374
1268845469914017793
1268845472258707457
1268845495780167681
1268845496321310722
1268845500557676544
1268845514172366849
1268845524326780929
1268845524452425729
1268845525501120512
1268845528550383618
1268845538448990209
1268845538885148673
1268845562519883778
1268845562524303361
1268845572326223873
1268845584343015424
1268845595747287053
1268845596858703874
1268845614311395329
1268845616651788290
1268845629377335296
1268845659261714432
1268845660444508160
1268845663191576577
1268845664408084485
1268845692778209282
1268845701259317249
1268845718397243393
1268845727410601984
1268845727507263494
1268845738441703424
1268845739024830465
1268845739263823872
1268845744422817793
1268845747228868608
1268845749997051904
1268845769114685442
1268845773996855303
1268845780523237383
1268845783043854342
1268845784990019586
1268845786823036930
1268845793412251654
1268845801746432000
1268845816330018816
1268845826585112576
1268845828707364864
1268845839990095872
1268845843202916353
1268845848085045250
1268845847896195072
1268845848433250307
1268845848978354178
1268845851058638849
1268845864711315457
1268845912513818634
1268845924584914944
1268845941345280000
1268845950107365376
1268845957258477572
1268845962090274816
1268845966741954560
1268845967769513985
1268845973834313728
1268845977974312960
1268845986908123137
1268846000744960001
1268846005161799681
1268846016087724033
1268846018008715265
1268846036669337601
1268846044856680448
1268846095653834752
1268846099206418432
1268846122266697729
1268846129640345600
1268846136959225861
1268846151727529984
1268846152008548352
1268846153736601601
1268846155783430144
1268846158325178369
1268846159847538688
1268846172422078466
1268846175945396224
1268846177010831367
1268846198095515650
1268846199987228672
1268846202755387392
1268846207125913602
1268846208551796738
1268846219196895232
1268846251140878336
1268846254320214019
1268846262880739328
1268846264151662592
1268846264092897280
1268846266554953728
1268846273555243009
1268846275962773504
1268846276214431749
1268846265330282498
1268846284502433794
1268846289208225792
1268846291443953666
1268846296871268352
1268846301484969990
1268846310842675202
1268846313602527233
1268846346901094401
1268846356988395522
1268846360033361921
1268846364093489152
1268846381105442817
1268850847817097217
1268850868473827328
1268850874505461760
1268850878926200832
1268850886769389568
1268850887096782848
1268850890766716929
1268850893262184449
1268850893522337792
1268850895091048449
1268850897611886595
1268850902087151617
1268850931816255489
1268850965798694918
1268850967296040961
1268850973700689920
1268850984379441153
1268851003551604739
1268851011952816128
1268851012699336705
1268851044450291713
1268851048611004424
1268851066449260546
1268851071855800320
1268851074032640001
1268851095448715265
1268851109541658625
1268851135026266112
1268851155116818432
1268851157927170048
1268851159223070721
1268851165674049538
1268851167871852544
1268851170950422530
1268851178999181312
1268851179406139392
1268851214621564928
1268851216194428928
1268851233453826048
1268851241628700672
1268851251615334400
1268851269227159556
1268851276864983041
1268851281474412545
1268851284829827073
1268851284951674880
1268851293638012929
1268851304157282311
1268851304773881864
1268851314815053825
1268851319051296771
1268851320896839680
1268851333483974656
1268851365528264704
1268851377620410368
1268851381940584449
1268851393181425664
1268851393332498432
1268851401087692800
1268851401507119104
1268851409467904001
1268851411158282240
1268851411732791302
1268851431232229376
1268851435195654145
1268851441009078274
1268851448550473728
1268851451088064514
1268851482629210116
1268851498018054145
1268851502376013824
1268851506578509824
1268851507035865089
1268851510521335808
1268851513906118657
1268851520596062211
1268851523020300288
1268851528875589632
1268851532222607363
1268851536454541314
1268851549129883648
1268851553319809024
1268851556608364544
1268851566267654146
1268851569186836481
1268851573146505218
1268851574752849923
1268851583053332482
1268851603089633280
1268851604805083137
1268851612405071874
1268851646928318466
1268851649675767809
1268851652188086274
1268851654226567169
1268851661478518785
1268851683943165952
1268851691908186114
1268851699373899777
1268851701353611264
1268851701223583744
1268851706697265153
1268851715475939331
1268851717334085633
1268851729006723075
1268851742386655232
1268851749361762304
1268851751173550080
1268851751366676486
1268851770027106304
1268851773948792837
1268851775848808448
1268851786695143425
1268851805510909958
1268851838842855431
1268851852407443457
1268851860095598592
1268851863366983681
1268851864675782658
1268851883508142080
1268851892764979207
1268851901585657864
1268851906195136514
1268851910217478145
1268851941733306369
1268851943218257921
1268851949903982593
1268851964726607872
1268851981608763393
1268851985513697280
1268851993457700865
1268852005407207425
1268852029700616192
1268852032464662529
1268852046654029825
1268852057026564100
1268852064030990338
1268852072067272704
1268852085782650881
1268852102320795653
1268852120213753857
1268852124412231681
1268852136911216640
1268852144637186048
1268852166023839744
1268852182285266945
1268852183258275840
1268852187532312582
1268852206914211841
1268852208113717248
1268852210063904776
1268852224022786049
1268852244964835328
1268852255450705921
1268852261154938881
1268852262207500290
1268852277198151680
1268852279957848064
1268852286316580864
1268852287281094656
1268852296403861506
1268852302359781377
1268852313407578114
1268852325247901697
1268852332197896199
1268852339949133827
1268852345737183232
1268856837404753921
1268856841875918849
1268856847110291456
1268856849345978370
1268856849421475843
1268856850407014403
1268856850382028800
1268856861891141632
1268856865716305922
1268856871219154952
1268856878618103808
1268856883424550912
1268856901548244994
1268856904056528898
1268856912746962945
1268856939577917440
1268856939699527681
1268856959131942912
1268856962491482112
1268856962499973121
1268856968204169217
1268856972121686016
1268856976894640128
1268856976936562688
1268856980476592130
1268856988311547905
1268856990815719425
1268856996905791488
1268857022251962369
1268857035338244097
1268857038093852673
1268857040476213250
1268857050588753921
1268857050865586176
1268857056351715328
1268857060881465345
1268857063582642179
1268857087506948096
1268857090073821186
1268857093651488768
1268857094557573122
1268857109527044096
1268857110214868992
1268857113738186752
1268857116556738561
1268857118565728256
1268857120046190592
1268857127243833344
1268857128476987392
1268857131211591680
1268857134776631296
1268857140548112384
1268857146747346944
1268857147762380801
1268857148538142722
1268857149133815811
1268857152409649153
1268857152522858497
1268857157556060160
1268857168633233408
1268857169522429957
1268857173498462209
1268857174765080576
1268857176212242433
1268857182256275456
1268857189290184704
1268857215324172288
1268857232952786944
1268857239730823168
1268857240573837315
1268857240259190784
1268857251818807296
1268857253160861698
1268857273989959680
1268857277743804421
1268857281606635526
1268857285360717825
1268857286434357248
1268857304188776450
1268857304771747840
1268857311390339072
1268857312560717824
1268857314775371776
1268857315882602496
1268857324308922369
1268857325244145665
1268857336199884806
1268857344206700545
1268857363177574400
1268857378851733504
1268857386204356608
1268857408085823488
1268857409314922496
1268857413479915521
1268857430131130368
1268857433331503109
1268857437668257792
1268857448921620488
1268857465593970688
1268857466642628611
1268857474096009218
1268857475152969728
1268857476499116038
1268857479192027137
1268857487639187458
1268857504001335297
1268857505704226818
1268857508031950848
1268857508095033345
1268857511836184576
1268857516055724033
1268857522854772736
1268857524364574720
1268857531343998979
1268857538759389184
1268857551312977920
1268857562608422916
1268857608653414405
1268857608976261120
1268857613657108480
1268857617708965891
1268857630295908352
1268857648130281472
1268857658397691904
1268857658481668096
1268857664022491137
1268857668430675969
1268857671144353794
1268857680644509696
1268857686717722624
1268857689053921285
1268857689863417856
1268857692862345216
1268857698029895682
1268857710537252864
1268857721727496194
1268857723204091904
1268857732599250945
1268857748197867521
1268857752585228288
1268857752618766336
1268857759245774848
1268857759375777794
1268857764077502470
1268857770352226307
1268857781991309313
1268857793299099648
1268857811598848000
1268857814342131713
1268857820021211137
1268857821249978368
1268857822281977856
1268857824672612353
1268857835443625985
1268857839390470155
1268857849322639361
1268857859070181376
1268857861481943041
1268857872290627585
1268857886580649984
1268857891517325314
1268857927240204288
1268857931241570304
1268857932944375808
1268857935578480647
1268857952234024960
1268857952540164101
1268857961142763520
1268857986476380168
1268857991022993408
1268858021339377664
1268858023675641859
1268858028448759809
1268858029572669440
1268858033779736576
1268858040733675520
1268858041450946561
1268858062531682307
1268858071373225990
1268858080470503425
1268858091069681666
1268858094769012739
1268858103816056832
1268858111667793921
1268858116210376705
1268858116306681856
1268858137324539904
1268858152021184512
1268858167154429952
1268858168194596865
1268858170991972352
1268858172808163328
1268858195646337025
1268858213136506880
1268858222519222272
1268858228152074242
1268858243213922304
1268858243159375873
1268858246804078594
1268858258464309250
1268858263375736833
1268858293335834624
1268858293692141569
1268858300474503168
1268858307076165633
1268858330698723335
1268858355008917504
1268858356581699586
1268858363263082497
