1270807939440230400
1270807942393102336
1270807947891924993
1270807948231467008
1270807959673753600
1270807965285576705
1270807969236541440
1270807977226690560
1270807977457483777
1270807990241824769
1270807994205458434
1270807998844203010
1270808003562766336
1270808005815214081
1270808018226155521
1270808027533389825
1270808031891259394
1270808031937400833
1270808033069850625
1270808039470350339
1270808047569571845
1270808048219623425
1270808048551038977
1270808053181546499
1270808054024605701
1270808072114573315
1270808075004456960
1270808075428147201
1270808081736269824
1270808085607723011
1270808090661847041
1270808091710414850
1270808094969298944
1270808104058253312
1270808119581437952
1270808119996821506
1270808124484579328
1270808148719394819
1270808149151428609
1270808152905318401
1270808166641676291
1270808167555923968
1270808170965938177
1270808188267438081
1270808195540246528
1270808211948478470
1270808217426296832
1270808249093230592
1270808253107068928
1270808259788709890
1270808271016693760
1270808271025254403
1270808271515979779
1270808274179362818
1270808275072802816
1270808277534814210
1270808288293277697
1270808295100555266
1270808296992247808
1270808301064851456
1270808304273539075
1270808304856563713
1270808308404891648
1270808309906333697
1270808314478243840
1270808321763631104
1270808328973750277
1270808333885161472
1270808338041917440
1270808341514600448
1270808342408167424
1270808342781403138
1270808347852357632
1270808354034597889
1270808354965913601
1270808358719815682
1270808358950506496
1270808359655084034
1270808366013648896
1270808380244967431
1270808389317046272
1270808395717713920
1270808397676306432
1270808401786929152
1270808419981840389
1270808421210697729
1270808422766858248
1270808439770537985
1270808446074531846
1270808447446142988
1270808450205974535
1270808473282977800
1270808477787709440
1270808481453334528
1270808484955787270
1270808501867208713
1270808522326974465
1270808526017794049
1270808527867711495
1270808536273096704
1270808552945287168
1270808552899325952
1270808556233605120
1270808556753899521
1270808570280345600
1270808574105509888
1270808573992488962
1270808598248140804
1270808602802941952
1270808607634923524
1270808614534549506
1270808626949533698
1270808635413803016
1270808656939024384
1270808673242226688
1270808691911131137
1270808698483425280
1270808700228427778
1270808710810669058
1270808711598989312
1270808715604738049
1270808720252047364
1270808720671338497
1270808740883763204
1270808757153513473
1270808757551992832
1270808769451024384
1270808774165569549
1270808779072901122
1270808794067546112
1270808797200736257
1270808800023310337
1270808803500580866
1270808820030283778
1270808821645139969
1270808825013186563
1270808826791383040
1270808827944931329
1270808836681740288
1270808853454741504
1270808863210643456
1270808877592801280
1270808879455035393
1270808886975463424
1270808900556795904
1270808900670033925
1270808903442468870
1270808905501888513
1270808940994088962
1270808958333341696
1270808963563556866
1270808967837552640
1270808984727851008
1270808999546564616
1270809025274355715
1270809044580630529
1270809059441152000
1270809061202833411
1270809061517398017
1270809063497105409
1270809071927668738
1270809099152785410
1270809143419572224
1270809144568791044
1270809156954578946
1270809164282056712
1270809171793817601
1270809180929232897
1270809193948250113
1270809194237698049
1270809197697994756
1270809202009739269
1270809213728669698
1270809202198556672
1270809222800977921
1270809236856070146
1270809272599732224
1270809276928290817
1270809285837107201
1270809303004393474
1270809307097882626
1270809340094615552
1270809340576960514
1270809358235033604
1270809369370902530
1270809369941364738
1270809370964697090
1270809392036937732
1270809419522154505
1270809446055370753
1270809446885715968
1270809469639950337
1270809475600076802
1270809496458272768
1270809499180228608
1270809515869589510
1270809515382931457
1270809516490346496
1270809524077760512
1270809525298307078
1270809538418167811
1270809549318938624
1270809554352328706
1270809562422153217
1270809563248439302
1270809579077566464
1270809588498038785
1270809589487824902
1270809592327475203
1270809593409613830
1270809601605238787
1270809616885186564
1270809617749196800
1270809622190972933
1270809625013690376
1270809633347850242
1270809645943328771
1270809663001505792
1270809669397884933
1270809672606416897
1270809681901096960
1270809689161379846
1270809704671952896
1270809726855647239
1270809726956249089
1270809746614947842
1270809771424256006
1270809790239797249
1270809790852317184
1270809796736888832
1270809805435830275
1270809807587553280
1270809809386901504
1270809812884877312
1270809834976358400
1270809839200096259
1270809840311578625
1270809852764467201
1270809860972490754
1270809881268965381
1270809886058860551
1270809899274887168
1270809899698655232
1270809901271527444
1270809902466957327
1270809911044308995
1270809916060643328
1270809918480629760
1270809918921113601
1270809925116219393
1270809926974140419
1270809932292485120
1270809933341241344
1270809936990212097
1270809939175489539
1270809952928530434
1270809961547866114
1270809962407694336
1270809990815768576
1270809995223990275
1270810007576215560
1270810024449843207
1270810037263491073
1270810037259124736
1270810037531934723
1270810045677256711
1270810058234957830
1270810062873919488
1270810064937529345
1270810067458232322
1270810073418223616
1270810078518575109
1270810079693090817
1270810083224584193
1270810087527837696
1270810108667322368
1270810108910604289
1270810119991726080
1270810150635474944
1270810159326072835
1270810171401334784
1270810204276494338
1270810217073213448
1270810221007560706
1270810202351316995
1270810214854467585
1270810229882658816
1270810234395586560
1270810238363590656
1270810249704996867
1270810250363404289
1270810254763339783
1270810256101310464
1270810262824681476
1270810277479620613
1270810285700505615
1270810292042076160
1270810313563275265
1270810313886248974
1270810315844976644
1270810323033956356
1270810323516297217
1270810324992700416
1270810326431404032
1270810327295369217
1270810330965463042
1270810335260184576
1270810351911809025
1270810360627564544
1270810364167573506
1270810372556161024
1270810373503856640
1270810375618015236
1270810380122624002
1270810411756072960
1270810428252336129
1270810430840209409
1270810439690137601
1270810465111887873
1270810477799641098
1270810489145167878
1270810493117173763
1270810498167123972
1270810504043397120
1270810507537244163
1270810519855759360
1270810520703176706
1270810523777601547
1270810529007759360
1270810530639421440
1270810531398590466
1270810541066539010
1270810543255891971
1270810549765488641
1270810550260334597
1270810553632665600
1270810556417445888
1270810556363091968
1270810564600778765
1270810593256185857
1270810616278798337
1270810627087273984
1270810628098228226
1270810646691696641
1270810660826263552
1270810662273507328
1270810678027341826
1270810682657845249
1270810683383431169
1270810694418653191
1270810699275649025
1270810707865583616
1270810717197701121
1270810734780452865
1270810738043621377
1270810747082354690
1270810749858914309
1270810754644676608
1270810756297220096
1270810759837122563
1270810761883860992
1270810774336831488
1270810784885596160
1270810786517192705
1270810788647886851
1270810793534197761
1270810795450994690
1270810795589406720
1270810800060542976
1270810837658329088
1270810845392633856
1270810846956945408
1270810847653306376
1270810849431740416
1270810876690522115
1270810884076601344
1270810888195452928
1270810892310138881
1270810895652999170
1270810900090494976
1270810900459446272
1270810904612012035
1270810909963886592
1270810909775192064
1270810916683083776
1270810926933999617
1270810975747350529
1270810980314996747
1270810980461744129
1270810988728762369
1270811001496072192
1270811006550175745
1270811014339141633
1270811017837240321
1270811017954680833
1270811025512837124
1270811051395887104
1270811053069406209
1270811062045155330
1270811076603588611
1270811081255129088
1270811081674338305
1270811090214150160
1270811093464526848
1270811097529036802
1270811113823879168
1270811122145386496
1270811135894097920
1270811140961042432
1270811141225103360
1270811174771326981
1270811185420496896
1270811189086322689
1270811189333950470
1270811190810329089
1270811193566015488
1270811200352333825
1270811224868032518
1270811229578121216
1270811231084036104
1270811240177303555
1270811241557233666
1270811249484406785
1270811282296446976
1270811293965041672
1270811295944769537
1270811304299724807
1270811304597618688
1270811308678668294
1270811315167277057
1270811328324595713
1270811329486602245
1270811333609562113
1270811355445112832
1270811367155601409
1270811370410455043
1270811392803774464
1270811396629037056
1270811401079095297
1270811409484562435
1270811419957747717
1270811421144748032
1270811425037062145
1270811430971998208
1270811438186037248
1270811439121534978
1270811445173911552
1270811453914861568
1270811454132744192
1270811470704660481
1270811480301035520
1270811514979713029
1270811541227667463
1270811559347052546
1270811562601840640
1270811584265412608
1270811585154605058
1270811604750405632
1270811606084182023
1270811611612282880
1270811612761522176
1270811614812557318
1270811629945569289
1270811634102042624
1270811634437697536
1270811635742056448
1270811638342565889
1270811638875262979
1270811656633843712
1270811677987127296
1270811693023625216
1270811706218803200
1270811706629910528
1270811717652619265
1270811724019650561
1270811726385221637
1270811727291179008
1270811731044954113
1270811736208261124
1270811740452851712
1270811752586936320
1270811756349308930
1270811759918542848
1270811764402409474
1270811770010185729
1270811774594347008
1270811776460996612
1270811791082303494
1270811791170338816
1270811795020607489
1270811797365436416
1270811799819104256
1270811807675035648
1270811824754212865
1270811836800102400
1270811840239611907
1270811843951550471
1270811872741253123
1270811885852602377
1270811898938785794
1270811899211341826
1270811899916099588
1270811900331335680
1270811903586004993
1270811912431755265
1270811928445804546
1270811931528630279
1270811937039806464
1270811942328786944
1270811949106937856
1270811950663032833
1270811951140990976
1270811951216680960
1270811953225662465
1270811954379018240
1270811986436124674
1270811999195332612
1270812004173873153
1270812020544339974
1270812025803939841
1270812038672142337
1270812059282935814
1270812066463600643
1270812067839107072
1270812070850760705
1270812095295164425
1270812095735574528
1270812096188616713
1270812100567470080
1270812113456357377
1270812116602290176
1270812127142580225
1270812139268292608
1270812142539886598
1270812166866821123
1270812173485424640
1270812183157325824
1270812204737200128
1270812208340107265
1270812209598337027
1270812214409048064
1270812218196725760
1270812219068936192
1270812223133356037
1270812222957277187
1270812225683546112
1270812229924007938
1270812221753503748
1270812239319179264
1270812239520428032
1270812243198869505
1270812243672915974
1270812244016803842
1270812247779147778
1270812255882555392
1270812268939354119
1270812272697335810
1270812281178374145
1270812285922160640
1270812285943119873
1270812317765296130
1270812326824796160
1270812330927013890
1270812352880009216
1270812356684193795
1270812382802001921
1270812385343922184
1270812386463711239
1270812393283731457
1270812394478952448
1270812415366696961
1270812422274797569
1270812431502237699
1270812435616862211
1270812439450398720
1270812445808959488
1270812456990932993
1270812460023349248
1270812466730151936
1270812474602856448
1270812478218346501
1270812495477968896
1270812502130130947
1270812506639028229
1270812521084022785
1270812531238428672
1270812532039614471
1270812561223618561
1270812599442198528
1270812600574660611
1270812612989784070
1270812636142321664
1270812642526007307
1270812659215224836
1270812693407191040
1270812697261678599
1270812733357899776
1270812746301366272
1270812758137868288
1270812762843877379
1270812766933340162
1270812772415139840
1270812796268183553
1270812801020428288
1270812814840672257
1270812817227231232
1270812821404745731
1270812822872756229
1270812831311593474
1270812833115185152
1270812835417899010
1270812850488041472
1270812850748039181
1270812860160061440
1270812871220396034
1270812901415227392
1270812905974501376
1270812915696836613
1270812922655248384
1270812927533043712
1270812931740110851
1270812934202064899
1270812940426452993
1270812965634281472
1270812982021423106
1270812982444912641
1270812984454119425
1270812993337647104
1270813001797566471
1270813007019307008
1270813013117812736
1270813014355324928
1270813027072385026
1270813040318058499
1270813060672995329
1270813070999171072
1270813085918539785
1270813089978597376
1270813099340132352
1270813118432714760
1270813119057723392
1270813119917539330
1270813123046498304
1270813141195202562
1270813148719824898
1270813161390628864
1270813178289627136
1270813183020863489
1270813185986174978
1270813190205538304
1270813223764267010
1270813225324593152
1270813234136854528
1270813244622544898
1270813255280312320
1270813258837090305
1270813304953409537
1270813307621031939
1270813308841582592
1270813321269297153
1270813329901129729
1270813338381873152
1270813338700832773
1270813371269623810
1270813375425961985
1270813375715573760
1270813384154451971
1270813384515207168
1270813386981478402
1270813387967139840
1270813401464188928
1270813404505219073
1270813405792829440
1270813413430575105
1270813433043312647
1270813433378869248
1270813437740941317
1270813438923636736
1270813446309736448
1270813450470674432
1270813471534387201
1270813472016740352
1270813488009494528
1270813482624208896
1270813474088779781
1270813493273518082
1270813526546882560
1270813527138119680
1270813543823216641
1270813544838238208
1270813546599907328
1270813561070080000
1270813565352644609
1270813568020209664
1270813577809723393
1270813581630554112
1270813588643622912
1270813602421846018
1270813614501478400
1270813618062323713
1270813619501105155
1270813622105751554
1270813622403510273
1270813626321027077
1270813644792778752
1270813664669564929
1270813678934405122
1270813698756620288
1270813719728193539
1270813722982912000
1270813723872178177
1270813735008063489
1270813743426011140
1270813753915740161
1270813778800791553
1270813824417964035
1270813828834570245
1270813845645406209
1270813846853357568
1270813862292586497
1270813883075383297
1270813891287638016
1270813895423193089
1270813911898484737
1270813912565514252
1270813930055753729
1270813940981870595
1270813970438533121
1270813974188240905
1270813985697300480
1270813998762487808
1270814003619598336
1270814014449295366
1270814016642994180
1270814018089783298
1270814022271721473
1270814024708640769
1270814029423001601
1270814033730392066
1270814043675205633
1270814048200921090
1270814059030548481
1270814059684696064
1270814063946272768
1270814095755935747
1270814112612847616
1270814118547783683
1270814125439016960
1270814139410243584
1270814140689534977
1270814144128679936
1270814164714500102
1270814167637856256
1270814169571274752
1270814196888793088
1270814213733318656
1270814215054426115
1270814218510622722
1270814223187226624
1270814226307846148
1270814226374893571
1270814226848808964
1270814247476514816
1270814259971145728
1270814264605933568
1270814269018214400
1270814286709788672
1270814299058057221
1270814299179499521
1270814310747516931
1270814319651852288
1270814327650598933
1270814335716261889
1270814339759570947
1270814355760844800
1270814360613634048
1270814370289811457
1270814374718922752
1270814381316726784
1270814386026921984
1270814386958077952
1270814394541277197
1270814408302878722
1270814423523999747
1270814425650470912
1270814431753035776
1270814445745381391
1270814466771468291
1270814477865431040
1270814478188318721
1270814486837047297
1270814486882947072
1270814487256485892
1270814494541963264
1270814499826737154
1270814507019972609
1270814508282458112
1270814519741288450
1270814537231544320
1270814537143537664
1270814541367173120
1270814550720380931
1270814583993876482
1270814599508635648
1270814621063143426
1270814644005818369
1270814646962880512
1270814647931809795
1270814654688890882
1270814655276032001
1270814663870156801
1270814670249758723
1270814689367334915
1270814696225062913
1270814700935077889
1270814704210976770
1270814710942830594
1270814713514012673
1270814725262245894
1270814754198769664
1270814754504835072
1270814743591354369
1270814776218836996
1270814783881781248
1270814789917425669
1270814801481121792
1270814814567378947
1270814814730964997
1270814824218443776
1270814826638475266
1270814835203280898
1270814839619883008
1270814843164078085
1270814844258844674
1270814849040252939
1270814857441562631
1270814860025217025
1270814865393963016
1270814867805569026
1270814870146072577
1270814877670469632
1270814878089932802
1270814881613099009
1270814888429080577
1270814888466821125
1270814889074974723
1270814889720926210
1270814899220942850
1270814910541443073
1270814922751049729
1270814923136753664
1270814948856229889
1270814956863266817
1270814964002029568
1270814964786266112
1270814969534144513
1270814982226223106
1270814999863275521
1270815003357003781
1270815007211692032
1270815010281762816
1270815014304256000
1270815016548290563
1270815017781379073
1270815028531380230
1270815028803964933
1270815034457849858
1270815057761333248
1270815062077382656
1270815073892794368
1270815074572283906
1270815077772537857
1270815077864742913
1270815087360479232
1270815094193217537
1270815095761907715
1270815098303590401
1270815108323835907
1270815110764859393
1270815138141044740
1270815145309151234
1270815167039881228
1270815175877308416
1270815182659506177
1270815188292382726
1270815191412940802
1270815205245759489
1270815209490243585
1270815213206544384
1270815225554571264
1270815229891547138
1270815238804422661
1270815239173541888
1270815251777404928
1270815251802488833
1270815268449800206
1270815270542680065
1270815275747880960
1270815280005087235
1270815282999832577
1270815284207681537
1270815333025230854
1270815340071727105
1270815343565508610
1270815347285860354
1270815349974450178
1270815351006257155
1270815356496556033
1270815371520548872
1270815379171020805
1270815389623234560
1270815400855515145
1270815423148294145
1270815439887704075
1270815471617654789
1270815472334843905
1270815472884289537
1270815488231292929
1270815493948088323
1270815504865857541
1270815513317441536
1270815513795538950
1270815514235895808
1270815518036025344
1270815523031281670
1270815530308509699
1270815541171818496
1270815552144117761
1270815556535451648
1270815561686159361
1270815569898622979
1270815574621392905
1270815580577312768
1270815581386801158
1270815586285576192
1270815595257147392
1270815597442543617
1270815607697494017
1270815607844417539
1270815610600075266
1270815614270156802
1270815618820902920
1270815637225512960
1270815652601901056
1270815660705112064
1270815665012817920
1270815668615733249
1270815669903405057
1270815677746741249
1270815678375686144
1270815681530015747
1270815690514194437
1270815695765417996
1270815714539077632
1270815719794462720
1270815737607790592
1270815745598017536
1270815764715462661
1270815790267277313
1270815792494514176
1270815798961958913
1270815824727736321
1270815825486917634
1270815849809666051
1270815862484860929
1270815867144732677
1270815870059757568
1270815891081568256
1270815899830726656
1270815904062943238
1270815921372901377
1270815937902632961
1270815941283241984
1270815946886782979
1270815970068705280
1270815974476873730
1270815980957184000
1270815987387023360
1270815998619168769
1270816000238407682
1270816005405773826
1270816013194575878
1270816022270967809
1270816034665254913
1270816043020292096
1270816043297054721
1270816046216130561
1270816068433575937
1270816077321297920
1270816084522708992
1270816097298677764
1270816097844047878
1270816106446536704
1270816110305312768
1270816123831767040
1270816126289707008
1270816131758952448
1270816144207773705
1270816148406165504
1270816148670631937
1270816151778537477
1270816171609260034
1270816176764006400
1270816188323463169
1270816189384720386
1270816190235987969
1270816206325415944
1270816208460435459
1270816227292622848
1270816231600381956
1270816232032350210
1270816241117097984
1270816243843547138
1270816244451684357
1270816260281040897
1270816269080629251
1270816273220411397
1270816276680781827
1270816281491582977
1270816283383214082
1270816290647785473
1270816299501969413
1270816311749287938
1270816349175103488
1270816352492650496
1270816354619150336
1270816360692662277
1270816369903316993
1270816373413949447
1270816378078052354
1270816388001792001
1270816391222956032
1270816394268020737
1270816412853026816
1270816414207746050
1270816415105388547
1270816430062264321
1270816432595574784
1270816441030279168
1270816446227062786
1270816449565724672
1270816461305589763
1270816483036336136
1270816487364653056
1270816491743481856
1270816504733458433
1270816504708292608
1270816517848838144
1270816529295249414
1270816534416560131
1270816556742737926
1270816558273777664
1270816558412107779
1270816562396704770
1270816576221188097
1270816583527682055
1270816587248001024
1270816599679725568
1270816629186859008
1270816633393680388
1270816638691012609
1270816646509350914
1270816656458219521
1270816659146670082
1270816661315125248
1270816675340922882
1270816686057406465
1270816705716064259
1270816707268022274
1270816718424809473
1270816739287318531
1270816739589226499
1270816764071309314
1270816767401582592
1270816784539701248
1270816790302449664
1270816790487040000
1270816797063872512
1270816809931898888
1270816814998700032
1270816818723196928
1270816818681315329
1270816820027691008
1270816830932897794
1270816831964696577
1270816834854350853
1270816837102698498
1270816840265142282
1270816843498995712
1270816848272130050
1270816848880304128
1270816856581050375
1270816873362440193
1270816886956199936
1270816893440491522
1270816895470534656
1270816907160162305
1270816907638300673
1270816929700175873
1270816950302781440
1270816970124988418
1270816970083119104
1270816971416678401
1270816973878853633
1270816986189176832
1270817003905916930
1270817019806593024
1270817046473908224
1270817058385588224
1270817063871840263
1270817067051220992
1270817079055114240
1270817088182067200
1270817099095605248
1270817104439238657
1270817105458454536
1270817112055934976
1270817120801062913
1270817125301616641
1270817126090256397
1270817129239998466
1270817143039418380
1270817145774051330
1270817151277043719
1270817153781030912
1270817154926067713
1270817176434466819
1270817180419047426
1270817184927883268
1270817201684021248
1270817217580609536
1270817221414137861
1270817229580484610
1270817242465402881
1270817247725064199
1270817248836349952
1270817263860449280
1270817267551309824
1270817280545492992
1270817285125652480
1270817288438968321
1270817293765935106
1270817294835486727
1270817304423563266
1270817305514082304
1270817323079872514
1270817335008518147
1270817340511285248
1270817346693795841
1270817350556676098
1270817363622068225
1270817364540563460
1270817369305333767
1270817385797373955
1270817390885048322
1270817405992947720
1270817411302928385
1270817413500669953
1270817422178738182
1270817426389766145
1270817433062785025
1270817466575392770
1270817479317733378
1270817499832029184
1270817520627449858
1270817524381147137
1270817525459116032
1270817526633639943
1270817535445864450
1270817554173431808
1270817561274454016
1270817568836644865
1270817570552270850
1270817586792423424
1270817596493795328
1270817603158753280
1270817604072964096
1270817608024145920
1270817610557464579
1270817638793596928
1270817641184276480
1270817657130893312
1270817665431613443
1270817696804896772
1270817700843892736
1270817702710521856
1270817717097029633
1270817717654818818
1270817720599224323
1270817720909602816
1270817728530612224
1270817729516310529
1270817747572854784
1270817760184987648
1270817767944523779
1270817771316748291
1270817803977863177
1270817814107086848
1270817820717301762
1270817827155578883
1270817830229794816
1270817830880108548
1270817834520567808
1270817835875553280
1270817843647590403
1270817860349198336
1270817900362731520
1270817908738805760
1270817913524703237
1270817913700790276
1270817921716158464
1270817929278488577
1270817939504222210
1270817947066474496
1270817950941904896
1270817952325963777
1270817955782299656
1270817968318889984
1270817972270116866
1270817973373198337
1270817981124218882
1270817984664285185
1270818011751092225
1270818025889914880
1270818038955347968
1270818044751872000
1270818051244658702
1270818052179927047
1270818071918280707
1270818074493624320
1270818082907394048
1270818089949683718
1270818098371837960
1270818101072990209
1270818112091254784
1270818130726580225
1270818136875548674
1270818141346639874
1270818153472368643
1270818154101571589
1270818154722328588
1270818158199418880
1270818159843475460
1270818169373032448
1270818190180798464
1270818190441033730
1270818191116288003
1270818193947463682
1270818194568155138
1270818194819858432
1270818198255030273
1270818225857671168
1270818249572339718
1270818259256909833
1270818269767831553
1270818286742106112
1270818303406215172
1270818324574801922
1270818334976679942
1270818342178349056
1270818342589382658
1270818345160507392
1270818347232395269
1270818355193225218
1270818360431915010
1270818363464433664
1270818375288020992
1270818387753611270
1270818398113538048
1270818403645874179
1270818413519273986
1270818417742938112
1270818420783812611
1270818428509515776
1270818435019223042
1270818437904969728
1270818445404385280
1270818451741966341
1270818471748743168
1270818475850846215
1270818480502308864
1270818497648635908
1270818500463013889
1270818514304217091
1270818521329668102
1270818530238377985
1270818533736398848
1270818543177629697
1270818543320346625
1270818565298491392
1270818567781580800
1270818567999516672
1270818569287278593
1270818569476018178
1270818589851832320
1270818613117714434
1270818628343156736
1270818643820138505
1270818643811512320
1270818652821037057
1270818655580893187
1270818657149620225
1270818668016959491
1270818669375832064
1270818672517320704
1270818677407936512
1270818685293395971
1270818692897660928
1270818701055537152
1270818703098015745
1270818709347733505
1270818711138701318
1270818711197421569
1270818715030806528
1270818732294770690
1270818777513558018
1270818785700777991
1270818789253357569
1270818794018127872
1270818798501875712
1270818811957125120
1270818819758534671
1270818854629867520
1270818858211868674
1270818866164269058
1270818870316675073
1270818894584963074
1270818896145244165
1270818903069847552
1270818908526821376
1270818937102643201
1270818942764765184
1270818974293463041
1270818975530782724
1270818988025622530
1270818991414620160
1270818999580766208
1270819007478685696
1270819008477102082
1270819012314755072
1270819013333901312
1270819014269374470
1270819017293393920
1270819018052640769
1270819067558006784
1270819077561425922
1270819079079657472
1270819083110449152
1270819096230313986
1270819100076371968
1270819109861838850
1270819114530082816
1270819123250028549
1270819124969693186
1270819134180405248
1270819138320154626
1270819141545582594
1270819150261297155
1270819151066562560
1270819157181956105
1270819176706441222
1270819213188489216
1270819221459492864
1270819222537433088
1270819264220459008
1270819265688604674
1270819267865436169
1270819269543112704
1270819269769560066
1270819270168018945
1270819271770165249
1270819280070852609
1270819292800585730
1270819292230057984
1270819293366714370
1270819293828177920
1270819294079827972
1270819302007083008
1270819313793011713
1270819335989342209
1270819344180826112
1270819356793098244
1270819359938605056
1270819364669992962
1270819372160950274
1270819373725384714
1270819395170791424
1270819422685392897
1270819444999065602
1270819453979299840
1270819464422895616
1270819493871341569
1270819498162114560
1270819510887444480
1270819524246470657
1270819540390330371
1270819541883420675
1270819570396336128
1270819582585065472
1270819587433680896
1270819599030849537
1270819612175761412
1270819612129714176
1270819620161716227
1270819631679315969
1270819637022900224
1270819647697412104
1270819654139863041
1270819662037745664
1270819679611871234
1270819688906395651
1270819697278291968
1270819717289213953
1270819722616025091
1270819746640994310
1270819749778219013
1270819771383193602
1270819777028558848
1270819784460910592
1270819789108318211
1270819789288677376
1270819798620962819
1270819835509964800
1270819840652173312
1270819855894110208
1270819856724553728
1270819899385040896
1270819906322382848
1270819909333929986
1270819912072654848
1270819918695608320
1270819934810050561
1270819936013897739
1270819938526203904
1270819948252856326
1270819951129976832
1270819956905644034
1270819964321173504
1270819967840092160
1270819976480526337
1270819982784425984
1270819997644775424
1270820018574548993
1270820031270715392
1270820039025930240
1270820045577469953
1270820064732876801
1270820070093131777
1270820070999166976
1270820106722062336
1270820116754763776
1270820132672212993
1270820136472190978
1270820138590355458
1270820152746151939
1270820153878630415
1270820153995882496
1270820154394521607
1270820156562948098
1270820167027744768
1270820192675758080
1270820210673582090
1270820215912386561
1270820225244684293
1270820234388058112
1270820240469790720
1270820275681144836
1270820280475119617
1270820288079388672
1270820308887404550
1270820316240060416
1270820322393108483
1270820321529118723
1270820357889556482
1270820363983716352
1270820364252315648
1270820379863498756
1270820397278257152
1270820413086543873
1270820415129223169
1270820425199685632
1270820446372585472
1270820460066897921
1270820463934148610
1270820465267953665
1270820480484868101
1270820485111205890
1270820488357576704
1270820504644005888
1270820519533670400
1270820527242907650
1270820529956667394
1270820561858502658
1270820567390838784
1270820572532965378
1270820601318518784
1270820602958557189
1270820620310364162
1270820625150627840
1270820627352563712
1270820637087600645
1270820652673622016
1270820653302788100
1270820656461025281
1270820656767262730
1270820664849715209
1270820664815968256
1270820666774872065
1270820672823058440
1270820674035232768
1270820691127029766
1270820693924405248
1270820697749835776
1270820702250287108
1270820706545045504
1270820707002462213
1270820741089562624
1270820750002446336
1270820752560979968
1270820764858683392
1270820765252890624
1270820787285569538
1270820795007328256
1270820807686721537
1270820821976702976
1270820824002551812
1270820825978068992
1270820846857322496
1270820903568334848
1270820911734718470
1270820916151365632
1270820925659910155
1270820933557764096
1270820946878881795
1270820947017302016
1270820950200717322
1270820980261130241
1270820988318617602
1270820989262331909
1270821013391937537
1270821048045297664
1270821052084400128
1270821058975879181
1270821066680799235
1270821067142160389
1270821080391774208
1270821117293445121
1270821117381337088
1270821118513946625
1270821125690478593
1270821128282370048
1270821134100037632
1270821139124760578
1270821147723038720
1270821150986317825
1270821157760053248
1270821158955474945
1270821182565163014
1270821186734342146
1270821195336876032
1270821196762959875
1270821201481478146
1270821214009909249
1270821216824315914
1270821217985892357
1270821241100873731
1270821243776913413
1270821248210210816
1270821249611169797
1270821256938602501
1270821259945934849
1270821268674113538
1270821286483238912
1270821294561529860
1270821298621554689
1270821301565845507
1270821301918355459
1270821347866927105
1270821353541832705
1270821356163104768
1270821365331955719
1270821364883230722
1270821370369323016
1270821377004756993
1270821386794270721
1270821395749130243
1270821399804940290
1270821404922036224
1270821430163394563
1270821433996787712
1270821449813671942
1270821450761539584
1270821454200868872
1270821457145344000
1270821457438932994
1270821458894340097
1270821483296636928
1270821484152475651
1270821490485858307
1270821498761207812
1270821515676786690
1270821515815084033
1270821518222614529
1270821525814468609
1270821526519132166
1270821534286872578
1270821538959429637
1270821541169827841
1270821551164854277
1270821559557595136
1270821563932332033
1270821570806759436
1270821585587523584
1270821603908165633
1270821605359235072
1270821608215764994
1270821616533020673
1270821616604372994
1270821626267996161
1270821626452590592
1270821629761896448
1270821671050653696
1270821671683813377
1270821675840368641
1270821676952031236
1270821686288490497
1270821693188124672
1270821708769800194
1270821710443536388
1270821714893643777
1270821721956851712
1270821726411259914
1270821730165063687
1270821741988904960
1270821747919663104
1270821759764385797
1270821775522349060
1270821777892089863
1270821782233264130
1270821788549885963
1270821787752898561
1270821801992564736
1270821805414989827
1270821810519629831
1270821819126333446
1270821823400357891
1270821822880243712
1270821827120631810
1270821869558562816
1270821870900674560
1270821897769533440
1270821897975009281
1270821905956777985
1270821909828177933
1270821919449919489
1270821936818462725
1270821937221193729
1270821939184128000
1270821940480167936
1270821945945272325
1270821948424142848
1270821961392885761
1270821966136705025
1270821977415090177
1270821985375977480
1270821990123941893
1270821992380407809
1270821994280484865
1270822006800502785
1270822007383355397
1270822007484153859
1270822008654364674
1270822014836707331
1270822019601440769
1270822029126754305
1270822036731035655
1270822038157082625
1270822049494130689
1270822058188918785
1270822073875791874
1270822078250463233
1270822083048718336
1270822096139177986
1270822098563469320
1270822103672127490
1270822102833258497
1270822108306853892
1270822121908744193
1270822138107305984
1270822140972093443
1270822159422820353
1270822162748723200
1270822171032662019
1270822179433840642
1270822191941201920
1270822209137733632
1270822213676150784
1270822216255410176
1270822217551667201
1270822224413499404
1270822225483042821
1270822230591766531
1270822258869559301
1270822266188828674
1270822271360348162
1270822283184046081
1270822296031121408
1270822306307284992
1270822317615185923
1270822320857395203
1270822322019188739
1270822328662781952
1270822330239987713
1270822343749795841
1270822346434240519
1270822347142860801
1270822350649389056
1270822365165993986
1270822376436105217
1270822397621334018
1270822401924829189
1270822407041724417
1270822427484999683
1270822434476888070
1270822444853493765
1270822448880128009
1270822450788470785
1270822451388301314
1270822464805842944
1270822473102168071
1270822505889046528
1270822512587407363
1270822515502432256
1270822522259419136
1270822522393690113
1270822526340468738
1270822553070694400
1270822553469292546
1270822555914571777
1270822555914510338
1270822561711095810
1270822562688307200
1270822566127644672
1270822569525022725
1270822578236477440
1270822599396937728
1270822603855482881
1270822619135315968
1270822624864677890
1270822629235187713
1270822637028155392
1270822637720256513
1270822657639006208
1270822673413742592
1270822674063917056
1270822683865837569
1270822691101118464
1270822700819386368
1270822703352680449
1270822707492524032
1270822716271181832
1270822716883570693
1270822731949490179
1270822733677498368
1270822748647030791
1270822748999364608
1270822750140035074
1270822761561296897
1270822773980459008
1270822776258125824
1270822780762755076
1270822787364593664
1270822790791381009
1270822808776474626
1270822820713508865
1270822837717282818
1270822843236978688
1270822846344937472
1270822851906605056
1270822858285973505
1270822863117877249
1270822874639667200
1270822889458143232
1270822895900557313
1270822910433746945
1270822912593977344
1270822938942550017
1270822939718549507
1270822947326791684
1270822950762053633
1270822951944740864
1270822960115396609
1270822975860703232
1270822976221569024
1270822987684384768
1270822988666097665
1270822991870357505
1270822992373841920
1270823005917261827
1270823008999964672
1270823018793664512
1270823021834579969
