1272302777352454144
1272302801146638336
1272302810193944578
1272302810328182791
1272302827864555522
1272302853055557634
1272302853223182337
1272302853760172039
1272302856985620484
1272302882214359042
1272302886605602816
1272302887469592576
1272302901843673088
1272302911402508289
1272302917178011648
1272302922106314752
1272302933477122048
1272302952510885888
1272302954612228099
1272302960974786560
1272302964762382339
1272302978964348928
1272302988141498369
1272303003886813184
1272303011096932353
1272303016054530049
1272303026364170240
1272303029476372480
1272303040469450753
1272303043929874433
1272303053857869824
1272303056940601344
1272303061659193344
1272303070517452800
1272303084765687808
1272303088368603138
1272303090830622721
1272303103145017344
1272303129053233153
1272303129023913986
1272303128914857986
1272303137441882113
1272303139916562433
1272303145960353792
1272303147839455232
1272303150314258437
1272303157520015360
1272303162066522112
1272303185328254978
1272303188562137100
1272303188662607872
1272303195516272640
1272303196640358411
1272303225673138177
1272303226067525635
1272303229334745088
1272303238562213889
1272303246745403392
1272303247429156866
1272303247911460865
1272303249849278470
1272303260733452290
1272303275841335296
1272303284473208833
1272303304622694400
1272303301611094018
1272303327058038784
1272303328500699136
1272303344346947584
1272303359521959937
1272303374617071617
1272303378308173826
1272303384133906432
1272303388865290241
1272303393172623360
1272303403264163840
1272303424143425537
1272303447010877443
1272303455898677253
1272303464501125125
1272303465297920000
1272303466208038913
1272303469404344322
1272303470016634880
1272303477788512258
1272303483216068609
1272303485267124226
1272303488870092800
1272303488970584065
1272303489469698048
1272303489687760898
1272303490203897856
1272303498831552513
1272303506867793926
1272303541051363329
1272303547670028288
1272303554389254145
1272303570474479617
1272303586190524417
1272303588275077122
1272303594830692355
1272303597968121863
1272303599461249025
1272303627986595842
1272303642356441088
1272303653169356801
1272303667757146114
1272303670139355136
1272303673792749569
1272303674891485185
1272303688254709761
1272303700577595393
1272303728767520768
1272303751802617856
1272303771654053888
1272303780298739713
1272303805095456768
1272303818437537792
1272303818407989249
1272303824888365063
1272303829028044800
1272303835558686721
1272303843506823168
1272303858727837697
1272303875073048579
1272303904408174598
1272303917343399936
1272303921323814919
1272303921629999104
1272303922896613376
1272303926600241152
1272303930827890689
1272303935617929219
1272303947609300992
1272303952198012929
1272303964361555974
1272303969268891655
1272303973022593024
1272303974398517249
1272303992475807744
1272303993637797888
1272303993897848833
1272304050202120194
1272304069307219968
1272304076391243777
1272304080463917062
1272304053423353856
1272304085077839873
1272304094435254273
1272304115478147079
1272304127213744128
1272304128023126018
1272304133521977344
1272304141583466497
1272304170964602881
1272304199561183235
1272304200777637888
1272304206649503744
1272304208327380992
1272304244268425216
1272304249385316352
1272304252480872448
1272304259061526534
1272304269304233989
1272304277793370113
1272304279936815113
1272304295749320704
1272304320839589903
1272304332524810240
1272304342121545736
1272304351244058627
1272304358684798980
1272304383758413825
1272304390817398784
1272304395011731456
1272304395645050880
1272304414653648897
1272304415085678593
1272304434106847233
1272304445318025217
1272304447306321922
1272304447922692096
1272304464066732035
1272304466222632963
1272304471763271685
1272304476020510726
1272304480541949953
1272304480986574851
1272304481649266693
1272304482945294337
1272304496031551488
1272304504201900033
1272304515736354822
1272304519754534913
1272304526142386178
1272304534379876352
1272304535633985536
1272304535827034121
1272304539266359296
1272304560237875200
1272304565233344512
1272304566504128519
1272304573810606080
1272304609730723842
1272304614294073348
1272304614277296129
1272304615313137669
1272304643284979713
1272304648792223744
1272304652898521094
1272304675803418624
1272304680605908992
1272304694455648256
1272304694547714048
1272304696829624330
1272304702907015168
1272304710196789248
1272304710855225344
1272304722356195329
1272304737426300928
1272304745659670528
1272304753591177217
1272304756275339264
1272304764030779396
1272304772951859200
1272304773560180736
1272304777054093312
1272304777498636288
1272304780929634309
1272304786684215296
1272304786910691330
1272304800345067526
1272304804426104833
1272304812235898882
1272304818758078466
1272304833291264000
1272304838303514624
1272304841566621697
1272304852698357762
1272304853319143425
1272304856661995520
1272304870289260544
1272304892711964672
1272304910961389569
1272304922130886657
1272304936349564929
1272304937645428736
1272304945954422787
1272304962857586688
1272304963302174720
1272304969593483264
1272304974618259456
1272304982809870336
1272304998836244480
1272305008759930880
1272305011784114177
1272305018104840195
1272305031346184192
1272305037595860995
1272305041442045952
1272305047054024704
1272305047527919617
1272305053760716801
1272305059196329985
1272305066096066560
1272305079937314816
1272305116905746433
1272305126603137024
1272305127593033730
1272305129933271040
1272305131292327937
1272305134148747266
1272305135205715973
1272305175269687301
1272305197642063878
1272305197730205698
1272305210346504198
1272305221339942918
1272305222480809984
1272305238825992192
1272305243670405120
1272305255728865280
1272305265057112065
1272305278025904129
1272305286565388289
1272305298229923840
1272305303783170049
1272305339074072576
1272305352202227712
1272305369730211841
1272305402991034369
1272305406749130752
1272305406447104003
1272305406996602888
1272305412658786304
1272305412944125952
1272305415070646273
1272305418795126785
1272305420678373378
1272305421026570243
1272305421282353153
1272305421492146177
1272305425271193608
1272305433261281285
1272305443780595713
1272305443411496960
1272305454396268544
1272305457080786951
1272305457919557632
1272305464605388800
1272305478987628549
1272305483941109760
1272305508658151425
1272305533861560321
1272305542086529024
1272305544313831424
1272305546507345921
1272305548600500224
1272305550102073345
1272305550319955973
1272305551259643905
1272305568892452864
1272305579382505473
1272305587267796998
1272305587997544449
1272305596822360064
1272305604837740546
1272305609321349120
1272305614765674498
1272305626069078017
1272305629001125891
1272305628921442304
1272305655387508739
1272305658185101312
1272305659166547974
1272305668607709184
1272305670247911424
1272305688019193856
1272305692616142848
1272305692884402176
1272305704540479489
1272305704918024194
1272305718817890307
1272305722177589251
1272305726636068876
1272305740418617344
1272305742050181120
1272305743027490818
1272305751722274817
1272305773570334720
1272305775147282432
1272305779534696459
1272305800283918337
1272305801227571205
1272305806520844289
1272305817392463874
1272305821028716544
1272305834190667777
1272305835516014592
1272305840108773377
1272305844248600581
1272305847952007168
1272305848409378818
1272305851982807048
1272305856923807745
1272305864452395010
1272305876917837830
1272305877135978496
1272305884849291265
1272305902847057920
1272305918890446849
1272305922019225600
1272305927484510209
1272305929111904266
1272305929388789760
1272305935826817024
1272305946891563010
1272305960581816326
1272305965535318017
1272305968307679234
1272305977384153089
1272305980471156736
1272305983138783234
1272305986070593537
1272305997839826946
1272306002004602880
1272306003149815808
1272306007214108673
1272306036687462400
1272306043880685568
1272306049161314304
1272306066970210305
1272306083818692608
1272306085265719296
1272306094065496067
1272306098847059971
1272306113069940738
1272306127842103296
1272306131860287490
1272306132489580545
1272306140290756614
1272306141377298439
1272306145835708418
1272306160788439041
1272306162025848832
1272306163455950848
1272306166543069186
1272306167826591744
1272306168388616192
1272306181986496514
1272306182393339915
1272306182884073472
1272306184591151104
1272306207575781376
1272306213632593920
1272306224554479619
1272306225116516353
1272306237699481600
1272306238454288386
1272306246339657737
1272306250911485953
1272306254304739330
1272306258129928194
1272306259803418625
1272306263217471488
1272306276563894275
1272306276840734723
1272306292887961600
1272306296172281856
1272306300983140353
1272306304187609092
1272306304116240385
1272306304263094278
1272306315872911361
1272306322390659073
1272306341571371008
1272306360659697665
1272306372202442758
1272306387482218498
1272306388086161412
1272306404506963968
1272306418004058112
1272306425272905731
1272306428355715074
1272306434902982656
1272306435989352455
1272306460408627200
1272306464326135809
1272306467157225472
1272306481283522562
1272306494768201728
1272306510526283777
1272306519128903684
1272306523943903234
1272306526342967298
1272306526410223627
1272306544466690048
1272306556974088193
1272306567820574720
1272306585939914753
1272306598623375360
1272306601567744000
1272306601785991169
1272306603480494082
1272306607037308928
1272306618693292039
1272306618718445570
1272306631246741505
1272306638486192130
1272306652600053767
1272306660606910464
1272306669926731776
1272306683407187968
1272306683901997056
1272306687366529024
1272306694895394816
1272306710246498306
1272306712024883200
1272306715636236288
1272306716420366338
1272306724708454400
1272306754559279111
1272306765917499400
1272306773572177925
1272306791490207745
1272306804207296513
1272306832128782336
1272306844598501377
1272306844950814720
1272306848956383232
1272306853217808385
1272306854270513152
1272306863003049986
1272306868942184448
1272306883752267778
1272306884179980288
1272306890484051969
1272306891255767040
1272306900512706560
1272306903511597056
1272306917667491841
1272306930174889985
1272306936751329281
1272306937875628032
1272306950357696513
1272306979814309888
1272306984725831680
1272306991147302912
1272306992099573765
1272307008620974080
1272307018594947072
1272307022378283010
1272307037960011776
1272307048638808064
1272307051633479681
1272307055286722560
1272307075767508992
1272307094083874816
1272307101193338886
1272307114581479426
1272307121342693376
1272307122278105089
1272307131639881730
1272307134324236293
1272307135712571392
1272307142930784256
1272307144931540993
1272307151424360455
1272307160001605634
1272307163382329344
1272307163914833920
1272307164351168515
1272307185486376960
1272307191597367299
1272307192847269895
1272307197066784768
1272307206923464704
1272307219086757888
1272307248346263553
1272307262095347712
1272307274363568129
1272307302750511104
1272307341757755393
1272307345045979136
1272307347839266816
1272307349416361985
1272307353627525120
1272307365606330373
1272307365635936261
1272307367053492225
1272307367548510214
1272307369125568512
1272307373277732864
1272307377157570560
1272307386905235456
1272307396405342215
1272307398879805440
1272307407906095104
1272307408652562432
1272307415271321601
1272307426507849728
1272307449970790404
1272307457163919360
1272307463639961600
1272307474909937665
1272307484208672768
1272307492077404168
1272307499341959173
1272307500654702594
1272307505201324034
1272307516333084672
1272307565955817473
1272307575002980352
1272307589208895490
1272307592199626763
1272307595429191681
1272307597341794304
1272307605109686273
1272307607932452874
1272307622226599937
1272307628639690752
1272307635342266368
1272307647224713216
1272307654388592642
1272307665264394241
1272307668082987009
1272307674806390785
1272307676505128960
1272307678358859776
1272307680389091329
1272307683249524737
1272307688035233792
1272307693932482561
1272307706456616963
1272307740506021888
1272307750316449797
1272307751860002817
1272307760030310402
1272307768138047488
1272307784168517632
1272307809812611072
1272307810513178624
1272307811565727744
1272307822261403648
1272307826854150145
1272307827755954176
1272307834521292832
1272307839432712193
1272307840305319938
1272307844088545283
1272307849062830080
1272307852648931328
1272307852762320904
1272307869703196672
1272307880478281730
1272307884936871936
1272307895476973570
1272307898635489280
1272307902234140672
1272307905581252614
1272307911138652164
1272307923549483008
1272307937353117697
1272307948379832323
1272307954205839362
1272307961537409026
1272307996287045633
1272308002738122754
1272308012456177665
1272308015476154369
1272308020324818945
1272308040973406209
1272308048489361408
1272308054470483968
1272308054718119936
1272308067821146112
1272308070480314369
1272308089216106496
1272308080026378241
1272308099966291970
1272308100838686721
1272308101153259526
1272308114327515136
1272308127812255746
1272308140911009794
1272308141431173131
1272308178835955721
1272308182648410113
1272308184481398790
1272308188038205447
1272308191624343558
1272308204341518347
1272308207701164033
1272308213631922178
1272308226080604166
1272308226445344769
1272308242996244480
1272308249564532736
1272308260503261195
1272308268627644417
1272308272121499666
1272308288231804929
1272308295861223424
1272308302538407936
1272308312764268550
1272308335971143681
1272308339528130563
1272308339653959687
1272308343672012802
1272308346729779201
1272308331802173442
1272308351192444932
1272308354614988803
1272308378153385984
1272308379319275521
1272308391604621313
1272308398143537153
1272308409560416257
1272308411099561985
1272308418645278722
1272308442481524737
1272308471992659971
1272308480666415105
1272308508264824832
1272308511762976768
1272308532151451648
1272308548358352896
1272308553055965184
1272308578167033856
1272308587268902913
1272308592243326977
1272308591270100992
1272308598899703809
1272308606474518530
1272308618554212352
1272308620206587904
1272308637323714570
1272308669112188928
1272308671700250624
1272308683884523521
1272308686199947264
1272308691899990018
1272308703144955904
1272308715656486912
1272308716503793664
1272308719221686275
1272308736984375296
1272308753661071362
1272308757100453888
1272308786800340993
1272308790914883589
1272308803904712704
1272308805456367616
1272308814792941568
1272308833344356352
1272308833893957632
1272308842894897153
1272308843159027712
1272308851149361153
1272308855586746370
1272308855763075075
1272308862721425410
1272308875266412544
1272308876428357636
1272308885714399233
1272308887367102465
1272308892903636993
1272308905041776645
1272308930274832385
1272308971974492161
1272308984616071168
1272308992782589955
1272308992967094275
1272308996066566145
1272308996410691586
1272308996695785473
1272308997039759360
1272309001431273472
1272309016954384386
1272309030334148613
1272309039536287744
1272309040006213633
1272309044720676864
1272309045475643393
1272309045630849024
1272309050521387014
1272309070259793921
1272309071836839936
1272309072839221250
1272309072914604033
1272309073015439362
1272309089771675648
1272309094439944192
1272309103122153478
1272309107408531456
1272309110411755520
1272309110743035905
1272309120318701568
1272309122508050432
1272309126027186178
1272309126362730497
1272309130649370629
1272309136689070089
1272309147061694467
1272309153286012928
1272309156481990657
1272309161519439878
1272309173452066817
1272309177256497157
1272309185707798529
1272309185691242496
1272309186966228993
1272309197485547523
1272309220008964097
1272309227688787969
1272309233376268288
1272309235506753537
1272309236572225541
1272309236920451072
1272309239378305025
1272309247641075713
1272309247867588610
1272309262237282304
1272309273498980358
1272309289831538690
1272309299046494209
1272309312862347264
1272309320970113025
1272309324409450499
1272309356646633472
1272309371415015424
1272309376099823616
1272309399944597508
1272309401320394760
1272309405455806464
1272309425412493314
1272309442487283712
1272309442818772998
1272309454055321601
1272309459272990725
1272309463358279680
1272309478533337090
1272309487601213440
1272309514155499526
1272309521394917376
1272309530861481991
1272309547747758082
1272309550914441221
1272309551426084864
1272309551862292484
1272309559403692032
1272309588789006338
1272309589690724352
1272309592760950784
1272309593574645761
1272309595881553922
1272309600243548160
1272309608699310086
1272309610632769537
1272309646771003393
1272309651409743872
1272309671689322497
1272309672406589441
1272309682108076035
1272309728966664194
1272309731487551490
1272309732028579840
1272309734570438662
1272309736881487872
1272309742698934272
1272309749778993155
1272309757370437633
1272309764786094080
1272309789809414145
1272309822742908928
1272309826522136576
1272309835095322627
1272309849586630656
1272309857555820545
1272309858436595715
1272309860793794572
1272309864635658240
1272309868490379264
1272309874823659521
1272309882675499008
1272309891890401281
1272309905974755344
1272309906972999680
1272309908487024641
1272309916775010304
1272309920440807425
1272309933225246720
1272309937289465859
1272309937545400322
1272309941337014272
1272309953831682048
1272309955257700352
1272309957866803205
1272309967400267776
1272309970441244677
1272309974765535233
1272309979941351425
1272309991379263489
1272309995061874695
1272309999486799874
1272310016561737728
1272310027085283328
1272310028234559488
1272310066042089475
1272310076158685184
1272310084287123461
1272310089446088704
1272310121155244032
1272310125580161024
1272310149798133763
1272310172631916546
1272310185680388096
1272310205754343424
1272310212356182016
1272310229779337216
1272310233759715328
1272310236582490112
1272310244845277187
1272310248846643200
1272310251577061376
1272310254894800896
1272310265762189313
1272310269457375235
1272310302886027268
1272310306077913093
1272310306186956802
1272310327120707585
1272310330949898241
1272310331851911172
1272310336138481664
1272310345332174848
1272310349317001216
1272310359680925696
1272310360545034240
1272310363980279819
1272310372158984192
1272310373753016320
1272310395257212928
1272310406057545732
1272310411396874241
1272310418455908354
1272310443298734081
1272310443634094081
1272310464790302720
1272310469731053571
1272310471065047040
1272310473338359810
1272310481961746434
1272310493605175297
1272310494574059527
1272310497564598272
1272310503919017984
1272310504120291328
1272310508041928706
1272310524735361025
1272310528552009729
1272310536152252417
1272310544712773632
1272310552367435779
1272310556268081155
1272310570277113857
1272310570029629441
1272310573745700872
1272310579118567424
1272310595132575744
1272310600970846208
1272310603080560642
1272310611825684481
1272310622273835009
1272310633732677636
1272310636580466688
1272310636635185152
1272310640837787654
1272310646034620418
1272310652980416512
1272310661155033088
1272310662773915648
1272310678691274752
1272310679068909568
1272310682462162946
1272310703739805697
1272310731304833024
1272310734496636934
1272310735188582400
1272310751953399813
1272310754956447751
1272310776058052608
1272310776859103238
1272310792894009345
1272310801878134785
1272310802628796416
1272310804872716288
1272310805032243201
1272310809939505152
1272310821129871361
1272310856336977929
1272310857662226433
1272310858907967488
1272310875291074560
1272310885332258818
1272310893209178115
1272310918433476609
1272310932048396288
1272310947823136769
1272310956245299200
1272310959046967297
1272310976717578240
1272310999706632194
1272311006577004544
1272311022989316105
1272311029024747520
1272311036310364160
1272311048758910977
1272311066538672134
1272311069617328129
1272311070158356482
1272311072498819074
1272311077456535555
1272311080912654339
1272311095529799681
1272311131709767682
1272311144699453441
1272311148738682880
1272311148986204161
1272311162022002691
1272311166107176961
1272311173510131712
1272311174693113857
1272311202941714443
1272311205764440064
1272311237368442885
1272311240652709889
1272311246885457921
1272311250458832896
1272311293597319174
1272311300421492736
1272311326698807297
1272311345359269895
1272311351105503234
1272311351948521472
1272311366087593984
1272311372395753473
1272311389403529217
1272311401214644224
1272311406751350785
1272311416578588673
1272311418210013185
1272311424950427649
1272311426787315713
1272311427034947584
1272311454608343040
1272311459565846528
1272311468990631936
1272311473658826752
1272311476267728903
1272311487697006592
1272311489634930691
1272311489819533313
1272311500250779648
1272311512854605824
1272311515731771392
1272311525307494405
1272311538645262336
1272311543691128833
1272311546581041163
1272311548245991424
1272311554931929095
1272311559713423362
1272311563349889025
1272311565006581760
1272311582635278341
1272311585340612609
1272311588888903680
1272311588868042754
1272311593116872709
1272311630051700736
1272311642634752000
1272311649433792513
1272311661584617482
1272311676625395718
1272311683038547968
1272311686016520192
1272311695059402753
1272311705624809472
1272311710033068033
1272311714650914818
1272311724989919234
1272311731092467712
1272311737065394179
1272311740164964353
1272311740714250240
1272311760935178246
1272311766261936130
1272311781461917697
1272311791759118337
1272311806900547585
1272311807676420097
1272311819147902976
1272311823115661312
1272311841692061697
1272311852492603393
1272311861279633408
1272311892913139712
1272311898642550786
1272311907073081344
1272311928094744577
1272311945886986240
1272311946558296064
1272311954602942467
1272311955085295617
1272311962790031361
1272311970704887815
1272311980922155008
1272311995317006336
1272312015919304704
1272312016699564032
1272312017743949824
1272312030838603777
1272312034244415496
1272312050971111425
1272312054855147520
1272312062203625480
1272312066511040512
1272312071963672579
1272312072265744384
1272312088191356929
1272312091505037318
1272312114590384128
1272312116737904640
1272312122433835008
1272312125394993154
1272312137856061446
1272312139785494528
1272312159947689984
1272312168441171969
1272312173059026944
1272312176280080384
1272312177001525248
1272312180508184577
1272312189353963522
1272312193418006528
1272312193644728321
1272312201936883724
1272312202398248961
1272312215576731648
1272312217363337216
1272312223587680256
1272312239807135745
1272312264952078336
1272312286569533442
1272312290080063490
1272312291367825408
1272312294228332544
1272312297382391809
1272312301320798210
1272312302642094083
1272312307998175233
1272312310263144448
1272312320094502912
1272312335642890241
1272312337270222851
1272312339493052421
1272312353267294209
1272312363098632194
1272312372347068417
1272312379108257793
1272312385294958597
1272312415565348865
1272312422947328002
1272312423257534464
1272312442622824448
1272312456417816576
1272312465699729408
1272312468178640896
1272312474012917760
1272312487631826944
1272312507902746624
1272312532146040833
1272312533635026951
1272312536411537408
1272312538890371074
1272312544364056578
1272312561241899014
1272312575229939712
1272312576420896768
1272312596809596928
1272312603881152513
1272312616958832640
1272312617206296576
1272312629239918592
1272312629344604160
1272312633472024583
1272312650936938496
1272312654271582209
1272312654875394048
1272312674802597888
1272312688379670528
1272312688341893122
1272312691630264321
1272312693576302592
1272312696088788997
1272312696948563969
1272312703760175104
1272312709061783552
1272312713679532037
1272312726778458113
1272312740204277760
1272312740506460173
1272312742037188610
1272312754339303430
1272312755123638274
1272312762979491840
1272312775738605571
1272312777139458048
1272312777273741312
1272312779857248256
1272312785649745921
1272312790456434691
1272312801395163136
1272312823461351430
1272312848358703110
1272312852389392384
1272312852754415616
1272312854918639617
1272312864586506242
1272312871528148994
1272312881787416576
1272312902565814272
1272312905543716864
1272312906734923776
1272312915660468226
1272312928075755526
1272312947226873858
1272312953887494147
1272312960778674176
1272312964666843136
1272312965367300099
1272312968198393859
1272313001736130560
1272313013656117248
1272313014818127872
1272313015354998784
1272313015522623488
1272313021256175617
1272313027132641285
1272313036397842435
1272313038239150081
1272313040239767556
1272313061752348672
1272313073915682816
1272313078013714433
1272313091632648192
1272313100771917824
1272313103112441859
1272313106463588354
1272313108099485701
1272313115821121536
1272313129305694208
1272313130073219073
1272313132661329922
1272313153800396800
1272313155213983744
1272313158108155911
1272313162499534848
1272313162616893440
1272313167230705665
1272313170128965639
1272313171286487042
1272313180220321792
1272313206136926208
1272313218749345793
1272313224197701638
1272313224545931264
1272313234985533441
1272313238563291142
1272313243386523648
1272313246444290057
1272313250835824642
1272313253578883075
1272313254245740554
1272313265821974528
1272313291168190464
1272313297526616064
1272313305701535744
1272313318217330690
1272313318863253505
1272313319072788481
1272313326597529600
1272313330812645376
1272313330892406785
1272313341814292482
1272313355735306240
1272313358444892163
1272313363578736640
1272313368062259200
1272313385321783296
1272313397820809217
1272313410307448832
1272313412593254407
1272313412824051723
1272313414514335744
1272313426388242437
1272313447439622144
1272313460303507458
1272313464376131586
1272313484311740418
1272313486706688001
1272313499230842881
1272313502246436864
1272313503496323072
1272313507388592128
1272313518809899009
1272313519166435329
1272313532923744256
1272313540951584776
1272313546953691137
1272313546940936192
1272313560664866819
1272313563269431296
1272313563604856832
1272313565362429954
1272313570500448258
1272313577081274370
1272313577312063489
1272313586082361346
1272313602066616325
1272313602247200769
1272313607058006016
1272313636707545093
1272313660459737088
1272313665958666240
1272313670219915264
1272313673768267777
1272313707956178944
1272313710464335872
1272313712507060224
1272313715170390018
1272313715304460288
1272313741837811717
1272313742513123329
1272313757906149376
1272313765023772672
1272313767246696448
1272313782891622400
1272313786523889667
1272313787379580934
1272313797605089280
1272313799266021377
1272313812650254337
1272313813614899202
1272313841087635458
1272313848977129473
1272313850696814592
1272313854660231169
1272313872888795137
1272313901124857861
1272313912386555905
1272313925476941824
1272313929910214658
1272313946066890752
1272313946809098241
1272313947153195008
1272313954379927552
1272313960465825793
1272313962240135170
1272313964291112962
1272313964609691648
1272313972935610368
1272313976106430464
1272313985099075584
1272313994230009857
1272314000840232961
1272314001167351808
1272314019685314560
1272314039033647105
1272314040338067456
1272314040648454148
1272314047212539905
1272314081714868225
1272314082629226499
1272314089822437385
1272314093228130305
1272314110408081408
1272314115374153728
1272314123712376834
1272314149402443787
1272314160219672580
1272314161511292928
1272314164711571457
1272314176837476354
1272314189705551872
1272314190934339584
1272314224438505473
1272314231216574467
1272314236090245120
1272314248077684737
1272314250330017795
1272314256642408448
1272314266645757954
1272314268592078850
1272314273365209088
1272314274027888642
1272314288045244416
1272314316004433920
1272314332638920705
1272314335776387072
1272314339685474305
1272314343791755264
1272314348015403009
1272314348195778561
1272314354046849025
1272314365635633152
1272314373420093440
1272314400301395969
1272314403011125248
1272314403396841472
1272314408660807681
1272314427698626560
1272314430290722817
1272314461257228288
1272314466491908096
1272314470497488902
1272314475115417600
1272314475404595200
1272314478214905863
1272314478437240834
1272314479473197056
1272314493507383297
1272314509483532293
1272314521344974849
1272314529993588736
1272314533357502464
1272314548167610369
1272314549362995208
1272314549765464064
1272314555390189568
1272314562499563521
1272314566685450241
1272314567272599553
1272314576420376578
1272314581877211138
1272314583533977601
1272314592195215361
1272314593403113473
1272314593373761539
1272314616656396296
1272314617059069952
1272314631256670209
1272314643961253888
1272314658897252352
1272314689431785472
1272314701213585408
1272314727260176386
1272314731928444928
1272314735241936898
1272314743655665665
1272314745140514816
1272314751469658112
1272314753122209795
1272314763893227521
1272314786836107264
1272314794096427011
1272314805467168769
1272314806918352896
1272314812102520832
1272314820109500419
1272314822512738304
1272314826702958594
1272314829055897601
1272314839076085760
1272314854825738240
1272314864547975168
1272314878477447169
1272314882088742912
1272314885301514242
1272314879198867459
1272314907082571776
1272314911016787970
1272314922987380741
1272314923641692162
1272314928486125570
1272314943791157248
1272314966234857472
1272314975789481984
1272315007791923200
1272315013773103105
1272315019024191490
1272315032840351745
1272315036132765696
1272315037139578880
1272315048803749895
1272315053245640706
1272315062812893184
1272315066474323968
1272315066646515717
1272315067959132160
1272315070341476352
1272315086325964800
1272315087429214208
1272315094853173251
1272315095754964992
1272315104265199616
1272315124905197568
1272315125278617600
1272315146078044161
1272315146329894912
1272315187077488640
1272315205687693313
1272315243499270152
1272315251980001280
1272315256761651200
1272315300650930176
1272315321861517312
1272315323757232129
1272315334209318912
1272315335610417154
1272315355608817664
1272315361015332864
1272315376228065284
1272315383995871235
1272315388995526658
1272315390178275329
1272315403214127107
1272315452044304384
1272315478669758464
1272315485116346369
1272315489415565313
1272315499326701572
1272315507551514627
1272315561561796609
1272315562505449472
1272315566452342790
1272315585402200069
1272315590145748994
1272315591227998208
1272315595158061060
1272315602435108867
1272315608726745090
1272315616230354949
1272315623947866112
1272315643916742656
1272315653928685569
1272315661000343554
1272315661071667200
1272315663659433990
1272315675361542144
1272315684035461121
1272315686493306880
1272315691845238784
1272315696739946496
1272315712699281415
1272315715643674625
1272315715693903872
1272315716004274176
1272315720328765440
1272315726091730945
1272315728469819392
1272315728084054022
1272315733213667328
1272315733897289730
1272315737802108928
1272315772413652992
1272315779778842626
1272315789635473409
1272315789664755712
1272315801270276098
1272315805540253696
1272315812142080002
1272315829053321216
1272315834120024065
1272315838360702976
1272315864713433089
1272315868161216513
1272315871491481607
1272315875941584897
1272315876738465792
1272315883768119301
1272315888243560450
1272315888381853696
1272315888583217154
1272315891968102400
1272315899815563264
1272315905364701184
1272315911115071488
1272315912675262465
1272315917163204609
1272315919289577472
1272315922859134976
1272315940110249995
1272315941796425729
1272315948196868096
1272315955226357760
1272315955192922114
1272315963606786049
1272315964810543105
1272315968182779910
1272315979608047621
1272316004283146240
1272316031042805762
1272316031990710273
1272316035371278336
1272316046968590337
1272316065616404480
1272316067763892224
1272316068745355264
1272316076181860355
1272316076332920832
1272316081051484160
1272316086101434368
1272316093315637249
1272316098160005120
1272316098646405120
1272316099132928000
1272316102958145541
1272316103495221253
1272316106825400327
1272316111586025473
1272316140543447042
1272316144028913665
1272316151536799746
1272316161158414343
1272316161435172865
1272316173611302918
1272316173670023168
1272316187183992832
1272316204883968000
1272316211666313216
1272316216087121921
1272316220553875456
1272316248949309440
1272316250006466560
1272316266288578560
1272316271888076800
1272316274752667648
1272316290003169280
1272316303211184128
1272316303693537280
1272316307267076096
1272316307875287041
1272316311188779009
1272316313717952517
1272316316985131013
1272316326799949829
1272316344634159104
1272316353723150337
1272316369925820422
1272316378540883973
1272316387034189824
1272316391425802240
1272316382521286659
1272316395024343041
1272316402188206080
1272316411562676225
1272316420211109889
1272316447847415808
1272316453748908032
1272316472371617793
1272316480021905408
1272316497680048129
1272316503631765507
1272316518106308610
1272316524905353217
1272316534413824000
1272316539069296641
1272316547214835712
1272316551237193728
1272316551824379904
1272316554831683585
1272316566927966219
1272316568458985473
1272316577233371136
1272316581767340032
1272316589698932739
1272316598058127363
1272316598498426880
1272316598955782144
1272316609500250113
1272316610280292352
1272316622032822272
1272316622460485634
1272316625874714626
1272316625891409921
1272316636473765888
1272316655339741186
1272316664546115585
1272316665359937537
1272316667729776640
1272316682808299520
1272316710817841152
1272316733672603653
1272316749535297536
1272316764131647490
1272316768908980224
1272316785728110594
1272316786285907969
1272316786407616517
1272316793441464325
1272316807605481472
1272316808276725766
1272316815360786433
1272316817185419265
1272316826874048512
1272316838203076613
1272316843873562624
1272316858704822273
1272316864891441152
1272316866648698880
1272316867483283456
1272316879110111233
1272316880003510273
1272316891055472642
1272316894847152128
1272316898693259271
1272316899297091585
1272316909028085760
1272316912647667712
1272316923938844672
1272316928724553728
1272316928997183494
1272316937209511936
1272316961091969031
1272316963583336448
1272316980402552832
1272316983246229504
1272316983737036800
1272316988120092675
1272316990162718722
1272316995208445953
1272317021053739008
1272317025663291393
1272317026082701314
1272317029702348801
1272317032365649920
1272317048383770625
1272317051286114305
1272317062573027328
1272317063298781185
1272317066033364993
1272317091991953409
1272317092038168578
1272317092583407621
1272317093350785026
1272317103811391488
1272317105598275585
1272317106361679872
1272317122325217280
1272317133662404610
1272317134048235526
1272317135738384385
1272317141535076354
1272317151165272065
1272317151353827328
1272317155468554240
1272317155422334976
1272317160338022402
1272317171532738561
1272317177488723971
1272317185172660229
1272317192063856642
1272317198191652866
1272317198732652544
1272317210690760710
1272317215690371072
1272317233608310784
1272317234682236929
1272317239354482689
1272317241040699393
1272317241313259521
1272317248011669509
1272317259298467842
1272317261139902464
1272317276281360386
1272317276314796032
1272317276436512768
1272317276889456640
1272317295306498048
1272317295445106689
1272317302101422082
1272317318027268096
1272317324486299649
1272317333306998785
1272317339028070402
1272317339565002755
1272317342651998208
1272317345055281165
1272317349014593536
1272317365896622081
1272317367838625793
1272317387140988928
1272317389150007296
1272317407323926528
1272317414823378945
1272317422868090881
1272317430753361920
1272317439079075841
1272317445890617351
1272317457412349952
1272317469005418496
1272317481646985217
1272317490719268864
1272317492233252864
1272317494116704257
1272317494389354496
1272317496301887488
1272317504921182215
1272317508117135360
1272317512034603008
1272317517856309248
1272317534608515073
1272317544221851648
1272317547900293122
1272317583988002827
1272317602761760768
1272317616900632576
1272317617538244608
1272317624928608261
1272317636555177987
1272317641311608833
1272317659086876672
1272317664120107008
1272317670134673409
1272317684127014912
1272317692566016000
1272317694977720320
1272317725755539456
1272317737323376642
1272317737608437761
1272317737927401473
1272317749629460481
1272317754859806720
1272317768344444930
1272317781372022785
1272317784282869760
1272317784916140032
1272317796735766531
1272317797553635328
1272317798044196864
1272317801332695041
1272317805430480896
1272317806198038530
1272317812913188864
1272317813882073088
1272317818327961600
1272317821465382914
1272317830978035712
1272317835675529216
1272317839655890945
1272317855111843841
1272317867179102208
1272317871570518016
