1277874490714677250
1277874494070087681
1277874499917135872
1277874508658020352
1277874511023570945
1277874513863196672
1277874514819497984
1277874532557217793
1277874536478883842
1277874544980766720
1277874549351018497
1277874552249257984
1277874553285488640
1277874557731221504
1277874560759590913
1277874561451778049
1277874565067059200
1277874565482512384
1277874595698180097
1277874607048007687
1277874607618482177
1277874613943402497
1277874617378635776
1277874638098444289
1277874641248411650
1277874659447488513
1277874659757903873
1277874659933982720
1277874663259963393
1277874680834035712
1277874686534221824
1277874693454868480
1277874697540005889
1277874701822550021
1277874705236742146
1277874718482337792
1277874718477914112
1277874725163802625
1277874729664184325
1277874732545658880
1277874752099479552
1277874764061777921
1277874780117405696
1277874801886089216
1277874809725243392
1277874817014759424
1277874836346482690
1277874838321926144
1277874846408433666
1277874873113534464
1277874879686152192
1277874884022947840
1277874889827942401
1277874898514280448
1277874918391078912
1277874922316918784
1277874926247018496
1277874928142790657
1277874930311364609
1277874942437216256
1277874956756570113
1277874960506085376
1277874960606720000
1277874973416226818
1277874980609458177
1277874985931964416
1277874986057961473
1277874987270053888
1277874998640644096
1277875009143418883
1277875013664698368
1277875015581663232
1277875034615353344
1277875047240105985
1277875049719046145
1277875068500996096
1277875077074219008
1277875078072381440
1277875080844816384
1277875085487951872
1277875094099046400
1277875095868825602
1277875099023085574
1277875121131147264
1277875138525040641
1277875144606842880
1277875145516908545
1277875154316558336
1277875160742166528
1277875160977154048
1277875187820748800
1277875198809845760
1277875200801910786
1277875202697953281
1277875206296494080
1277875207512956928
1277875223895965696
1277875225330245633
1277875249296617472
1277875253402669056
1277875263406104576
1277875267118170112
1277875308360679425
1277875308503408646
1277875311561015296
1277875311603003392
1277875312991354880
1277875320129896449
1277875347959111680
1277875364635828226
1277875367093473281
1277875374584725508
1277875375578570752
1277875376446943232
1277875382683750400
1277875388446838784
1277875393073000450
1277875395363319808
1277875400924938240
1277875408738885632
1277875411142103041
1277875433686491136
1277875449989754880
1277875456025526272
1277875480788635649
1277875493170274307
1277875515253305344
1277875521473437698
1277875522349887488
1277875539223568384
1277875550921658370
1277875554981523461
1277875562522898432
1277875573709135873
1277875584882733056
1277875594118795267
1277875601571934208
1277875606651207680
1277875615094505473
1277875628402827265
1277875630143504386
1277875634694307841
1277875656198520833
1277875666084601857
1277875676310274049
1277875698288472066
1277875699479572480
1277875749618438145
1277875752176934913
1277875752223100928
1277875755377135617
1277875762448797696
1277875769285500928
1277875773630820352
1277875774138302464
1277875790475153408
1277875799216001024
1277875800738422784
1277875807088762881
1277875817012326400
1277875831633829890
1277875841356054528
1277875845307097094
1277875849467920384
1277875874797363200
1277875878412685312
1277875880270823424
1277875888928051201
1277875903096184832
1277875907361943554
1277875916706844678
1277875924562739201
1277875939007963136
1277875944972140544
1277875946440146952
1277875955428667392
1277875961648738310
1277875962269569028
1277875968179187717
1277875974223400961
1277875992585879553
1277876005663674368
1277876031064547330
1277876050953936900
1277876055790010369
1277876072453779456
1277876080225988608
1277876084504064000
1277876089822552068
1277876102057177090
1277876125776183296
1277876127692984321
1277876129899175936
1277876131115356160
1277876155769434112
1277876155882721281
1277876156394594305
1277876157438930946
1277876159695523845
1277876163776577536
1277876164120457216
1277876165894483968
1277876171930169344
1277876174589476864
1277876175394811909
1277876213722148864
1277876214066065408
1277876217794842625
1277876218830807041
1277876219246084096
1277876222803001344
1277876223964676097
1277876227362230274
1277876229928939520
1277876236065411075
1277876240389509120
1277876245322227712
1277876252787933184
1277876256780910592
1277876269753876480
1277876276150206465
1277876276087402496
1277876286967480320
1277876290054508544
1277876299797639168
1277876304549785600
1277876306483412997
1277876312804413441
1277876313219612672
1277876326846865408
1277876328012943360
1277876332043608065
1277876337798197248
1277876345402355714
1277876356890726402
1277876364406697984
1277876369645428736
1277876382056493056
1277876381741920261
1277876397927813120
1277876406710607873
1277876435861078017
1277876458715852800
1277876461655986176
1277876467012194304
1277876478747656192
1277876521206640640
1277876521600839680
1277876522221572096
1277876582636380161
1277876589204652034
1277876589552943105
1277876603800875008
1277876605306777601
1277876613737115653
1277876615322599424
1277876630963343361
1277876649854410753
1277876656162537472
1277876672943886336
1277876674592309249
1277876683169652736
1277876693320044545
1277876703893676032
1277876708603912192
1277876709992419328
1277876725796540418
1277876755177459715
1277876759657136129
1277876765071798273
1277876767986864128
1277876783862345731
1277876795237380101
1277876819467722752
1277876821992898562
1277876827978162176
1277876846785429505
1277876848039354370
1277876848077295618
1277876851604631552
1277876851877335040
1277876869593890816
1277876874295869447
1277876884240547840
1277876884332830721
1277876886937300993
1277876890364030976
1277876893899882497
1277876906453372929
1277876912627597313
1277876916322738176
1277876920684883968
1277876923218059269
1277876941773852675
1277876964099907586
1277876972820008960
1277876982752165888
1277876990356439041
1277877004570963968
1277877028046266368
1277877040721453056
1277877054227091457
1277877057129758720
1277877069595070464
1277877070929035265
1277877077685854210
1277877083725848579
1277877090159718401
1277877091585884160
1277877094178082818
1277877111399698432
1277877111705997312
1277877115241693184
1277877116592427008
1277877117351604225
1277877120245563392
1277877120878837763
1277877124796256261
1277877133914693632
1277877134741114881
1277877140394999808
1277877150503235586
1277877150981521410
1277877158187327489
1277877158715817985
1277877159156224000
1277877165720088576
1277877167204913152
1277877171579752449
1277877187173965827
1277877190814773250
1277877191427022850
1277877204190257152
1277877283601121280
1277877286998552577
1277877318032199680
1277877321953939457
1277877333836300288
1277877342979919873
1277877348143153153
1277877348642238464
1277877355202129921
1277877355688669189
1277877371794681856
1277877375682797568
1277877392447434753
1277877394582450177
1277877400332713985
1277877407609839617
1277877410038460416
1277877410898182145
1277877421379932161
1277877430108196866
1277877430867247105
1277877438475730944
1277877468515295232
1277877482666905601
1277877486391525376
1277877502950572033
1277877508092956678
1277877509758033926
1277877515940438016
1277877523313905664
1277877532579237888
1277877537163665408
1277877542909816832
1277877549402488832
1277877553139724288
1277877583065972736
1277877601512484869
1277877619149557763
1277877619900338178
1277877620030312448
1277877625579544576
1277877633020121092
1277877635499151360
1277877635960324096
1277877636375732224
1277877644688789504
1277877645582229509
1277877649411579904
1277877652133642240
1277877657107980288
1277877661046538240
1277877707720794112
1277877723860361218
1277877725571829762
1277877725546647553
1277877735873024000
1277877745041768448
1277877748850200576
1277877753690255360
1277877756966006784
1277877759646273536
1277877761604902913
1277877769863442432
1277877772040515584
1277877776490651648
1277877783817945090
1277877787873800192
1277877790612713473
1277877794391724034
1277877805989199873
1277877806043500544
1277877816286216195
1277877817141628928
1277877817863102465
1277877822661562368
1277877836754423808
1277877840617320449
1277877844769738753
1277877853229666308
1277877854882029570
1277877857432330241
1277877855796559872
1277877858757533697
1277877865825140736
1277877880362434560
1277877883441238016
1277877883608784897
1277877903733198848
1277877904886558721
1277877910825660417
1277877911098396672
1277877916580315136
1277877916454486017
1277877921600987136
1277877924566269952
1277877937002418176
1277877941934964737
1277877985027198976
1277878010805444608
1277878019391139841
1277878026978701312
1277878039779651584
1277878043642597379
1277878046347968512
1277878050630234112
1277878050747822080
1277878051276283905
1277878054937755649
1277878055151603712
1277878078367129600
1277878089486237698
1277878107009998848
1277878113175732224
1277878114157318145
1277878118020116480
1277878133761474561
1277878139272810497
1277878155609468928
1277878194922827777
1277878214556188673
1277878250245480450
1277878262165716993
1277878266360143872
1277878291949424640
1277878299956375552
1277878303899160576
1277878303362342913
1277878316779913216
1277878340901208064
1277878361717706752
1277878366650028032
1277878371846729728
1277878373516181505
1277878383523672065
1277878390096158721
1277878394340831237
1277878396412805121
1277878424678174721
1277878427782004736
1277878428109242369
1277878433691979776
1277878447541563392
1277878474561056768
1277878487865417728
1277878490021261312
1277878495146696710
1277878501341892610
1277878505330663425
1277878506135982080
1277878512880201728
1277878522237915136
1277878532761366534
1277878537643593729
1277878542215217155
1277878550947721218
1277878561118904321
1277878562863886336
1277878578915373059
1277878590160416770
1277878602218995714
1277878602386649089
1277878614084562945
1277878617200930817
1277878627452026880
1277878635383447554
1277878638004678656
1277878640038952960
1277878640303357954
1277878641892835328
1277878646061928450
1277878650046734338
1277878659420807169
1277878663149694976
1277878668199473153
1277878671198601216
1277878679394119680
1277878684033089537
1277878694170603521
1277878715859390465
1277878717251899392
1277878721031135232
1277878731747581952
1277878755118075906
1277878757852938241
1277878763368222720
1277878777801060352
1277878782292983808
1277878789494669312
1277878801658195968
1277878808104841216
1277878815767789568
1277878818821345280
1277878840749174786
1277878844893073408
1277878847501996034
1277878852451282945
1277878869916295168
1277878871308804097
1277878899205120001
1277878906540961793
1277878912081711104
1277878918842703872
1277878921309163523
1277878924337393665
1277878923813023744
1277878934890258437
1277878941869473792
1277878942008033280
1277878942159028226
1277878954075082754
1277878962635538433
1277878965743562756
1277878965890355200
1277878967048028161
1277878995619467264
1277878996588539904
1277879008781381632
1277879009406304259
1277879018210000897
1277879019707531264
1277879030126002177
1277879037008859143
1277879037352751104
1277879044680249344
1277879061520547842
1277879061600104450
1277879065735606272
1277879065924349955
1277879069581819905
1277879074472579073
1277879099193610240
1277879101345476608
1277879103698407425
1277879107330719744
1277879116692406272
1277879117627772928
1277879138200752129
1277879143149912071
1277879144819257346
1277879154596122625
1277879160245977089
1277879180886069249
1277879189396307970
1277879191325663235
1277879210191851521
1277879223202578432
1277879227098882048
1277879228843782145
1277879229489668097
1277879230173376512
1277879242244718594
1277879277086822400
1277879277304700928
1277879284250677248
1277879286515433475
1277879287631110154
1277879292119023616
1277879305448521729
1277879310737715201
1277879325371494402
1277879343956537344
1277879356313030657
1277879382439329792
1277879392014864384
1277879395479220224
1277879410444517378
1277879414919819265
1277879419135287296
1277879466702880768
1277879468195868674
1277879476538441728
1277879477289119745
1277879477695991810
1277879486248374274
1277879490497187842
1277879491692498945
1277879506355789825
1277879510495399942
1277879517323952130
1277879532268257282
1277879536760188930
1277879540883222528
1277879560818896896
1277879569316372480
1277879578749353987
1277879579592421376
1277879581236703232
1277879590485139457
1277879598454317059
1277879623695532032
1277879633963356164
1277879665051332609
1277879667937206272
1277879668201467904
1277879683309281282
1277879687369445376
1277879687902040064
1277879707611140098
1277879709238509568
1277879711364870144
1277879729786359809
1277879732432801792
1277879732516855809
1277879750401220610
1277879758307688448
1277879791266430977
1277879792830840832
1277879799474556938
1277879801047420928
1277879803488567297
1277879808874164224
1277879815002038273
1277879821889044481
1277879825915576320
1277879826372800516
1277879842135052288
1277879844013998080
1277879850955571202
1277879851156996098
1277879868726947840
1277879877757104129
1277879897235456003
1277879918706282497
1277879919188471809
1277879921780506627
1277879923722641409
1277879925324775424
1277879934606770176
1277879938104737794
1277879943259541506
1277879948212989959
1277879953804021761
1277879977736695810
1277879992421175296
1277879993444503552
1277880000868347906
1277880005184360448
1277880009269506049
1277880016047464449
1277880037002276866
1277880037102907392
1277880042639560705
1277880046053539840
1277880062868688896
1277880084586618881
1277880107491713025
1277880119994925057
1277880127205097475
1277880136831053824
1277880137384517634
1277880143512350720
1277880147492962304
1277880161929768960
1277880166119886849
1277880175703683072
1277880182200840193
1277880191923126272
1277880210793345026
1277880224148082690
1277880232293404672
1277880233006227459
1277880240887328770
1277880242649075712
1277880246612574209
1277880250203099137
1277880250328702983
1277880265545863175
1277880278208229376
1277880278833221632
1277880279919554560
1277880286563512320
1277880289818103808
1277880293249019904
1277880304657592320
1277880311288926208
1277880315181068288
1277880317747986432
1277880319887069185
1277880322240077824
1277880324286902274
1277880329408151554
1277880345229058053
1277880354418782208
1277880361914073093
1277880366129348609
1277880370562600960
1277880374614343680
1277880382764048385
1277880383556718592
1277880383690780673
1277880397129383936
1277880397213298688
1277880397234188288
1277880401608839168
1277880403638931457
1277880407426568192
1277880409251090432
1277880417064869890
1277880420152074240
1277880430813949952
1277880438208385024
1277880446513184768
1277880456055324673
1277880497230630920
1277880501857128448
1277880524946563073
1277880525068222464
1277880548720021505
1277880550720765953
1277880551316131840
1277880572069777408
1277880581036978177
1277880595557818368
1277880596283490304
1277880605720686597
1277880610359357441
1277880611210850304
1277880613492518913
1277880618945138688
1277880626062987265
1277880629775011840
1277880634334199810
1277880642634563584
1277880650834554880
1277880653770559488
1277880654269685760
1277880664402964480
1277880677346668544
1277880686406275072
1277880689266954240
1277880715221360641
1277880748620410881
1277880755759316993
1277880757877268480
1277880773010317312
1277880802676748288
1277880822452957189
1277880832884117504
1277880875796103173
1277880882846523392
1277880904061460480
1277880908452966400
1277880910797561856
1277880911162257408
1277880935783022592
1277880950085636096
1277880979613380608
1277880979860971522
1277880982578880512
1277880987725135872
1277880995199381504
1277881009183260672
1277881016951005189
1277881016930013187
1277881021187469317
1277881026409197568
1277881028439347200
1277881050371424256
1277881050656464899
1277881058609037313
1277881096835719168
1277881104666632193
1277881112887545858
1277881121905270784
1277881122890723328
1277881133380894720
1277881142927142914
1277881149893881856
1277881156223094785
1277881160123768832
1277881171196739584
1277881179719507969
1277881181233709056
1277881184459141120
1277881192012894208
1277881192872894464
1277881206374371328
1277881240343871488
1277881263941013511
1277881264012292097
1277881286540083200
1277881304940310528
1277881307226238976
1277881307402551301
1277881308442619904
1277881309646524416
1277881314545295360
1277881327992307715
1277881335064002560
1277881335764398081
1277881357989896192
1277881365791248388
1277881394698452995
1277881407306637312
1277881408090812416
1277881418635456513
1277881424025022465
1277881428349464576
1277881432900349954
1277881445604712454
1277881453062369280
1277881463703130114
1277881469927673857
1277881478974767104
1277881509949693952
1277881511908446209
1277881518371876864
1277881519852445696
1277881526198218753
1277881530010841089
1277881532653244417
1277881547685650432
1277881557219491840
1277881561585782786
1277881565524004865
1277881566778339328
1277881570813112325
1277881580564799488
1277881582032875520
1277881584176242689
1277881595555438592
1277881634830909442
1277881642606985218
1277881651121524736
1277881657366904832
1277881671891726337
1277881674169110531
1277881682801147905
1277881697552535554
1277881700253675520
1277881710416236546
1277881713423724546
1277881724811251717
1277881734906941441
1277881746269372418
1277881751789076481
1277881752275607553
1277881758189486080
1277881765235847169
1277881779911786497
1277881794361098240
1277881796764602368
1277881797565493248
1277881835373068288
1277881836165894144
1277881838191521792
1277881840070610945
1277881840292913153
1277881849574944769
1277881859108532224
1277881868331827202
1277881871360196611
1277881872391868417
1277881901416452101
1277881907934564352
1277881910564274176
1277881914934718464
1277881924091088897
1277881934660554753
1277881949605019649
1277881952398266368
1277881956726910976
1277881965581004800
1277881969616064512
1277881969624276999
1277881970287095810
1277881971952115714
1277881980336701440
1277882006823673858
1277882016512585728
1277882022707544066
1277882064239550469
1277882064017084416
1277882073580273664
1277882085961682945
1277882089614999552
1277882100662915073
1277882104555208705
1277882111609827328
1277882112893485059
1277882120493363200
1277882132053078016
1277882148402462721
1277882174784434176
1277882186813726720
1277882188529192960
1277882188810219522
1277882200273248256
1277882204186529792
1277882211824361473
1277882227804815360
1277882241750839296
1277882249149444098
1277882260130164737
1277882260155518977
1277882270985175042
1277882271756845057
1277882274999160833
1277882283408719877
1277882287166754816
1277882287238139905
1277882295769157633
1277882300215078912
1277882304271187968
1277882305177096194
1277882305281839105
1277882319039168512
1277882326022672385
1277882329915166727
1277882362974486528
1277882366350946304
1277882384835211264
1277882387301568513
1277882396755537920
1277882404267610115
1277882406914027520
1277882430452649985
1277882434663505921
1277882438363025408
1277882438769836038
1277882455454674947
1277882459263287297
1277882466380812288
1277882484932464640
1277882487964758016
1277882489349029890
1277882505039884290
1277882509095772160
1277882511956127745
1277882522827812864
1277882525591965698
1277882526200143873
1277882527160688640
1277882532885749761
1277882534165049344
1277882536761442304
1277882542595747840
1277882576259043328
1277882577051942912
1277882578972917762
1277882585272782849
1277882587084546048
1277882593040531456
1277882601315975168
1277882606994980866
1277882607406125056
1277882610082086912
1277882614431416320
1277882639219900417
1277882641992134656
1277882643233701888
1277882643972083712
1277882648589828096
1277882654545805314
1277882683540910080
1277882694802608129
1277882700607582208
1277882737140121601
1277882758044487680
1277882757935435776
1277882763400613889
1277882767754362882
1277882782962745345
1277882792899039235
1277882799681200129
1277882803011665920
1277882812310355968
1277882812419510273
1277882816877953024
1277882821575655424
1277882845478952960
1277882846997168130
1277882851824939008
1277882855255932928
1277882855905873922
1277882866647498752
1277882867536650240
1277882876520828928
1277882887195377664
1277882916312428551
1277882941109133313
1277882941461483521
1277882959131893760
1277882968204140544
1277882973098897408
1277882982838263808
1277882997254107141
1277883006628139009
1277883009643905024
1277883020037566469
1277883027062833152
1277883027830591488
1277883036395286528
1277883041914945536
1277883061703782400
1277883075435864065
1277883083832860673
1277883092988919809
1277883093739802624
1277883052061069312
1277883102178742280
1277883115726180353
1277883143572254720
1277883149054144512
1277883164829114370
1277883170197815297
1277883185368494080
1277883186341531649
1277883198584709120
1277883233385041920
1277883234706210816
1277883239475163136
1277883241643433985
1277883248543240197
1277883255543304195
1277883258005360640
1277883269334339584
1277883282219122690
1277883294378373122
1277883295188094981
1277883297679339524
1277883316281249793
1277883318378389505
1277883323637837824
1277883337080782848
1277883363441991682
1277883364427599872
1277883363987279872
1277883368600997888
1277883369389342720
1277883385390784512
1277883391296311297
1277883391610884102
1277883393993330689
1277883399043153920
1277883400720965633
1277883407444463616
1277883415111573504
1277883424603168773
1277883436842311680
1277883445167955974
1277883449676791808
1277883466298855425
1277883481297768450
1277883484187615233
1277883487111000067
1277883487790514176
1277883491946881025
1277883507256233984
1277883507658932224
1277883508883705858
1277883520010973184
1277883526508089345
1277883548171558913
1277883562780491776
1277883600411619331
1277883600571162624
1277883601565212673
1277883605012881408
1277883621655879680
1277883634603655171
1277883635446583296
1277883667386445825
1277883669173145601
1277883676622110720
1277883708838739969
1277883708989734912
1277883709216055297
1277883714698166272
1277883716837298176
1277883720100392960
1277883725641121792
1277883727725711360
1277883747405357056
1277883759539499008
1277883762014027776
1277883776463486976
1277883777935568897
1277883785749557248
1277883786764615682
1277883801226506240
1277883802124029952
1277883807329161216
1277883807350358016
1277883817454211078
1277883845338181633
1277883848307720193
1277883857128153089
1277883861888724993
1277883872152358913
1277883875079798788
1277883884760207362
1277883886232457216
1277883885838168064
1277883889298690048
1277883894935638016
1277883898672738307
1277883903055986688
1277883914569351169
1277883916632772609
1277883931354955776
1277883932235743232
1277883936681713664
1277883940649525250
1277883943786872832
1277883951927963648
1277883964833689600
1277883970777120769
1277883973624979458
1277883982823055360
1277883992281419781
1277884002389688320
1277884029707026432
1277884031632375809
1277884040947826688
1277884042948546561
1277884078121979904
1277884084069564417
1277884113534377985
1277884121591754752
1277884124808675330
1277884131771211776
1277884134837284865
1277884137236566017
1277884142349418497
1277884149735600128
1277884155079114752
1277884156517560320
1277884174179786753
1277884182316736512
1277884203686903813
1277884212838834179
1277884232728281088
1277884246485381120
1277884250876854272
1277884253972443136
1277884254777573376
1277884256421888002
1277884258741219328
1277884267872153600
1277884271940612097
1277884276973985792
1277884285995765760
1277884287619080193
1277884289988755456
1277884304354275328
1277884314911309824
1277884318510206978
1277884318623416321
1277884321072926721
1277884312960950272
1277884334880329730
1277884339532050432
1277884339469025281
1277884347962609664
1277884361174511618
1277884386424139779
1277884388949331969
1277884389825839104
1277884396457136129
1277884422059106304
1277884443290673152
1277884444599296000
1277884452744593409
1277884460046913536
1277884462395580416
1277884468619956227
1277884476597645314
1277884480384978944
1277884496981843970
1277884510470918146
1277884519031336960
1277884523242336256
1277884526681874433
1277884536009957376
1277884536651681797
1277884543547179009
1277884569291718656
1277884578842071040
1277884585703993344
1277884599213924352
1277884603777204224
1277884607430635521
1277884617228300288
1277884619195658240
1277884619833180161
1277884668998631424
1277884678918123520
1277884678947713024
1277884681434935296
1277884717258477568
1277884722484523010
1277884732957573121
1277884733448282112
1277884757599236096
1277884763756527616
1277884772530950144
1277884776528121857
1277884808174198784
1277884816848019456
1277884824087388160
1277884828596293635
1277884855435489281
1277884856115044353
1277884859889917952
1277884862876184576
1277884868052111360
1277884872816824321
1277884881415163904
1277884893473705984
1277884905075044357
1277884906635513856
1277884910301134849
1277884925774102528
1277884935836012545
1277884939254542336
1277884952886075393
1277884971802333185
1277884975912648705
1277885001720184837
1277885005952192513
1277885020053569537
1277885023752880134
1277885026235854853
1277885036017192961
1277885064706002945
1277885103138574339
1277885103193165825
1277885124919640064
1277885130560987138
1277885149045116931
1277885155818889217
1277885159451353088
1277885161158344705
1277885163955871745
1277885212160974848
1277885233820360707
1277885245015162880
1277885246105628672
1277885249037492225
1277885253986721793
1277885254154387456
1277885256704708608
1277885256998125568
1277885265315540993
1277885268704366592
1277885283338317824
1277885326569074688
1277885327865032704
1277885371351592963
1277885387281752069
1277885397612273665
1277885401605308416
1277885413806333952
1277885419619676160
1277885434450915328
1277885441794961408
1277885446681321473
1277885474384691202
1277885503749185537
1277885528122314752
1277885544421261313
1277885548720541696
1277885550519742464
1277885558321065984
1277885558962958337
1277885566449676288
1277885570967093253
1277885589057081344
1277885607558230016
1277885573798264833
1277885614269005824
1277885625182683136
1277885650381963264
1277885659559211008
1277885666186211328
1277885669038145536
1277885674461503489
1277885680136437761
1277885684100091905
1277885696490037251
1277885702987014145
1277885703456796673
1277885710335262722
1277885711765712896
1277885713686511617
1277885717910220800
1277885734725095430
1277885752089681920
1277885759899369472
1277885768954900480
1277885773468049408
1277885794343149568
1277885798222721024
1277885807420862464
1277885810843533312
1277885814454865926
1277885818451853312
1277885825888354305
1277885829445234689
1277885841499717633
1277885843290517504
1277885854397202433
1277885893534154753
1277885900278714368
1277885916132937728
1277885919819788299
1277885928846045184
1277885928791519232
1277885942024396800
1277885945207877632
1277885960001380353
1277885960777338880
1277885970579324928
1277885973569908737
1277885975834886146
1277885993165524992
1277885996718120960
1277886004527955968
1277886018155245569
1277886024350420994
1277886026204225536
1277886029794598912
1277886053744074754
1277886061574787072
1277886063068033024
1277886077051777025
1277886085016797184
1277886104444772353
1277886112523001856
1277886113496158209
1277886117187067905
1277886118164262914
1277886125239984128
1277886126305484801
1277886129598083072
1277886152092143616
1277886154453520384
1277886174955048960
1277886202557812737
1277886208601780226
1277886225349656576
1277886235025932288
1277886239597887489
1277886240910696449
1277886259030036480
1277886261378850816
1277886271281643520
1277886276964925440
1277886292953567233
1277886294819958785
1277886303036567552
1277886326684123136
1277886328479211521
1277886340395225091
1277886347487834113
1277886351937957888
1277886371970060289
1277886373136138240
1277886377300983808
1277886390202761216
1277886401858723840
1277886418048757761
1277886426764521473
1277886426911137794
1277886432745525249
1277886439292715009
1277886441029341184
1277886443487211520
1277886444921671680
1277886451208851462
1277886454950232064
1277886467646410752
1277886468770402305
1277886474717986816
1277886479205715969
1277886482510946304
1277886484977119232
1277886487611179008
1277886495508971521
1277886512814850048
1277886515759198208
1277886529575288832
1277886531609546753
1277886532129419275
1277886553344430086
1277886569635028992
1277886574320066560
1277886574886256640
1277886578728284167
1277886586668167168
1277886596642230272
1277886599586594826
1277886603512479744
1277886626212052992
1277886628627767297
1277886633010884609
1277886637079441409
1277886637888995328
1277886646298439680
1277886654733320192
1277886662626795520
1277886667727212544
1277886674752557058
1277886675725758465
1277886676917006336
1277886697032675328
1277886708919554048
1277886711813550085
1277886716360171520
1277886721066180608
1277886726715801601
1277886742515929088
1277886743337984002
1277886744126341120
1277886748131946499
1277886764519219200
1277886772001804289
1277886785511493633
1277886792360800258
1277886792805449728
1277886804960727042
1277886805925191686
1277886831909109761
1277886839064416256
1277886854994563072
1277886865211682827
1277886872845312002
1277886898271219714
1277886900280254466
1277886910216589313
1277886912800321537
1277886913861558272
1277886920039608320
1277886921994391554
1277886922912718849
1277886927568375808
1277886942495965190
1277886947810148352
1277886952252022784
1277886964201451520
1277886982090305536
1277886999429386240
1277887009453940737
1277887010796118016
1277887023727157248
1277887026327695365
1277887033520906241
1277887041414594561
1277887045516570624
1277887048720904193
1277887071332339713
1277887085966475265
1277887103968387072
1277887089204432896
1277887106476638209
1277887112193474561
1277887132585963520
1277887145252761601
1277887156833316864
1277887164886347776
1277887165524054016
1277887168862728194
1277887175271596032
1277887185820188676
1277887196381446144
1277887200626008064
1277887235795238913
1277887246578958336
1277887257844875264
1277887260113993731
1277887260105617408
1277887261745590272
1277887271253966851
1277887276358545408
1277887278853967872
1277887283991994369
1277887288383504385
1277887318007955457
1277887317957582848
1277887324232323077
1277887325809369088
1277887330049683456
1277887333228883968
1277887338878660608
1277887341059768321
1277887341739286528
1277887358432538624
1277887360575746049
1277887370356912128
1277887379571867653
1277887387272536064
1277887388925247488
1277887395552206848
1277887397154263040
1277887399020855296
1277887417110769664
1277887425671397377
1277887437793083392
1277887440368177153
1277887440355803136
1277887442339737600
1277887446965870592
1277887456273068033
1277887459058204674
1277887462996676610
1277887464254967808
1277887474874961920
1277887480868376576
1277887484689616896
1277887486170214400
1277887490007937024
1277887494692864001
1277887501630390274
1277887505476415488
1277887506998939649
1277887509741965312
1277887513806266369
1277887523939811328
1277887527639224320
1277887534446460929
1277887542591979521
1277887551177666560
1277887552654053376
1277887575248773122
1277887586917285888
1277887593636597760
1277887595276496896
1277887611684696065
1277887617468686336
1277887631255318530
1277887639773802496
1277887652713295873
1277887664868524032
1277887681406500868
1277887682702647297
1277887699311931394
1277887720916955136
1277887731868278784
1277887732229046274
1277887754010066944
1277887760699994117
1277887761366880256
1277887772871856128
1277887775552004096
1277887779213639686
1277887791465185280
1277887795030224896
1277887813388771328
1277887815980683264
1277887824289652736
1277887842572660736
1277887845575864321
1277887853171748864
1277887907873927169
1277887911900278785
1277887930766209027
1277887933362704385
1277887933551239168
1277887941948440576
1277887953906384896
1277887955462389760
1277887959367323648
1277887967407661057
1277887978942201856
1277887980875677696
1277887984130539522
1277887996793024512
1277888005995237376
1277888009120223232
1277888018360102912
1277888025599541248
1277888059070197760
1277888072089133056
1277888071523078145
1277888073204891648
1277888105287213056
1277888121250742273
1277888130146861056
1277888133850255360
1277888138040369152
1277888155186683904
1277888157359489025
1277888167622762496
1277888169099366402
1277888190859395072
1277888197079384064
1277888199667269632
1277888207749894144
1277888211554111488
1277888221918179330
1277888226779422720
1277888237126782977
1277888266717614080
1277888273029849089
1277888281494138886
1277888290880798720
1277888292738957312
1277888297822498816
1277888302352412673
1277888302801018880
1277888320681451531
1277888321285431296
1277888353153748992
1277888356685279233
1277888377249914880
1277888377484972033
1277888381238816768
1277888381456769024
1277888383654731776
1277888399370678273
1277888410171043840
1277888427170639872
1277888441880059904
1277888444090454018
1277888448427245568
1277888466005753857
1277888473580687360
1277888475900055552
1277888482434826240
1277888482753433600
1277888498905894912
1277888499513884672
1277888502923845633
1277888511249539073
1277888515766878208
1277888529335414784
1277888539712032769
1277888580053065729
1277888581269422086
1277888584071217152
1277888591537082368
1277888608012169216
1277888614223863808
1277888618036592641
1277888631085154304
1277888638324539392
1277888645844725760
1277888653532987392
1277888655999275013
1277888665088331778
1277888674638835714
1277888678921154560
1277888680812843008
1277888689561980933
1277888708109197312
1277888723586289666
1277888725159157760
1277888729483341824
1277888733333897216
1277888743534465024
1277888747397353478
1277888750782119937
1277888751935635457
1277888754217136128
1277888760110297088
1277888765923602433
1277888781954285570
1277888789348782081
1277888792037175297
1277888800564187136
1277888806000242688
1277888810995658752
1277888817081524224
1277888822437711872
1277888825881235456
1277888827042873346
1277888843127984128
1277888851600715777
1277888855279009794
1277888857380401154
1277888864494014464
1277888864602910720
1277888877697495040
1277888893132521472
1277888893623373824
1277888901366022144
1277888919204327425
1277888919430930432
1277888920445992961
1277888930478776320
1277888939068538882
1277888952863776768
1277888956588326912
1277888964733493252
1277888982416855040
1277888991812083720
1277889011911061509
1277889037043466240
1277889045159243776
1277889054940573696
1277889061345058817
1277889081284804609
1277889082975191041
1277889090420121600
1277889091766497280
1277889095759532032
1277889107746848769
1277889108732346370
1277889112893259776
1277889116516937728
1277889125056516096
1277889150469931015
1277889178370375681
1277889189066014722
1277889200239583234
1277889201606848512
1277889209014116352
1277889228152733697
1277889233840214017
1277889259136040962
1277889282699640833
1277889295169105920
1277889296620572672
1277889304883322881
1277889318120566784
1277889325175312384
1277889330351091713
1277889334826479617
1277889358562054145
1277889359572865026
1277889386466758657
1277889428015415296
1277889430045351936
1277889430989295617
1277889434445381633
1277889438039674880
1277889460580093953
1277889484965720064
1277889492666527750
1277889502489579521
1277889502384721921
1277889506302025729
1277889510819405826
1277889512035610624
1277889531245555714
1277889541332971520
1277889556742721536
1277889571662036993
1277889577827495936
1277889578716651520
1277889583561060352
