1275337777928908802
1275337790159572993
1275337804122411008
1275337807872036864
1275337834354798592
1275337875505086465
1275337882262097920
1275337884443107329
1275337891921756160
1275337897500127232
1275337928693018625
1275337929687093249
1275337934539878400
1275337941078990849
1275337943595364352
1275337948309925888
1275337956534837249
1275337961262002177
1275337965380816896
1275337969780633600
1275338000570830849
1275338007088893954
1275338018413576193
1275338018727944193
1275338019076059136
1275338031646425088
1275338034095861767
1275338060171866112
1275338066631069701
1275338069454000128
1275338073778184193
1275338103742324736
1275338106636578817
1275338111577251840
1275338112735027205
1275338114865811456
1275338127230435329
1275338130518708224
1275338139221897216
1275338141344264193
1275338141390561282
1275338141814018049
1275338142275588096
1275338164756811777
1275338170293465088
1275338185300533248
1275338229571391489
1275338233354702853
1275338243547021312
1275338257044172802
1275338259258920960
1275338270101123073
1275338299968638980
1275338303177441280
1275338307992530944
1275338314288005121
1275338320705355778
1275338321896583168
1275338335314042880
1275338343920746581
1275338345023975424
1275338348194705409
1275338351382532096
1275338355056705537
1275338358248443904
1275338361461518336
1275338364473008128
1275338371074752512
1275338376527228928
1275338384672649216
1275338386123812869
1275338391077478400
1275338406789296137
1275338429836988416
1275338431384612865
1275338443418144769
1275338446811402240
1275338482186104833
1275338484329394176
1275338523365736453
1275338525429334016
1275338533256003584
1275338541317287936
1275338549265608705
1275338578567069696
1275338598842339328
1275338604861108226
1275338616441417728
1275338643591376896
1275338662205628416
1275338665179394048
1275338665326186496
1275338666039263232
1275338666081161216
1275338668371316738
1275338680203268097
1275338686499098625
1275338716115087361
1275338716479844355
1275338720053538821
1275338729255731201
1275338746024603650
1275338755646164992
1275338755574906880
1275338769391124481
1275338771462893570
1275338776206868480
1275338783882457088
1275338788559114240
1275338789175480320
1275338789267755008
1275338789762859008
1275338790152876033
1275338833819648007
1275338840396328961
1275338840727838720
1275338846918651905
1275338851909681155
1275338855290482689
1275338861288189952
1275338870259884033
1275338873694851072
1275338874974322689
1275338880804196352
1275338889209626624
1275338908289699840
1275338914635616257
1275338946571128832
1275338987217936384
1275338995774427136
1275338996822900736
1275339000627126278
1275339002275561474
1275339004527837186
1275339004733513729
1275339012224348160
1275339016020332545
1275339019010756610
1275339020218830850
1275339026229313542
1275339037260296193
1275339039118417921
1275339048303955968
1275339059548819461
1275339068289814529
1275339059624202240
1275339083770978304
1275339090360238081
1275339097922510848
1275339101152002049
1275339118613012485
1275339144030572544
1275339144353533952
1275339172388253696
1275339174363705345
1275339180759846912
1275339181108191232
1275339193296621568
1275339196266209280
1275339206114463745
1275339207645425667
1275339211638550528
1275339213140041728
1275339213773271040
1275339228369444864
1275339252922871808
1275339257796837377
1275339277497511937
1275339277786845184
1275339282392027137
1275339286674636802
1275339300536643584
1275339305125244928
1275339319255994368
1275339323160879105
1275339331683577856
1275339348385378304
1275339357704994817
1275339357772115968
1275339363346288640
1275339365410103301
1275339380224176128
1275339388029816832
1275339391360102401
1275339396577783808
1275339396863025154
1275339400881164290
1275339422783791104
1275339423819972608
1275339428710494208
1275339441205178368
1275339446154661888
1275339450743246848
1275339452265771009
1275339460767449093
1275339461115686912
1275339479511941120
1275339482934304768
1275339482812657665
1275339483626512385
1275339504170053634
1275339504392400896
1275339504832794626
1275339506695024641
1275339506741317632
1275339512470581249
1275339513024389120
1275339517667545088
1275339542191640577
1275339545677045761
1275339562911363072
1275339574798094336
1275339576882737152
1275339634411593728
1275339649209315328
1275339681429848064
1275339684483231745
1275339685133463552
1275339693236858881
1275339699360587776
1275339711779942400
1275339717693800448
1275339718876520448
1275339726434820096
1275339741110497281
1275339743325089793
1275339743950061568
1275339752552587264
1275339772802678784
1275339773800886272
1275339790330793986
1275339791366848512
1275339799650611201
1275339809897222144
1275339821591003141
1275339828993953792
1275339842268934144
1275339843069816832
1275339843145433088
1275339864519606272
1275339870140092416
1275339903853789184
1275339922518560769
1275339923525115904
1275339932001853441
1275339942986526728
1275339949143810049
1275339978369720323
1275339980982890497
1275339982417219585
1275340002411589634
1275340008061198336
1275340016743522305
1275340037949984770
1275340040399249409
1275340059139379200
1275340063291793409
1275340067637202945
1275340070527041536
1275340078340902912
1275340079372746752
1275340087820054528
1275340112230924288
1275340119419973633
1275340121127215104
1275340123811581952
1275340133529800709
1275340133831671808
1275340136184610816
1275340157806186496
1275340181491585024
1275340190093963267
1275340196343623681
1275340198994468864
1275340200009326598
1275340208238546944
1275340209958219776
1275340212948725760
1275340222008459264
1275340226349670402
1275340235430260737
1275340247191162880
1275340254086496257
1275340259593785344
1275340265184583680
1275340272063283200
1275340274307231745
1275340274714112000
1275340278740799489
1275340285405519872
1275340286454042624
1275340298646888454
1275340303537303553
1275340304514719745
1275340325377073154
1275340333270753280
1275340349880270849
1275340361687171074
1275340367177691136
1275340373242474496
1275340376069595137
1275340388115591173
1275340410680819712
1275340411532345345
1275340425151287297
1275340429236420610
1275340448459096064
1275340453240434689
1275340457397096448
1275340472395988992
1275340486786629634
1275340487281520646
1275340492205699072
1275340494206271490
1275340499054923776
1275340499226750981
1275340501781078016
1275340513252687879
1275340529035890688
1275340535461318656
1275340543166464002
1275340552213614592
1275340554126188545
1275340561591832576
1275340564125437952
1275340582647402496
1275340591782678528
1275340593858674688
1275340594991239180
1275340613895049216
1275340617669914624
1275340626851180545
1275340627702542341
1275340643858931712
1275340645633110017
1275340645532565504
1275340654781116416
1275340659906342913
1275340660216741888
1275340660392882176
1275340667103911936
1275340700167442433
1275340713706885123
1275340719083761664
1275340732392341504
1275340745000529920
1275340746304786432
1275340748226023424
1275340749685641216
1275340749815648256
1275340754936832000
1275340755213697024
1275340778882007040
1275340784120795136
1275340786570313729
1275340790219157505
1275340800780406786
1275340809408135168
1275340809374781440
1275340828496613376
1275340811308335104
1275340846078898177
1275340850302554113
1275340856627609600
1275340862222856192
1275340866127683586
1275340869042712576
1275340869571416065
1275340879457386498
1275340883706236928
1275340885341769729
1275340888517066754
1275340891603865600
1275340892304523264
1275340892250013702
1275340898239479810
1275340910214041605
1275340917709303809
1275340925863157760
1275340938462629888
1275340943277735937
1275340956297027584
1275340959031496704
1275340960667500552
1275340962294837250
1275340964253532160
1275340972558180352
1275340983874568192
1275340984117755904
1275341011481276420
1275341016757911552
1275341021937713154
1275341030271959041
1275341042246615040
1275341075960475648
1275341101822599168
1275341109338632192
1275341110773198850
1275341115953229824
1275341119987970048
1275341125017047041
1275341126300565507
1275341132281438209
1275341136085876738
1275341141207023616
1275341163315118080
1275341174832799744
1275341181442854912
1275341181598105601
1275341182214815752
1275341199256109057
1275341205560348676
1275341206889943040
1275341215563763712
1275341227181801473
1275341243468447744
1275341256193749001
1275341270831915008
1275341271490613248
1275341279400951809
1275341294638858242
1275341308597547008
1275341308949925888
1275341352973135873
1275341353572954118
1275341370350342145
1275341377560178689
1275341377564479488
1275341378009038848
1275341384325742592
1275341394329006080
1275341404865130496
1275341404911267840
1275341416567377920
1275341426864291841
1275341432325197827
1275341444438470656
1275341460955713537
1275341473282764800
1275341474117357568
1275341493331357696
1275341493440442370
1275341498524073985
1275341500855934977
1275341516089655297
1275341522188173312
1275341526554443776
1275341531071864832
1275341538986528768
1275341543964991491
1275341567755259904
1275341568506040320
1275341570129170432
1275341571106516992
1275341574596157442
1275341582670143488
1275341574399053826
1275341593235652608
1275341599916953600
1275341641776353282
1275341646360653825
1275341671656558592
1275341673338474497
1275341683115393024
1275341684612661249
1275341687326478337
1275341688748343296
1275341691579445249
1275341702069248001
1275341705374388227
1275341708658540544
1275341709904416773
1275341725465284610
1275341736424980480
1275341738434088961
1275341746424201217
1275341748911214598
1275341755920023552
1275341758956699648
1275341761154437121
1275341776321220608
1275341811632926720
1275341813763543045
1275341819207774209
1275341820302630912
1275341825440530432
1275341827466559488
1275341821980413953
1275341836211675138
1275341840808439809
1275341842133983232
1275341852112289798
1275341874903957504
1275341883875766273
1275341891060539394
1275341891412910080
1275341896714301440
1275341902888308736
1275341914758316032
1275341914938634240
1275341916159094785
1275341919476944897
1275341924644327424
1275341936224804865
1275341937273237504
1275341945158733824
1275341973885464576
1275341983381254144
1275342012653289472
1275342024292655104
1275342028528746497
1275342031552835585
1275342041006866432
1275342054609092609
1275342060946698240
1275342064713183232
1275342066462015488
1275342090185011201
1275342109671927813
1275342113983496192
1275342114579193856
1275342138675511297
1275342138717245441
1275342140986572802
1275342147642777605
1275342150264328192
1275342152650768384
1275342154781675521
1275342156065103873
1275342159609098240
1275342164919234560
1275342170757750787
1275342175455174656
1275342177636356097
1275342187522404352
1275342193448742913
1275342201845923840
1275342233311608836
1275342240710184960
1275342243986112514
1275342245579960320
1275342249199460354
1275342256707272704
1275342273023299589
1275342281709510656
1275342282129059840
1275342303876571137
1275342305029951488
1275342340073369600
1275342360617136129
1275342381043384322
1275342414534848518
1275342417596571648
1275342417827266560
1275342424538091520
1275342427155464192
1275342431593127936
1275342460491726848
1275342465306816513
1275342469379624961
1275342486056075266
1275342487905681408
1275342499431809025
1275342507593723904
1275342526929485825
1275342528842260489
1275342529198608385
1275342534814941186
1275342542435909632
1275342545615110144
1275342553995493376
1275342556285599744
1275342569065476096
1275342576028209152
1275342579966640129
1275342590171176961
1275342600422084609
1275342612556320769
1275342628939153408
1275342637571076096
1275342643342348288
1275342644953051139
1275342645557067777
1275342666218131463
1275342677467369474
1275342680915140608
1275342687701331968
1275342690788552706
1275342704541564928
1275342717896151041
1275342723839488002
1275342745570287617
1275342775488151554
1275342780798308352
1275342805401890816
1275342814386229248
1275342826738380800
1275342828923752453
1275342833445146625
1275342845621272576
1275342866404032514
1275342878990974976
1275342904811114497
1275342911694163968
1275342912239415297
1275342927036809221
1275342934351568896
1275342939494010881
1275342947743969281
1275342948125888512
1275342957302788098
1275342966253473795
1275342972989485056
1275342974906511360
1275342975510274049
1275342994955055107
1275343008460832768
1275343034847121408
1275343047581188096
1275343055978102784
1275343056175235073
1275343059333480448
1275343069123092481
1275343091612803074
1275343094381268992
1275343099351293952
1275343099791892480
1275343119056281601
1275343123779108865
1275343129764335616
1275343138001874952
1275343140019265537
1275343158906404864
1275343163951992833
1275343168150687744
1275343174643269632
1275343174848970759
1275343183434702850
1275343186114863105
1275343194151178240
1275343194784317440
1275343211347808257
1275343218532593677
1275343219736207360
1275343230423482371
1275343239281807361
1275343241722785792
1275343247301197824
1275343253827661825
1275343271460364288
1275343286031482882
1275343336744910849
1275343337919135746
1275343354985877506
1275343359809171457
1275343375072473088
1275343381636341761
1275343388192145408
1275343402243108869
1275343404277198851
1275343404998602752
1275343406068187136
1275343413030731776
1275343413223624705
1275343414343565313
1275343414712651776
1275343418353487877
1275343425760616448
1275343428289654784
1275343452473982976
1275343463987458049
1275343468198412288
1275343477392519169
1275343483314663425
1275343493427322888
1275343500628852736
1275343502591889411
1275343503300743171
1275343504089116672
1275343529749987328
1275343547277991936
1275343567825895424
1275343573374959616
1275343607071772672
1275343607608807424
1275343618052624385
1275343621248749572
1275343633986859008
1275343635614064640
1275343639175221250
1275343658435346432
1275343673362915328
1275343684322680833
1275343695496257541
1275343695974449153
1275343733534441472
1275343744003239936
1275343744393515012
1275343745651785728
1275343754384125952
1275343756779290625
1275343783123578880
1275343786806149120
1275343793667977216
1275343794494246914
1275343830846447616
1275343836806443011
1275343839675342848
1275343849427103744
1275343861347475456
1275343862261862400
1275343882851672064
1275343896118059008
1275343898563526656
1275343903181410304
1275343913088237569
1275343916448055299
1275343917215604737
1275343919920738305
1275343920885460993
1275343923435704321
1275343933359509504
1275343943052353537
1275343948320514049
1275343972261457920
1275343980125814784
1275343998698176513
1275344000099082240
1275344002506731521
1275344003848908800
1275344004201275397
1275344014150074369
1275344014670086145
1275344015194492928
1275344016951767041
1275344017526587394
1275344022102511616
1275344046383230977
1275344050355425280
1275344076255055872
1275344077928534017
1275344087478972416
1275344103883051010
1275344119125155841
1275344120006021120
1275344121411092480
1275344133553623048
1275344139802914816
1275344164671152128
1275344164922613761
1275344167523307520
1275344174636847104
1275344182664716288
1275344194240778240
1275344205313966080
1275344208908312576
1275344215300595712
1275344221088571392
1275344236376809480
1275344240369860608
1275344263950274560
1275344265229545473
1275344269432238088
1275344271197929477
1275344282329608192
1275344289371951114
1275344301841498112
1275344302932209664
1275344308078628864
1275344314114211843
1275344314198097922
1275344317599678465
1275344323492458496
1275344324872622080
1275344328877936642
1275344329662509056
1275344331138715648
1275344341624553478
1275344350143229961
1275344364735168512
1275344365599195136
1275344384603467777
1275344397844922368
1275344402135859200
1275344406724239360
1275344427347849218
1275344427884646400
1275344429520498689
1275344431194034176
1275344467227299845
1275344470423277569
1275344474877521921
1275344486789414912
1275344510843682816
1275344524370259969
1275344526996103168
1275344528111816709
1275344544335183873
1275344565898219520
1275344566913302528
1275344576585269248
1275344605815255040
1275344624975056896
1275344633170722816
1275344649033601024
1275344653076713473
1275344709460692993
1275344715978661890
1275344733179506688
1275344765425459200
1275344776536023045
1275344778226327553
1275344791056707589
1275344794265497602
1275344811223060480
1275344840402718721
1275344841996750848
1275344845826113536
1275344858580803585
1275344859717566466
1275344860380184576
1275344863014334464
1275344865274912768
1275344865992343552
1275344868437446657
1275344880085151744
1275344888322822150
1275344891883786240
1275344930685288448
1275344931549257728
1275344939488960512
1275344942857179137
1275344943096070144
1275344959973933058
1275344964965158914
1275344977980043266
1275344980471541760
1275344986905522177
1275344986981056512
1275344989673803776
1275344998100160512
1275344999597686784
1275345005901725698
1275345022733496321
1275345028823625729
1275345030715027457
1275345047194566667
1275345047232196613
1275345048880549888
1275345066135977984
1275345080358928389
1275345081235468288
1275345082221281281
1275345087141015552
1275345087535308800
1275345096309956608
1275345098751033344
1275345115901378560
1275345116958466048
1275345120326549504
1275345127343419393
1275345128962605056
1275345129025478656
1275345142392610817
1275345143143575552
1275345153805320194
1275345157303332869
1275345160558096385
1275345172608540673
1275345176702013440
1275345179982147584
1275345197505937408
1275345220037685248
1275345223627927552
1275345229818654721
1275345232318603266
1275345236835790851
1275345238660390912
1275345245367152640
1275345247355142144
1275345252233228290
1275345286722777088
1275345286949474304
1275345303625818112
1275345312874295303
1275345324492550144
1275345341336911872
1275345346684739584
1275345354775343104
1275345354947465216
1275345365965910016
1275345375751049216
1275345376229289984
1275345383779176448
1275345384748077056
1275345404582785024
1275345426129063937
1275345429647900672
1275345443141095424
1275345446878076929
1275345460622917632
1275345466998222848
1275345473981698048
1275345489622446092
1275345489739874305
1275345496739991552
1275345505527009280
1275345505522872323
1275345505820774401
1275345510682046464
1275345523554217985
1275345524221231109
1275345528583098373
1275345530072137729
1275345540029403137
1275345543720566785
1275345549588336640
1275345573676285955
1275345581200871424
1275345584141012992
1275345593255129088
1275345609361416192
1275345619222028289
1275345640940331008
1275345642949349376
1275345647042875392
1275345647454040066
1275345658761732097
1275345686540644358
1275345688767819776
1275345692769153029
1275345696707641356
1275345716165046272
1275345732023664640
1275345738625478659
1275345739632259072
1275345742547152897
1275345743474196481
1275345770561048578
1275345770804391936
1275345782342811650
1275345787904339968
1275345797148602370
1275345807387000832
1275345809043787778
1275345833374806016
1275345833597247489
1275345836642234368
1275345846398222336
1275345848721797120
1275345856942747650
1275345863838101504
1275345867369742336
1275345871278755840
1275345910403227648
1275345911812698113
1275345913905442816
1275345925792096256
1275345945178210305
1275345946243739649
1275345951096438784
1275345960378535936
1275345966057562113
1275345968733528070
1275345987792334850
1275346005941198851
1275346036228100097
1275346045820698624
1275346053194121216
1275346065202405376
1275346067702247424
1275346075616870401
1275346101118197760
1275346111738216448
1275346117069279232
1275346125701160960
1275346140586639360
1275346156839514112
1275346157128921089
1275346163051487232
1275346167857967104
1275346180466028544
1275346181535805440
1275346191404822529
1275346199784984576
1275346202415022080
1275346226200760320
1275346233696141317
1275346243212865537
1275346244362211328
1275346262129356802
1275346267799842816
1275346272740880385
1275346276998164480
1275346282781892609
1275346290545553408
1275346291699171329
1275346308107137025
1275346316491513857
1275346327031951360
1275346334262984704
1275346353057660928
1275346354408230912
1275346356043907072
1275346357046272001
1275346360460406785
1275346379213287424
1275346379536121859
1275346381998297089
1275346385315885056
1275346387241250816
1275346399916261382
1275346404097970178
1275346407357059073
1275346436851302400
1275346439095218176
1275346458879778816
1275346467268505600
1275346468363292678
1275346477435490307
1275346481663209472
1275346496179843073
1275346502857175041
1275346508112633860
1275346512445227008
1275346521651843073
1275346524344422402
1275346537673969664
1275346538517032961
1275346548583366658
1275346579751227392
1275346582859157507
1275346589792514048
1275346613792374785
1275346624429068288
1275346648823185409
1275346649989222406
1275346650169577473
1275346650446344192
1275346656481828864
1275346656347611136
1275346661057929216
1275346677788893184
1275346700383764481
1275346703663673344
1275346726182764544
1275346726518312961
1275346729072619520
1275346731367006208
1275346731475992576
1275346736811315200
1275346739218706432
1275346767303733249
1275346768230670341
1275346776350998528
1275346778179526656
1275346795556507649
1275346796596862982
1275346803924389888
1275346806314921985
1275346823067172865
1275346827387080704
1275346829392048129
1275346829970898947
1275346847167463425
1275346849654849537
1275346859058319366
1275346866251546624
1275346874073899008
1275346877597339648
1275346878520070151
1275346851290546176
1275346888066101248
1275346894462562304
1275346904616824833
1275346921050308609
1275346929753493504
1275346957054226442
1275346966348574720
1275346970555461633
1275346982345650177
1275346988167544832
1275346994702278656
1275346997747175424
1275347010158198784
1275347017183760385
1275347026000121857
1275347029506633729
1275347044241211392
1275347045306576897
1275347057029443584
1275347058183090179
1275347062155067392
1275347062578651136
1275347064717795328
1275347064986243073
1275347079456600064
1275347081234755585
1275347090038616070
1275347094899810305
1275347108518932480
1275347119520591877
1275347145101639680
1275347146133262337
1275347157260791809
1275347166211346432
1275347180723683328
1275347213984595968
1275347226223472641
1275347227607695360
1275347230648647680
1275347247752818689
1275347256275763200
1275347265918365696
1275347268242153482
1275347283458969600
1275347309857918976
1275347310482878464
1275347340392574977
1275347350295199744
1275347356502888449
1275347356263878656
1275347365059313664
1275347367940800514
1275347368372613120
1275347372520939520
1275347388886966274
1275347398139797506
1275347402166337536
1275347406268379137
1275347412983386112
1275347418972925953
1275347440372199426
1275347454200864770
1275347464082595840
1275347472156483584
1275347477839802374
1275347479626756100
1275347481635835904
1275347491253186560
1275347497557405697
1275347497733537792
1275347511838797825
1275347512748994561
1275347513633959936
1275347526720225281
1275347526829260802
1275347529551343616
1275347534454677505
1275347547092123648
1275347548803420165
1275347560513695745
1275347580562653184
1275347588128989185
1275347591178227713
1275347598854049793
1275347604293824512
1275347604310822913
1275347608869855232
1275347608026972160
1275347628654354432
1275347629766053889
1275347631057842177
1275347645368692736
1275347650225848321
1275347654977839106
1275347660761903104
1275347667250556928
1275347679514710018
1275347680403828737
1275347683780300815
1275347700230303744
1275347708342042625
1275347711991128066
1275347720211922944
1275347723949137920
1275347733222690816
1275347735294574592
1275347740805877760
1275347742810943488
1275347746031939586
1275347749370814464
1275347755255431170
1275347763228577792
1275347764810047493
1275347768312131585
1275347794396508160
1275347818606141440
1275347821810651136
1275347824864092160
1275347832845852673
1275347837686030336
1275347838927400960
1275347839707643904
1275347842526146560
1275347863862640641
1275347866454683649
1275347868283371525
1275347879641714688
1275347888202084352
1275347891066859522
1275347898486722562
1275347911254003712
1275347926772924416
1275347947148853248
1275347950533840896
1275347955910873088
1275347964358090760
1275347968128880640
1275347980535697408
1275347998843604992
1275348009476255744
1275348018632540161
1275348018967965697
1275348028623392768
1275348033006374916
1275348046524452864
1275348052841136133
1275348061951148033
1275348064073588736
1275348083765907456
1275348084822872064
1275348093618159617
1275348108398845952
1275348110554697728
1275348117756489731
1275348119878844417
1275348122902790144
1275348130544988160
1275348155907760128
1275348157778427904
1275348176816365568
1275348179236593664
1275348183623688192
1275348184756297731
1275348190766731264
1275348204058370049
1275348215072776197
1275348227714252800
1275348242629373953
1275348254708903936
1275348258060226561
1275348262644563968
1275348275483127808
1275348311466143744
1275348314527903745
1275348323298185216
1275348327865950209
1275348337986854913
1275348345209274368
1275348349621657600
1275348349693169669
1275348351140200450
1275348360162086913
1275348366784737280
1275348371155251200
1275348404709670915
1275348409042571264
1275348415321382912
1275348430710206471
1275348440457703425
1275348443515379713
1275348443901427714
1275348469251702784
1275348470539284480
1275348479334809601
1275348479426977792
1275348500646187008
1275348504773189632
1275348521034625024
1275348522305351687
1275348522624139265
1275348524310253570
1275348524876664834
1275348531319103492
1275348533135028225
1275348540991160321
1275348543105089536
1275348557571043328
1275348570355482624
1275348573987561472
1275348581612785666
1275348599707250689
1275348613929906176
1275348618569035778
1275348625774858244
1275348631911006209
1275348640207376384
1275348658293268480
1275348676815269889
1275348681978511361
1275348683618467841
1275348684742352897
1275348717273579522
1275348719186010113
1275348730191982592
1275348750697889793
1275348760193839105
1275348771950518273
1275348784751546370
1275348792116678656
1275348799439986689
1275348804355723264
1275348821598334982
1275348829395718145
1275348843882844170
1275348844402925569
1275348851914944512
1275348860152492033
1275348863235133440
1275348856310362112
1275348886429859848
1275348890158608386
1275348898907897859
1275348907938070529
1275348930046427136
1275348932520898567
1275348938699288577
1275348940515233793
1275348968055033856
1275348978935062528
1275348980377894912
1275348994571612161
1275349009188741122
1275349011042615296
1275349021368872963
1275349023944331268
1275349024250494976
1275349041182720001
1275349047646097408
1275349058459222016
1275349062531907590
1275349065992151040
1275349067132833792
1275349069708304385
1275349088343666688
1275349096467841025
1275349096857874432
1275349101262057472
1275349139962892288
1275349155926413312
1275349166525423616
1275349166961635328
1275349168815403010
1275349184175054848
1275349206144815104
1275349208371847170
1275349239183355904
1275349242933137408
1275349247970414593
1275349256975429633
1275349269218656257
1275349270124732417
1275349270963597315
1275349287044612096
1275349292883075073
1275349292958593024
1275349302198636544
1275349308959752192
1275349317688139777
1275349329843085312
1275349331604910082
1275349333953712128
1275349350684807168
1275349362248302592
1275349365217824769
1275349365192830980
1275349361413591040
1275349377872101376
1275349399447764992
1275349414224302080
1275349419303383040
1275349423279820800
1275349447048933376
1275349449024380928
1275349449615736832
1275349464883105794
1275349465646329857
1275349467101827073
1275349478858424320
1275349487091884032
1275349492141658112
1275349498642993153
1275349507459481600
1275349520478384128
1275349520826720265
1275349555077246977
1275349556797100035
1275349556993986560
1275349561729363968
1275349562509668357
1275349567052173312
1275349584039084032
1275349594302492674
1275349598442160128
1275349608693207046
1275349670022316032
1275349673243525121
1275349680407355393
1275349685201485828
1275349699847835648
1275349703891120129
1275349712296534017
1275349713940709376
1275349716574834691
1275349718839595008
1275349739391909888
1275349741350653952
1275349741799264257
1275349753165905920
1275349768512983040
1275349782932803584
1275349782937178113
1275349793653522436
1275349805665902592
1275349826033631233
1275349836317945856
1275349857050546176
1275349870631620619
1275349872070111232
1275349916643201029
1275349941532135424
1275349956103221248
1275349957168582657
1275349960863518723
1275349982296584192
1275349995508707328
1275350000105590784
1275350000688607237
1275350001552510976
1275350011027558401
1275350016429703170
1275350028173926400
1275350028312174592
1275350044594409473
1275350077821902849
1275350097652375552
1275350102505291777
1275350119886450688
1275350122495270912
1275350129462185985
1275350161217261568
1275350178246070272
1275350189776293888
1275350198798049281
1275350203873275904
1275350204758155264
1275350220545671168
1275350229584211968
1275350234248261632
1275350236119040000
1275350260680921088
1275350270030069761
1275350270579486720
1275350293715185664
1275350303722872839
1275350310773567488
1275350319816421382
1275350328226074630
1275350335645716486
1275350347872116736
1275350359628750849
1275350369959202816
1275350377672708101
1275350399822815232
1275350401362079745
1275350405480886274
1275350410191089664
1275350410375487488
1275350417866731520
1275350421796786177
1275350431498072064
1275350436971556864
1275350447528783873
1275350454403239940
1275350480563011585
1275350483532726273
1275350487848476674
1275350488213569536
1275350524079099907
1275350534891999232
1275350542437449729
1275350561207058437
1275350567553060864
1275350570006654978
1275350571877269513
1275350573001306114
1275350575706591233
1275350611446370304
1275350613665038339
1275350613870567424
1275350622787649536
1275350624125612033
1275350657466327040
1275350662474317824
1275350665439539200
1275350667935100928
1275350670623809537
1275350672997785600
1275350673144463360
1275350673673068544
1275350676403519488
1275350681101250561
1275350693772132352
1275350697853120513
1275350699904077825
1275350706665512960
1275350713837727746
1275350725401313280
1275350726173229056
1275350729176363009
1275350732128915457
1275350737053245440
1275350741490839552
1275350757043171329
1275350762260959232
1275350786495692803
1275350818686935042
1275350829587816448
1275350867126947840
1275350869240721408
1275350870146891776
1275350870528372736
1275350873439301632
1275350890526978050
1275350900157153281
1275350902707302400
1275350904070275074
1275350916061966336
1275350951516229633
1275350959254880258
1275350959653175302
1275350965739233285
1275350970264772612
1275350986446434304
1275350999373398016
1275351009871622144
1275351019900338177
1275351026942476288
1275351028238516224
1275351030566457345
1275351034483879936
1275351035297464320
1275351043283587084
1275351043522560001
1275351044680306688
1275351050422063104
1275351063269343233
1275351065962127363
1275351066679246848
1275351066821816320
1275351078930964481
1275351082810687488
1275351084303859714
1275351093451644929
1275351096412815366
1275351097880662016
1275351115262033924
1275351126825730049
1275351126963970048
1275351135520305153
1275351136850128897
1275351145775423488
1275351147780247556
1275351157171503104
1275351157263785987
1275351167594364928
1275351177865990144
1275351179812274177
1275351182953701376
1275351189153034240
1275351196207898624
1275351198095347712
1275351199076823042
1275351210783051777
1275351227010670593
1275351230651363328
1275351233050673157
1275351236359798784
1275351248280092672
1275351248498130944
1275351257360723968
1275351272510631937
1275351282539167745
1275351288600055812
1275351291024355329
1275351302285950976
1275351302931976192
1275351303867240448
1275351307411312641
1275351308510388225
1275351310875983879
1275351320199786497
1275351328756097024
1275351340336611328
1275351341217443840
1275351346301095938
1275351353947086848
1275351355603873792
1275351387950313472
1275351389032509441
1275351372104232960
1275351424314949634
1275351448205824001
1275351460260143106
1275351464999890948
1275351476160913409
1275351477360492545
1275351477754658818
1275351496515698689
1275351515209883648
1275351520083505152
1275351527562129408
1275351529625579520
1275351531127103489
1275351543819071489
1275351558385995779
1275351563188367360
1275351569433800706
1275351571031867392
1275351578447212544
1275351580750077952
1275351597195972608
1275351622780989441
1275351646038564865
1275351670189199361
1275351670344626177
1275351680117125121
1275351685506887680
1275351699771686913
1275351716322516995
1275351719086567424
1275351722601467904
1275351725298388998
1275351726569082881
1275351727542161408
1275351735444410378
1275351737545744386
1275351738753654785
1275351759192338433
1275351775655022593
1275351788309188608
1275351795246628864
1275351840347971585
1275351844043309056
1275351849692999680
1275351853220364288
1275351862942683136
1275351864297631744
1275351872480645125
1275351873373929473
1275351881624293376
1275351890352467968
1275351901710630913
1275351902272868352
1275351927077826560
1275351935676067842
1275351945960738817
1275351959650869248
1275351983948361729
1275351995126292480
1275352002718031872
1275352021483139077
1275352022448046081
1275352023437766657
1275352033000898561
1275352038822551555
1275352049958268928
1275352050675703809
1275352104538865665
1275352106665422848
1275352135711023105
1275352136683937792
1275352141977157634
1275352142950227968
1275352155105329152
1275352157198286848
1275352158645424130
1275352162067869701
1275352169110274050
1275352204082176000
1275352212210884608
1275352237355593728
1275352242422415366
1275352249603026949
1275352254015512576
1275352256024580096
1275352256892846080
1275352268154515457
1275352277155565576
1275352277239435264
1275352277969186817
1275352289251819523
1275352295111135234
1275352296168308738
1275352300031053825
1275352303374077952
1275352308834947072
1275352315927674882
1275352317278056451
1275352318175850503
1275352318209167362
1275352321459814400
1275352337666600960
1275352348601147397
1275352350882795520
1275352351470047232
1275352359690960896
1275352371871092736
1275352397892612096
1275352409594753024
1275352414451666944
1275352415370444800
1275352418902040576
1275352419791036416
1275352431614758912
1275352434508886016
1275352435456958464
1275352439865004032
1275352457569157121
1275352466868129794
1275352470206758921
1275352472219873281
1275352472513425409
1275352473348251650
1275352478054260736
1275352479601881089
1275352483053830153
1275352492495126528
1275352502209146883
1275352506067906562
1275352512229281792
1275352555799875589
1275352564385497089
1275352571280912384
1275352571486646272
1275352575378948097
1275352584853819392
1275352589899620353
1275352590377717760
1275352604424445955
1275352607788199936
1275352618949390342
1275352627048521728
1275352627845517312
1275352629443309569
1275352653753495554
1275352670384066563
1275352674980909057
1275352690009214977
1275352690449461249
1275352700985671680
1275352715405778947
1275352721839624192
1275352723500625920
1275352732644323329
1275352749522276353
1275352750419849216
1275352766681174017
1275352774604132353
1275352782103601153
1275352794761814017
1275352804949848070
1275352831600492544
1275352831831101441
1275352838617526272
1275352857957421056
1275352861971546113
