1270536144418045954
1270536157411938304
1270536187254538244
1270536195194228736
1270536215209496577
1270536215566127105
1270536220045647880
1270536223627542531
1270536223648448512
1270536242451689472
1270536252689993728
1270536263473311745
1270536267101605888
1270536269462790144
1270536283274657793
1270536308440666112
1270536311917731848
1270536312010006531
1270536326115233797
1270536371871133701
1270536376451301379
1270536389600264193
1270536391081054208
1270536408457936896
1270536412048343040
1270536416536256512
1270536421778964482
1270536423477784581
1270536427227410432
1270536464011603968
1270536471347253248
1270536477529665537
1270536483989008385
1270536501697413124
1270536501806407680
1270536504494997506
1270536518386487297
1270536520789708800
1270536526099886080
1270536542268907521
1270536544017715200
1270536557234028544
1270536560430235649
1270536565316608000
1270536569896620033
1270536581342990336
1270536584572489735
1270536597780512768
1270536602914361345
1270536614251462658
1270536639308115968
1270536657226412035
1270536661127102464
1270536663668797440
1270536663811457024
1270536665417875457
1270536672795521024
1270536682463510529
1270536694513561600
1270536702273216513
1270536728386826241
1270536756782338048
1270536757096976386
1270536758254501888
1270536758552379398
1270536762914414592
1270536768790704128
1270536777980411906
1270536778395668486
1270536794229149697
1270536803787948032
1270536819164266496
1270536831239512064
1270536836130107393
1270536861581103104
1270536862071996416
1270536861858115584
1270536863514853376
1270536866094342144
1270536882435260416
1270536896859561984
1270536909316636673
1270536917571026944
1270536921060724737
1270536932053757952
1270536946322944002
1270536950450212866
1270536964458942464
1270536971438264320
1270536989771591685
1270536998466367489
1270537003357147137
1270537010219016192
1270537022185320448
1270537025184075776
1270537025968640001
1270537029508530176
1270537032675229696
1270537051415470081
1270537054456352773
1270537058495475714
1270537059191721985
1270537063150972929
1270537107795312642
1270537113025474560
1270537115869351937
1270537118041833472
1270537125243564032
1270537127865040896
1270537134332502017
1270537138770194432
1270537162048581632
1270537163776589829
1270537155392057344
1270537175763804160
1270537187982000129
1270537188053155843
1270537189408092160
1270537199063379968
1270537199629500416
1270537204222160897
1270537207409979394
1270537209964363777
1270537214565535744
1270537219162456064
1270537230575112195
1270537232018014209
1270537236333854722
1270537236484968450
1270537252226183171
1270537269414449152
1270537272572682241
1270537285776310273
1270537286518812675
1270537331712372738
1270537332916129797
1270537336925765632
1270537337672536067
1270537350695837697
1270537354827100161
1270537378365571072
1270537399894974464
1270537435836014592
1270537446409662464
1270537449689755649
1270537450138431488
1270537460708065280
1270537469583384579
1270537469591683081
1270537488134803456
1270537492115185665
1270537500617068544
1270537508984696832
1270537520917491713
1270537530212048896
1270537535287148544
1270537538114138112
1270537538311090177
1270537545634455552
1270537552861134849
1270537561954496518
1270537567419592705
1270537570557079552
1270537618342785026
1270537620527804416
1270537620653834242
1270537647463772161
1270537651301515264
1270537663523815425
1270537677977288704
1270537680015765509
1270537693852626945
1270537696696557573
1270537710692962304
1270537722768261121
1270537731601575936
1270537734038319106
1270537737398030337
1270537748538064897
1270537753042628611
1270537760802140161
1270537763159408641
1270537769627062272
1270537781081772033
1270537784982482944
1270537785632600071
1270537793094074368
1270537797275811841
1270537801839362048
1270537803110264833
1270537819585478656
1270537827105865728
1270537837033558016
1270537843916619776
1270537863143149569
1270537882147618823
1270537901525413888
1270537917795008512
1270537936757374976
1270537943246147587
1270537952486199296
1270537953740283905
1270537962942496769
1270537964439900160
1270537964561543170
1270537965106692096
1270537981204426752
1270537998170456066
1270538006542327814
1270538007330852866
1270538011600715779
1270538020484079616
1270538051782160386
1270538062817304576
1270538063555391489
1270538063588941825
1270538075622518784
1270538077925183488
1270538078675849216
1270538083512049664
1270538087534333955
1270538091460276224
1270538103892123652
1270538123110473728
1270538126264619009
1270538127740940288
1270538128290447360
1270538133184974848
1270538157583298560
1270538161177989121
1270538162121641987
1270538169369296896
1270538171067985921
1270538179481792515
1270538181822353411
1270538186989744129
1270538191083372549
1270538208703586304
1270538224574910464
1270538231327518720
1270538246376710144
1270538258573922305
1270538262130462720
1270538267541168128
1270538275116199936
1270538290811359240
1270538306527219712
1270538312420397057
1270538354656833537
1270538359161737217
1270538376718938113
1270538377293512704
1270538377838952457
1270538385422196738
1270538389352321024
1270538397413715968
1270538403126423552
1270538406712541185
1270538412894965761
1270538436328349703
1270538473913626624
1270538483870793733
1270538486148456448
1270538489667477506
1270538497846325255
1270538498429181952
1270538509313544195
1270538526015315969
1270538526753505280
1270538536773660679
1270538541789921280
1270538547846471681
1270538574694400002
1270538581950390272
1270538589705842689
1270538626594734081
1270538627139977218
1270538627798511618
1270538670244847621
1270538674514669571
1270538676746047489
1270538682781642752
1270538703522402306
1270538720052158465
1270538740092592131
1270538757847031812
1270538766550069248
1270538781943148544
1270538819914235905
1270538827908538368
1270538836255191040
1270538839040425985
1270538844589432835
1270538853812776961
1270538860703989760
1270538879758741505
1270538888436736000
1270538903473324033
1270538912423907331
1270538919201984512
1270538920871297026
1270538924805349376
1270538943352602624
1270538964580040704
1270538973555949569
1270538990584598528
1270539005394747394
1270539011690553344
1270539042644516865
1270539056984842241
1270539058624843781
1270539069743906816
1270539073267122177
1270539075725004800
1270539087951396865
1270539093605310464
1270539101587091456
1270539108646035456
1270539119198953472
1270539126182416384
1270539136378830850
1270539138492772353
1270539161343311872
1270539163759071234
1270539166380511233
1270539182503583745
1270539191139684352
1270539231807471617
1270539234571673601
1270539238338179073
1270539248244932608
1270539251491368961
1270539255035674624
1270539260173717510
1270539265169113088
1270539275478728704
1270539298782220289
1270539302699626496
1270539311717515271
1270539328310128641
1270539329627205635
1270539331506262019
1270539346463129601
1270539354033643520
1270539357745807360
1270539365152952321
1270539365501059073
1270539375995228161
1270539382550859777
1270539382630432768
1270539387470741510
1270539395037347840
1270539399642652674
1270539400158474240
1270539417103544324
1270539444920057857
1270539462770978816
1270539466692866053
1270539471134445568
1270539471201742848
1270539479942651905
1270539480584253440
1270539487739699203
1270539487949578241
1270539509176963074
1270539540776845315
1270539541171109890
1270539566345265154
1270539581373460485
1270539586960150529
1270539594015158273
1270539597039230982
1270539597836103681
1270539601971568640
1270539603947032576
1270539605377536000
1270539624780304384
1270539625086496769
1270539626072203264
1270539637849821184
1270539640127225857
1270539642983583745
1270539650130640896
1270539655130173441
1270539670527578115
1270539695450198016
1270539703473762304
1270539723493138432
1270539725842104323
1270539734008434688
1270539770012237825
1270539788916006913
1270539806561513474
1270539809639915524
1270539822885634048
1270539830452084737
1270539874320306176
1270539876660908034
1270539878372184067
1270539881538899968
1270539886454546436
1270539895208054784
1270539898840403975
1270539904192299009
1270539907002318850
1270539913004486657
1270539914971697158
1270539916632621058
1270539917056073728
1270539928494014467
1270539940388995073
1270539960559398913
1270539966347726849
1270539992188813312
1270540000904519681
1270540029115408384
1270540029090238466
1270540037403394048
1270540055472455682
1270540056436957186
1270540058559471616
1270540059108917249
1270540059092021248
1270540060996362240
1270540067057041408
1270540068281896960
1270540068722216968
1270540078394327041
1270540079061258240
1270540088062152707
1270540089496649728
1270540103937654787
1270540104747098112
1270540105586028545
1270540108274511873
1270540121884856320
1270540134040178688
1270540145842946048
1270540147281612803
1270540170031497218
1270540170996125696
1270540179422486528
1270540189069389824
1270540195931226112
1270540199848796160
1270540205242462209
1270540210137264131
1270540249635016704
1270540251770114048
1270540253397467136
1270540260255174662
1270540306702675970
1270540308837740544
1270540314072285197
1270540320766377986
1270540335165386754
1270540342543163397
1270540343294001152
1270540353498689536
1270540357546266624
1270540359739887616
1270540361140707330
1270540367079837696
1270540368379957250
1270540376856834048
1270540386063339520
1270540403519959040
1270540409303777280
1270540423531040768
1270540439217680385
1270540444502384640
1270540449401323521
1270540458117279745
1270540472742637568
1270540476681269249
1270540485946486787
1270540520012623873
1270540527251984384
1270540544859488256
1270540553235558400
1270540557367029767
1270540583325532163
1270540583434584066
1270540587524128768
1270540619954487299
1270540623297331201
1270540644835119105
1270540650816167937
1270540655563923461
1270540667081707521
1270540680033701891
1270540682373951488
1270540695124815873
1270540703177687040
1270540704792678401
1270540715249016832
1270540724602236932
1270540730084274178
1270540734094094336
1270540736262557697
1270540751147958273
1270540766818054147
1270540769682571264
1270540783863635968
1270540796090032129
1270540800464650243
1270540822015102978
1270540824602972162
1270540834962735105
1270540854600572928
1270540859449245697
1270540863173689346
1270540867707830275
1270540871986003969
1270540874682961921
1270540884778475520
1270540897646600193
1270540902734467073
1270540905980858369
1270540909088776195
1270540912792403968
1270540913069129729
1270540920883200001
1270540922288254977
1270540925832478721
1270540939036184577
1270540944526290944
1270540934737006594
1270540950230663175
1270540951384014849
1270540954106281984
1270540981914333184
1270540988138708994
1270540988226981888
1270540996623941637
1270540997760634881
1270540998926405633
1270541001321578503
1270541003410341890
1270541013879226368
1270541035555508224
1270541040252882945
1270541044619280384
1270541048981475333
1270541057110036481
1270541057244237829
1270541061086228486
1270541071613747200
1270541072200986624
1270541072662315008
1270541074105237506
1270541076760268806
1270541111954681856
1270541158444232704
1270541159165820928
1270541160772177922
1270541169924222976
1270541174189654016
1270541231408414720
1270541236969959424
1270541249183920129
1270541254179381248
1270541254460354561
1270541271497670656
1270541271522631680
1270541275859578880
1270541294667018246
1270541300232667136
1270541308709556224
1270541313126039555
1270541321472667648
1270541332323459072
1270541348853002240
1270541362618863616
1270541367446581248
1270541403089768449
1270541403140042753
1270541413407752192
1270541416452829185
1270541424166162432
1270541425306931202
1270541429589377024
1270541433418776576
1270541433976639494
1270541459993686016
1270541462036451328
1270541466536992771
1270541470861152256
1270541488338976768
1270541491073515520
1270541513475448832
1270541524145668097
1270541533259890689
1270541536166436864
1270541556907466752
1270541559369363456
1270541569616207874
1270541580886257666
1270541581578199040
1270541581926498305
1270541585059586051
1270541586074603520
1270541590394617856
1270541601375498241
1270541601752956928
1270541635026325505
1270541639098839045
1270541652264923141
1270541658111778817
1270541664470302720
1270541668681428992
1270541697823334400
1270541707042422784
1270541710083256321
1270541717956108290
1270541723631063047
1270541741674856453
1270541742861926401
1270541745969864707
1270541749166002176
1270541766006112256
1270541766815604736
1270541774419714049
1270541785324941312
1270541794791624706
1270541812646756352
1270541814873886720
1270541831172796416
1270541836092870657
1270541841969143809
1270541848512212992
1270541884872589314
1270541885858349056
1270541903595888642
1270541916418068480
1270541917571305472
1270541924659793931
1270541938773524480
1270541945929170945
1270541952820350976
1270541958520291328
1270541970503618561
1270541982285299712
1270541988987838466
1270541989386297345
1270541997183586304
1270542001113620485
1270542001268756480
1270542009237938177
1270542024421150720
1270542026363166721
1270542029773291520
1270542051482857472
1270542066746097664
1270542070160261120
1270542084102127617
1270542093203705856
1270542100199804928
1270542101982240769
1270542102774943744
1270542112140877826
1270542114821210113
1270542115290918914
1270542116255662080
1270542118671585281
1270542122844745728
1270542134018543616
1270542143032037376
1270542143858315264
1270542159125663750
1270542184761241605
1270542200175243265
1270542215647907842
1270542217074085893
1270542222040023040
1270542233687769088
1270542234195128320
1270542235356893184
1270542240562024448
1270542254717927424
1270542267552534537
1270542295218167808
1270542295964823552
1270542302281416704
1270542302411476993
1270542329502412801
1270542349324767232
1270542351081955329
1270542364055154689
1270542377585766401
1270542389078306818
1270542397399801856
1270542397571817473
1270542410708205569
1270542418874638339
1270542423471452160
1270542428559163393
1270542428781580288
1270542440517316612
1270542449182679041
1270542461899812865
1270542478165278723
1270542492014788608
1270542497022906368
1270542500340494336
1270542519126896641
1270542519462326274
1270542552815620098
1270542558586863616
1270542572025532416
1270542576177856513
1270542579054960640
1270542603088465920
1270542605001076736
1270542607517650944
1270542625901367300
1270542642162462720
1270542644565864451
1270542646939877379
1270542670927200258
1270542672348889088
1270542679911346176
1270542686601146368
1270542706058674178
1270542706452893696
1270542709653213186
1270542713147011073
1270542716393467904
1270542728540180480
1270542729638932481
1270542730574180352
1270542742725287936
1270542743232753664
1270542756344143872
1270542779492511745
1270542785209413633
1270542788766162945
1270542792843026432
1270542800652771335
1270542813139091456
1270542819552182272
1270542821943107584
1270542825369763840
1270542842058936320
1270542851277905920
1270542857397469184
1270542862719971331
1270542863403814913
1270542894018035720
1270542897197146113
1270542915543207937
1270542939400306689
1270542982979223552
1270542983172153344
1270542986565353474
1270542991103385602
1270542994647777287
1270542996430221312
1270543043200987138
1270543049337298945
1270543060779315206
1270543071768346625
1270543079473381377
1270543081612271616
1270543087178309638
1270543111903739906
1270543113770029056
1270543120770441218
1270543126218694657
1270543137358974978
1270543139774791680
1270543161157353472
1270543170506457092
1270543183852773377
1270543184905539586
1270543189947092992
1270543221974843398
1270543223971123200
1270543226617937920
1270543237678354432
1270543239251144704
1270543243399266306
1270543246926716940
1270543261313257474
1270543267269050370
1270543268846039040
1270543282917998592
1270543285837160448
1270543293877760001
1270543315415400448
1270543332930920454
1270543336965890055
1270543340606390273
1270543345711026176
1270543346751148034
1270543347266940928
1270543350207090689
1270543351620816896
1270543356393746433
1270543362089779200
1270543367403737088
1270543373221445632
1270543379596705794
1270543385607225345
1270543387574272007
1270543397313339392
1270543412094271488
1270543438526779392
1270543447821152256
1270543455559782401
1270543481044373504
1270543484961689600
1270543501592330240
1270543507955036160
1270543521460731904
1270543533875724288
1270543552855056385
1270543563043098630
1270543575734816768
1270543582231842817
1270543590905839617
1270543614909833216
1270543619368288256
1270543620047802368
1270543628113293312
1270543645586972672
1270543647763652608
1270543648489459713
1270543661718286336
1270543661764313089
1270543668362063873
1270543673743286273
1270543675194392576
1270543675274264576
1270543687244709888
1270543695327232000
1270543703417982976
1270543706181865473
1270543706521812992
1270543751862038528
1270543764663054337
1270543778521051137
1270543781662613505
1270543815204536320
1270543816299130880
1270543826109689857
1270543830098472960
1270543832493457414
1270543833923833859
1270543848670924800
1270543857399353346
1270543858649174024
1270543867549347841
1270543879046139904
1270543890689515520
1270543892568518656
1270543899484971008
1270543901615685636
1270543905231003648
1270543917755351041
1270543924801572864
1270543929163866112
1270543934050238465
1270543936956882945
1270543945563594753
1270543946058543106
1270543946758815744
1270543959719215105
1270543963729137664
1270543974806155264
1270543979646353408
1270543980829315078
1270543995329032192
1270544018829643777
1270544038375174147
1270544041751515143
1270544042531540992
1270544059354890241
1270544068364382208
1270544084118241280
1270544097678245889
1270544109577678848
1270544110135410688
1270544115579510785
1270544122395242496
1270544125499256832
1270544132189163521
1270544133577478145
1270544151805747201
1270544158369824768
1270544160945106949
1270544167668723713
1270544168952029186
1270544177256976386
1270544192822009856
1270544199847469056
1270544220303110144
1270544249830940672
1270544257372340225
1270544261331578882
1270544268311093248
1270544278054293505
1270544283498614784
1270544296161099776
1270544301353766912
1270544307498258435
1270544310723915776
1270544323071877127
1270544324393132037
1270544331942825985
1270544369351905280
1270544390566666240
1270544406190399488
1270544412708204550
1270544414700601344
1270544421306728449
1270544425538764801
1270544436796076033
1270544439170043906
1270544452914778112
1270544454957621249
1270544490462433282
1270544510062297091
1270544511844913155
1270544520359358467
1270544553238552576
1270544565963907072
1270544587363409923
1270544599493365761
1270544603314294786
1270544604132147202
1270544609513549831
1270544611711356929
1270544613024153600
1270544624814370820
1270544642497548291
1270544643453665280
1270544656980307968
1270544658062610432
1270544660667097088
1270544673887715328
1270544676009807872
1270544689108787201
1270544702224232448
1270544710524788736
1270544710646595590
1270544713003786241
1270544718602964992
1270544733073543174
1270544735241936896
1270544742120652806
1270544746897760261
1270544747858292738
1270544756385501184
1270544756834066433
1270544793609764864
1270544796306870272
1270544799393697792
1270544800593281026
1270544809984475143
1270544818603569152
1270544822848245761
1270544825729900547
1270544826661044224
1270544830087782401
1270544833417895936
1270544841567592450
1270544853152210947
1270544863327653896
1270544877982490629
1270544901629980673
1270544917929046016
1270544919795511298
1270544920613285888
1270544922874003461
1270544928955863040
1270544935155126275
1270544936966946816
1270544939588468737
1270544952091652108
1270544960010534914
1270544964078964737
1270544982227574786
1270544985981685761
1270544991732084736
1270544992541577216
1270544993854337024
1270545002230190080
1270545005162217472
1270545008249253890
1270545012917485568
1270545017170530304
1270545037391130624
1270545045201043456
1270545047059083264
1270545048132890625
1270545051215704068
1270545054067822594
1270545064721362944
1270545074632290304
1270545079262949376
1270545082978979841
1270545087164870662
1270545089714991104
1270545092596699138
1270545095914225664
1270545100075077633
1270545103585718274
1270545106966200320
1270545109927571456
1270545124628389888
1270545128919388160
1270545136225677313
1270545136884334593
1270545146925453313
1270545165594374145
1270545170195349504
1270545175341826048
1270545178521042944
1270545179678781442
1270545191766654977
1270545197441536005
1270545203724603392
1270545203980636166
1270545209659514885
1270545204748210176
1270545246456295425
1270545247223848961
1270545250889527298
1270545257856479232
1270545272364564480
1270545287388463104
1270545292786413573
1270545308376850435
1270545325015683075
1270545328681488385
1270545331973996544
1270545336990347265
1270545337963491330
1270545358678970369
1270545372033642496
1270545374076272640
1270545374814572544
1270545380556640258
1270545389528190976
1270545398244028418
1270545415201423360
1270545427759276032
1270545442821083138
1270545444460998656
1270545457752739841
1270545462169350147
1270545471761678338
1270545475733803015
1270545509183193089
1270545509514489856
1270545518599561216
1270545530008096770
1270545532503678976
1270545548710481922
1270545552887943168
1270545555924664321
1270545561003929600
1270545564824977409
1270545565412188160
1270545565386850311
1270545583170822144
1270545583959392257
1270545597838188545
1270545610387660807
1270545629073346561
1270545632802021377
1270545638049144838
1270545644080463873
1270545646743891972
1270545673474256897
1270545675307147265
1270545676313772033
1270545688577916929
1270545688628264964
1270545702473662464
1270545716222492672
1270545748648755202
1270545763005841408
1270545763328643072
1270545766440828929
1270545771994234881
1270545778512199680
1270545784338034690
1270545797495521280
1270545817988927488
1270545830844477442
1270545831003860997
1270545837781704704
1270545842047500288
1270545870094626816
1270545872502341632
1270545876067516417
1270545888683806720
1270545895436754944
1270545895675887618
1270545898410573825
1270545911979094022
1270545912872517637
1270545914726318082
1270545926348853248
1270545934246539264
1270545938793234433
1270545951401402370
1270545959437709312
1270545960851197952
1270545964844093441
1270545983764492289
1270545990236418049
1270546010314596352
1270546021890822145
1270546028584931328
1270546034352173056
1270546035694358529
1270546047476137984
1270546047710965760
1270546060235231232
1270546077297541122
1270546085023485957
1270546100873842690
1270546101402308610
1270546113779638274
1270546115776131072
1270546131282538498
1270546135199842304
1270546137317912576
1270546148021997569
1270546152455319553
1270546156532256768
1270546163746459651
1270546174773256192
1270546175226187779
1270546186336759808
1270546192078983168
1270546204674404352
1270546205756420096
1270546210902937600
1270546231887048704
1270546240300711938
1270546243425615874
1270546243853434881
1270546244440657921
1270546252879417346
1270546269774254081
1270546273674944512
1270546279626502146
1270546281740398592
1270546284320108544
1270546285528059904
1270546290083082240
1270546291924205568
1270546306617016320
1270546317610229760
1270546320047116288
1270546325260492801
1270546329647882241
1270546350288056326
1270546364997533697
1270546383041441792
1270546388171063296
1270546389626433537
1270546400670093319
1270546410589630464
1270546411076022273
1270546433767325696
1270546440218083329
1270546440930996224
1270546441757323264
1270546471826231296
1270546480479318017
1270546482962354177
1270546484681900033
1270546484841381888
1270546486716174336
1270546492756025344
1270546530278215680
1270546547038728193
1270546555024691200
1270546564532989954
1270546564545523717
1270546580567994368
1270546581394280448
1270546593150894082
1270546606908215297
1270546616253104129
1270546617486266370
1270546620086718465
1270546620745232390
1270546623505092609
1270546626155773952
1270546627866931206
1270546634061918208
1270546641917865984
1270546646095536129
1270546646787645441
1270546648360353792
1270546648733712384
1270546650281529345
1270546650503790594
1270546656371642369
1270546663954804737
1270546676365709312
1270546681054937089
1270546695361830914
1270546706543730688
1270546707298869249
1270546717776240642
1270546718053015554
1270546725724454912
1270546736025464832
1270546752064622593
1270546756858675201
1270546784453042180
1270546794431168512
1270546808058589185
1270546814278569984
1270546819836239872
1270546824215044098
1270546828187054084
1270546830850322434
1270546834906382337
1270546837536006144
1270546849628393474
1270546869660397569
1270546871270817792
1270546874395738112
1270546878472622082
1270546883921002496
1270546887712616453
1270546887880441857
1270546889323184128
1270546895593566208
1270546896256479233
1270546916842131456
1270546925490593793
1270546932830744576
1270546945799569408
1270546946462232577
1270546949050114048
1270546952376201216
1270546955446321154
1270546958697074694
1270546963948281858
1270546970545991680
1270546973922336768
1270546978481377282
1270546997280464897
1270546999595712514
1270547000270950401
1270547001273315329
1270547002892247040
1270547012950216704
1270547020416245760
1270547032244092930
1270547045951041538
1270547058684985344
1270547062258413571
1270547062531198978
1270547063659548674
1270547070303137792
1270547086585593857
1270547090855227393
1270547092587466753
1270547093346816001
1270547099747258368
1270547101278068737
1270547108878303235
1270547117308809216
1270547118730604545
1270547130613207042
1270547133628809217
1270547139026919425
1270547139483983872
1270547145763028992
1270547166566797319
1270547171520253962
1270547195477938177
1270547196845461504
1270547204219047936
1270547212494409728
1270547214155177984
1270547227665186816
1270547247516672002
1270547255003619328
1270547255867650049
1270547263031586821
1270547266785423360
1270547268635000832
1270547268987428865
1270547269918568448
1270547277401206791
1270547282476371968
1270547304634888195
1270547305066893312
1270547305708638208
1270547317935017984
1270547325845266432
1270547335848890369
1270547340214976513
1270547345256505345
1270547348888924160
1270547356518363136
1270547358963687424
1270547376571375616
1270547379482251265
1270547386788491270
1270547426307387392
1270547431789379589
1270547454857867266
1270547460935598083
1270547462017691649
1270547464039403520
1270547474843828226
1270547478207696896
1270547494980726785
1270547514173710337
1270547528400941058
1270547535065645057
1270547549779353600
1270547607920623616
1270547609946591232
1270547613276729345
1270547616187777025
1270547616607154177
1270547624836206592
1270547627466280969
1270547654498533378
1270547659871457282
1270547663277219841
1270547669807751169
1270547674106720258
1270547678653448193
1270547680968740866
1270547688677769216
1270547700401016834
1270547701491474434
1270547713508225025
1270547714128871424
1270547726183342080
1270547726338588673
1270547735016542209
1270547740922003458
1270547741274525696
1270547750380331008
1270547762292162560
1270547771049811968
1270547774665142272
1270547775344672770
1270547797486587904
1270547812414095360
1270547818030260230
1270547822048243713
1270547831191941122
1270547835537240071
1270547868848467970
1270547887521439750
1270547889836765184
1270547889765351424
1270547897956945921
1270547898137182210
1270547898539765760
1270547900116815873
1270547900502867970
1270547902906068992
1270547904990593024
1270547931251249152
1270547934782750724
1270547939924905984
1270547942886133762
1270547954697474048
1270547957390008320
1270547963216048129
1270547965183094784
1270547968614113280
1270547969243148288
1270547977111842816
1270547986930515969
1270547990109970432
1270547997185634305
1270548001237450752
1270548033298628610
1270548042270334976
1270548053288681472
1270548060792393728
1270548061194874880
1270548061639462913
1270548062969217024
1270548064856616960
1270548091041538048
1270548093235130370
1270548095768633350
1270548112562630656
1270548121051856897
1270548124008960001
1270548124038082568
1270548128261763073
1270548129914503170
1270548153641701376
1270548156225331203
1270548158431535104
1270548168770347008
1270548171081445376
1270548181940666369
1270548189402337280
1270548190295662592
1270548202593402886
1270548219559325697
1270548229134995457
1270548244620247041
1270548246121725953
1270548246105112576
1270548249963753472
1270548276270346240
1270548290572967936
1270548316841930752
1270548317286662145
1270548322097528832
1270548333262786563
1270548351528787969
1270548356121669640
1270548357077848064
1270548363377770496
1270548364090802179
1270548379034988544
1270548379500765185
1270548379584643073
1270548379723091968
1270548389160259585
1270548392955936768
1270548395770425344
1270548399289499650
1270548399465660417
1270548405945860098
1270548419535187968
1270548430327123969
1270548432785203200
1270548449927335938
1270548450120253440
1270548471293120512
1270548476716363777
1270548482667892738
1270548487881531395
1270548496484044800
1270548496962240512
1270548498409295873
1270548498518355968
1270548499914989568
1270548504973398016
1270548517191397376
1270548518210584576
1270548527802986496
1270548530772541440
1270548543154069505
1270548546702327809
1270548547402903553
1270548552297693185
1270548554919133192
1270548557406375937
1270548568080674817
1270548623974109184
1270548624162918401
1270548627736461312
1270548649794310145
1270548650830245889
1270548659273216002
1270548663626895361
1270548667867561984
1270548672959393792
1270548682274897921
1270548690906648582
1270548702197960705
1270548703925768194
1270548720245972999
1270548726940123136
1270548732136902658
1270548739699032064
1270548745189494785
1270548745692893185
1270548757478858752
1270548764441247744
1270548773580800001
1270548783248609280
1270548790085324801
1270548792245444609
1270548794971693063
1270548798180413441
1270548803310010406
1270548803666534401
1270548817520320513
1270548818853949441
1270548841553522693
1270548844296589313
1270548858595147777
1270548862764068864
1270548866434293760
1270548874839691264
1270548882968248321
1270548883555463168
1270548883555389442
1270548897103073280
1270548899879481345
1270548900013764608
1270548903528558593
1270548926274236417
1270548938161086464
1270548949066276864
1270548951603859457
1270548959958876161
1270548978128601089
1270548982096412672
1270548995404754944
1270548998399635458
1270549008746975234
1270549029647273985
1270549053026304002
1270549055026991106
1270549059351257089
1270549066871713793
1270549087612477442
1270549093295808518
1270549097389404160
1270549117765406728
1270549136572649478
1270549142029266946
1270549146013847552
1270549146039021568
1270549163302936581
1270549171188174849
1270549181405360128
1270549183280427010
1270549200309309442
1270549209318555649
1270549216063098882
1270549218495623168
1270549231653314563
1270549234891264008
1270549235532890112
1270549235675561984
1270549246752653313
1270549254961070080
1270549257423110147
1270549281984790528
1270549291375964163
1270549296106987520
1270549295977033729
1270549299303235585
1270549299504361472
1270549307825979392
1270549324724830208
1270549324624166912
1270549331037138946
1270549331762913282
1270549340701024257
1270549353334222848
1270549385932349442
1270549393834418177
1270549394291646469
1270549407524675584
1270549413346369537
1270549413858025474
1270549416278200320
1270549425669263361
1270549431688081411
1270549440508690432
1270549441959903232
1270549445659123712
1270549450457579520
1270549460557238274
1270549494413897737
1270549505486712834
1270549508213166080
1270549511169994752
1270549534280683520
1270549557412323329
1270549574856380418
1270549581584007168
1270549593588150273
1270549595953729538
1270549597887266816
1270549600131321856
1270549601674821633
1270549604111650817
1270549609367040001
1270549647707209731
1270549657739907072
1270549667479277568
1270549671853735936
1270549675448418304
1270549678573137921
1270549681022648321
1270549681248956421
1270549685162381313
1270549688752566272
1270549693139791873
1270549699532120065
1270549706402217985
1270549721447350272
1270549737704480768
1270549738362826752
1270549746193661954
1270549752694755328
1270549755991646208
1270549777982390273
1270549810182053889
1270549830323056640
1270549835381383168
1270549835213688832
1270549845879558146
1270549847901376515
1270549853018492935
1270549854838816769
1270549856084525056
1270549864561225733
1270549868570869761
1270549874698866688
1270549877701763072
1270549896475537409
1270549903240912896
1270549903698210819
1270549905053044737
1270549916817993728
1270549935700746241
1270549947591479296
1270549951270060032
1270549974758146049
1270549980806352897
1270549984220344321
1270550002536837120
1270550024208838663
1270550042013818881
1270550044907880450
1270550056756670464
1270550064373661698
1270550078990594048
1270550088444596225
1270550108522688516
1270550122234085378
1270550141179699202
1270550159454171137
1270550167444471810
1270550192274767874
1270550192283160577
1270550206858346501
1270550217155198977
1270550222528303109
1270550227091689473
1270550244866973697
1270550253595357184
1270550255470346240
1270550267071610882
1270550270007824384
1270550276446081024
1270550296683520001
1270550305676169226
1270550318074351616
1270550321950068736
1270550334566432768
1270550338282549248
1270550341302484994
1270550346100879365
1270550368515211264
1270550372214595585
1270550377390211073
1270550385732866051
1270550396243709952
1270550396461879297
1270550397405540353
1270550402216407040
1270550404481208320
1270550406557503488
1270550414149267456
1270550415470362625
1270550419287224322
1270550442158600193
1270550464359043072
1270550473360248832
1270550480528330753
1270550493207703552
1270550501722112004
1270550513772347392
1270550536824250370
1270550540582338562
1270550549151338496
1270550550111752192
1270550551030370306
1270550556944109568
1270550572857298945
1270550573801254917
1270550594017689602
1270550598971273216
1270550605711499264
1270550606357225472
1270550613902884864
1270550616218185729
1270550625411977216
1270550649873338370
1270550652364697607
1270550663840313344
1270550672971194368
1270550678302330881
1270550679862591491
1270550682811187200
1270550683696222208
1270550685327798277
1270550700028760064
1270550708564242433
1270550712032821254
1270550712070500352
1270550733415424002
1270550737613881344
1270550741246111744
1270550752138653697
1270550752931352577
1270550758258286592
1270550759088758785
1270550759311114240
1270550769004154882
1270550786532139009
1270550790055305216
1270550790223081472
1270550791896481792
1270550794073526274
1270550795780411392
1270550815468593153
1270550828705705985
1270550830203035648
1270550844728107008
1270550856040144897
1270550857055174659
1270550859487817728
1270550863824801792
1270550872511168512
1270550874385821698
1270550882640330753
1270550892119384065
1270550896838012928
1270550904484184064
1270550905008664576
1270550905373495297
1270550907571208192
1270550922393907201
1270550966530686978
1270550967298060289
1270550969378435072
1270550969734975489
1270550992329850881
1270550992543559682
1270551009375510530
1270551038584598529
1270551048269094912
1270551055235874816
1270551065310699521
1270551082100555777
1270551107429957633
1270551115134795776
1270551118884593665
1270551127000399875
1270551142435401728
1270551155987415041
1270551160227803137
1270551170541514752
1270551189805907968
1270551193127751681
1270551197657624577
1270551219006607363
1270551220822949892
1270551222479699969
1270551231291785216
