1272967157853253632
1272967164266496000
1272967191705485312
1272967192208797698
1272967208134680583
1272967216787599363
1272967216837746689
1272967225033609216
1272967225591414786
1272967237507452929
1272967242657992706
1272967255035383808
1272967258562875392
1272967280058667010
1272967325445246976
1272967326598602755
1272967329996029954
1272967342272757765
1272967356122370049
1272967356315250689
1272967371960004608
1272967376045211649
1272967380751323138
1272967397272666112
1272967409922498560
1272967410283352069
1272967422216028160
1272967427937243136
1272967428578906114
1272967447436357633
1272967448111788040
1272967453367308288
1272967469293019136
1272967482580574209
1272967505972264961
1272967506618208256
1272967511810674694
1272967515153379328
1272967528533372929
1272967539891544065
1272967539476357120
1272967540621193221
1272967540860485633
1272967552793145345
1272967556815564808
1272967562184269831
1272967569083949058
1272967598720856066
1272967611534450689
1272967624226410497
1272967624696180736
1272967641792200704
1272967644317192192
1272967649060782081
1272967649467813889
1272967657759924224
1272967658426728449
1272967661631287297
1272967670116298752
1272967670464425986
1272967682745303047
1272967694547996673
1272967711929352198
1272967736679821312
1272967737795579905
1272967750835679243
1272967750953172993
1272967755000676353
1272967757730963457
1272967759161430019
1272967766845394944
1272967767428337664
1272967774894280704
1272967774848135174
1272967795471536128
1272967817776836609
1272967821476192256
1272967833287372801
1272967833933266944
1272967841948372992
1272967843294969856
1272967862584557570
1272967876480102400
1272967883384131586
1272967884130615296
1272967888769626112
1272967892401901576
1272967893639036928
1272967909795602439
1272967914610667521
1272967938673344520
1272967943547224065
1272967932298121217
1272967964355149829
1272967971619684356
1272967971816697856
1272967973330976768
1272967977327972352
1272967984621985794
1272967984894685189
1272967985377021953
1272967990464708614
1272967992498946048
1272968001696890881
1272968005438316546
1272968027588431872
1272968041073180674
1272968051034591236
1272968051391180807
1272968060505223168
1272968060538888194
1272968081829232646
1272968097364926465
1272968111495319552
1272968130931724288
1272968148493443072
1272968161046876160
1272968173608976390
1272968173713862663
1272968190184718336
1272968190834946052
1272968204021911557
1272968214981545990
1272968215027757059
1272968232673185792
1272968232937422848
1272968240885530625
1272968249144217600
1272968252646457345
1272968253686628353
1272968274095947776
1272968277837348868
1272968278584037376
1272968279854850055
1272968295013023746
1272968298884468737
1272968307944108033
1272968312155262977
1272968319977631747
1272968320854212608
1272968346791587840
1272968350973349889
1272968366102372357
1272968367197093888
1272968387170316289
1272968396074889216
1272968401732894722
1272968454421741569
1272968471295467521
1272968493416288263
1272968496411000832
1272968500521447427
1272968505416134660
1272968513108541440
1272968514270306305
1272968522004598784
1272968526215573504
1272968530338643969
1272968539071221761
1272968571904315393
1272968572357283840
1272968581639266310
1272968586001297412
1272968589889470464
1272968593601249280
1272968601046261761
1272968602073915392
1272968605391413249
1272968639235457026
1272968647334658050
1272968652342456321
1272968669065359360
1272968671607078914
1272968676342468610
1272968676732518401
1272968681316732928
1272968694201810945
1272968697615839232
1272968710253359105
1272968715869405184
1272968718168076290
1272968716347678721
1272968723842977793
1272968732361490432
1272968739307294722
1272968744046755840
1272968756336173057
1272968757300858881
1272968764955463686
1272968786350682119
1272968803572494337
1272968819041079297
1272968836669677570
1272968852700307457
1272968856693288960
1272968866080059393
1272968870840721414
1272968879132880896
1272968886254735361
1272968886627991553
1272968898749571072
1272968907255681025
1272968916097216512
1272968920522260485
1272968928940093441
1272968937391751169
1272968941720256514
1272968948942700545
1272968954970083328
1272968974897160193
1272969000012701697
1272969003552686080
1272969004639039493
1272969007465930759
1272969008745263104
1272969011979042817
1272969013975490564
1272969016873648128
1272969021802123265
1272969025702621184
1272969032858124288
1272969042689757185
1272969054798692354
1272969076038565893
1272969084389523457
1272969096670437377
1272969101552562177
1272969105335820288
1272969109316173824
1272969112701087746
1272969154581147654
1272969154484670470
1272969177062690817
1272969179629486082
1272969181978398721
1272969188664057857
1272969190111170560
1272969196784189444
1272969200450048001
1272969209266528256
1272969213917921280
1272969214886731776
1272969222122098692
1272969230586130433
1272969231798112260
1272969242951012353
1272969251482189824
1272969252434313216
1272969256498585600
1272969263360299008
1272969264618770432
1272969267793682432
1272969267923677184
1272969288845078528
1272969290354958338
1272969292745773057
1272969313654317056
1272969317819260928
1272969323720695814
1272969334906916864
1272969343542886402
1272969353248616449
1272969360240332800
1272969378053656577
1272969380595478529
1272969385116868609
1272969391110529026
1272969398857465857
1272969403114467328
1272969407644471302
1272969414795722759
1272969415877853189
1272969424320860161
1272969428477468673
1272969432831320064
1272969443723730944
1272969448018894853
1272969458282356738
1272969508270018567
1272969529585545219
1272969532966154247
1272969533058400258
1272969533679112193
1272969537550508033
1272969541190991873
1272969563089453056
1272969566172438530
1272969571650191360
1272969575345336321
1272969578109427713
1272969587513069569
1272969590549643277
1272969612032950272
1272969617082908672
1272969621092564994
1272969628587884546
1272969636510908416
1272969641229459457
1272969666449813505
1272969671206199298
1272969676243398658
1272969688922890242
1272969689342382080
1272969703900798976
1272969724926865410
1272969738851934210
1272969741561290752
1272969752072409090
1272969754240843778
1272969763468111874
1272969770762227714
1272969781084381187
1272969784708251651
1272969785244962816
1272969785479843840
1272969787703013376
1272969801309270016
1272969801930080259
1272969809123110913
1272969823224508417
1272969826361892865
1272969834477821954
1272969846259621894
1272969855059230723
1272969867336060928
1272969873401004035
1272969876894695424
1272969881827213313
1272969889565806592
1272969917835419648
1272969922671411202
1272969930300952577
1272969940463685639
1272969948097400832
1272969948395122689
1272969955932139520
1272969972701188102
1272969985355284480
1272970003516542981
1272970005869625344
1272970022512660481
1272970052149657601
1272970064749346817
1272970065864990721
1272970068654202880
1272970069769728002
1272970086471565312
1272970091206975489
1272970099352309761
1272970107162177536
1272970107229057024
1272970116473524225
1272970120831344646
1272970145766531073
1272970161755172864
1272970169594380289
1272970178867990528
1272970179069132802
1272970186388275201
1272970190167453697
1272970188594569216
1272970195376766977
1272970194252632066
1272970215509368837
1272970219670167566
1272970229434380288
1272970232748015622
1272970240993918980
1272970253404782592
1272970257695678470
1272970257745842176
1272970267338383364
1272970270140239875
1272970274305081344
1272970274753908736
1272970274795859969
1272970282593062921
1272970286808346629
1272970291862478852
1272970305493966850
1272970312758562820
1272970321293832199
1272970322254245888
1272970322547896320
1272970325966364672
1272970326394142725
1272970329661624322
1272970333822185472
1272970333918826498
1272970337928523781
1272970342395514883
1272970358048436224
1272970366739271681
1272970375404519424
1272970380429459462
1272970384074211328
1272970385097732097
1272970388671049728
1272970389086441473
1272970415128801280
1272970417968484352
1272970425169899521
1272970429859278850
1272970447945003009
1272970451443220480
1272970452194000898
1272970454643421191
1272970472775286784
1272970489699459075
1272970505604214787
1272970513648943109
1272970514273898497
1272970530946117632
1272970538684764165
1272970538802196480
1272970538923720705
1272970544351260678
1272970548021088256
1272970548574932992
1272970547761119232
1272970559782035457
1272970559761022978
1272970560033763329
1272970564517466113
1272970580661321728
1272970581500211203
1272970619634794508
1272970622575001601
1272970639356440577
1272970640371277824
1272970643806359554
1272970652643975168
1272970669135986689
1272970699624329217
1272970704129056769
1272970706662244352
1272970711494209536
1272970736773275648
1272970741063938048
1272970741584199682
1272970744746704896
1272970757291806720
1272970774513582080
1272970781740261376
1272970798781825024
1272970798781865984
1272970799389896705
1272970812480319488
1272970816200810496
1272970824111263750
1272970832382496776
1272970832814510085
1272970837214232576
1272970845833617412
1272970865722916864
1272970865978888193
1272970866284994567
1272970871158845441
1272970883699814400
1272970913181548549
1272970916096548870
1272970938443759616
1272970957850923008
1272970962988929028
1272970989975097346
1272971016969629701
1272971020773670914
1272971026389970945
1272971042609299456
1272971047202144257
1272971047525023750
1272971056106504192
1272971063778062340
1272971067343155201
1272971068584742918
1272971075320758272
1272971080211337216
1272971084074233857
1272971089690460161
1272971100427882497
1272971102629789697
1272971117955887104
1272971118706438144
1272971118790483969
1272971122980483072
1272971147655643138
1272971171965763586
1272971172657926150
1272971181344329728
1272971184922124290
1272971185089904641
1272971189267435522
1272971193763549185
1272971218916909058
1272971223731965953
1272971244971847680
1272971247383728129
1272971256577445889
1272971260184723458
1272971278086025223
1272971285862256640
1272971290358366209
1272971303071420423
1272971303432204293
1272971320314064897
1272971335375953921
1272971337053634562
1272971340899901441
1272971341029953537
1272971343940780033
1272971365981749253
1272971382926671872
1272971386210799616
1272971390501769219
1272971395006423045
1272971412701982720
1272971432742596608
1272971436777447424
1272971437926756352
1272971465516818433
1272971474832363520
1272971477936152579
1272971479622152192
1272971482788966402
1272971486433853442
1272971487494848512
1272971507749261312
1272971524148994055
1272971530155286536
1272971533644898304
1272971538539655168
1272971541605736460
1272971545955237888
1272971549235126278
1272971549394468868
1272971567492784128
1272971574719787012
1272971578721161218
1272971584513495041
1272971587952668673
1272971596064407553
1272971620659986435
1272971626443874304
1272971634945687563
1272971642008932353
1272971642755522568
1272971651551039495
1272971667514392578
1272971668147896322
1272971683775873024
1272971689328926720
1272971693498212353
1272971705099706368
1272971709780500480
1272971725404278784
1272971725383352320
1272971729644683264
1272971751752896513
1272971765287960576
1272971768123273222
1272971772430897154
1272971798502674432
1272971805377073152
1272971814424248320
1272971831465537536
1272971832040316930
1272971843205500928
1272971848309866496
1272971863896006657
1272971869428363264
1272971877770842113
1272971910721257474
1272971910989529089
1272971916203229184
1272971920116334593
1272971935140511747
1272971941096370182
1272971947874439170
1272971957189988354
1272971969080819712
1272971974122274821
1272971983009931264
1272972003905908736
1272972032259452928
1272972045056454667
1272972049053396997
1272972086823325699
1272972090778533891
1272972103982161922
1272972105206947845
1272972133111459840
1272972137477951488
1272972167404281857
1272972192003887110
1272972195678085121
1272972196659503105
1272972200732250112
1272972208936280070
1272972247423221761
1272972250262585344
1272972263479037954
1272972270647087106
1272972272098324480
1272972292847308801
1272972292977541120
1272972304247652352
1272972309985480706
1272972329484554240
1272972330306764801
1272972333909716992
1272972343732695040
1272972350560980993
1272972351588745219
1272972355682394114
1272972355707514886
1272972360857948160
1272972377748574208
1272972381053579264
1272972389127794690
1272972398204268544
1272972414767398912
1272972417434963968
1272972426364825600
1272972452469989376
1272972455808774144
1272972450305904647
1272972480471236612
1272972480827686918
1272972497147891712
1272972514080296960
1272972514617167872
1272972527279751171
1272972535265550336
1272972573215805448
1272972574444716036
1272972581772111872
1272972598461300738
1272972599245647872
1272972602902888448
1272972612352778245
1272972619856228352
1272972624054927360
1272972627498295296
1272972639997313024
1272972641968758785
1272972645336616960
1272972653607874560
1272972665121394692
1272972669353201664
1272972673686155267
1272972683072933889
1272972702752681985
1272972715746635777
1272972732867596289
1272972755181461504
1272972758671151109
1272972770247401474
1272972775867781120
1272972780280049664
1272972783786627072
1272972787196596225
1272972787922198528
1272972817391390722
1272972821560463361
1272972833057095680
1272972838060781569
1272972842196484100
1272972842448060422
1272972853886017537
1272972859657400322
1272972879144062976
1272972884303060993
1272972884349157376
1272972887482384390
1272972901378068485
1272972901281607687
1272972917643632641
1272972921401565184
1272972926011281408
1272972930087960576
1272972942364807169
1272972942733987840
1272972950761701377
1272972950858162178
1272972963638378499
1272972971381047296
1272972964372381698
1272972979903725568
1272972980335849472
1272972981266821120
1272972993338236934
1272972997075353601
1272973009205198849
1272973013412085762
1272973027492466704
1272973028008300544
1272973042940076032
1272973047612538881
1272973055715917824
1272973060996399104
1272973068210667520
1272973069058035716
1272973072702767104
1272973088670527488
1272973088641122306
1272973111227490304
1272973117946724358
1272973118257205249
1272973122644262914
1272973136284332035
1272973151979417609
1272973168534323203
1272973177375916038
1272973181419225096
1272973181440200706
1272973183197409280
1272973198871715841
1272973199186198528
1272973219843227650
1272973207901892608
1272973248549064704
1272973286767562752
1272973289728737284
1272973295936307201
1272973306786971651
1272973306682105856
1272973316043800576
1272973323744489475
1272973341335457794
1272973345219317760
1272973349233332225
1272973357881765889
1272973365637255168
1272973391276851200
1272973408142274560
1272973420049903617
1272973421081755649
1272973445521965058
1272973466736656385
1272973466992590848
1272973469349642240
1272973479348854785
1272973482947751936
1272973488572203008
1272973496499548166
1272973504766492672
1272973505315966980
1272973513054355456
1272973533304565761
1272973551390334977
1272973551398682625
1272973562660491265
1272973571141193728
1272973571720204288
1272973572332498945
1272973575084007425
1272973597959741441
1272973606230745088
1272973609024225280
1272973617454739456
1272973627688923137
1272973630901805056
1272973664003198976
1272973669258588160
1272973698186829824
1272973703463256070
1272973711142985729
1272973723054813186
1272973723079815173
1272973730831089666
1272973736040374272
1272973747134312448
1272973772245647360
1272973776989425669
1272973789480050690
1272973789710737416
1272973789949825024
1272973794714554368
1272973803216424961
1272973809956642816
1272973814947815424
1272973828646481923
1272973844425433089
1272973861064081411
1272973865522810882
1272973874234380288
1272973899295227911
1272973899542781952
1272973920371716096
1272973920514322436
1272973929062301696
1272973944484761604
1272973954156822531
1272973954504949763
1272973957097029634
1272973961500868608
1272973969990221824
1272973970883608576
1272973982673694725
1272974001472708608
1272974013023862786
1272974013455728640
1272974021093666824
1272974021055799296
1272974028337303552
1272974032674131968
1272974036876890115
1272974036906192898
1272974042665046016
1272974045470998529
1272974053389635584
1272974053960278016
1272974058343325696
1272974059438067712
1272974059492515841
1272974075611275264
1272974099736821765
1272974104405000192
1272974105273401344
1272974126102089729
1272974137103986694
1272974137221279744
1272974154699063302
1272974171136495619
1272974171874549761
1272974175674695681
1272974176966631424
1272974179063730178
1272974192150032385
1272974192468807683
1272974201423491072
1272974201784348673
1272974212551127044
1272974213331259393
1272974222709620736
1272974252312911872
1272974254494175232
1272974260689084429
1272974264388509697
1272974280075227137
1272974284860817408
1272974285322289156
1272974286555242497
1272974301382217731
1272974301533212677
1272974302221123584
1272974317597405193
1272974319099011073
1272974335045709825
1272974335448363009
1272974344486940673
1272974372890767360
1272974381233385473
1272974406583758848
1272974407636529155
1272974418936029187
1272974422320787459
1272974432143921153
1272974443925647360
1272974449239867392
1272974457624236034
1272974481934467072
1272974485839208450
1272974486078459904
1272974487252762632
1272974490482479104
1272974515677650944
1272974520211648514
1272974523160281089
1272974562238574592
1272974574498480128
1272974579649126400
1272974586183852033
1272974591103774721
1272974603934150662
1272974615535587330
1272974616558960641
1272974619704791042
1272974638461726720
1272974645487038464
1272974647601045504
1272974647559106561
1272974649144598529
1272974657688346624
1272974666693586951
1272974687954444288
1272974695114170371
1272974717360787459
1272974738059661320
1272974754773901315
1272974776185892864
1272974779918753794
1272974780044578820
1272974783525912576
1272974784356323331
1272974813611491328
1272974813838090240
1272974817629700097
1272974838207053838
1272974851742011392
1272974864354336773
1272974875666382853
1272974880217194498
1272974881496449030
1272974896562348034
1272974914350452737
1272974915319316486
1272974951667154944
1272974951914635264
1272974956087951361
1272974956826157060
1272974959485292544
1272974960760205317
1272974977759920134
1272974978011496448
1272974980536565763
1272974981358641155
1272974984558841862
1272974985007677442
1272974997213110273
1272975005639294976
1272975018801221632
1272975026795528192
1272975027063926786
1272975035519717386
1272975036933189634
1272975037033783297
1272975044457578496
1272975048341479424
1272975052858961921
1272975068482678788
1272975077290717187
1272975082068082689
1272975094160199682
1272975094072016896
1272975112342392833
1272975115114946561
1272975136212353026
1272975147977314305
1272975148132364289
1272975148308553728
1272975149088870400
1272975152935055362
1272975178977476610
1272975186816622600
1272975187185729542
1272975196056584193
1272975219926331392
1272975221448937472
1272975224590352384
1272975241975943173
1272975244727390210
1272975253258600448
1272975269775753217
1272975274209161218
1272975274569723904
1272975274930470914
1272975288033517569
1272975320367476739
1272975325455056896
1272975328609173505
1272975334233845765
1272975336989483011
1272975354500694016
1272975357751234560
1272975362729881602
1272975363958689793
1272975366857121792
1272975370778787842
1272975375489011713
1272975384280068096
1272975387702812673
1272975412545687553
1272975418354737153
1272975421785567232
1272975429461331971
1272975430023331843
1272975428697948163
1272975434926436353
1272975438281953280
1272975438462062592
1272975446527873027
1272975449908555777
1272975456682356738
1272975462814318592
1272975463191846912
1272975471488139266
1272975476538183686
1272975484918403072
1272975492451307520
1272975500768505856
1272975508704317442
1272975510100901888
1272975521622577152
1272975522641960960
1272975536017625093
1272975548067622912
1272975551112925184
1272975555785302018
1272975565188988936
1272975568737353728
1272975568510824448
1272975581106356229
1272975606276333568
1272975610386829312
1272975626287427587
1272975626740346881
1272975627080142850
1272975631672844289
1272975632264290304
1272975638798823424
1272975639088431110
1272975652141043718
1272975661120892929
1272975669736112128
1272975689071943680
1272975694491004936
1272975710756405255
1272975727202312194
1272975745153982465
1272975747653734412
1272975751986503690
1272975752460488711
1272975766423310344
1272975770282004482
1272975777659850759
1272975782394998784
1272975799952474113
1272975820898873344
1272975829044203521
1272975835998285824
1272975854642094083
1272975874904723462
1272975879258492932
1272975898984267776
1272975912070496261
1272975919947354118
1272975936871436290
1272975954802020357
1272975958778224642
1272975958899740672
1272975959113809921
1272975973475123200
1272975991590326273
1272976016659542017
1272976025954201600
1272976066739568640
1272976066949402624
1272976071143624704
1272976121576001537
1272976138294513669
1272976138390908928
1272976147895246851
1272976151795970048
1272976167310589955
1272976194682490880
1272976200718303232
1272976205898276865
1272976206053457922
1272976206053257216
1272976206489477120
1272976223241715717
1272976235514167299
1272976237087133697
1272976247459508224
1272976251788066826
1272976256036978689
1272976264362688516
1272976264874405889
1272976265193160706
1272976281412546562
1272976285854085120
1272976298638315520
1272976305986756608
1272976307043745792
1272976310726524930
1272976319492624389
1272976327218323456
1272976340950507520
1272976353260785664
1272976353290334214
1272976356909944836
1272976364547698688
1272976399251279873
1272976400136368129
1272976410773241856
1272976414720045059
1272976435867680770
1272976441488089088
1272976452905062407
1272976454154739713
1272976486576853003
1272976494231420930
1272976503194693634
1272976504587239427
1272976516507410432
1272976537428488193
1272976538334568458
1272976545280385025
1272976546467282944
1272976550128910338
1272976553673097217
1272976554512068608
1272976561881350145
1272976566390108162
1272976574275616771
1272976579715567617
1272976582664237057
1272976596601901058
1272976600745807872
1272976604264792067
1272976604323594240
1272976604638126081
1272976607897096192
1272976633083973640
1272976649697611778
1272976650259574785
1272976654357364736
1272976662880235524
1272976675689635840
1272976680236261376
1272976684334018562
1272976684442980352
1272976687224020993
1272976700712923138
1272976705158864902
1272976705846685699
1272976712557608960
1272976718232539136
1272976723231948800
1272976746258870272
1272976750968999936
1272976759831572481
1272976770808057858
1272976772011896834
1272976781310648320
1272976785005780992
1272976792723357696
1272976801405550599
1272976825761710081
1272976826319736840
1272976826571403270
1272976834309881861
1272976864454283266
1272976869181337600
1272976888714137600
1272976890412904455
1272976918120402946
1272976922838958081
1272976926836174850
1272976936374022144
1272976948055154694
1272976956204736517
1272976972633817088
1272976990799302658
1272976998130843649
1272977002270785545
1272977032503328770
1272977044184412161
1272977044398157824
1272977052237549576
1272977056792526849
1272977065952915462
1272977066128887808
1272977071069937665
1272977079643054081
1272977099775602688
1272977099658350592
1272977104162959362
1272977108080492544
1272977112538980352
1272977140305321985
1272977140686950405
1272977154041667584
1272977162526736387
1272977170403594240
1272977170579800069
1272977190628532224
1272977194797666305
1272977204889022465
1272977228842893313
1272977237650923523
1272977237701210113
1272977242289844227
1272977266910343168
1272977300007661571
1272977300468854787
1272977304730378243
1272977324921716737
1272977325844553733
1272977330546241538
1272977337466920967
1272977337592709123
1272977355200434183
1272977355225653252
1272977359730348033
1272977362309853194
1272977364436295686
1272977371851665408
1272977401950027777
1272977405389557760
1272977417821392900
1272977418001747977
1272977439187177472
1272977458913054722
1272977463828717580
1272977467687534592
1272977480241070080
1272977485647380480
1272977498658213892
1272977501011292167
1272977505142607873
1272977506442850306
1272977509890416640
1272977514839883776
1272977518618980357
1272977523555655681
1272977531654877185
1272977535907831808
1272977538571264000
1272977547958108162
1272977548243357697
1272977569134989312
1272977569508462602
1272977577859117056
1272977584867938304
1272977586273034240
1272977586495213568
1272977589859164161
1272977607353647106
1272977610872696838
1272977619198324736
1272977619714260992
1272977620129497090
1272977628266483717
1272977632271970304
1272977633165357068
1272977648545865737
1272977682318397447
1272977690468003842
1272977690589646848
1272977694746120192
1272977695127764992
1272977699833876481
1272977729185513476
1272977737997672448
1272977762953957377
1272977766821048321
1272977770050654208
1272977778711752704
1272977794545471489
1272977804812972033
1272977808617345026
1272977815558713344
1272977820290088966
1272977846106030080
1272977846349303808
1272977853991268359
1272977855274799104
1272977871297019904
1272977887902216193
1272977900908797952
1272977904532623362
1272977916696170496
1272977920634638337
1272977921184055296
1272977921527906311
1272977930134728707
1272977933938851840
1272977939315875848
1272977945607450624
1272977945909485568
1272977962573455365
1272977970957889536
1272977971658145792
1272977975424815107
1272977984408875010
1272977992189427714
1272978017476841478
1272978025798225926
1272978038289031174
1272978038758703111
1272978068538261506
1272978081330987013
1272978081553276929
1272978084262752259
1272978084283613184
1272978088586997760
1272978093397901317
1272978102788878336
1272978105179738114
1272978123089342469
1272978123299213320
1272978140458110976
1272978148121026561
1272978155314315265
1272978156392116224
1272978160880058368
1272978164390793216
1272978168345964546
1272978180987641859
1272978182120013824
1272978182849941504
1272978201560715268
1272978202458296320
1272978223807246336
1272978224813871104
1272978228488134658
1272978228530069509
1272978232292368391
1272978248738185227
1272978257147596805
1272978261178552320
1272978264215126019
1272978281143373830
1272978290823663616
1272978294032523264
1272978294883758081
1272978301464637440
1272978301183832064
1272978311673548800
1272978324097249281
1272978333052145664
1272978340065009664
1272978344519204864
1272978357454548993
1272978362194186246
1272978370523836417
1272978394381156354
1272978399724781572
1272978421006680064
1272978421128278016
1272978429080530944
1272978441994997766
1272978458231091202
1272978495136808960
1272978496936017920
1272978521996947457
1272978542607904768
1272978559066411008
1272978570638483458
1272978584626360320
1272978601193897990
1272978609817477125
1272978622765133824
1272978626410098689
1272978634563780608
1272978642860195852
1272978655090814977
1272978667682050050
1272978677345574912
1272978680785108992
1272978681259077633
1272978732060459008
1272978742663458817
1272978746396598277
1272978764461486088
1272978769146449922
1272978777249808386
1272978785948876801
1272978818417020929
1272978818328940544
1272978822930010116
1272978826981711873
1272978834728648704
1272978836184076290
1272978844501368838
1272978844832628739
1272978844983664641
1272978873517367299
1272978881650122753
1272978906136666114
1272978911714897920
1272978933487632387
1272978940664197120
1272978944732459008
1272978956652883969
1272978958104100864
1272978965586743298
1272978970041110528
1272978974654816256
1272978974847754245
1272978991536840704
1272979004421627904
1272979007466807297
1272979023992406017
1272979048994615308
1272979050152308737
1272979053415403520
1272979058104598528
1272979061346914305
1272979078069522433
1272979104736980993
1272979124500549633
1272979124676591617
1272979125230284801
1272979145258131456
1272979153583779853
1272979166648954880
1272979171124314112
1272979175004155910
1272979192091729920
1272979196726243333
1272979200329363456
1272979201260498944
1272979205349769221
1272979239063695365
1272979251185233921
1272979258533720064
1272979267782094850
1272979276414046209
1272979288921378822
1272979293463883776
1272979296349536257
1272979307103748097
1272979314078859266
1272979330101137411
1272979344672067591
1272979360790822913
1272979372316729344
1272979380256616450
1272979397142872064
1272979404537225216
1272979410363301888
1272979414020583430
1272979422161797121
1272979426930601985
1272979431913635842
1272979435730300929
1272979439643738115
1272979447503826945
1272979451542978563
1272979453011013632
1272979460061630470
1272979465027624960
1272979473558888448
1272979490495270918
1272979494471471105
1272979494731526145
1272979507348152321
1272979518622298112
1272979519239045121
1272979522447642626
1272979536154632194
1272979568757006340
1272979572921790464
1272979575035789313
1272979577393029120
1272979577451810817
1272979581386002435
1272979595973857281
1272979603632553984
1272979607143079936
1272979607894048768
1272979636318867459
1272979643314737152
1272979645131096071
1272979658724827137
1272979666446487553
1272979669319593986
1272979669638397957
1272979682590289920
1272979682959388672
1272979683362160648
1272979687728467968
1272979691109003271
1272979712860700673
1272979715951738880
1272979720649560064
1272979726592880640
1272979728748687362
1272979754573053954
1272979778476392456
1272979784134467589
1272979787380920320
1272979793030635520
1272979800441802753
1272979807995867137
1272979812425109506
1272979812781559808
1272979813368807425
1272979820733968384
1272979821207961601
1272979854066057216
1272979858533093378
1272979870872567809
1272979871086661634
1272979888098574337
1272979893068824576
1272979900715204609
1272979913151315968
1272979918100598785
1272979930083504128
1272979933921492994
1272979951172702208
1272979979920388098
1272979985783980034
1272979990133403648
1272979998194806789
1272980000967479296
1272980006910799872
1272980009385369601
1272980014527471616
1272980014703742977
1272980017912279040
1272980026519179270
1272980046978985988
1272980047029088257
1272980048304357376
1272980051324272642
1272980055434633216
1272980056458100739
1272980073037983744
1272980085922988037
1272980090574434304
1272980094341046279
1272980105728581634
1272980110333939715
1272980120039559169
1272980120626769921
1272980128151359488
1272980131670343687
1272980168760582144
1272980182148751363
1272980182262067200
1272980182874324993
1272980199575977990
1272980200167485440
1272980215723986944
1272980223500451840
1272980227224997889
1272980241510694913
1272980244186742784
1272980249613971456
1272980252646674433
1272980274196951047
1272980282732412928
1272980286356193281
1272980290416398337
1272980303045431301
1272980313489235969
1272980337312718848
1272980350336143362
1272980362751176704
1272980374218518529
1272980375556567041
1272980407651352581
1272980420292902914
1272980421173796864
1272980424965238784
1272980426672541697
1272980433140158472
1272980433672851456
1272980437338591232
1272980446469652481
1272980446972833792
1272980447476289536
1272980451418869763
1272980484188966918
1272980488865579008
1272980495744131073
1272980501314310147
1272980509036027911
1272980521954484226
1272980531324620804
1272980538383577088
1272980542057852929
1272980562970460160
1272980572449787906
1272980577319337985
1272980587972829184
1272980588782325760
1272980597464539145
1272980621674065921
1272980625889386502
1272980648379027456
1272980652061843457
1272980656306487296
1272980665567449094
1272980680578867201
1272980696890564609
1272980701735006214
1272980701995024384
1272980701944651779
1272980702271885313
1272980702414491652
1272980711939678215
1272980714259132423
1272980714468675585
1272980714640703488
1272980723901837312
1272980724057079808
1272980724644106240
1272980735310299141
1272980736065273861
1272980740439826433
1272980747352190976
1272980747427762180
1272980747918376961
1272980752779665410
1272980753349894144
1272980758013947904
1272980764108480519
1272980811629772800
1272980811852152834
1272980831645155328
1272980831745826818
1272980831984738306
1272980833263996928
1272980840222425090
1272980841078099969
1272980848107835393
1272980849101877250
1272980856118837251
1272980865207828480
1272980869435842560
1272980873311399937
1272980886410203139
1272980890683969536
1272980894920454144
1272980899555147778
1272980915698925571
1272980923676594178
1272980941959462914
1272980944685760513
1272980953841971215
1272980959252512768
1272980965577515008
1272980971219009537
1272980978147835904
1272980999744491522
1272981017306050562
1272981021122859016
1272981028978806786
1272981029637087232
1272981032577482754
1272981037828669447
1272981038642483202
1272981041393930246
1272981071550976012
1272981075967393792
1272981088969928711
1272981112612990976
1272981117566672900
1272981122172010496
1272981125812674561
1272981125976207360
1272981126445850624
1272981130116038656
1272981130476576768
1272981133496647683
1272981143286099969
1272981150764601346
1272981155021815809
1272981184499322880
1272981201507291138
1272981202237116418
1272981209245769729
1272981210176741376
1272981222151651328
1272981293664555020
1272981306150977538
1272981314103316481
1272981320071892994
1272981335741734913
1272981339994836994
1272981344642097153
1272981348182118400
1272981355777986563
1272981356004376577
1272981360261685251
1272981368679682048
1272981385867939840
1272981407485345793
1272981411230875649
1272981419019702272
1272981432626024460
1272981448128172033
1272981458001391616
1272981464888627200
1272981490519998465
1272981491144749057
1272981520760942592
1272981525043146752
1272981527568224257
1272981533184294912
1272981544760639489
1272981545163337731
1272981548825022473
1272981570689720320
1272981579724439553
1272981608509829120
1272981611961819137
1272981621701070853
1272981637043679232
1272981641971953664
1272981650842976258
1272981691133501448
1272981717805137930
1272981721324105729
1272981726436917249
1272981726495510528
1272981726944464897
1272981727040987136
1272981728970174465
1272981738495578125
1272981742329171969
1272981754048102403
1272981767335620608
1272981791998185474
1272981796339105792
1272981801049317376
1272981809991766016
1272981830615076867
1272981833727295489
1272981868363894786
1272981876492271617
1272981884797140994
1272981901221851136
1272981909560328198
1272981922373926914
1272981926874427397
1272981931752333312
1272981934826827783
1272981952195330049
1272981956570034176
1272981956834230276
1272981965323612163
1272981969815691266
1272981973699571712
1272981977377972225
1272981977378029574
1272982011146317827
1272982014053023746
1272982069291806720
1272982070063751176
1272982073112961025
1272982073930850305
1272982075268792321
1272982077483495424
1272982079333183489
1272982079379300353
1272982089617616897
1272982090494218240
1272982100128313345
1272982102238167040
1272982114879881220
1272982128049958913
1272982126779076611
1272982128893005826
1272982136203567106
1272982141010411523
1272982141450760200
1272982145062121472
1272982152800604160
1272982157384974337
1272982178440384514
1272982179048378368
1272982186581463040
1272982190322835461
1272982211147505664
1272982232370569216
