1276953425494847494
1276953429147938816
1276953433350770688
1276953434508279810
1276953445660897281
1276953454301163521
1276953463260352513
1276953466368397313
1276953468318765056
1276953476468269056
1276953483304935424
1276953487356592130
1276953500262502400
1276953504880435201
1276953506826477569
1276953508424454144
1276953509213110286
1276953509682970624
1276953509993291776
1276953525696827392
1276953552414334976
1276953561256132608
1276953572069031937
1276953576741507079
1276953580952449025
1276953588447797251
1276953618919366656
1276953623105286144
1276953626863235072
1276953626863218688
1276953627085725696
1276953638620016641
1276953647532912640
1276953647667015682
1276953657448202240
1276953661923397632
1276953669724975105
1276953684891652097
1276953692739158019
1276953706072768513
1276953706911522817
1276953724355829761
1276953724980793344
1276953752444923905
1276953753472716808
1276953753745326082
1276953753829040129
1276953757218148352
1276953759021699074
1276953777053073408
1276953782459535360
1276953789560389633
1276953790197964805
1276953790529372162
1276953801807859715
1276953802831257601
1276953833747484677
1276953835626549248
1276953840835629056
1276953848658235402
1276953852353245184
1276953862381932544
1276953862239330307
1276953879054372869
1276953879217831943
1276953890966114306
1276953892190814208
1276953910863900674
1276953912239677440
1276953929645948935
1276953938210807808
1276953940823805952
1276953940886720512
1276953940865642496
1276953941603954690
1276953951104098304
1276953962202234886
1276953987787431938
1276953995928637441
1276953996335263749
1276954002924568576
1276954012349345794
1276954013330792449
1276954016564621314
1276954028287631362
1276954029898121216
1276954032888782854
1276954039750721536
1276954039851384833
1276954041059364869
1276954053533151232
1276954063238807553
1276954087112638464
1276954087465127936
1276954098076712960
1276954120717570049
1276954121623355393
1276954143127724032
1276954144335593473
1276954155832115201
1276954156511768578
1276954172336848897
1276954189973934081
1276954198144364551
1276954206222585857
1276954213998886915
1276954218859909121
1276954221842173957
1276954230201503746
1276954256809943040
1276954259829878784
1276954272341479424
1276954275944361985
1276954279572574209
1276954280646320135
1276954298904166401
1276954313517158409
1276954319078686723
1276954322069262336
1276954345095991297
1276954355741097985
1276954357670576128
1276954368642867200
1276954378411429890
1276954387022315522
1276954390923018243
1276954392445415425
1276954427199557634
1276954445792841734
1276954447768424450
1276954457285238785
1276954487203049474
1276954499375120384
1276954530358464513
1276954538126258176
1276954538126147584
1276954542580662272
1276954545902325761
1276954549949997057
1276954559299162115
1276954566068666369
1276954592400506881
1276954595554734082
1276954596666114048
1276954620615700481
1276954621437775878
1276954629641605120
1276954633781592066
1276954637455757315
1276954650919518208
1276954659786240007
1276954671635144704
1276954674999037953
1276954683677069313
1276954700500303873
1276954698508050432
1276954709178318848
1276954725498392578
1276954725544534017
1276954742267080704
1276954754036436992
1276954758910218240
1276954763956019201
1276954784868847618
1276954787666329603
1276954789121671168
1276954797615337476
1276954801352380417
1276954813775917060
1276954822948913152
1276954847326109700
1276954851960860672
1276954867869741056
1276954868729679873
1276954871615324160
1276954943585505281
1276954949243502597
1276954961469898753
1276954964724715523
1276954986711261185
1276954991023083520
1276955026813042690
1276955035839139840
1276955037533528069
1276955045041496066
1276955052821766145
1276955115468075009
1276955129586036737
1276955131687378944
1276955148296781826
1276955162129641473
1276955169394241541
1276955183625441282
1276955194312372224
1276955207813853185
1276955213174366209
1276955220304703490
1276955229557264387
1276955242400284674
1276955292035502080
1276955295067942912
1276955304320577536
1276955309106495490
1276955312134729730
1276955321068433408
1276955321437691914
1276955326584025088
1276955333303439362
1276955337527111681
1276955338206515200
1276955343579500545
1276955351095656451
1276955351464714242
1276955359916285953
1276955363984715777
1276955380116054017
1276955395857289219
1276955396557737985
1276955406154203137
1276955406330454017
1276955413108322304
1276955413632729090
1276955429491412992
1276955438014226434
1276955438295265282
1276955453193404418
1276955467231768576
1276955468124917762
1276955484155756545
1276955485107826689
1276955502115610625
1276955504770760704
1276955517781528579
1276955535116394496
1276955547145814017
1276955552275468290
1276955565571399681
1276955581413298176
1276955582474399744
1276955593132126208
1276955621011554304
1276955648530550785
1276955651487535104
1276955657619607552
1276955670127001601
1276955672463257603
1276955690364370945
1276955699751370758
1276955719586271232
1276955723335979009
1276955739546927106
1276955739504943104
1276955752519790594
1276955753081954304
1276955765266419713
1276955768919597059
1276955769599070213
1276955777614348288
1276955787357827073
1276955790184718337
1276955790411051009
1276955792592207874
1276955796316848131
1276955796589481986
1276955799286362113
1276955824984858624
1276955828839424000
1276955840881311744
1276955850494656514
1276955869750734849
1276955873940770825
1276955874112581643
1276955892882313216
1276955893247234051
1276955921172791297
1276955929645219840
1276955934204538887
1276955955666669568
1276955987627388929
1276955992408969216
1276956017427795968
1276956025107542016
1276956026084999172
1276956039460642816
1276956052370722816
1276956062743171074
1276956064789884929
1276956068296429575
1276956075099590657
1276956084775849989
1276956090249297920
1276956102224154624
1276956109014736896
1276956110277279744
1276956115872264193
1276956140014723072
1276956151117217793
1276956166564634626
1276956197950611457
1276956208205881346
1276956218020507650
1276956222219071491
1276956223439544323
1276956228443410435
1276956243714859011
1276956256792698887
1276956277772562433
1276956283288117248
1276956286337323008
1276956323834404864
1276956327097495553
1276956333170782208
1276956335146520580
1276956345313505281
1276956356352684032
1276956361285402624
1276956361813827588
1276956361969057794
1276956369934004226
1276956371427012608
1276956379513712640
1276956396421029894
1276956408035135488
1276956432412246016
1276956436904452096
1276956437357432834
1276956437546237952
1276956440012427270
1276956439991529472
1276956440364822530
1276956450766684166
1276956454822576129
1276956454889512960
1276956459125932034
1276956476112728064
1276956478654615553
1276956480021897217
1276956480638537728
1276956482018344962
1276956486858469376
1276956495498772480
1276956509436547072
1276956511961362433
1276956516411678721
1276956521205772289
1276956539216166913
1276956555708174343
1276956562880430080
1276956570220408832
1276956583608692737
1276956585869209600
1276956601572823041
1276956607059017736
1276956621084581888
1276956622275801088
1276956622460518405
1276956634820960256
1276956637694095361
1276956638256267264
1276956654161006593
1276956660515450881
1276956660557393924
1276956696158580743
1276956696993284096
1276956696942911490
1276956702089379840
1276956706208206850
1276956726441512965
1276956735421526020
1276956755088609283
1276956780254212096
1276956796658352129
1276956805076115456
1276956810314989568
1276956813800292352
1276956818246381569
1276956819458490368
1276956835950424064
1276956838945345536
1276956851456729088
1276956852329361409
1276956855319891970
1276956860268949504
1276956890799489025
1276956893274128384
1276956894121340928
1276956897564745729
1276956897602686978
1276956898215047169
1276956899074732032
1276956903067856898
1276956918603448321
1276956936391581697
1276956941990887426
1276956943383277568
1276956945388310530
1276956948424880128
1276956949343539200
1276956950878736387
1276956958281674754
1276956961083400192
1276956964321398784
1276956965080457216
1276956993887100928
1276956998194483200
1276956999046123521
1276957003919904773
1276957004259561472
1276957008294526978
1276957013159731200
1276957016628568071
1276957018973184002
1276957059842338817
1276957063357308933
1276957082177044480
1276957083632427014
1276957086044258308
1276957087319445512
1276957087524966401
1276957091626799104
1276957094714003457
1276957100338446336
1276957102758649857
1276957103815524352
1276957116557819908
1276957122367021056
1276957125198204928
1276957125621583872
1276957132391399430
1276957138368118784
1276957141845397506
1276957153631318022
1276957158341349376
1276957158505136128
1276957162393264142
1276957183381401602
1276957183922618370
1276957184354648070
1276957184983740416
1276957188674719744
1276957207578513414
1276957216369790978
1276957221755248644
1276957242059882497
1276957247067824140
1276957251614490625
1276957258052587520
1276957259805757445
1276957257402658827
1276957262649720833
1276957276608200704
1276957292546658310
1276957300406681600
1276957309986648064
1276957316705853443
1276957322003308544
1276957325379723264
1276957346963632128
1276957348964167680
1276957349073174529
1276957360225910785
1276957363359158272
1276957372829904899
1276957383709937664
1276957392526348289
1276957402160664577
1276957402970103810
1276957406182998018
1276957406447243265
1276957436088209408
1276957439464628227
1276957439707852808
1276957452429176832
1276957456002961409
1276957456187494400
1276957482045394953
1276957503427928064
1276957519794102272
1276957531395493890
1276957531794014211
1276957539058495489
1276957545085558784
1276957549020012550
1276957565746700288
1276957565923069952
1276957569970364416
1276957577478393857
1276957593953583104
1276957604250619905
1276957607446511617
1276957607702327296
1276957612127465474
1276957624932732929
1276957636781637635
1276957641445642243
1276957643748380675
1276957646155739142
1276957673200771074
1276957673980719105
1276957700329529345
1276957709351477249
1276957709649281027
1276957736333271041
1276957738115964928
1276957740292804610
1276957745279688704
1276957753941073922
1276957757619478529
1276957758059929605
1276957765433344001
1276957771687223297
1276957775680229376
1276957800212594690
1276957800367824901
1276957809280720897
1276957825630175233
1276957829279162368
1276957833070817281
1276957851051864064
1276957858110664705
1276957864297295872
1276957872853643265
1276957883310264320
1276957888200630277
1276957892428664832
1276957897511952384
1276957897956773888
1276957910648659969
1276957929762103297
1276957930844311553
1276957931313872897
1276957935713660928
1276957959432531968
1276957968362205184
1276957979955261441
1276957983776350210
1276958001358794752
1276958012893204482
1276958030505050112
1276958052285943808
1276958055796703233
1276958055490560001
1276958073245126656
1276958073991520256
1276958078085316612
1276958089367785472
1276958098217996295
1276958106602201088
1276958110796652545
1276958117952131072
1276958131579478018
1276958170338951168
1276958184989585409
1276958210168025088
1276958220268056577
1276958237103804416
1276958248193658881
1276958248294207488
1276958257370849288
1276958261019848704
1276958265113534466
1276958266153750534
1276958273909002240
1276958274428993538
1276958278912815105
1276958283853639680
1276958286303158282
1276958291638304769
1276958295266377728
1276958295664676865
1276958311821324288
1276958321694695431
1276958374484213772
1276958374945579008
1276958392641257473
1276958394763468804
1276958408374202368
1276958417710612487
1276958425734426625
1276958431241400321
1276958438145359874
1276958445682524160
1276958466616070146
1276958470357618688
1276958471112388608
1276958492109279232
1276958496102273024
1276958496832000002
1276958504134348800
1276958513147887617
1276958526426865665
1276958541908250634
1276958559935303681
1276958574095200256
1276958579703103495
1276958592063676416
1276958592609005568
1276958593191903236
1276958597642158081
1276958605455945728
1276958609847574532
1276958614159331333
1276958629652987904
1276958631792128001
1276958642613268480
1276958648338722818
1276958665212407813
1276958677430386688
1276958677862318083
1276958710959652865
1276958711337058307
1276958712142299136
1276958728240029702
1276958740374306816
1276958741439676416
1276958760867684354
1276958780752891912
1276958783240101892
1276958790240407552
1276958790911512577
1276958804161302531
1276958814751907840
1276958819805995011
1276958823526383617
1276958827338846209
1276958835048144896
1276958836553854982
1276958848088186883
1276958856078295041
1276958869957349376
1276958874084524033
1276958891205509122
1276958902127677441
1276958936516767745
1276958944871813122
1276958986470817794
1276959021325484034
1276959028858494979
1276959046952722433
1276959070684155915
1276959075947941889
1276959080146444288
1276959087255851010
1276959104582336512
1276959109900832769
1276959113579094016
1276959121590321157
1276959122651590656
1276959137021095936
1276959179765354496
1276959188581625856
1276959193044520966
1276959197708480513
1276959211323351047
1276959215823794176
1276959243313299456
1276959252473540609
1276959255552114693
1276959268151975936
1276959273180774400
1276959274074345472
1276959274137202689
1276959284681719810
1276959297562435591
1276959297969311744
1276959306370502657
1276959314289311747
1276959323508355073
1276959331162841088
1276959332194611200
1276959339719413765
1276959341115928576
1276959343792001024
1276959347927588866
1276959355468988416
1276959357834539010
1276959389820129280
1276959390394957825
1276959394266259462
1276959394702524417
1276959398317916165
1276959405565595648
1276959418412871683
1276959428101705730
1276959435123044353
1276959456170053634
1276959460049719296
1276959465699450884
1276959470241959937
1276959473110855687
1276959483344945152
1276959498561863680
1276959521341136896
1276959527724650497
1276959532044951552
1276959556942381056
1276959557974097924
1276959569458102272
1276959573220286464
1276959575057616898
1276959580405280768
1276959582636716034
1276959596192694273
1276959599434792963
1276959607567638531
1276959612533497856
1276959650446028800
1276959654661296128
1276959672180883456
1276959672377933831
1276959683325169665
1276959683970871298
1276959686798053383
1276959690904211456
1276959691264819201
1276959696302325766
1276959711833632768
1276959712978878464
1276959713368965121
1276959734872997888
1276959738941575175
1276959758864379906
1276959759200071680
1276959776619069440
1276959782902001664
1276959789726253057
1276959810655858691
1276959819463831552
1276959822202757120
1276959823389757442
1276959827806294018
1276959830729797632
1276959837998452737
1276959838556155904
1276959839596527616
1276959842268307457
1276959842217816065
1276959843681697793
1276959850241671174
1276959851328012288
1276959858856730624
1276959863160127488
1276959863357280263
1276959868096786435
1276959877672271873
1276959888250335232
1276959888690876421
1276959908965965824
1276959911403040775
1276959917237207040
1276959926284423169
1276959959029370880
1276959963416424448
1276959968487518209
1276959970169405449
1276959981527580673
1276959985168154624
1276959986841612288
1276959992692826114
1276960019460886528
1276960031108411392
1276960031284420608
1276960036556660736
1276960044983222272
1276960069117194240
1276960084958961664
1276960093439840257
1276960098590441472
1276960099609780225
1276960102763966464
1276960114419945475
1276960148477657088
1276960148456648706
1276960161190408192
1276960170040426497
1276960191372832769
1276960194061381637
1276960203871666176
1276960207231430657
1276960215418769410
1276960222309953536
1276960232590065664
1276960263598747649
1276960268531179521
1276960271043420160
1276960279012634624
1276960295932456960
1276960296993783809
1276960329155526656
1276960341440806913
1276960358557609985
1276960376350019589
1276960389050368000
1276960389641547776
1276960392821067776
1276960395425710080
1276960396184678403
1276960405689155584
1276960409573109760
1276960412941062145
1276960421510086657
1276960442733064192
1276960447413903360
1276960452027744256
1276960485586407429
1276960487545208833
1276960505140305928
1276960514673750022
1276960519119876097
1276960522768805888
1276960523519746050
1276960526828855296
1276960563940036613
1276960567823962113
1276960576309284864
1276960584261664776
1276960593950519301
1276960606831157251
1276960615165239298
1276960627077103616
1276960627051954179
1276960628213788672
1276960630340235266
1276960634849169409
1276960641283129346
1276960648899866626
1276960649181085696
1276960655694839815
1276960680835379201
1276960681913454592
1276960702067101697
1276960710396989440
1276960731754356738
1276960732542877702
1276960735365681153
1276960739622817793
1276960745570177024
1276960756181934080
1276960764998365185
1276960765283573765
1276960778407620609
1276960799253303296
1276960806416969728
1276960812339470337
1276960819037650945
1276960833441017856
1276960865569239041
1276960869210079232
1276960870669537280
1276960875128123392
1276960884607406082
1276960886276722690
1276960895252393984
1276960895835439105
1276960900587683841
1276960925048868864
1276960925627662338
1276960934410498048
1276960936792862727
1276960937149435904
1276960946393624576
1276960954669023232
1276960957512777728
1276960962310856704
1276960969936297986
1276960980124291072
1276960980740661249
1276960987254591488
1276960988391243776
1276961008297353216
1276961016102846464
1276961021714788352
1276961030501998592
1276961033236733954
1276961045353914368
1276961059144794112
1276961070721257472
1276961088928731137
1276961100161003520
1276961122533249025
1276961122944507909
1276961126887145473
1276961130728927232
1276961135032446976
1276961139155320832
1276961143618252803
1276961164333899776
1276961193085808640
1276961193631113216
1276961197879771136
1276961201357033479
1276961214002757637
1276961243266527232
1276961248827994112
1276961257791291394
1276961257795530752
1276961264745566208
1276961265345351680
1276961268713369600
1276961272999919616
1276961285670912001
1276961293065269248
1276961294403252224
1276961298039951363
1276961299256221703
1276961301739253763
1276961310513733634
1276961316737966081
1276961324187222016
1276961324811956224
1276961335486676992
1276961341018865665
1276961347746422784
1276961349155913728
1276961353396301824
1276961361235410944
1276961372530790400
1276961374086803456
1276961378075475968
1276961386971705345
1276961387252760576
1276961390570270720
1276961407817396230
1276961432723226625
1276961439626874880
1276961445356490752
1276961467091353601
1276961530194640896
1276961542815322113
1276961545596162051
1276961546179141633
1276961553053614081
1276961557596049411
1276961566076928004
1276961566223503360
1276961567117099010
1276961567410655232
1276961570506059776
1276961588013158405
1276961592668758023
1276961597093789696
1276961620380602375
1276961620665577472
1276961638269280263
1276961647970734081
1276961652026552322
1276961674650664960
1276961680920989703
1276961685170016258
1276961700034621440
1276961701833957379
1276961706720124928
1276961721123553281
1276961724873261058
1276961750450135041
1276961750932283393
1276961761619558404
1276961773128744960
1276961775301177345
1276961780011581442
1276961792942637057
1276961800748011520
1276961817852612608
1276961822558621698
1276961827004526597
1276961834554159104
1276961869333360640
1276961902967640066
1276961906394202112
1276961910580228096
1276961932893802496
1276961933015560193
1276961935653834754
1276961939688579072
1276961945057406978
1276961948375146499
1276961952993067009
1276961953911619585
1276961995712061442
1276962014468997122
1276962027907559430
1276962028150611968
1276962032533811202
1276962049000566785
1276962069561122816
1276962075127021568
1276962081573498880
1276962081884057604
1276962091975540741
1276962103073501184
1276962106999336960
1276962114314403842
1276962118235877376
1276962119406120961
1276962132739780608
1276962142126833665
1276962146711212033
1276962150662234115
1276962150779666433
1276962161277968384
1276962162116898816
1276962172472623104
1276962182870306821
1276962187001638912
1276962192680681479
1276962200674959360
1276962201060937729
1276962209046773760
1276962241334538241
1276962246703427586
1276962246787284992
1276962250763505666
1276962238633594883
1276962270216630272
1276962271084896269
1276962278668152832
1276962292433686533
1276962293247590400
1276962293956456453
1276962320745402369
1276962326940454913
1276962348226326528
1276962350176899072
1276962364437512195
1276962364584333313
1276962377204994054
1276962380833046528
1276962389452177408
1276962397866070018
1276962443277643777
1276962454539399169
1276962468158476289
1276962469274095621
1276962482116943872
1276962505634562048
1276962509317013504
1276962502568484865
1276962530636767233
1276962534864695301
1276962546444931072
1276962548747776002
1276962555416547328
1276962560043073536
1276962569564151815
1276962570650431490
1276962576816132103
1276962577608826886
1276962582335680512
1276962590631968768
1276962590825029633
1276962593622589440
1276962593899376640
1276962594901815296
1276962606809571328
1276962612262195201
1276962615051325441
1276962615067938816
1276962615797755904
1276962618322886658
1276962618633342976
1276962643916533769
1276962650514227205
1276962653491957760
1276962665428971522
1276962671196352512
1276962671796068353
1276962674723545088
1276962677282177029
1276962687033815041
1276962703404343301
1276962703421124608
1276962715383128065
1276962721079197696
1276962732185714688
1276962733066338304
1276962734253518853
1276962757615722499
1276962774543818752
1276962787814567936
1276962792550129666
1276962795767111680
1276962816335974400
1276962822044475394
1276962859583504389
1276962859851923460
1276962879514849280
1276962880202706949
1276962884258422784
1276962887211180032
1276962889279197190
1276962929762430976
1276962943360352256
1276962948351754241
1276962954223726593
1276962968580784130
1276962986234527745
1276963004458905600
1276963010779717632
1276963028643098624
1276963029503168514
1276963029675016192
1276963067285438464
1276963082003234821
1276963084720959488
1276963094279962625
1276963095055826944
1276963096557387776
1276963109484232711
1276963122818043906
1276963131588317184
1276963140928966659
1276963144590647296
1276963151108616192
1276963182104338433
1276963191054979072
1276963200068718595
1276963203289841670
1276963203956617217
1276963211942793217
1276963223917547520
1276963227105210369
1276963230817058817
1276963239474184197
1276963243328548864
1276963249574023176
1276963262773506050
1276963268792406016
1276963269941420032
1276963273619976192
1276963298081075200
1276963302598295552
1276963308025925633
1276963317097984001
1276963323813064704
1276963327470641152
1276963332025724928
1276963340271697922
1276963351432704000
1276963359817183232
1276963362958606338
1276963373683531782
1276963375638097921
1276963377672118272
1276963379727396869
1276963383481425920
1276963402565509121
1276963407665737728
1276963408500441088
1276963409058320386
1276963421251145729
1276963434840625154
1276963446341287936
1276963451294961666
1276963455212249091
1276963478343954433
1276963479841378312
1276963494840033280
1276963512103981058
1276963513966231553
1276963539530379264
1276963549445644289
1276963549651312640
1276963553581416449
1276963563689648129
1276963592106098689
1276963613756948482
1276963627631874050
1276963644518080512
1276963650985590784
1276963667561476097
1276963671244189703
1276963673576222723
1276963680039497728
1276963683810320384
1276963702542077952
1276963706799177729
1276963729964482562
1276963732556525568
1276963735194800129
1276963752810815490
1276963755944038401
1276963767666999299
1276963781076234240
1276963788776861696
1276963803452891141
1276963804304281608
1276963811698802691
1276963816191012864
1276963828555583489
1276963833949704199
1276963835195334659
1276963837296562178
1276963839767183360
1276963839242878977
1276963860642181120
1276963881458393088
1276963882297200640
1276963889779896320
1276963895811301376
1276963898369998850
1276963912466890752
1276963928430350336
1276963939973242883
1276963948152205312
1276963948437307395
1276963950651944961
1276963953487331328
1276963953827106818
1276963964740567045
1276963970616885256
1276963975561871360
1276963978359582725
1276963987188355072
1276963988304203776
1276964010706042882
1276964033057427456
1276964038640119808
1276964048664276992
1276964054679027712
1276964065596899329
1276964067945693189
1276964073683460096
1276964075671601154
1276964084437712896
1276964087088451584
1276964090951458816
1276964091555348482
1276964099482681345
1276964099461652482
1276964100019351552
1276964105916735489
1276964109196636160
1276964115760599040
1276964125554466821
1276964133854904320
1276964147423522817
1276964165874339841
1276964171381444610
1276964172018917377
1276964177039388674
1276964181288333312
1276964184622686209
1276964199676116994
1276964205581697025
1276964216818237445
1276964229250199557
1276964230713966594
1276964231297056769
1276964238452379648
1276964246610415617
1276964252755152896
1276964256802639873
1276964257385582597
1276964275651657728
1276964280085200907
1276964281381195777
1276964293565702144
1276964313828413442
1276964322309222400
1276964330408415233
1276964332170067968
1276964347496075266
1276964365909008385
1276964372276031488
1276964376512212997
1276964381826277376
1276964402541944832
1276964417905872897
1276964435010162693
1276964449925160961
1276964463732600832
1276964476718325761
1276964476953255937
1276964497664749572
1276964505742966788
1276964507076591616
1276964516429889536
1276964519617736704
1276964520431357953
1276964509131976704
1276964528648044544
1276964531424628737
1276964540521930752
1276964561250324483
1276964561372041216
1276964566627483649
1276964573627723776
1276964595203276801
1276964602190979072
1276964609258254336
1276964610646568960
1276964616086663168
1276964639935528962
1276964641503997953
1276964661938749440
1276964667525672961
1276964670700572677
1276964683782766592
1276964697351376903
1276964720755593217
1276964729953546240
1276964730335363072
1276964737457274882
1276964740695306246
1276964757539631105
1276964762270695431
1276964763541569537
1276964767345885190
1276964770986500096
1276964775642173445
1276964784672591872
1276964808621875203
1276964808626253828
1276964810475933696
1276964829631262720
1276964856118177793
1276964864339185665
1276964873218514945
1276964876578172929
1276964889223811072
1276964902440140802
1276964913764696065
1276964926200913921
1276964931246731265
1276964980076797952
1276964985537794050
1276964993871814656
1276965001027358722
1276965001681494017
1276965007310241793
1276965015996825607
1276965035546415105
1276965040294432775
1276965043968630784
1276965074620411904
1276965078571667458
1276965098830155777
1276965101610790913
1276965101904543745
1276965148532641792
1276965152559161344
1276965155923005440
1276965160943403009
1276965174872686592
1276965177913675776
1276965181848006657
1276965209068810242
1276965211849687041
1276965225862848512
1276965233857384448
1276965245454516226
1276965252584943617
1276965266015096833
1276965273233289216
1276965277843013634
1276965286361563142
1276965292258795521
1276965292439191558
1276965295484108800
1276965312848711686
1276965329202282503
1276965341567094784
1276965342615687172
1276965349200560130
1276965362836307969
1276965367429001216
1276965383052734465
1276965387813306368
1276965392129224706
1276965399154823176
1276965405827796992
1276965413021253636
1276965418922622977
1276965421216751616
1276965421409693697
1276965434512809988
1276965436702236680
1276965449687801856
1276965454536269824
1276965470487416833
1276965496903139328
1276965502175322113
1276965505589542912
1276965520886173700
1276965530369327104
1276965556441268225
1276965558827745283
1276965632622411777
1276965636191784963
1276965647713435650
1276965668231905281
1276965668886327299
1276965669276471297
1276965669477769217
1276965672698904576
1276965689664946176
1276965722871267328
1276965723081003008
1276965736876068864
1276965764734562304
1276965769155424256
1276965778332348417
1276965780924567554
1276965772967981056
1276965796376444935
1276965798335184904
1276965799027249152
1276965820447555585
1276965841570074624
1276965865360064514
1276965866618392577
1276965869399109632
1276965878031175680
1276965879461244928
1276965882594394113
1276965898625126400
1276965913439490048
1276965915842805763
1276965916098560000
1276965929218260992
1276965937233702912
1276965943877525508
1276965950969937920
1276965954421813249
1276965967935885313
1276965987519168512
1276965993252782080
1276966002128011264
1276966003080118272
1276966014031364096
1276966024693395456
1276966025444147204
1276966033719468033
1276966036986789888
1276966049456373761
1276966054640705536
1276966092422987776
1276966101931474946
1276966105882529792
1276966116410052608
1276966121179172864
1276966125792833536
1276966134495887360
1276966134860976128
1276966151474556930
1276966155559866375
1276966158411988992
1276966164388872199
1276966167685537792
1276966183959396358
1276966201139363840
1276966226066014209
1276966226422632448
1276966227114487811
1276966229639561217
1276966237914886144
1276966242465705984
1276966256453619712
1276966265958121479
1276966274245906432
1276966288766627840
1276966288959700993
1276966313685135366
1276966318026170369
1276966318126882816
1276966322149220352
1276966337630306304
1276966338615967745
1276966342885814272
1276966355674320896
1276966357305786370
1276966359998570497
1276966360329916419
1276966362426966016
1276966368273928193
1276966394702319617
1276966399810981889
1276966412825825280
1276966424364355584
1276966424934825985
1276966433306615811
1276966438293700608
1276966441632350208
1276966449387618308
1276966478231867393
1276966478961684481
1276966479368540168
1276966485492023296
1276966488365248512
1276966502474924033
1276966523689721856
1276966529733734400
1276966542379540481
1276966543067414529
1276966538529124355
1276966562340016129
1276966570108039175
1276966571777368064
1276966575761997824
1276966579385913347
1276966580040142853
1276966587795410944
1276966604715118593
1276966611241623552
1276966645513310208
1276966650651131904
1276966653826220032
1276966658414911490
1276966666509914112
1276966672004497409
1276966678413357057
1276966679310934016
1276966680938385408
1276966707764985856
1276966718326353920
1276966722105303040
1276966725519659011
1276966729885810695
1276966743638851584
1276966757115269121
1276966771149475840
1276966774810882048
1276966775389851655
1276966796713590784
1276966797892366337
1276966809640501248
1276966819358822402
1276966822701608962
1276966823250952192
1276966827617161216
1276966829341184001
1276966830385647616
1276966844889530370
1276966847175262208
1276966864652992513
1276966864804098050
1276966871749795842
1276966872450322438
1276966892729561089
1276966896902893568
1276966901349068802
1276966905299873792
1276966905597906944
1276966948753092611
1276966953165430787
1276966956432871430
1276966976854937600
1276966989819514885
1276966991924875264
1276967005988376576
1276967007406047232
1276967010098970631
1276967011193585664
1276967011931680768
1276967012431015936
1276967015744446471
1276967019582230529
1276967019636817922
1276967035457671168
1276967028729970688
1276967047403114497
1276967047713288192
1276967069242683392
1276967072669589504
1276967073655271424
1276967081204989954
1276967081561423873
1276967085453836289
1276967103241879556
1276967103971680256
1276967116361490432
1276967121101238281
1276967121235447811
1276967123340967937
1276967125014532096
1276967132841095168
1276967136255111169
1276967148217237504
1276967150213910529
1276967169960665088
1276967174654111756
1276967183189291008
1276967188365299718
1276967203775143941
1276967210993549312
1276967221017939969
1276967221466562560
1276967221659664389
1276967234703933443
1276967241645506560
1276967242794586113
1276967252135342080
1276967267096506371
1276967281122258946
1276967287556317184
1276967291574517762
1276967300583866370
1276967303687680006
1276967315825995776
1276967320754085889
1276967324365570048
1276967324583702531
1276967328551493633
1276967338366005248
1276967338751881216
1276967342346579970
1276967347341996033
1276967351339098112
1276967374974078981
1276967388228001792
1276967393240199170
1276967404682215424
1276967406112366593
1276967410222936064
1276967412433330177
1276967417995055104
1276967451926937601
1276967455970283527
1276967459396956167
1276967463213846529
1276967506482094080
1276967514967355399
1276967532176510977
1276967534835585029
1276967547309416453
1276967548467232770
1276967561159217153
1276967571850506243
1276967593534910465
1276967607422251008
1276967617996165121
1276967638971842561
1276967639839985664
1276967641006080005
1276967644189597696
1276967648325259267
1276967661163986944
1276967661386301446
1276967682605232129
1276967693573337088
1276967702721150978
1276967718781059072
1276967720794423296
1276967729128304640
1276967737206726659
1276967741816279041
1276967744567685121
1276967745930752001
1276967771075641345
1276967774296977408
1276967787387211776
1276967799944966144
1276967803094999043
1276967815631835136
1276967819771609090
1276967820962611200
1276967821134696448
1276967824041431043
1276967832597737473
1276967845491027968
1276967849295319046
1276967859298750466
1276967861261684736
1276967862146564098
1276967862788403200
1276967869520191491
1276967878558916608
1276967891846361088
1276967895189336064
1276967899962454018
1276967929100320777
1276967933189730309
1276967961883009024
1276967966844780555
1276967975447195649
1276967975803740160
1276967982787330050
1276967988340510720
1276967993294163968
1276968000063758346
1276968004098625539
1276968026227736578
1276968033442058240
1276968039544524800
1276968045836226561
1276968033337126912
1276968050986831872
1276968067923415040
1276968088479698946
1276968093592555521
1276968100265701377
1276968100756406272
1276968109149224961
1276968109237243904
1276968127146930177
1276968127457361921
1276968139322986496
1276968147791294464
1276968155039096832
1276968202606481409
1276968209560801281
1276968230611902464
1276968236710576130
1276968240460247041
1276968247120867329
1276968251629715456
1276968252720234496
1276968258030186499
1276968269564596229
1276968270139142150
1276968270646648832
1276968291072765953
1276968295795548160
1276968310572224513
1276968319342522368
1276968319866847234
1276968361621151748
1276968364972310533
1276968371108458496
1276968379165937671
1276968393749512192
1276968407351640069
1276968411294322698
1276968412133109763
1276968416000311297
1276968420706222081
1276968424267284481
1276968432932515842
1276968440385896449
1276968453857935362
1276968454357233665
1276968477853716480
1276968479455956992
1276968484061220864
1276968491648573440
1276968495520124929
1276968513643692033
