1267592063115280384
1267592065866780677
1267592066764242946
1267592067171172352
1267592074100002816
1267592075425570818
1267592078428602369
1267592098569691138
1267592107134382080
1267592129670295552
1267592133357248512
1267592146397192192
1267592150377734149
1267592154874085376
1267592162750808067
1267592180228595713
1267592184523612168
1267592191863664652
1267592196657606658
1267592222385606656
1267592224814088192
1267592228664307713
1267592230627233792
1267592242392215552
1267592242765746182
1267592242841169920
1267592242937528321
1267592247601659909
1267592255059222531
1267592255797420032
1267592270859165697
1267592274755682310
1267592275737169922
1267592287782965249
1267592288760410115
1267592297157296131
1267592305449619457
1267592305827098624
1267592314546987009
1267592317071839234
1267592321371181058
1267592321773821952
1267592326702075906
1267592329180917760
1267592330665697283
1267592333492707334
1267592337825415181
1267592346641805313
1267592359341985793
1267592372927508487
1267592389407002625
1267592396331769863
1267592422068027393
1267592427289837574
1267592444339724293
1267592447217065984
1267592448706052096
1267592457052721157
1267592463759392768
1267592468645593088
1267592473565519872
1267592476946292739
1267592489520836611
1267592490481266689
1267592498676822017
1267592499331137537
1267592501667393536
1267592505891176448
1267592515709997069
1267592528271937547
1267592535112851456
1267592549335740417
1267592549809688577
1267592554226253824
1267592558252785673
1267592562199736321
1267592572609933312
1267592572618149893
1267592574467964929
1267592578980958208
1267592581401268224
1267592585251565568
1267592585893351426
1267592606172827648
1267592607045169164
1267592607686942721
1267592610652106752
1267592614490054660
1267592640142495750
1267592649906597889
1267592665970774016
1267592670916067330
1267592670886670338
1267592695993831425
1267592737156628481
1267592753615077376
1267592770593722379
1267592779212951558
1267592779212808192
1267592782270607360
1267592784384573441
1267592792836112388
1267592800742150144
1267592804881977345
1267592807369277443
1267592816982704130
1267592836867862531
1267592836976832512
1267592838486929410
1267592866634903554
1267592878869458945
1267592887346200577
1267592891318353920
1267592895785078785
1267592910037368835
1267592912793153536
1267592921789972480
1267592922184237057
1267592926000971781
1267592935073181696
1267592937736552448
1267592951376609281
1267592954924892161
1267592968590053376
1267592972016771076
1267592984477958151
1267592996645670915
1267593002341580805
1267593010885169152
1267593013435478022
1267593026165243905
1267593027238932480
1267593043047153666
1267593042913112064
1267593043236044800
1267593051200864256
1267593059480424449
1267593059392524291
1267593071996342275
1267593082096300035
1267593084298289152
1267593085401391118
1267593097350975493
1267593109808074752
1267593114295951369
1267593122592292864
1267593131555520513
1267593139495337990
1267593139717578752
1267593139805728771
1267593145581285377
1267593151734116352
1267593156742299651
1267593169786601476
1267593169723686917
1267593173477593088
1267593186022735872
1267593214791487488
1267593215261249543
1267593228783505409
1267593232529215494
1267593248802926593
1267593265122926592
1267593268906295298
1267593269296402433
1267593273364762624
1267593285780062208
1267593295909314563
1267593298744508416
1267593312963354625
1267593324325556224
1267593334056419328
1267593358383427585
1267593369338949633
1267593375160688641
1267593376028864513
1267593378885222401
1267593387999444994
1267593387965919242
1267593390646005765
1267593399122698246
1267593415568568321
1267593415656648704
1267593432593285123
1267593441548140554
1267593464134295553
1267593466495881219
1267593466491658240
1267593471046680576
1267593495532851200
1267593512423436291
1267593512738074627
1267593512876376068
1267593520996638721
1267593521185402880
1267593524641292290
1267593524741992448
1267593529070456832
1267593540282040325
1267593551334031360
1267593551812145163
1267593558787268609
1267593564537516033
1267593584636723201
1267593621521350656
1267593639145943042
1267593651443515392
1267593659085737985
1267593671324700672
1267593677062406145
1267593684998029312
1267593693814546432
1267593726630780929
1267593727029268482
1267593731013636097
1267593735233126400
1267593744368443393
1267593749380640768
1267593749774901248
1267593756720738310
1267593759925178368
1267593758897434625
1267593776941412352
1267598227639087104
1267598230566641667
1267598231116156930
1267598244290408452
1267598244739194888
1267598252704239617
1267598252628639744
1267598257611345922
1267598266155372545
1267598269666021377
1267598269947019270
1267598277194776588
1267598278348222471
1267598282198585350
1267598311101329408
1267598312103952384
1267598315102879751
1267598327333269504
1267598327530520577
1267598345398300679
1267598356832047106
1267598357712662528
1267598361663868932
1267598362422853632
1267598382240903168
1267598399483916289
1267598400007987202
1267598411991183361
1267598416332222464
1267598424762957825
1267598450754977798
1267598462482341894
1267598465607049217
1267598492450652162
1267598495785066496
1267598503448018946
1267598529406668801
1267598538340536323
1267598541658054657
1267598541465231360
1267598542912151552
1267598545177194498
1267598549660741633
1267598566815653894
1267598567784546309
1267598572452749318
1267598581021605888
1267598588110086145
1267598588403744768
1267598602060382208
1267598604119748610
1267598605948456966
1267598618405502977
1267598626752213007
1267598633509072899
1267598634318729217
1267598638039040000
1267598638412431363
1267598639133872128
1267598651066482688
1267598664308011009
1267598664840683522
1267598668602974222
1267598706011930624
1267598706146074625
1267598710827081729
1267598713356238855
1267598722189254656
1267598727226818560
1267598731735678976
1267598736361996293
1267598742401585153
1267598755882250240
1267598756792459267
1267598786056110081
1267598798072709121
1267598798634663936
1267598805282754561
1267598835024568323
1267598839201972225
1267598840623853568
1267598872584392707
1267598872832028673
1267598893350400000
1267598901759995904
1267598916670849025
1267598920617689096
1267598931669762048
1267598947956244481
1267598957926133760
1267598982357962755
1267599014964297728
1267599053736546304
1267599054667579393
1267599054739038208
1267599062213308416
1267599062934720512
1267599087261503488
1267599098980511760
1267599108912619523
1267599116584079382
1267599121663307776
1267599129305321472
1267599137958215681
1267599142966013952
1267599149374947329
1267599149370925057
1267599154202755073
1267599156027088897
1267599163786592256
1267599175392378880
1267599175912427520
1267599200482721802
1267599230924980224
1267599251665715200
1267599258200481793
1267599276865191937
1267599288718307331
1267599301565394954
1267599308351778829
1267599308653805569
1267599309706534912
1267599317919023105
1267599321970757633
1267599326068518915
1267599347136503815
1267599355332214785
1267599355772575744
1267599359039938567
1267599360528916480
1267599363527892999
1267599363641131013
1267599376978935815
1267599389255626753
1267599393651384320
1267599397719810048
1267599410097242113
1267599417697284097
1267599424148013056
1267599425985110017
1267599432708534272
1267599432855416833
1267599440673718275
1267599452119932928
1267599464040202244
1267599464518344704
1267599476719575042
1267599480754524162
1267599485653352448
1267599489012989952
1267599498055909393
1267599514896076803
1267599522638598145
1267599535498461190
1267599561599717382
1267599569275228160
1267599572840468480
1267599574308466689
1267599585427390465
1267599595166670848
1267599597976686592
1267599598090059776
1267599610786320384
1267599610878574592
1267599612010876928
1267599620101869573
1267599623419559937
1267599632793612288
1267599646194577410
1267599653501128705
1267599669602877441
1267599686770159616
1267599694462476288
1267599699550310400
1267599702771539973
1267599716289785857
1267599719649468417
1267599754202152961
1267599763425427456
1267599774099914752
1267599787920109576
1267599791745163264
1267599792835825665
1267599792949080065
1267599799903293441
1267599810049310724
1267599812913922049
1267599816357564418
1267599817263460355
1267599820878868481
1267599825417224192
1267599829074694144
1267599854475317248
1267599855695867906
1267599867096031233
1267599868400406528
1267599871651000338
1267599879725031425
1267599892551069696
1267599893243330567
1267599895780831234
1267599921252876288
1267599925371641860
1267599927204630530
1267599934414450688
1267599935412809728
1267599939540062211
1267599965058146310
1267599968656752640
1267604444054724608
1267604446516740096
1267604446751723521
1267604451990405120
1267604455656165378
1267604456088059910
1267604456356503552
1267604456650178562
1267604460399886336
1267604473729282048
1267604488455503872
1267604489093210113
1267604510454747145
1267604514472853508
1267604514632335361
1267604522353950724
1267604526225174529
1267604535347941383
1267604544835465219
1267604578251550722
1267604580810010627
1267604598648340480
1267604603425771521
1267604613018071046
1267604615836561408
1267604619544444929
1267604628725792770
1267604632219549703
1267604633297522688
1267604636204036096
1267604644487823361
1267604648120193024
1267604660745101313
1267604669297287169
1267604674196189189
1267604677761384455
1267604688624480256
1267604691686490112
1267604732484427781
1267604732836753411
1267604736506724352
1267604753065947143
1267604762154811392
1267604767263600641
1267604770602319875
1267604782799339523
1267604783260749830
1267604792743989252
1267604794077782016
1267604796074192896
1267604829276381185
1267604830173802497
1267604841272090636
1267604842589151232
1267604846561107969
1267604849530753025
1267604857885786119
1267604878706311169
1267604884788064256
1267604887002648579
1267604900382294016
1267604920896798720
1267604950479024129
1267604954786734080
1267604956334436357
1267604971425497096
1267604976056111105
1267604987707678720
1267604993487654914
1267604993701408769
1267605000953479168
1267605001490386946
1267605005592416262
1267605030778986497
1267605030963740674
1267605038156795904
1267605046767890432
1267605059166261249
1267605060520943617
1267605063452762114
1267605063750627329
1267605071853875201
1267605072181002241
1267605081723109381
1267605084676009991
1267605081903554560
1267605102157799425
1267605113637502977
1267605114120032256
1267605123443785728
1267605126509785088
1267605135745863681
1267605148014125057
1267605151197663232
1267605151663239168
1267605186303930370
1267605214946869248
1267605219317252096
1267605219392868353
1267605257212899330
1267605257787506688
1267605264636805121
1267605273952346112
1267605277211230209
1267605277408403457
1267605298258366466
1267605314699964418
1267605320525688833
1267605348422213632
1267605358274646017
1267605365321072642
1267605374758199302
1267605378763829248
1267605380063993859
1267605379929653248
1267605396576964609
1267605411458359296
1267605415543615495
1267605428290179073
1267605447235842049
1267605453418254340
1267605463379501058
1267605467037077504
1267605467003379712
1267605467431395330
1267605467502501888
1267605476126060545
1267605487157198851
1267605492626423809
1267605512872435719
1267605545491537929
1267605546502443011
1267605549740199936
1267605567008366597
1267605574734266368
1267605585320644608
1267605596016185344
1267605608460693504
1267605609748353025
1267605612822659075
1267605638307348480
1267605643302711296
1267605646461095936
1267605655805804544
1267605677154975744
1267605689679003649
1267605692950687744
1267605700743761925
1267605702740250625
1267605709815902208
1267605710285594625
1267605718628253696
1267605736021913602
1267605742900711424
1267605756913860608
1267605782251442177
1267605789906276355
1267605801926930437
1267605839671525376
1267605840183394305
1267605840833503233
1267605841001222151
1267605841101742082
1267605849750585348
1267605864367742984
1267605869287452672
1267605869920956419
1267605907875270664
1267605912421687296
1267605916389486593
1267605933284302850
1267605948111167488
1267605953354125312
1267605966415159296
1267605978054344705
1267605981724360704
1267605983469228032
1267605992109293570
1267606000917336065
1267606008035074048
