1275413281323094016
1275413285702164482
1275413292719226880
1275413300935831552
1275413332095234048
1275413343944269826
1275413372608155649
1275413395051892736
1275413401964097536
1275413403067207681
1275413406070247426
1275413415578595328
1275413415704616960
1275413426890780675
1275413433282899969
1275413439825899521
1275413439675092992
1275413446545244161
1275413453411418112
1275413466266755073
1275413489692139520
1275413491243872259
1275413494247108608
1275413499888492544
1275413506964312064
1275413512202915842
1275413519194824705
1275413523934457856
1275413566103752707
1275413570512191489
1275413586358214656
1275413595254390784
1275413598752378880
1275413624840912896
1275413650120101889
1275413666016485376
1275413666226212866
1275413679262105601
1275413679392129030
1275413691278618625
1275413699591761925
1275413700657242112
1275413700803993600
1275413701214887936
1275413712355000321
1275413714183745536
1275413737650810886
1275413758525964288
1275413762867003393
1275413784484548608
1275413791874875393
1275413810275221505
1275413810698809345
1275413821935562759
1275413826083663873
1275413829699026949
1275413834207948805
1275413834732204033
1275413851488448514
1275413859407294466
1275413859491176448
1275413873076482049
1275413875639439360
1275413880529997824
1275413885512830976
1275413889023389696
1275413893284868097
1275413893947330561
1275413923177443337
1275413930366697472
1275413939082481668
1275413943658393600
1275413947974385664
1275413951380103169
1275413952550318082
1275413981683945472
1275413984938569728
1275413997689417736
1275414006166151175
1275414007751389185
1275414031680053249
1275414032770404354
1275414048717312001
1275414052081147905
1275414053557538816
1275414060134281216
1275414055436648448
1275414065024765952
1275414089838329859
1275414093780758534
1275414094884061186
1275414119743717376
1275414129096851458
1275414132557307905
1275414142086758403
1275414145647677445
1275414149237895169
1275414157517619200
1275414162747817987
1275414173430812673
1275414174902833154
1275414177696419840
1275414203562680321
1275414203633774594
1275414215969460224
1275414229537849344
1275414236810948610
1275414240841666561
1275414245216264192
1275414246822731776
1275414253755719680
1275414262698119168
1275414263255797761
1275414265839726595
1275414267232161792
1275414271309070337
1275414291185897478
1275414307715428352
1275414308705521664
1275414321552637952
1275414329408569344
1275414341181939713
1275414342100570113
1275414342939402240
1275414345833500673
1275414346525339648
1275414351013437450
1275414355090313217
1275414367744516096
1275414370596487173
1275414383326375937
1275414391744335875
1275414392578998272
1275414393073758208
1275414400313294857
1275414400870912000
1275414404834701312
1275414405010780160
1275414405551919105
1275414409779777537
1275414417543278593
1275414426158579712
1275414442885263362
1275414467514445824
1275414492436930561
1275414492919279616
1275414497843269633
1275414510229209088
1275414531662131200
1275414534577106944
1275414535546064896
1275414540210130950
1275414547784970240
1275414559919046658
1275414574024593408
1275414576834793472
1275414588729819136
1275414589128105984
1275414593251291137
1275414597357506561
1275414598888435712
1275414598842085377
1275414602772168704
1275414618664558594
1275414619775893510
1275414636234489864
1275414640806236160
1275414653288484864
1275414653355659269
1275414656866230272
1275414660301422596
1275414665271508993
1275414677128916993
1275414683269435399
1275414689522933766
1275414689539735554
1275414699048402944
1275414702583984128
1275414733357809665
1275414748209782786
1275414765997887493
1275414777330835459
1275414782955290624
1275414794166833152
1275414794531676167
1275414828140683265
1275414829172510720
1275414836826996736
1275414837661589506
1275414844666195969
1275414845719011328
1275414857391767553
1275414870624591872
1275414886881693702
1275414894699929601
1275414907911958529
1275414908906221568
1275414921480507392
1275414942145933313
1275414942842142720
1275414949980971014
1275414963847335936
1275414966544355329
1275414978896580610
1275414992347594753
1275415001457668096
1275415013902086152
1275415013973544962
1275415014040535042
1275415016913752064
1275415021997248514
1275415030083846145
1275415035041460229
1275415050145148928
1275415058995130368
1275415060286976001
1275415063218667525
1275415064527372288
1275415071972188160
1275415084223705089
1275415093250068481
1275415097050107904
1275415102032773121
1275415113495871490
1275415131262980098
1275415147293691907
1275415151886417920
1275415156084834304
1275415156789575685
1275415164414832642
1275415168474808326
1275415171830181893
1275415172056854536
1275415180269236227
1275415180659302400
1275415188548788231
1275415190260064258
1275415193531678721
1275415202025127937
1275415206320103425
1275415219041230852
1275415226322731008
1275415232093937664
1275415252830760962
1275415255707942912
1275415255976419328
1275415256269860865
1275415265002565632
1275415273693220865
1275415276993957888
1275415277874941952
1275415285068005376
1275415298015928321
1275415307117625345
1275415327078219777
1275415331977269248
1275415332136640513
1275415335290585088
1275415335911424005
1275415353024303106
1275415361609924608
1275415361706438659
1275415387090194438
1275415389774794752
1275415400105287680
1275415416043638785
1275415436021112832
1275415437367341064
1275415445361786880
1275415446016188417
1275415449136697344
1275415453221994498
1275415465683279874
1275415474595979266
1275415478127616000
1275415482401648641
1275415483244859393
1275415496427364352
1275415499589984257
1275415500638621696
1275415512252477445
1275415512764297217
1275415528631230466
1275415530040700928
1275415533089968128
1275415550483664896
1275415561846038529
1275415550479474688
1275415566061207553
1275415574550646784
1275415583303983105
1275415549024092164
1275415588358066176
1275415595857543168
1275415604241895424
1275415605428973568
1275415608994086913
1275415609795215361
1275415613125648384
1275415650140184576
1275415650706620422
1275415650647838720
1275415666829389825
1275415670927261701
1275415697380847616
1275415704930357248
1275415708923543552
1275415713138618373
1275415714363346945
1275415730633216000
1275415734374580226
1275415733875421186
1275415747376881664
1275415768604135424
1275415769090625537
1275415776019783687
1275415814179565569
1275415814426906629
1275415815131672576
1275415804801175552
1275415835176243203
1275415856663744512
1275415859633238016
1275415860853837825
1275415880629796864
1275415901991579654
1275415910443094024
1275415927052357632
1275415956878241793
1275415961126834176
1275415966726402049
1275415969737904128
1275415970333388803
1275415972837556231
1275415973605105665
1275415985714012160
1275415994798923776
1275415998762491905
1275416011739729920
1275416019780198404
1275416023550898177
1275416027564662784
1275416029179625478
1275416035781459968
1275416044228796416
1275416045243826176
1275416050671198211
1275416065674219521
1275416070002601984
1275416073739866118
1275416082728263680
1275416086578696192
1275416094757576704
1275416104639164416
1275416107176747009
1275416120363757569
1275416124855910402
1275416129716883456
1275416132451659776
1275416142069346306
1275416145303089153
1275416154656268288
1275416166371115009
1275416167079981056
1275416169969844225
1275416175598465025
1275416205071773697
1275416205814378501
1275416209249492993
1275416242136858624
1275416246167703552
1275416266623328263
1275416272017252353
1275416292544188417
1275416295895379969
1275416301649965056
1275416322571227138
1275416325284859906
1275416325670699008
1275416325838561282
1275416325922398208
1275416329508605953
1275416330158686209
1275416333727956992
1275416334705340417
1275416351373393922
1275416354804371456
1275416355181862913
1275416362672959489
1275416401029656576
1275416401638014976
1275416402002948097
1275416413424029696
1275416414682308608
1275416422005583872
1275416438577258497
1275416447200657408
1275416447766925314
1275416451461963776
1275416451566968832
1275416455530590220
1275416481602437120
1275416485360365569
1275416493639884800
1275416505744871426
1275416514083147777
1275416514896642049
1275416523180511233
1275416539215261707
1275416539395690497
1275416548052779008
1275416560866414594
1275416585214312448
1275416607519657984
1275416619829911552
1275416627731853313
1275416631422976007
1275416637135630336
1275416644584644610
1275416645511438342
1275416650192306178
1275416660988563456
1275416674120937472
1275416694320750592
1275416695365042177
1275416696111673345
1275416699634884610
1275416702868692992
1275416707645964288
1275416720233111553
1275416732224520192
1275416742097940480
1275416753435111424
1275416762381742083
1275416770648723457
1275416775023198208
1275416782841544704
1275416799941668865
1275416800738639872
1275416803917914114
1275416808347111425
1275416811853447168
1275416812369240069
1275416820695076864
1275416833055764481
1275416846821462021
1275416858783551488
1275416859203026944
1275416874772291584
1275416891540901889
1275416912730615808
1275416914131591169
1275416921555558401
1275416942430621696
1275416945861505026
1275416950634512384
1275416955411935232
1275416962760310784
1275416963196608512
1275416975355916290
1275416975296958464
1275416984780525568
1275417001188442116
1275417005961732097
1275417022260625409
1275417042384904192
1275417051641851907
1275417052375851008
1275417072206479365
1275417073133461510
1275417080184156162
1275417081610190848
1275417084369854465
1275417101818146816
1275417105404497920
1275417105672921088
1275417106159480832
1275417118683492352
1275417122076684289
1275417126598176771
1275417132046704644
1275417155719159815
1275417165261406209
1275417180679680002
1275417189177311232
1275417236346490880
1275417244231761921
1275417248082153476
1275417253450862592
1275417253383565312
1275417257422622720
1275417257909391360
1275417274648637440
1275417294013960192
1275417341657059329
1275417350049869831
1275417350049861633
1275417357771399169
1275417361848209408
1275417361705730051
1275417371310559233
1275417391179194368
1275417403728564224
1275417440822931456
1275417441997381632
1275417442152579073
1275417453535858689
1275417453884039168
1275417458732662788
1275417466345271296
1275417475044294656
1275417475686023168
1275417488226992128
1275417491620212738
1275417512130121728
1275417533403869184
1275417552022392832
1275417554933219330
1275417556027871233
1275417563690708994
1275417585195065344
1275417592061202438
1275417596419022851
1275417609836433408
1275417618229452801
1275417626764873730
1275417633916157953
1275417634545098756
1275417642422153217
1275417643059683328
1275417654992519174
1275417667793494016
1275417667726381059
1275417680279818240
1275417680749740034
1275417689616515072
1275417698021847040
1275417709878980608
1275417718276141058
1275417735925600256
1275417743546675201
1275417751805403138
1275417781639565312
1275417802954862592
1275417836358455296
1275417849037754368
1275417860597329920
1275417873863884801
1275417883254947840
1275417898241097728
1275417911545548806
1275417912166187009
1275417916012404737
1275417916373184512
1275417924325515264
1275417944726462466
1275417945116602368
1275417945380810755
1275417956910903297
1275417961755545602
1275417962648932353
1275417974011310080
1275417982383132672
1275417987529334785
1275417990331334656
1275418028314816513
1275418037534031872
1275418041770225672
1275418045033279489
1275418065791049729
1275418071130349568
1275418071750963202
1275418086821122049
1275418096652738561
1275418102642204673
1275418111940927489
1275418120891576321
1275418129267453952
1275418129158602763
1275418133897986049
1275418134451757057
1275418142395609090
1275418154517348354
1275418155444207616
1275418162402668544
1275418167674671105
1275418172502532096
1275418180798816257
1275418183768387606
1275418192165232641
1275418204609957891
1275418209827635202
1275418226260758529
1275418271882371072
1275418279692185600
1275418288076599296
1275418289041104903
1275418292597870592
1275418292627234825
1275418301515157509
1275418301515137033
1275418301519159296
1275418305348734976
1275418305373896704
1275418314253180930
1275418322385825795
1275418331244199944
1275418335534931969
1275418346452910080
1275418351775313921
1275418355923632128
1275418364261928960
1275418364752453632
1275418369706070023
1275418385191284736
1275418392896450563
1275418398718136320
1275418411791716352
1275418419324690432
1275418424336883713
1275418439264481281
1275418443764899840
1275418444624801800
1275418444804943874
1275418448697405443
1275418462018510850
1275418464501542918
1275418464396521473
1275418472709672960
1275418477419917314
1275418477944205312
1275418481874407431
1275418502749286402
1275418502912933889
1275418515659304961
1275418533283934209
1275418544482725888
1275418544902221825
1275418545141268480
1275418552737169408
1275418557267017729
1275418577491935232
1275418582625562625
1275418595158183936
1275418603383394304
1275418615278383105
1275418623901872132
1275418624753373185
1275418628137971713
1275418636447109120
1275418636467892225
1275418637969620993
1275418645078970368
1275418645427105792
1275418649185202176
1275418653182181378
1275418671456763907
1275418678650118145
1275418678843105280
1275418683670552576
1275418704755343361
1275418708857376768
1275418716239519744
1275418733876559874
1275418737416589312
1275418746434150400
1275418762297126912
1275418783126077442
1275418797172764679
1275418809084641281
1275418813476077569
1275418847827439617
1275418850880864262
1275418855427497985
1275418860339056643
1275418867141992452
1275418867838271489
1275418875513970688
1275418885358051329
1275418913329647618
1275418917180243968
1275418930362888193
1275418934443794432
1275418952231878657
1275418952324153344
1275418952324218880
1275418976257015809
1275418981667651584
1275418988651048961
1275418994405761026
1275418997828096000
1275418998272864256
1275419001754013697
1275419005923332097
1275419007223508992
1275419007101702146
1275419010650329088
1275419026865287168
1275419030694830080
1275419043378237440
1275419048080052226
1275419065650155533
1275419068523147264
1275419086504280065
1275419094167085057
1275419102647947264
1275419106171379715
1275419114438307846
1275419120486486016
1275419127390375938
1275419141143441408
1275419141856538624
1275419144708653058
1275419153202110464
1275419153726406661
1275419175264157697
1275419198852861963
1275419203298787333
1275419203764465664
1275419212182323207
1275419244486770694
1275419250203729923
1275419257443094529
1275419257849950215
1275419265718456327
1275419283246526465
1275419296076718080
1275419324715425792
1275419324912742401
1275419333032886273
1275419336707117062
1275419350342696960
1275419359138234370
1275419370638856192
1275419384626835456
1275419392302632960
1275419413588606978
1275419413873864705
1275419421343985664
1275419429187325953
1275419429765935104
1275419462615867397
1275419463232389122
1275419467468746752
1275419471310581765
1275419472698859520
1275419475551105025
1275419496052854784
1275419509751517186
1275419518454685698
1275419531175964674
1275419531121496073
1275419547168919554
1275419547651108864
1275419564801585155
1275419567880372226
1275419572003356672
1275419572775137280
1275419580014440451
1275419581625126916
1275419586351886338
1275419607449456640
1275419656359153665
1275419685081829377
1275419686344286209
1275419705755332610
1275419714857185280
1275419727477817351
1275419727561502720
1275419731282087937
1275419748486897665
1275419760365383680
1275419761665605642
1275419773812330497
1275419782590935041
1275419790220447744
1275419795760898053
1275419803625361413
1275419806469173248
1275419810969444352
1275419811942551552
1275419815734378496
1275419816585805824
1275419820545110016
1275419823770460163
1275419869769543681
1275419878518898688
1275419954246975496
1275419958818848770
1275419975898017792
1275419980079812621
1275419982696865792
1275419984123101184
1275419995728732162
1275419995762307072
1275420008106115073
1275420024941842435
1275420025755783174
1275420026535768065
1275420030415536132
1275420033720582144
1275420038032289796
1275420051588419585
1275420058441916416
1275420084828323840
1275420093237923840
1275420100804464640
1275420109633437696
1275420113936748545
1275420114058448896
1275420116809891840
1275420131133460487
1275420150519468033
1275420177023348736
1275420179342778368
1275420192722554882
1275420222032396288
1275420230085414913
1275420234892050432
1275420238729732099
1275420248519454720
1275420255393705984
1275420264126230530
1275420272615657472
1275420281629282307
1275420289204133888
1275420293385814016
1275420302852468739
1275420314529226752
1275420314734702593
1275420330866216960
1275420339909144576
1275420339896348676
1275420357088948226
1275420365938921472
1275420382112223232
1275420386293952520
1275420390215598083
1275420398633410561
1275420399254339584
1275420410859999235
1275420411023560706
1275420431793696770
1275420431990677504
1275420445228089349
1275420449841831947
1275420449925558273
1275420474772795392
1275420481886343168
1275420498856423425
1275420527969161217
1275420533660831746
1275420540799315971
1275420541294456832
1275420545954181120
1275420546415628288
1275420554363908096
1275420558734299136
1275420565776588802
1275420573904986113
1275420603730845697
1275420604548726784
1275420607941918720
1275420612970909697
1275420613214117890
1275420617282654208
1275420617530126336
1275420620164141057
1275420624454914053
1275420670923403264
1275420671733108739
1275420679320465408
1275420688136826881
1275420700434747399
1275420700669612035
1275420700971581440
1275420746970353665
1275420747507400708
1275420755019403264
1275420767765663744
1275420784324866048
1275420787902537729
1275420796270362626
1275420797138538496
1275420801345318915
1275420818575519747
1275420823210221568
1275420829979938817
1275420835583574017
1275420850888433664
1275420851437998081
1275420863597285376
1275420868718604289
1275420873449713666
1275420881683177473
1275420889538891782
1275420910351200256
1275420918320373760
1275420918936993792
1275420936544481280
1275420943096086529
1275420943561773062
1275420944081788928
1275420948527751173
1275420981599907842
1275420997177315329
1275421006795063296
1275421024130084864
1275421043788664836
1275421044908724224
1275421057810227200
1275421066295476224
1275421079247486978
1275421086138630145
1275421087522840581
1275421097949708288
1275421098721579008
1275421115146518528
1275421115947593729
1275421123862319105
1275421124143337479
1275421128513683460
1275421132238106625
1275421141503479809
1275421149493637121
1275421153839009792
1275421154384150530
1275421158792466432
1275421161900384256
1275421170343575552
1275421174797938692
1275421182175727616
1275421187238252545
1275421186986586112
1275421199309443072
1275421209040125952
1275421213150461952
1275421220880580608
1275421229134934016
1275421241462095873
1275421246876983296
1275421254527434752
1275421258470117376
1275421292699803649
1275421308818464768
1275421316485713920
1275421317634949120
1275421325847343106
1275421337553682432
1275421342461034496
1275421347510804481
1275421363251994626
1275421384118661126
1275421391727230976
1275421393434247173
1275421401197867013
1275421417065140226
1275421430361047042
1275421438120345601
1275421443761647618
1275421447410892800
1275421460178313217
1275421468642488320
1275421471683346433
1275421480633929729
1275421488972062721
1275421506747666433
1275421522820292608
1275421535554220034
1275421538884308994
1275421560916959234
1275421564574580736
1275421565497245696
1275421569830002688
1275421607259975681
1275421626763362305
1275421631008198657
1275421644140367873
1275421647919611922
1275421648267685889
1275421653619613696
1275421657247571968
1275421677590118400
1275421686867865601
1275421694052700161
1275421716567797762
1275421721248612352
1275421723630817280
1275421724113338368
1275421728760492032
1275421749312655360
1275421749635616770
1275421753263534081
1275421774692352001
1275421777842311169
1275421787824828416
1275421790475620352
1275421791544991745
1275421808481665024
1275421816115408904
1275421817075793921
1275421828962451456
1275421838009487360
1275421838206627841
1275421850181525505
1275421899313434624
1275421901041602561
1275421905022001153
1275421928728207366
1275421951935250432
1275421958490992640
1275421958730022914
1275421959036309504
1275421979881996289
1275421987947642881
1275421992158707712
1275421992720560129
1275422008449421313
1275422026237239296
1275422030935007234
1275422031224307715
1275422042746126339
1275422043098529793
1275422075822301189
1275422077131030529
1275422081652490249
1275422085251203072
1275422088329920512
1275422088585764864
1275422089118281728
1275422096949235713
1275422126900731904
1275422138896433152
1275422139093524485
1275422147553484800
1275422152460730368
1275422155359035394
1275422169300942848
1275422176796200960
1275422180386451461
1275422182248558593
1275422210430099459
1275422210505785344
1275422219166863361
1275422221843009537
1275422227161219072
1275422227123634178
1275422227186450433
1275422244144123904
1275422249001123849
1275422265883197441
1275422269989367808
1275422278000533507
1275422290415509504
1275422306349637634
1275422320111357955
1275422323726626816
1275422328344764417
1275422349043605506
1275422350138241024
1275422354038878209
1275422353971806208
1275422356828233730
1275422344291520512
1275422370266861569
1275422373307723777
1275422378332315650
1275422382556016640
1275422386268110849
1275422387236859905
1275422390282072066
1275422395826929666
1275422407306534916
1275422407868715008
1275422411286999041
1275422428152225794
1275422428613586944
1275422438096924672
1275422441041326085
1275422449090215938
1275422449060868103
1275422453389422594
1275422454282772480
1275422457374158849
1275422457562718210
1275422462910570497
1275422482263011328
1275422483122978816
1275422483487883269
1275422488114184193
1275422496456613888
1275422520167055360
1275422520942956546
1275422521060323330
1275422533148434433
1275422533236346880
1275422533387509760
1275422537648934912
1275422545823641601
1275422549527101441
1275422554736537601
1275422562843934722
1275422571060768770
1275422575322034176
1275422579688423425
1275422606041088000
1275422609258057730
1275422612441780229
1275422612542406656
1275422612890570753
1275422630410100742
1275422638001790977
1275422647367675904
1275422664497258496
1275422675414978560
1275422688710922240
1275422700585070599
1275422710798200835
1275422738660933633
1275422739092983808
1275422743639527425
1275422752111984640
1275422752409706504
1275422755182178304
1275422769035874305
1275422778091540483
1275422793182720000
1275422797653667840
1275422797913681920
1275422801445429249
1275422815030665216
1275422818512052226
1275422823738036225
1275422827001401345
1275422831547781120
1275422835402473472
1275422860501229568
1275422864812974082
1275422851986669568
1275422868340445184
1275422868982173697
1275422881334214658
1275422882588483588
1275422885180563462
1275422889789935616
1275422893233647616
1275422894022111233
1275422898908549122
1275422901949403137
1275422910207987718
1275422919045320705
1275422924648955909
1275422931649093632
1275422931816939521
1275422933075320832
1275422943879860224
1275422944265506823
1275422953170063360
1275422953396633602
1275422957163229186
1275422961378504704
1275422969263804417
1275422985575415810
1275422998510485504
1275423000159047680
1275423007343771648
1275423007788457985
1275423012033122305
1275423012184080385
1275423015929434112
1275423037286948864
1275423045344264192
1275423062373122048
1275423074087833607
1275423083524841474
1275423086460854274
1275423108929855488
1275423111895285762
1275423126034083842
1275423128429170690
1275423153506914304
1275423171487940615
1275423178609876992
1275423192186839042
1275423208959852544
1275423216161492993
1275423229209870339
1275423229633531907
1275423247102812165
1275423251569786881
1275423259245322245
1275423262986534913
1275423297954603009
1275423305407827968
1275423309493145601
1275423322428395520
1275423343265460225
1275423351159341060
1275423351943593984
1275423356376973312
1275423360076431360
1275423385573564418
1275423393932881921
1275423414308626434
1275423444243365888
1275423447498268673
1275423465814679552
1275423481212133384
1275423484957597698
1275423489533624321
1275423493618876422
1275423498027089921
1275423498752548865
1275423498899505152
1275423510597234695
1275423510970564609
1275423514653126658
1275423514665775104
1275423514959347713
1275423522836361216
1275423526879498241
1275423531153711105
1275423532567183360
1275423545460510723
1275423548258074626
1275423552808685568
1275423560551497733
1275423574573158401
1275423577794400256
1275423585813909505
1275423587168641025
1275423590142205959
1275423602947559424
1275423611830931456
1275423612154118147
1275423615303987202
1275423619976294400
1275423627849027584
1275423631577714689
1275423632211222533
1275423640201367553
1275423653648371712
1275423662473175041
1275423666449285121
1275423678717714434
1275423678629662721
1275423687802568707
1275423699383058432
1275423699680866307
1275423704462225409
1275423724402065410
1275423742924120065
1275423750096187392
1275423774310047747
1275423775018885121
1275423775169802240
1275423787643740161
1275423792051949568
1275423803871334402
1275423813908533249
1275423818589356032
1275423821001117701
1275423821051371520
1275423825912528896
1275423846259027970
1275423862444916742
1275423863023841280
1275423870825177088
1275423871114436608
1275423875938091008
1275423879385751554
1275423900663504899
1275423907390971906
1275423913179217921
1275423921710534657
1275423939028758533
1275423939007787008
1275423947480154113
1275423954593710080
1275423963787800577
1275423971945492480
1275423984180359170
1275423985606504448
1275423988181860352
1275423992401276928
1275423993592332288
1275423996637581312
1275424014735945729
1275424017709772800
1275424025985064962
1275424038580555779
1275424063834460165
1275424065294131201
1275424065411600386
1275424068238479365
1275424072852267008
1275424080603361281
1275424097305088002
1275424119702589440
1275424119719366656
1275424132298149889
1275424140246355968
1275424147900821506
1275424152594403329
1275424156255875075
1275424157199503361
1275424164594298880
1275424177684692992
1275424185712627714
1275424189617487872
1275424191232323585
1275424210811305984
1275424211083935744
1275424214665723908
1275424228687347714
1275424236069253120
1275424253119102977
1275424253387649025
1275424254029205505
1275424257846071297
1275424266813681664
1275424269472722945
1275424270328516610
1275424270353489922
1275424273679745026
1275424291362922496
1275424292000247809
1275424294764331008
1275424299617153025
1275424315777921025
1275424323969449984
1275424350884122625
1275424353849499650
1275424362200543233
1275424366604496902
1275424391187357696
1275424400037249024
1275424416382369793
1275424417141702656
1275424425576366081
1275424463807557634
1275424474859528194
1275424487270420480
1275424491980632066
1275424495721787392
1275424495831076866
1275424513375772673
1275424529318203393
1275424538113839106
1275424550226931718
1275424554815537154
1275424559781437440
1275424564210733056
1275424564286283778
1275424583840120834
1275424584171487233
1275424589015728128
1275424601951162368
1275424606484967424
1275424638256984069
1275424638227668993
1275424642564382722
1275424643051130880
1275424643348787200
1275424646666416129
1275424689196695552
1275424726316224513
1275424726366646273
1275424734973435904
1275424735883640839
1275424740337950720
1275424757622562817
1275424760344662016
1275424773057773569
1275424778074107906
1275424781765132293
1275424781752569861
1275424782327185408
1275424807039807491
1275424808122138624
1275424810261073922
1275424810881953793
1275424822932185089
1275424824320569345
1275424831828307968
1275424839587835904
1275424844230918144
1275424861171658752
1275424861477842944
1275424873683333122
1275424899499163649
1275424906952540160
1275424908294492161
1275424936161574912
1275424940859277314
1275424950426333185
1275424957321936896
1275424983876075522
1275424986564526081
1275425003840827392
1275425007980572675
1275425008660164612
1275425037202358278
1275425046157299712
1275425050842165248
1275425053622951939
1275425063517532160
1275425067283906562
1275425071624941568
1275425082987483136
1275425092852465666
1275425096694366208
1275425104537812992
1275425109214285825
1275425121281486849
1275425130261299200
1275425133679849473
1275425166814777345
1275425179775258631
1275425188398563334
1275425197785481217
1275425214373953536
1275425218211741697
1275425221667889152
1275425235840499712
1275425242681192450
1275425251124367364
1275425263430533125
1275425268610396160
1275425272926355466
1275425284737515520
1275425290156675072
1275425306233495554
1275425309714796544
1275425326139469833
1275425336411422721
1275425343365578752
1275425352521617409
1275425355604602880
1275425360406999044
1275425373610803202
1275425381110038533
1275425386025881603
1275425410642325504
1275425419433439233
1275425426974728192
1275425431970168832
1275425436064002049
1275425443601100800
1275425447841579008
1275425448726413312
1275425460491608064
1275425461871554561
1275425461938446337
1275425468863447040
1275425474068402182
1275425477658902529
1275425523255119872
1275425523703992322
1275425532046462977
1275425537075413001
1275425570877091840
1275425582608715776
1275425598911811586
1275425606620962817
1275425607438995456
1275425628670455809
1275425638468456448
1275425645200388098
1275425650204012546
1275425667174334466
1275425671502688257
1275425671938838538
1275425674405142531
1275425686992285697
1275425688389062657
1275425691736002560
1275425704415543299
1275425709603856384
1275425726238322688
1275425729883394050
1275425733196656641
1275425750640988167
1275425763571818497
1275425776280764416
1275425784203796486
1275425821545521153
1275425825630965761
1275425826763227140
1275425826956288000
1275425850993901574
1275425855263526913
1275425863312400385
1275425863593582592
1275425871608897536
1275425885558980608
1275425896585822208
1275425901300383746
1275425905167351809
1275425922657792001
1275425956774248448
1275425960293261312
1275425965301280768
1275425972960079873
1275425977452179462
1275425981134561285
1275425989846278149
1275425990278352901
1275426005759528965
1275426010427568134
1275426018535358470
1275426022486233088
1275426032959361025
1275426035639767040
1275426036012986368
1275426048524476421
1275426056292483072
1275426065176035332
1275426077897351168
1275426090509533187
1275426097757188098
1275426127318863872
1275426136093122563
1275426165071720448
1275426169781960705
1275426174785720320
1275426187385470979
1275426195790856194
1275426236408500224
1275426266930446337
1275426278762414080
1275426286719193088
1275426287486631942
1275426291441786880
1275426295388745730
1275426337503633408
1275426353786032130
1275426354150780928
1275426362413559809
1275426395997396992
1275426401563205635
1275426404490899463
1275426408622325760
1275426413441691648
1275426418030030848
1275426446589059072
1275426451509186560
1275426472761733120
1275426479741042689
1275426480701337603
1275426484426027011
1275426488641359872
1275426492399226880
1275426493854822401
1275426493909401607
1275426500490211334
1275426505179332608
1275426506345504770
1275426513215766532
1275426514331299840
1275426518764859392
1275426526092197888
1275426535403593733
1275426539530788864
1275426542416510976
1275426546950471681
1275426550880632837
1275426551283187712
1275426564973314048
1275426568358281216
1275426568463155202
1275426575979294725
1275426576188858368
1275426585860952065
1275426594174058498
1275426597219303430
1275426598985117696
1275426602373931009
1275426602705453056
1275426610133585921
1275426614080389120
1275426622288662528
1275426624171905024
1275426631008616448
1275426639585914882
1275426648003936256
1275426652806242306
1275426657252360193
1275426660616208384
1275426668635701248
1275426682112008192
1275426682346729472
1275426685471428610
1275426699262300160
1275426706090835968
1275426711245664256
1275426718795399169
1275426720309407744
1275426724050694145
1275426731541684224
1275426732355567623
1275426736524521474
1275426745177370631
1275426752555335682
1275426753679290368
1275426757634674688
1275426757718523904
1275426765645766656
1275426778278842368
1275426790450888706
1275426794456281090
1275426806846242819
1275426810927464448
1275426820737859584
1275426836231655427
1275426845215916034
1275426853658824704
1275426857421340679
1275426857761071104
1275426861388976128
1275426870390067205
1275426879726485505
1275426883098882053
1275426886898921473
1275426899112624137
1275426899146108929
1275426900312276992
1275426903810334722
1275426909136941057
1275426916653203456
1275426921107484673
1275426925062705152
1275426938048245761
1275426942557306885
1275426945648508928
1275426949297364998
1275426950765477889
1275426957744799744
1275426958369751044
1275426967269961731
1275426967395975169
1275426970520760325
1275426972055867392
1275426974807339010
1275426975272669186
1275426975822180352
1275426982990278656
1275426983200120832
1275426991441948672
1275427013713518598
1275427014548357121
1275427017526333440
1275427020839825408
1275427025243832321
1275427029735755781
1275427037688344578
1275427041718890497
1275427042725683200
1275427042838880256
1275427050002636800
1275427062686330882
1275427067039907840
1275427067497025536
1275427071133712384
1275427071112679429
1275427072010334209
1275427075130707977
1275427076066115584
1275427076242395145
1275427076355457026
1275427079899746308
1275427079882805249
1275427088439205889
1275427092843249665
1275427092746903552
1275427093258493953
1275427096786067462
1275427117216313344
1275427118243958792
1275427121469419520
1275427125823184897
1275427126309576705
1275427126783676417
1275427130050965505
1275427142684356610
1275427146446639109
1275427150821232643
1275427156622036992
1275427163479605248
1275427164167553027
1275427167862697985
1275427171318796299
1275427172006735875
1275427172505792512
1275427181422940162
1275427230391455744
1275427256991711233
1275427269431881728
1275427276277112834
1275427281003937794
1275427286766907394
1275427289237340160
1275427293356273664
1275427307252076544
1275427311479816192
1275427319105163265
1275427344002412545
1275427347991343111
1275427348914081793
1275427356719579138
1275427357394796544
1275427360897028098
1275427361937338368
1275427369113866243
1275427370242113536
1275427377385025536
1275427382107738112
1275427390362173445
1275427390823510016
1275427394095058951
1275427398536880128
1275427399350525953
1275427406669590528
1275427406824779781
1275427440630861824
1275427441184407552
1275427453654249472
1275427461484867585
1275427482112417794
1275427483039395842
1275427494812946437
1275427495928463365
1275427496046088192
1275427503566249984
1275427507555069953
1275427508008005632
1275427508666527745
1275427511321518081
1275427515683622913
1275427525313904640
1275427533257756673
1275427536801914881
1275427537108287489
1275427550861328385
1275427562294927360
1275427584160006144
1275427616699248640
1275427633216589824
1275427645757386754
1275427650966892545
1275427653902884865
1275427654146174976
1275427659648888837
1275427671841873923
1275427693367037953
1275427701822828545
1275427708525334529
1275427708760207360
1275427710647533569
1275427722223812608
1275427730755063808
1275427734005530624
1275427739646844933
1275427767220424704
1275427766347935745
1275427768474320904
1275427798044139520
1275427810522300419
1275427814402113536
1275427819091374085
1275427830700969986
1275427839744135168
1275427856483409922
1275427865618722816
1275427869427195904
1275427873663434752
1275427876762836992
1275427882039312387
1275427886183391234
1275427905653231617
1275427910040477697
1275427911407992835
1275427922543693824
1275427935051304961
1275427935512649741
1275427940784910338
1275427952558256128
1275427953107709957
1275427965862436864
1275427965837422593
1275427985445867522
1275427985651351558
1275427999324594177
1275428006446563331
1275428006413000706
1275428031922765826
1275428044321234949
1275428052621840387
1275428053045391360
1275428103037218816
1275428111958650880
1275428112071823363
1275428119818784769
1275428124809785347
1275428128677138432
1275428133684928514
1275428149715709960
1275428149757718531
1275428165951905794
1275428166266388482
1275428170519285760
1275428174705430528
1275428184251564034
1275428192283746305
1275428208184135683
1275428221933273090
1275428232825835520
1275428238551126020
1275428245387612162
1275428246079836160
1275428250219614215
1275428255449956352
1275428258863968257
1275428260273434624
1275428275796443138
1275428276274520065
1275428292695392257
1275428296553947137
1275428301000097796
1275428304384921601
1275428308897972226
1275428329277935616
1275428330443956224
1275428330611728385
1275428339390562304
1275428354804637702
1275428355643453441
1275428359351283714
1275428372072599552
