1268378510160093189
1268378528657088512
1268378532654264321
1268378544108982272
1268378544901513216
1268378551633317888
1268378559992614915
1268378589596209154
1268378598617935873
1268378631618904064
1268378632323567618
1268378632344473603
1268378637667119104
1268378639973974020
1268378644944044033
1268378653412388864
1268378662694342656
1268378662744870918
1268378679270227968
1268378704515706881
1268378707623768065
1268378707913129984
1268378708483637249
1268378720538066946
1268378733272010752
1268378738376540162
1268378748912496640
1268378749063454721
1268378755145367558
1268378755715612673
1268378758819598342
1268378766218330112
1268378774736904194
1268378775651303430
1268378787235762176
1268378796559937537
1268378807389519872
1268378808010358791
1268378808526094338
1268378808517828608
1268378854734704641
1268378858539147265
1268378877174349825
1268378889249787905
1268378895859855360
1268378899592822786
1268378905905332224
1268378912414994439
1268378929167044609
1268378929980678144
1268378931025100801
1268378933281591301
1268378937949687808
1268378944006426624
1268378958510391297
1268378958787207171
1268378959059787783
1268378966957662208
1268378972481556489
1268379001023803393
1268379002520997889
1268379010372898816
1268379014143459328
1268379014768418816
1268379063695147008
1268379069101424642
1268379076550635524
1268379076516999170
1268379098725793792
1268379100999270401
1268379105852035072
1268379109278674944
1268379118078312451
1268379123916746752
1268379131453902848
1268379135434317824
1268379143017824257
1268379145546764288
1268379157869801478
1268379161640546304
1268379169987141632
1268379172935806977
1268379173023875073
1268379178224713729
1268379186068152320
1268379189545074688
1268379193693204481
1268379194964221952
1268379199221280768
1268379219320623106
1268379224462757889
1268379231123275778
1268379232062898176
1268379235602833409
1268379245580972032
1268379248236134401
1268379253411926018
1268379253957148676
1268379254359756812
1268379259225194497
1268379295207968770
1268379306637455361
1268379308235591682
1268379315890196482
1268379319430049798
1268379349578907648
1268379350153539584
1268379367689924609
1268379369484898304
1268379370131009539
1268379374560182272
1268379383879745536
1268379386295783424
1268379395829293057
1268379405341974529
1268379409213513728
1268379411461451776
1268379433452351498
1268379438644789251
1268379449453473792
1268379466281086976
1268379474841800708
1268379474766290944
1268379478557941760
1268379483234590721
1268379488590663680
1268379506252775426
1268379530445623296
1268379534526685185
1268379537508687873
1268379550326706177
1268379566999056384
1268379568542539776
1268379579837751296
1268379601190846465
1268379606542843905
1268379609105489920
1268379621118140426
1268379622862991360
1268379625563942912
1268379631549394945
1268379651455373312
1268379659714146311
1268379673794355200
1268379694547832832
1268379761283264512
1268379763636187136
1268379768078192643
1268379773799206919
1268379780694437892
1268379781793447936
1268379802920239104
1268379806267314183
1268379810948136961
1268379814060347395
1268379815477903360
1268379856594784259
1268379856775122944
1268379860113649664
1268379887389179904
1268379894183981058
1268379903193419777
1268379913033256960
1268379920910045184
1268379948751994880
1268379961938722816
1268379983627550721
1268379990883815425
1268379991806533633
1268379999922294785
1268380004209090561
1268380013419626500
1268380016854720513
1268380041831833601
1268380049662775296
1268380067404619776
1268380069732515840
1268384520446734337
1268384520774004736
1268384521017102339
1268384532903927808
1268384559957073921
1268384600759455745
1268384608581832704
1268384612520099840
1268384620782878720
1268384622741803009
1268384624738054144
1268384631029727232
1268384631088459777
1268384638487183365
1268384642161274880
1268384664890363904
1268384693235281920
1268384698604158980
1268384705788940288
1268384725556592641
1268384730375786496
1268384731848007680
1268384751011770368
1268384751603326978
1268384763351613442
1268384774139162624
1268384788857139200
1268384797384212480
1268384799275745280
1268384799799955456
1268384803344318466
1268384814530531328
1268384832343756800
1268384840056860673
1268384843873890304
1268384854451814400
1268384858482581504
1268384860822888449
1268384872424448000
1268384872847929344
1268384877767991296
1268384883203649538
1268384883241439232
1268384891252719616
1268384893689618432
1268384899477667840
1268384906964611074
1268384907862179840
1268384910219202560
1268384910877786112
1268384914388316160
1268384920247861249
1268384923779399680
1268384932612587521
1268384939629821953
1268384940644802561
1268384945577193472
1268384948215517190
1268384949133996032
1268384953793785856
1268386409485946881
1268386412673499136
1268386412979576834
1268386418771910657
1268386420042809344
1268386430948163589
1268386443153604609
1268386443035963392
1268386446282498051
1268386466515820544
1268386471930662914
1268386505132699648
1268386509184524288
1268386510287572992
1268386535407325185
1268386551052095493
1268386554231341059
1268386560254152707
1268386565492891649
1268386575945068544
1268386588075134977
1268386594647453696
1268386597751439361
1268386618181910529
1268386634665545730
1268386639774171136
1268386642282328068
1268386648510722048
1268386653141209088
1268386673898864640
1268386680307843073
1268386680505073666
1268386686116995072
1268386689816203264
1268386702059548674
1268386722540253184
1268386722611511297
1268386743734198274
1268386779737944065
1268386780564164610
1268386780744609792
1268386782535487489
1268386798528376836
1268386804161490944
1268386811358834688
1268386819231580160
1268386821265936385
1268386824319152128
1268386832204603393
1268386835526569984
1268386835954270208
1268386844967927814
1268386852395941896
1268386857060044802
1268386860662833152
1268386864756596736
1268386883102339072
1268386891096678400
1268386892288077824
1268386899112099847
1268386903125921792
1268386908566106112
1268386924600807425
1268386930468614144
1268386930544254976
1268386941239771136
1268386954271481857
1268386958822248450
1268386958474006528
1268386962831892480
1268386962710376448
1268386982213763073
1268386989298106369
1268386993202794496
1268386995207725056
1268387001134440449
1268387034843971584
1268387048739782656
1268387066863288321
1268387070138933251
1268387080863911938
1268387081149190144
1268387083351187456
1268387104624709632
1268387122492452871
1268387130088329217
1268387134185988096
1268387146664046592
1268387154549526530
1268387193254375424
1268387194043019267
1268387197885038592
1268387198228815878
1268387213420576768
1268387217879293952
1268387221163446273
1268387238901100544
1268387246782193664
1268387259277029379
1268387277732040710
1268387285457948673
1268387296857993221
1268387323974053891
1268387338863783938
1268387353090899974
1268387370036015104
1268387374242967552
1268387381859831810
1268387386448379904
1268387395365408768
1268387396787159042
1268387399077212160
1268387407176450050
1268387415280029696
1268387424914141184
1268387427661447171
1268387441792020481
1268387445009199104
1268387445201985537
1268387446007508993
1268387450042359810
1268387450600087552
1268387460649648128
1268387471311564800
1268387485664632834
1268387487472328706
1268387503230214145
1268387504086016000
1268387515477745664
1268387526240174087
1268387535958478854
1268387538273660930
1268387546700173312
1268387554572800000
1268387557588508680
1268387558150438913
1268387561019490306
1268387561937879042
1268387571878543362
1268387577972903936
1268387592069922816
1268387594410303490
1268387598768226305
1268387611162193920
1268387619672600577
1268387623862710273
1268387632473608195
1268387654070083584
1268387667579789318
1268387667898560513
1268387696797499394
1268387697598529536
1268387713989795841
1268387717194252290
1268387721115865093
1268387733686321154
1268387737905836033
1268387737406709760
1268387741781446658
1268387743853395973
1268387756079603715
1268387763155423232
1268387768561889280
1268387782080098309
