1276742032170442752
1276742038801784832
1276742082384838657
1276742096649666561
1276742097467404288
1276742100902481923
1276742114081230848
1276742126521528320
1276742126945042433
1276742132636647425
1276742134205423617
1276742134159347712
1276742145391636481
1276742152635076608
1276742172881162240
1276742184230768641
1276742184947990529
1276742192086708224
1276742193319776258
1276742198831140865
1276742200433373186
1276742202509623302
1276742208553713665
1276742221769748480
1276742248508473350
1276742248793870336
1276742256293109760
1276742271371669510
1276742275847127046
1276742289226752000
1276742300736073728
1276742301042249728
1276742320579383296
1276742323800604673
1276742330234568704
1276742330389860352
1276742334252646400
1276742342574084097
1276742348593082371
1276742360756445184
1276742362467835905
1276742369665150978
1276742375696592898
1276742382667661314
1276742388787052551
1276742390171254784
1276742394239578112
1276742412539514886
1276742413881614336
1276742430331506689
1276742433405980672
1276742434622279680
1276742435096293377
1276742436178612225
1276742438762078209
1276742442973192192
1276742444688654337
1276742449336070144
1276742457238056960
1276742459637325824
1276742460241260546
1276742481984577536
1276742485788839936
1276742487319740416
1276742503455027200
1276742515778039808
1276742527689854977
1276742529648640000
1276742537856741377
1276742542491439106
1276742558345867264
1276742562146136064
1276742566155862017
1276742569041461253
1276742569813311488
1276742580185624577
1276742598774927360
1276742600171675649
1276742622833332231
1276742635861020672
1276742636305387520
1276742636636983296
1276742642144104449
1276742656639610880
1276742657851576320
1276742664302538758
1276742676658958337
1276742683327938560
1276742696217055238
1276742711173931009
1276742711505289217
1276742711840780288
1276742717444206593
1276742718211923969
1276742737987956736
1276742742916333569
1276742750671638528
1276742750801670144
1276742762533134341
1276742766073196545
1276742775338266627
1276742787086467072
1276742791750660096
1276742810549366784
1276742816501301248
1276742827796566016
1276742834431852544
1276742835400671232
1276742846939201536
1276742851469217792
1276742856124837895
1276742858482036736
1276742881039040512
1276742882020470785
1276742898428436480
1276742906229878785
1276742921614589952
1276742923326029824
1276742925385232384
1276742942460391430
1276742943559147525
1276742947757678592
1276742955114663937
1276742961104109570
1276742979718246400
1276742997699223552
1276742999938985986
1276743010533900288
1276743018389934080
1276743038102990848
1276743086039695366
1276743093652385792
1276743094860464129
1276743098454999040
1276743099042201605
1276743107208339456
1276743144118185985
1276743144663588865
1276743167774089216
1276743182638817282
1276743193820725249
1276743195234189313
1276743201689186307
1276743220605718529
1276743225190100992
1276743227899510784
1276743232769196033
1276743246585098240
1276743258903740417
1276743259419824128
1276743269444190209
1276743272950640640
1276743276767244288
1276743292776902657
1276743297021562880
1276743299005665281
1276743313891057665
1276743328004890624
1276743358501830656
1276743360707989504
1276743361462849536
1276743390625841153
1276743397861134337
1276743405750464512
1276743421668069376
1276743439179276288
1276743441741987840
1276743458452054017
1276743468329480193
1276743475078316032
1276743483685056513
1276743487522844673
1276743500873244673
1276743506023927808
1276743510608285696
1276743530635948034
1276743538643009536
1276743548541341698
1276743555801890816
1276743556753850369
1276743558733746178
1276743566744641538
1276743601544769536
1276743602811490304
1276743622918979584
1276743625448099845
1276743628271104001
1276743628560326656
1276743648839897088
1276743681819598849
1276743717349556225
1276743722282233858
1276743728644812801
1276743740447698946
1276743742813134848
1276743742322544642
1276743751906390018
1276743756327387142
1276743756918583297
1276743760534257671
1276743778204704768
1276743795787218944
1276743796282150912
1276743798001938437
1276743801382539264
1276743802623979521
1276743805677572105
1276743808613527552
1276743819376103425
1276743824681906177
1276743827638935553
1276743840796467202
1276743843409539073
1276743869569392640
1276743870454198272
1276743886862299136
1276743887613280256
1276743889072926720
1276743895703973889
1276743898359095297
1276743929346486272
1276743950439718913
1276743954009112576
1276743958056460290
1276743968072450053
1276743968395411457
1276743982064664576
1276743985210421248
1276743999408279553
1276744012439998464
1276744013257871360
1276744017007579137
1276744021814247424
1276744041175146496
1276744041493860352
1276744048963751937
1276744055175573505
1276744055586787330
1276744078307164167
1276744079678640128
1276744087362830336
1276744088922910720
1276744088704946176
1276744092656054274
1276744093192687617
1276744115347001345
1276744118677405696
1276744119151296512
1276744126189285376
1276744138462040064
1276744152357769219
1276744156098985984
1276744166786191360
1276744167792803842
1276744169801699328
1276744179352317952
1276744188181336065
1276744209412882441
1276744252370882560
1276744254841253890
1276744266069540865
1276744269966049280
1276744273371688961
1276744282238406656
1276744285124059141
1276744292866772993
1276744301586706438
1276744320603873280
1276744335149629440
1276744343928397824
1276744353537355776
1276744362550947840
1276744365524697089
1276744379638648833
1276744380506763270
1276744390820499456
1276744399494549505
1276744399121154049
1276744402921127937
1276744406951849989
1276744410617831424
1276744416322097152
1276744416447942656
1276744419400511490
1276744419878686721
1276744430595252224
1276744438572888065
1276744439256485888
1276744443673092099
1276744444822224896
1276744447347302401
1276744465152045057
1276744468272541696
1276744472861093888
1276744473595252736
1276744486496894977
1276744503425069056
1276744506574901248
1276744512254050304
1276744516586934275
1276744517258018816
1276744522525863936
1276744524564500480
1276744542482337792
1276744548300009472
1276744551747600385
1276744565375074305
1276744567144902658
1276744559733600261
1276744577811206150
1276744578394017792
1276744609650094082
1276744611717722112
1276744612716048385
1276744616088424448
1276744619695509505
1276744624388763649
1276744634140590080
1276744635973545985
1276744638594940928
1276744642776760320
1276744644672577536
1276744645687590912
1276744649336590336
1276744655594385414
1276744656454213633
1276744659356786688
1276744663077134337
1276744663886520320
1276744687991300096
1276744688406388736
1276744703443120133
1276744710539755520
1276744716315320321
1276744728730460162
1276744729590476800
1276744740717891584
1276744752457592832
1276744755141988353
1276744758245941248
1276744770996428800
1276744777438867456
1276744786834145281
1276744788331704320
1276744795906551808
1276744798968467456
1276744804349685761
1276744804874039296
1276744808787255296
1276744814583664640
1276744831746924544
1276744828236292096
1276744844413566976
1276744846317957120
1276744848087924736
1276744853842362369
1276744855000100864
1276744868220600320
1276744868899876864
1276744873140539394
1276744906472673280
1276744918187139072
1276744920628224000
1276744952291221505
1276744959635476480
1276744964467314689
1276744972373422081
1276744977473814528
1276744982007648256
1276744991226937347
1276744998399160320
1276744999548452864
1276745012269797382
1276745026467315713
1276745027650301952
1276745033891356677
1276745037267660800
1276745038798741504
1276745040656826369
1276745044138090496
1276745044385427456
1276745052727898118
1276745053273120768
1276745081643384837
1276745082167648256
1276745085326106624
1276745085875560449
1276745086949261312
1276745093274361857
1276745097913090049
1276745102640242688
1276745105836212229
1276745108348682243
1276745116036640770
1276745120252071937
1276745120956575745
1276745131383652352
1276745137826250757
1276745145237426176
1276745167580643329
1276745171749740544
1276745173758881792
1276745173855170560
1276745176992460801
1276745177642631168
1276745186824126465
1276745194734583819
1276745216431546368
1276745233343135746
1276745277194395648
1276745283607683074
1276745288435273728
1276745293426421760
1276745296412729344
1276745308647460865
1276745309431844864
1276745306583990273
1276745337646927872
1276745344999546881
1276745350708105218
1276745351743954945
1276745358551314432
1276745388075163648
1276745408535035905
1276745416852287488
1276745419712860160
1276745421264584704
1276745421751291911
1276745429737254913
1276745431473549313
1276745447315591170
1276745451635486721
1276745471504023552
1276745472296665088
1276745477552312320
1276745484497911808
1276745485315903488
1276745506723696642
1276745568132497408
1276745581809954822
1276745585463160832
1276745595684872192
1276745608146100225
1276745608431370240
1276745621815218176
1276745623853727744
1276745624138813440
1276745627481837573
1276745631701307392
1276745649837441029
1276745660902055936
1276745661795438593
1276745674546188289
1276745681693224961
1276745685467947008
1276745691348512768
1276745698319491072
1276745698646675458
1276745710894014465
1276745711875309569
1276745714580819968
1276745715235069952
1276745722671403010
1276745724395315201
1276745724655554566
1276745727192989697
1276745757442183169
1276745769710694402
1276745770704580609
1276745779647037440
1276745796491370497
1276745811494408192
1276745815139254272
1276745815701127169
1276745820415512576
1276745821535510528
1276745841277992960
1276745863050731520
1276745881807659010
1276745883523018752
1276745899318759430
1276745930478411778
1276745936451100673
1276745938795524101
1276745943396818944
1276745950438948864
1276745961746792448
1276745970848415744
1276745975751569408
1276745983645356032
1276745988577865733
1276746012845957121
1276746026272075776
1276746033142181888
1276746034602008576
1276746040327180289
1276746050749882371
1276746052868153344
1276746053090492416
1276746053484572672
1276746058668834818
1276746063236362241
1276746062468993024
1276746064125661184
1276746065367031809
1276746068047179777
1276746100607602689
1276746112100171776
1276746147097219072
1276746154621968384
1276746156999991297
1276746158002466819
1276746162264031232
1276746173852692480
1276746186557460485
1276746220266860545
1276746246930251777
1276746248771551232
1276746248872050698
1276746263967535104
1276746270070247424
1276746272796479488
1276746277833842688
1276746279285121024
1276746295689035777
1276746302114590722
1276746321379106817
1276746331705364482
1276746335941771264
1276746340333006848
1276746341213859841
1276746344938401792
1276746349917110273
1276746356091224066
1276746364173447168
1276746372503547904
1276746391541473280
1276746394607316992
1276746398222835712
1276746421274886144
1276746434323382273
1276746439754838017
1276746475796459524
1276746475817570304
1276746486370402304
1276746497707487232
1276746506100506624
1276746514124148738
1276746521254350848
1276746534835625985
1276746541504528385
1276746555765272581
1276746559426834432
1276746561767309317
1276746567769133056
1276746570050859008
1276746571162345472
1276746578510974978
1276746578708123648
1276746601998856192
1276746607547920387
1276746611587252225
1276746612413431814
1276746617169817601
1276746628339286016
1276746642394238977
1276746661012713472
1276746689018073089
1276746705313153024
1276746705963229184
1276746708479807488
1276746725152210945
1276746775324315650
1276746788570095618
1276746788788228099
1276746798820929538
1276746811127062528
1276746842496290817
1276746842835804160
1276746875174096896
1276746880286777345
1276746893125488641
1276746898993545216
1276746900197330945
1276746906715086849
1276746908799602689
1276746924599590912
1276746928664064001
1276746955981565952
1276746960439926784
1276746974969032704
1276746998100619266
1276746999266713600
1276747006648745984
1276747028949635072
1276747043717996545
1276747053851381761
1276747059597414407
1276747077888983040
1276747080644657152
1276747080866783232
1276747083656003585
1276747092786950144
1276747095370801152
1276747102849122310
1276747103042224128
1276747115541213185
1276747133891178496
1276747134822281216
1276747140539301889
1276747141692755968
1276747142397386752
1276747150962184192
1276747165382000643
1276747166648688640
1276747170125950978
1276747175058272257
1276747177025363968
1276747177402875910
1276747187469160449
1276747230825725960
1276747234583797761
1276747237855563777
1276747244948029440
1276747245337972736
1276747251336044544
1276747263448977410
1276747270671577088
1276747288400949248
1276747308361674758
1276747309015945216
1276747312916815877
1276747314283999237
1276747318843170816
1276747320483123201
1276747335838695424
1276747343228858368
1276747346991353856
1276747384454668288
1276747402884509696
1276747409305956357
1276747412074307584
1276747423415767040
1276747427412926465
1276747432898912256
1276747445989330946
1276747448224866308
1276747486800084992
1276747496933322752
1276747498925764608
1276747503413665793
1276747569394302976
1276747576998604800
1276747585324105728
1276747595608723457
1276747598431432704
1276747604806647813
1276747628848599041
1276747630429843456
1276747633701224448
1276747634632425474
1276747640684847105
1276747650113474562
1276747653691265024
1276747656048623616
1276747661400473600
1276747678840352768
1276747701057720321
1276747706208264193
1276747717658595334
1276747751749976065
1276747754623184897
1276747758301569025
1276747759325007875
1276747766182674432
1276747775653351424
1276747800026497024
1276747801427402754
1276747809681784832
1276747829965447168
1276747836676169728
1276747825846661121
1276747849649123329
1276747862160953345
1276747868284399616
1276747892146016257
1276747902304444416
1276747907664941061
1276747908176584705
1276747919815778306
1276747922902626304
1276747922986528770
1276747931153039367
1276747933313044481
1276747934529249280
1276747935376486400
1276747935770906627
1276747959015665664
1276747960789811200
1276747965382758401
1276747976954830848
1276747997590642690
1276747999348219905
1276748003013885952
1276748018805506049
1276748022928596995
1276748030301986816
1276748034332692482
1276748035738009601
1276748060027043840
1276748063642497024
1276748072828243970
1276748081979994112
1276748100564967426
1276748104985989120
1276748104998326272
1276748118709678080
1276748128771649537
1276748149256851456
1276748169179803648
1276748171234820096
1276748174510698500
1276748181489848320
1276748210866917376
1276748212641189889
1276748217280061440
1276748225647529984
1276748229493895168
1276748236586233856
1276748239723737088
1276748240323522561
1276748241342791688
1276748241598627840
1276748288339795969
1276748292374892549
1276748297869258752
1276748313769852929
1276748328248754180
1276748331641798658
1276748344203739136
1276748357877157889
1276748363355037701
1276748370862727168
1276748371433144320
1276748395386826752
1276748401229664256
1276748412201971712
1276748421710393344
1276748440370741248
1276748468401258497
1276748471714942977
1276748480514490368
1276748500319916033
1276748512193994753
1276748516333948929
1276748527058771969
1276748533811609601
1276748561229717505
1276748574378713089
1276748575288905728
1276748580087365632
1276748587695833090
1276748590199816192
1276748607765405696
1276748608801353728
1276748611515277313
1276748619245334528
1276748633380134913
1276748633837191169
1276748634864918528
1276748638174076928
1276748645811884033
1276748649083494400
1276748658202075138
1276748668427800589
1276748671980199936
1276748703655530496
1276748704150704128
1276748707044737024
1276748709670391811
1276748710370619392
1276748718545354753
1276748722563661824
1276748722651578373
1276748726942531587
1276748739340726273
1276748744923455488
1276748756277440513
1276748764431167488
1276748764909318144
1276748784584871937
1276748785947783172
1276748789928394758
1276748812128788480
1276748812116205568
1276748816100864006
1276748816478343169
1276748827043655681
1276748841539080198
1276748848447336448
1276748857301520384
1276748860287864833
1276748860375752705
1276748862426923013
1276748868554821633
1276748888335097856
1276748890256146432
1276748897923133440
1276748914394230785
1276748918940774401
1276748926457085952
1276748932182355968
1276748940176744448
1276748942324219906
1276748944911953920
1276748949349634048
1276748955276079104
1276748992433414146
1276749013598027777
1276749055733854208
1276749058594320386
1276749068736376836
1276749078131404800
1276749083735015425
1276749086524243968
1276749127414505472
1276749128895049728
1276749134784061440
1276749138495827969
1276749179386122241
1276749180392796160
1276749186701156352
1276749200072609794
1276749208930959362
1276749231831887872
1276749242787172352
1276749260214595585
1276749261682511873
1276749285862891521
1276749290753400833
1276749301998333952
1276749303751606275
1276749308545478656
1276749321711636480
1276749328594305024
1276749330481729536
1276749333711511552
1276749348479676416
1276749356692103169
1276749366582181888
1276749383837446144
1276749386349981698
1276749389868920832
1276749399524347909
1276749411226251264
1276749425621245958
1276749455400873990
1276749466368909313
1276749477395566592
1276749480134471680
1276749481548144645
1276749488846184454
1276749515480018944
1276749523465859074
1276749528465457155
1276749534513827841
1276749534597713920
1276749543435128832
1276749556005449730
1276749557670576128
1276749581414551553
1276749582999773185
1276749592139313152
1276749606966050816
1276749638297694208
1276749650993782787
1276749672212606977
1276749678457978885
1276749687987425280
1276749701531013120
1276749707042271232
1276749707327537152
1276749714201837570
1276749719956590593
1276749724326834176
1276749730433941504
1276749731176169472
1276749763984195587
1276749764151910401
1276749790911627265
1276749799111483392
1276749808032718849
1276749813472780288
1276749822167412742
1276749841549283328
1276749850915123200
1276749851284430853
1276749855042519041
1276749858813034498
1276749870100090881
1276749875678343171
1276749893445586944
1276749904384311296
1276749906351468545
1276749909555924993
1276749919399763968
1276749934889447424
1276749943860891648
1276749958440538112
1276749959845552128
1276749964383711232
1276749968045486081
1276749983488884737
1276750004611252226
1276750011888525312
1276750013419278336
1276750016288362496
1276750028074172416
1276750032209879044
1276750032654479362
1276750045023518720
1276750051981750272
1276750064271179776
1276750064384389120
1276750067999752193
1276750071527165954
1276750076904378369
1276750077474689029
1276750089562841088
1276750101881348096
1276750107073900546
1276750151735021569
1276750157057581056
1276750173071261696
1276750180591828994
1276750186799390720
1276750191165652992
1276750205220720643
1276750205975695363
1276750226594893824
1276750227928682496
1276750229748903936
1276750240356298753
1276750244861087744
1276750290931179520
1276750292885872640
1276750294362189824
1276750296191053824
1276750296832602114
1276750301265924097
1276750306949373954
1276750325488267272
1276750327841243136
1276750343611863040
1276750349076803584
1276750358644248593
1276750361332576256
1276750367137693696
1276750393104429057
1276750398477434880
1276750400436273158
1276750401518227456
1276750417632702464
1276750418492751873
1276750443440271360
1276750474331525122
1276750478748069888
1276750479721103362
1276750481163988996
1276750490550693888
1276750491662405632
1276750495747411968
1276750528026943488
1276750547387744256
1276750580032180224
1276750583454740481
1276750589465169921
1276750589657935872
1276750592401162241
1276750606485471232
1276750624114143234
1276750649779204096
1276750650030710785
1276750663792439297
1276750672025665536
1276750714912505857
1276750724291080193
1276750724605468674
1276750727113781248
1276750727327526912
1276750729101955073
1276750729231941632
1276750729709973505
1276750736529829888
1276750740631871488
1276750743362342912
1276750743442243599
1276750743635144705
1276750752938147841
1276750756733841410
1276750762039750657
1276750766846459907
1276750773066493952
1276750790988685312
1276750798895144965
1276750799675240448
1276750812337889280
1276750842633256961
1276750882403745792
1276750920307691520
1276750934492602369
1276750936682057728
1276750937495912448
1276750944135340032
1276750946954027018
1276750949948592129
1276750962703699968
1276750967489196032
1276750973302706183
1276751003652485122
1276751017103839232
1276751032941494272
1276751041497673728
1276751046883213312
1276751067569520641
1276751077484883968
1276751078516760578
1276751079955456000
1276751098938822656
1276751104471171073
1276751113891352576
1276751126432382976
1276751126562435074
1276751140139352066
1276751146095435778
1276751181512089600
1276751182837374978
1276751196905066497
1276751198083743744
1276751212470288385
1276751216349872128
1276751216731721728
1276751222867984384
1276751247098421248
1276751250839617537
1276751259983380481
1276751276647251968
1276751279675420678
1276751294858817537
1276751305352962048
1276751305885675520
1276751309073334273
1276751311770394625
1276751312189677568
1276751312487682049
1276751313234255872
1276751314521714688
1276751323753598976
1276751325473038337
1276751341528940544
1276751348067958784
1276751350483677185
1276751350806786051
1276751351616176128
1276751362965950464
1276751359589654529
1276751373938327552
1276751374068432897
1276751377822146560
1276751392082927616
1276751397648691200
1276751408860147714
1276751412202835968
1276751417655488512
1276751424458600448
1276751447762391042
1276751463398674432
1276751465281916929
1276751471053332480
1276751474396213253
1276751484768706561
1276751496328044545
1276751503290744833
1276751512090402816
1276751513407287296
1276751527961657344
1276751533992968195
1276751553920106496
1276751574027493378
1276751576921772033
1276751576930099200
1276751600984285185
1276751622903943174
1276751622991867904
1276751625046994944
1276751631586136064
1276751648774225920
1276751650565222402
1276751658081378304
1276751659545300992
1276751660027482113
1276751670203027456
1276751670874169344
1276751702381789184
1276751724582187008
1276751727316725763
1276751743485911042
1276751749278322689
1276751751794720769
1276751764839002112
1276751771105480704
1276751776067305472
1276751780014166017
1276751791833657345
1276751798884327425
1276751803732783110
1276751811291025413
1276751818190655488
1276751822544187392
1276751825702498304
1276751826130534400
1276751830505029633
1276751838444838912
1276751861387681792
1276751869293981703
1276751873203109891
1276751891863502848
1276751894959009792
1276751895839813632
1276751897530191872
1276751902986788864
1276751911039807488
1276751911161495554
1276751920393261057
1276751935308087296
1276751940861362176
1276751941243043840
1276751964097835009
1276751986046627840
1276751992652611584
1276752003092279296
1276752015268491264
1276752021358546947
1276752027062808576
1276752028744798208
1276752033698189312
1276752043802267648
1276752047858212866
1276752050731114496
1276752070524243968
1276752081395740672
1276752098638487555
1276752101440454657
1276752110143418368
1276752118720970752
1276752122919432192
1276752124324478982
1276752146294136835
1276752150094319618
1276752161192308736
1276752166170972160
1276752175973179393
1276752185259368448
1276752187188826113
1276752191727034372
1276752200769908740
1276752218092273664
1276752220747444225
1276752228829802497
1276752235146461184
1276752238074003456
1276752242637332481
1276752247364497408
1276752250296102913
1276752253148442625
1276752253282430977
1276752283779444741
1276752308114583553
1276752311767969793
1276752313596571648
1276752319502258176
1276752326729048065
1276752329388277760
1276752345687142403
1276752350850367489
1276752363122855939
1276752367845642240
1276752371821969409
1276752389438148608
1276752391841464321
1276752397377974272
1276752398481055744
1276752414423449600
1276752416738869249
1276752420484218881
1276752430659764225
1276752434870792192
1276752439895449600
1276752440583262208
1276752455058030593
1276752458040184832
1276752463077339138
1276752491347140609
1276752493628862464
1276752516559093762
1276752518102396928
1276752524746211330
1276752525580853249
1276752532874735617
1276752533256572928
1276752546053279745
1276752549878599683
1276752553557012482
1276752564277530624
1276752568522285056
1276752574272737280
1276752581042343936
1276752583194038274
1276752585026867200
1276752587388264450
1276752616740044800
1276752630421704704
1276752633089449984
1276752642044129280
1276752642224594945
1276752652655685632
1276752659027025925
1276752672381530112
1276752687137271808
1276752693772660736
1276752700277809152
1276752702932844544
1276752710302400512
1276752710901960704
1276752712307109888
1276752716069367809
1276752726894841862
1276752734339784709
1276752764555587585
1276752781479641090
1276752786886209536
1276752800735621121
1276752824022556677
1276752825222082560
1276752845606318080
1276752846390734849
1276752848538275840
1276752866686926849
1276752869866246144
1276752870990393346
1276752871506075648
1276752879781646339
1276752903680606208
1276752903886082049
1276752932776497152
1276752948098367488
1276752950698881025
1276752951089008641
1276752960689549313
1276752966477680640
1276752976422502400
1276752979777986562
1276752982806335491
1276752986006605824
1276752990183895040
1276752992255934464
1276753001076731905
1276753006239682560
1276753014020354048
1276753057250897920
1276753061080444928
1276753065174016000
1276753065547194368
1276753081531850752
1276753088100151299
1276753113873965057
1276753120798879745
1276753123390844931
1276753134388305920
1276753154474831874
1276753159575212032
1276753190814281728
1276753194803224578
1276753195193294848
1276753197617553408
1276753200482320384
1276753224263847937
1276753226629435392
1276753239178801153
1276753242282692609
1276753269797289984
1276753281407234048
1276753318711300096
1276753334381264897
1276753348708847616
1276753353402232833
1276753379889311745
1276753382880002048
1276753394162696199
1276753396045922304
1276753402463059971
1276753408192585729
1276753410440794114
1276753420788137985
1276753437171032065
1276753439976878080
1276753440207601664
1276753449682718720
1276753452119408641
1276753458457124865
1276753467676266497
1276753472923164672
1276753482742030337
1276753490996604928
1276753491005001730
1276753493295054853
1276753503524880384
1276753523997208577
1276753530712256512
1276753533577109504
1276753539746816000
1276753561217495042
1276753562106642433
1276753566640877568
1276753577072091136
1276753598341234688
1276753601889816576
1276753602913005569
1276753604834033664
1276753612019040256
1276753613122134016
1276753626065768448
1276753626573217798
1276753633195864065
1276753646903070720
1276753657732763648
1276753664032428033
1276753669367541760
1276753669812256768
1276753671469105153
1276753674287452163
1276753676011331584
1276753680977612800
1276753685926813696
1276753692469805057
1276753700732755969
1276753701625982976
1276753716268412928
1276753721293185024
1276753728385675264
1276753729572634624
1276753736639983617
1276753751403970561
1276753765446479873
1276753769917583361
1276753787680460800
1276753805506273280
1276753808098390017
1276753813261520897
1276753813978976257
1276753815115620352
1276753823726555136
1276753829132775429
1276753847621468160
1276753854055493632
1276753855166857216
1276753859508043776
1276753878520868864
1276753880441905153
1276753925673107457
1276753943373193216
1276753950562279424
1276753960653729795
1276753961685401600
1276753977221283840
1276753991372730369
1276754000390565890
1276754018644176896
1276754023677177860
1276754025744986113
1276754027716292608
1276754037988143104
1276754040429244416
1276754040681123840
1276754046481772546
1276754053259649024
1276754068619157504
1276754072192729088
1276754076492013568
1276754078408810497
1276754085040054272
1276754093126623233
1276754105176899584
1276754110130253824
1276754118476853254
1276754126416814087
1276754128102883329
1276754146343841793
1276754152425742336
1276754154111799296
1276754161548226561
1276754162957549569
1276754172939923462
1276754176198848519
1276754200358076417
1276754210646720512
1276754213478051840
1276754214547570688
1276754218783780866
1276754219417116672
1276754225947537409
1276754251088158720
1276754269199310849
1276754275666817024
1276754277910839296
1276754299364802560
1276754299557687297
1276754299704315904
1276754302363734017
1276754302590050309
1276754305035444226
1276754325105070080
1276754340666126336
1276754347020427264
1276754352930041856
1276754365911457792
1276754380839100416
1276754388057329664
1276754395535798273
1276754395615465474
1276754409544978432
1276754415345491968
1276754430730305536
1276754430843445248
1276754434022727680
1276754443514441728
1276754445485957122
1276754447444488193
1276754448119771137
1276754459012534273
1276754474195771392
1276754480571338752
1276754488024535042
1276754488909459456
1276754499500232705
1276754505913315328
1276754509427929089
1276754527119605760
1276754529686454273
1276754549982847009
1276754553891950592
1276754561517015040
1276754565509943297
1276754591120535553
1276754596359139328
1276754599354011648
1276754604051402752
1276754607918780416
1276754619272757248
1276754625933303808
1276754633411657728
1276754650029420544
1276754650721550338
1276754654127247361
1276754655830310912
1276754656350179330
1276754661643440128
1276754694887505921
1276754697223897088
1276754708972163078
1276754708967731200
1276754714919686144
1276754717192998912
1276754720829386752
1276754725950480389
1276754736180375552
1276754736847306753
1276754752940969984
1276754755138678784
1276754756917096450
1276754758632685568
1276754783005749249
1276754785006284800
1276754794707914755
1276754797530677248
1276754810436345856
1276754836688523267
1276754846100500482
1276754856691277824
1276754867227250688
1276754872243826688
1276754879298625538
1276754881097818119
1276754884101054466
1276754895417335808
1276754901062823936
1276754907110858753
1276754922265067520
1276754927503564800
1276754938975010816
1276754944289320961
1276754955634868225
1276754959296425985
1276754966611288066
1276754973527769088
1276755019879063552
1276755024232710146
1276755076120526848
1276755077030653953
1276755077550637056
1276755085519962112
1276755094067769345
1276755102305574913
1276755109553278977
1276755113483407360
1276755116171972608
1276755127169236994
1276755129514033152
1276755143015510016
1276755153429856257
1276755153455124480
1276755156353404930
1276755166151180288
1276755169821069313
1276755171205435394
1276755187000995840
1276755212217151488
1276755231615975424
1276755233771712512
1276755233809391616
1276755238498627584
1276755241317175301
1276755248833368065
1276755263794577408
1276755265078153216
1276755272866729987
1276755279590371328
1276755280617852928
1276755285063974913
1276755287152656384
1276755294605852672
1276755299622215680
1276755311160770562
1276755312729452545
1276755320400822274
1276755351052976128
1276755358288134144
1276755359919738880
1276755366504656898
1276755371709943809
1276755373257523200
1276755375128219649
1276755378559225856
1276755412717498369
1276755418165899265
1276755437342294016
1276755447962390528
1276755467620937729
1276755476156256259
1276755479566454785
1276755480350728193
1276755485023023104
1276755492660895745
1276755505969586177
1276755513242316801
1276755514173673472
1276755518602850304
1276755531265462273
1276755534406758401
1276755538366234624
1276755551536332801
1276755551645507584
1276755562613616645
1276755595710926849
1276755597086519296
1276755597766074371
1276755603587772416
1276755607719215107
1276755636697489409
1276755640401006592
1276755646420000802
1276755645811658755
1276755651260276738
1276755657585123328
1276755674609758208
1276755680536530947
1276755685003444225
1276755693375238144
1276755699444461568
1276755701663100933
1276755701826813952
1276755710764822528
1276755726350708737
1276755741135659010
1276755755304181760
1276755762023407616
1276755769271087104
1276755787725996032
1276755801848246278
1276755807087005697
1276755812552187904
1276755819199991809
1276755819699286023
1276755860388220928
1276755870592843776
1276755873914814466
1276755881187778561
1276755891606286342
1276755893976252417
1276755894320066560
1276755898493554688
1276755905913257985
1276755919246786561
1276755925693579264
1276755936602845184
1276755938565779457
1276755947155791877
1276755950297395201
1276755979577720832
1276755992487686144
1276755995503386624
1276756016705622016
1276756019838881792
1276756025379418113
1276756027921186816
1276756028806197248
1276756036221693952
1276756054718607361
1276756058065829888
1276756074507440128
1276756075811749890
1276756085559324673
1276756104760918016
1276756110402174981
1276756122750398465
1276756129213812738
1276756133324046338
1276756151191961600
1276756167344246791
1276756168346656768
1276756179369308160
1276756195760410624
1276756204270710784
1276756217818423298
1276756220628611072
1276756221106819073
1276756227628961792
1276756232129273856
1276756233710718976
1276756239364395010
1276756259899924481
1276756260239454208
1276756271291609089
1276756281588625408
1276756300525907968
1276756306234208256
1276756311078653955
1276756322151739393
1276756332272422914
1276756336219312128
1276756360626008065
1276756362337402881
1276756366619586560
1276756372097384449
1276756375314542593
1276756375381536768
1276756382952255488
1276756384927764480
1276756390577569794
1276756409074384896
1276756411515465730
1276756435821629440
1276756440179302400
1276756445241970688
1276756446688931841
1276756449402781697
1276756460270051329
1276756464477048832
1276756464644718598
1276756469531230208
1276756474899750912
1276756480130256896
1276756489554845696
1276756503962112002
1276756512547966976
1276756516360593408
1276756523692294144
1276756533217550337
1276756535641686019
1276756537973899264
1276756543741087745
1276756558622285825
1276756574569025536
1276756581506482176
1276756584572600321
1276756595876085761
1276756595989331969
1276756596450750469
1276756602452758528
1276756623562813441
1276756637999480833
1276756657477844992
1276756659679846400
1276756675798630401
1276756684904398848
1276756709264900101
1276756713509728257
1276756733524766723
1276756738520186880
1276756759907119106
1276756764415983616
1276756765174988800
1276756771370086405
1276756780819742720
1276756784636723200
1276756820506402817
1276756831453548545
1276756832405671936
1276756842803154944
1276756857646985216
1276756873136529408
1276756878500884480
1276756898285416448
1276756899950706695
1276756929918967813
1276756935027691520
1276756943554531329
1276756948956954624
1276756980229533697
1276756988920291328
1276757013670834176
1276757017160372226
1276757069165735939
1276757070310563840
1276757070541459461
1276757085988978690
1276757090908934145
1276757095765983232
1276757100849487872
1276757108860481536
1276757120201789440
