1316257409409650688
1316257410747633664
1316257418121101312
1316257427482767360
1316257435783442432
1316257442775302146
1316257452875227138
1316257457614868480
1316257457681829889
1316257466125086725
1316257489889812480
1316257495057395714
1316257501550125056
1316257502850363392
1316257503496216576
1316257506063253504
1316257519220662272
1316257524954267649
1316257528162869249
1316257533540159494
1316257549918908417
1316257591899557888
1316257595645145088
1316257598476365826
1316257607191949312
1316257632353685504
1316257635000184832
1316257635495284736
1316257642927411201
1316257643963379712
1316257647029436417
1316257671016779777
1316257672262418433
1316257673453731840
1316257673927626753
1316257710757883905
1316257720027226113
1316257739518087168
1316257751660744704
1316257752105263104
1316257775895404547
1316257779628290054
1316257786058153984
1316257799899418624
1316257815699177472
1316257833709600769
1316257855326937088
1316257856283385857
1316257861463351298
1316257872448086017
1316257872477515776
1316257880278876161
1316257907000909824
1316257906954694656
1316257909693652993
1316257913346969601
1316257930761719809
1316257941075496960
1316257951573856256
1316257954954321922
1316257960121831425
1316257969303150592
1316257971765039107
1316257991335710720
1316257992753389568
1316258025913683968
1316258033828270080
1316258035149369344
1316258081978843136
1316258092900704256
1316258114098925568
1316258117991178241
1316258122844057606
1316258144524423169
1316258169316954112
1316258174580617216
1316258182650449920
1316258183002746881
1316258233816817665
1316258236199317507
1316258250405404680
1316258269816516610
1316258279664881673
1316258294311182341
1316258297335472131
1316258310639824897
1316258338225762305
1316258349499981825
1316258405951168517
1316258414364782592
1316258450582667264
1316258455867387905
1316258475412869120
1316258516005457920
1316258521004994560
1316258535664021505
1316258538734452736
1316258542563864576
1316258549220204544
1316258588483035136
1316258597286768640
1316258610607841281
1316258611375423490
1316258613741068288
1316258613925683200
1316258630824529920
1316258630954516480
1316258660486586368
1316258674751336448
1316258683941257217
1316258703662702592
1316258734654578688
1316258749494030336
1316258751540674560
1316258761712062464
1316258773355450372
1316258773405761536
1316258773955227648
1316258784277397504
1316258785669898240
1316258790103105536
1316258807819964417
1316258841110118400
1316258842209067008
1316258843211501570
1316258848752177152
1316258857845391360
1316258858839478272
1316258865986498561
1316258877524963328
1316258882004512769
1316258882466066432
1316258893455126528
1316258916448301057
1316258932139143168
1316258956835270656
1316258966360465408
1316258969740931072
1316259007531753472
1316259022467739648
1316259026078924800
1316259033116930048
1316259042206117888
1316259091010985984
1316259133268594688
1316259136687013888
1316259156320542725
1316259173215109120
1316259198213058561
1316259198490087425
1316259200159215617
1316259218765180928
1316259225425915904
1316259237320777729
1316259258086948864
1316259258820820992
1316259259231789056
1316259263208206336
1316259263505858561
1316259270782984193
1316259276701282304
1316259282296483840
1316259283735056384
1316259327989092352
1316259354463494145
1316259363959590912
1316259373417672704
1316259380774334469
1316259404979765248
1316259406229766150
1316259410654748673
1316259426370678784
1316259430271516672
1316259458041876481
1316259467034603520
1316259484390559746
1316259492376444928
1316259518796439552
1316259530527961089
1316259537272426496
1316259565441343488
1316259569207779329
1316259591412301824
1316259602527264769
1316259608374251520
1316259613520670720
1316259627403808768
1316259647150419968
1316259647746121731
1316259653005774848
1316259668637954048
1316259672152834049
1316259677114695686
1316259693166288896
1316259695598940160
1316259698710966273
1316259706894254080
1316259721968529408
1316259722350268416
1316259723138797569
1316259727618183168
1316259739819442176
1316259742331756552
1316259743745228801
1316259750687002624
1316259761025937408
1316259770270130178
1316259771066982401
1316259774472826880
1316259785701044225
1316259787332608001
1316259792856526849
1316259794626306048
1316259817376235520
1316259862322581504
1316259864214220800
1316259866814689281
1316259866965471232
1316259867976445952
1316259875501027328
1316259892102127617
1316259898389393410
1316259901509779456
1316259903124586497
1316259904857034758
1316259908652851200
1316259926247956481
1316259954647601152
1316259967788146689
1316260012654616576
1316260015678861312
1316260027372625920
1316260031092985856
1316260058943062016
1316260059937148929
1316260085782458369
1316260097417506817
1316260109237002240
1316260112454037504
1316260137129119745
1316260149615525888
1316260154116116480
1316260154212458496
1316260158402711552
1316260162739544064
1316260170343878656
1316260176698236930
1316260176559702017
1316260191852212225
1316260193731145728
1316260195752763393
1316260198433120256
1316260200395939840
1316260208255983616
1316260216338513920
1316260219886931968
1316260220679659520
1316260226379771906
1316260232817856512
1316260241395380227
1316260243987406849
1316260262060658688
1316260265059667968
1316260268276506626
1316260269668982784
1316260270856044544
1316260272236113920
1316260283778838530
1316260290032537600
1316260294520438784
1316260313306726400
1316260322085228544
1316260328452370432
1316260333917364224
1316260353748029442
1316260362266857474
1316260370990985217
1316260375134863360
1316260377328455680
1316260383900999680
1316260392658583552
1316260399285641217
1316260422601846784
1316260429090312192
1316260430411595777
1316260430839504896
1316260434031325184
1316260447016947713
1316260481632538625
1316260494693593090
1316260510241882113
1316260518781386752
1316260521969156096
1316260522287915008
1316260536129118208
1316260551312445440
1316260566684626945
1316260572523094017
1316260582245502976
1316260594262179840
1316260594312384512
1316260608052920321
1316260636288983040
1316260658040786945
1316260661622501376
1316260670434836480
1316260676352974849
1316260687484612609
1316260693012885505
1316260719093051394
1316260723131969538
1316260724168167425
1316260726047223810
1316260747228323841
1316260748885135362
1316260749094744064
1316260750244151296
1316260760658550784
1316260768547995648
1316260790249435136
1316260791880876033
1316260797912244224
1316260804073713664
1316260811946381312
1316260813510934528
1316260814785921024
1316260815062757376
1316260838416683009
1316260845727313921
1316260858037702658
1316260860067749889
1316260881823674368
1316260889180463106
1316260894549004288
1316260912123215873
1316260919970861056
1316260943559487488
1316260956142436352
1316260995141115905
1316260999100596224
1316261004871782402
1316261011305967616
1316261012530769921
1316261022563479552
1316261033141444608
1316261033347080193
1316261040347394048
1316261042238840833
1316261051147718656
1316261068918972417
1316261092721455106
1316261113210822656
1316261114003574784
1316261126288490497
1316261130436857856
1316261136384299009
1316261139035181057
1316261215199395842
1316261221822197760
1316261250553319426
1316261254542094336
1316261266990661632
1316261273240129536
1316261274473443328
1316261304605188097
1316261318035472384
1316261319885107200
1316261321940234242
1316261324528197634
1316261327548149761
1316261345193594882
1316261346552565760
1316261351719940098
1316261382002704385
1316261386889068546
1316261397991313409
1316261417314512897
1316261425526996993
1316261430304411649
1316261432485437440
1316261458884399104
1316261464425091072
1316261491033636864
1316261502207299585
1316261529612955648
1316261537619865600
1316261543151980547
1316261543781322753
1316261546373394435
1316261552421568512
1316261557077188609
1316261561963405312
1316261568083046400
1316261575771258880
1316261594293248005
1316261596050620416
1316261608562266112
1316261611611406336
1316261613750702081
1316261628711710721
1316261635279982593
1316261653827252226
1316261661574139904
1316261664161849344
1316261687662702592
1316261690619510784
1316261694256017408
1316261698987323392
1316261701088497664
1316261702342590464
1316261711847006208
1316261715563048960
1316261716867440640
1316261718583107586
1316261736178085888
1316261743350304770
1316261747645276160
1316261764711899136
1316261775927660544
1316261785423482884
1316261803752665089
1316261819393150977
1316261837256765440
1316261837906817024
1316261848241582080
1316261858169491457
1316261858530209792
1316261878377730048
1316261889488367616
1316261900678643713
1316261901295386625
1316261912674328576
1316261928939991042
1316261965526962176
1316261969985507328
1316261970308296704
1316261971055054848
1316261978348773378
1316262016194027521
1316262025505501184
1316262047651373057
1316262048058273792
1316262083181375488
1316262086213799937
1316262088210350080
1316262089112072192
1316262091179745280
1316262091259432964
1316262109055987712
1316262113074003973
1316262127515049984
1316262131617140736
1316262139212918784
1316262147656122368
1316262150009225216
1316262153368657921
1316262174118105088
1316262193621594119
1316262202152816640
1316262211447390209
1316262211703107585
1316262218539950082
1316262221702283264
1316262228048437248
1316262237238112256
1316262255957340160
1316262256817180672
1316262261523177473
1316262266476605441
1316262266984169473
1316262267445481472
1316262271832608770
1316262297417838592
1316262300014215168
1316262300165255168
1316262302140817408
1316262327008845825
1316262332658528258
1316262344780115968
1316262350958268421
1316262352178884608
1316262354208915457
1316262406419611649
1316262417337331712
1316262420973850626
1316262435444023297
1316262444218691584
1316262448324730880
1316262460546981888
1316262466221989888
1316262469376057346
1316262480037855234
1316262490142117891
1316262492297977857
1316262504847364096
1316262512107556864
1316262520504619008
1316262521318371329
1316262535796940801
1316262540012183552
1316262541182537728
1316262545204813825
1316262557477474305
1316262628101181441
1316262628289703936
1316262637043421185
1316262638670745601
1316262654898561029
1316262655443824641
1316262672749473792
1316262676603912193
1316262697021964289
1316262700263993345
1316262700247379971
1316262701950267392
1316262713664974848
1316262717448171520
1316262723882291200
1316262726541471746
1316262771240075264
1316262772712251394
1316262800742785024
1316262803947298816
1316262814055567365
1316262818891653122
1316262823744413697
1316262834565771264
1316262834825818112
1316262837753315329
1316262840974540800
1316262870867496960
1316262879906103302
1316262891046215680
1316262891071430657
1316262917101285376
1316262924030226433
1316262931282059264
1316262937766563842
1316262943886061569
1316262946260090880
1316262954904547328
1316262965415469056
1316262977243357187
1316262982989615104
1316262990807797761
1316262992149843970
1316263002472173569
1316263016669872128
1316263018112585728
1316263040464162821
1316263044591230982
1316263052841541634
1316263057191047168
1316263062366810112
1316263076950351872
1316263087331254272
1316263098454405121
1316263100107100160
1316263100551749632
1316263114879500288
1316263118025052160
1316263118520156160
1316263141609619459
1316263146198380544
1316263146454044672
1316263147918045185
1316263148865941505
1316263160077324288
1316263165328535553
1316263165819318273
1316263176988655616
1316263177240207360
1316263177231843329
1316263182089027584
1316263198140567552
1316263200791375872
1316263201399545856
1316263209922260992
1316263213844045825
1316263214498242560
1316263217820246016
1316263224052977664
1316263232408096768
1316263232533917696
1316263236237316099
1316263246916136960
1316263262657314816
1316263285977739264
1316263307053989888
1316263311512662017
1316263333952204800
1316263345545269254
1316263348560900097
1316263349705990146
1316263364641857540
1316263366248345601
1316263380521549825
1316263381423337474
1316263385764306944
1316263402134597632
1316263403388895232
1316263405909676032
1316263406979018752
1316263429213229057
1316263440760135681
1316263448150409217
1316263458946646016
1316263465250512897
1316263467410653184
1316263474603778048
1316263481302188032
1316263482434695168
1316263483441209344
1316263498624581634
1316263510679060481
1316263534121168897
1316263546938888192
1316263574642339840
1316263589595021312
1316263616602013697
1316263630569189376
1316263632095723520
1316263671979483138
1316263675691364352
1316263679818706944
1316263705814814721
1316263713398288384
1316263715587739648
1316263719614242817
1316263721250033669
1316263729642823681
1316263737800691713
1316263764556038144
1316263764426018816
1316263780083523585
1316263783145365504
1316263790015586304
1316263818796789760
1316263819925168128
1316263839097380865
1316263864200318976
1316263873692008448
1316263890335019008
1316263898731831296
1316263905266597889
1316263924883492865
1316263932122800128
1316263938963787776
1316263953975185413
1316263959310327814
1316263960413384705
1316263979510050823
1316263983695843328
1316263994445889536
1316263997847502848
1316263999063773184
1316264008157220865
1316264015295782912
1316264017397190657
1316264023122481152
1316264070849466370
1316264098649247744
1316264116328300544
1316264143645745152
1316264144748806144
1316264150813863936
1316264153485631489
1316264159336706056
1316264165137420290
1316264169201709056
1316264170845691904
1316264203972304896
1316264206153347077
1316264206727929856
1316264209487978496
1316264210054209536
1316264215716532226
1316264222565822466
1316264226156089344
1316264233269694464
1316264233810624514
1316264238156001281
1316264238260932608
1316264239540047872
1316264242069344256
1316264261748834305
1316264268199792640
1316264271840374784
1316264289691459584
1316264289980706816
1316264291704680448
1316264310151102464
1316264312206483457
1316264324445462528
1316264341096681475
1316264344674590722
1316264349808365568
1316264350202511360
1316264362273697792
1316264371266351105
1316264387846574080
1316264388093902850
1316264393521463296
1316264415092789248
1316264419924508672
1316264425339400192
1316264434797441024
1316264442527707137
1316264448206811137
1316264457362788353
1316264465881460739
1316264478774882304
1316264482038001664
1316264490837700608
1316264491567505409
1316264504779509760
1316264508864819200
1316264520948408320
1316264530775805953
1316264553538297856
1316264563352854533
1316264564917366784
1316264567509413888
1316264572454666240
1316264579471679489
1316264581459636224
1316264581925408770
1316264596483710976
1316264602087424001
1316264604461391873
1316264616821886976
1316264652024631296
1316264661109469187
1316264662976131072
1316264666373386240
1316264666885173248
1316264673881198592
1316264697511854082
1316264700833865729
1316264710115930112
1316264712011620352
1316264722686251009
1316264725647220736
1316264748791595008
1316264754827063296
1316264769926569984
1316264777057021952
1316264786376773633
1316264794756984838
1316264809889820672
1316264816844197888
1316264818303799299
1316264824628809728
1316264837777821696
1316264838411108353
1316264852332130305
1316264860083081217
1316264861450477568
1316264868123750400
1316264888713449474
1316264907361390595
1316264912373587969
1316264912470126592
1316264914894426112
1316264920518922241
1316264933311549443
1316264955377864704
1316264964978626561
1316264973425762305
1316264982372257792
1316265001406128128
1316265002047696898
1316265016136552449
1316265016807641088
1316265039477829632
1316265069320134656
1316265069810860033
1316265087477469190
1316265096880906241
1316265098181259271
1316265114614460416
1316265131127574529
1316265156553441281
1316265174924394497
1316265175964479490
1316265176501551104
1316265184336412679
1316265202518695937
1316265215449853953
1316265226698883078
1316265252099563522
1316265252053540865
1316265259691200513
1316265260559597568
1316265272563564544
1316265273696030721
1316265276636266496
1316265282097295361
1316265284995624960
1316265285972758528
1316265297595203584
1316265299327344640
1316265301223378950
1316265304138420224
1316265305014968320
1316265310475874304
1316265327584575488
1316265331850047495
1316265358911700992
1316265359545073664
1316265367354961921
1316265389203091456
1316265391451246592
1316265399961305093
1316265411386671104
1316265427757002753
1316265431963963392
1316265435185152000
1316265441057280001
1316265447327633410
1316265451308097538
1316265453623312385
1316265478982184960
1316265482400432128
1316265482211786753
1316265490357137409
1316265490499743749
1316265504772816898
1316265523177381894
1316265532245434369
1316265564721967104
1316265566961692672
1316265577397313536
1316265583000711168
1316265584145895424
1316265595109867520
1316265610272288770
1316265614248480768
1316265625577230337
1316265639351205889
1316265644287877120
1316265645701566465
1316265663959199744
1316265664752082944
1316265669256601600
1316265679268515840
1316265687040618497
1316265693189464067
1316265699065565184
1316265705277456385
1316265711673708545
1316265721374994434
1316265726508965891
1316265731256877056
1316265736688603136
1316265747639930880
1316265752064917504
1316265776702259201
1316265779906650113
1316265789159337987
1316265791101308929
1316265795887001605
1316265796528730113
1316265824424845313
1316265825440083968
1316265834457763840
1316265844612231169
1316265849506852864
1316265860387033090
1316265918499106817
1316265922454224897
1316265931228635136
1316265938438610944
1316265945858539520
1316265948349947905
1316265978028847105
1316265984756342784
1316265990955696128
1316266003878342657
1316266012547911680
1316266032508665856
1316266037093036032
1316266062791487489
1316266081389031427
1316266090666708992
1316266105003008001
1316266112112365568
1316266124049350658
1316266130592460801
1316266136590340096
1316266145620602880
1316266150527819779
1316266155632455680
1316266160762032129
1316266174506766336
1316266181964247040
1316266193091792897
1316266211957633024
1316266218270191616
1316266241951031299
1316266246258778112
1316266247349125121
1316266250184658944
1316266261148565505
1316266263044386816
1316266266756288512
1316266272720596992
1316266277615423488
1316266282514219009
1316266296925773824
1316266303347470336
1316266309320085505
1316266315716460544
1316266328651714560
1316266345990885377
1316266349342142465
1316266358582259714
1316266381520916480
1316266382812565506
1316266388282015745
1316266397090152448
1316266400579645445
1316266421559668736
1316266428404826113
1316266451016261632
1316266450969976833
1316266484788682752
1316266492833431557
1316266503889514496
1316266511560929280
1316266513536516096
1316266525951553537
1316266528329719809
1316266530456436736
1316266541881741312
1316266550282858496
1316266550949638144
1316266552451387393
1316266557769744394
1316266578049077248
1316266599267987457
1316266603663757315
1316266609519005697
1316266635616030720
1316266643467755520
1316266661909995520
1316266681153486848
1316266683707908096
1316266687260291073
1316266690259423232
1316266700879388672
1316266703630872577
1316266703819481089
1316266707418218496
1316266709137985536
1316266720483397632
1316266732357644288
1316266759691755520
1316266771939291137
1316266789928685570
1316266792290070540
1316266801198583808
1316266816071782400
1316266834937753600
1316266841849966592
1316266871134531584
1316266890382188544
1316266898288529408
1316266907448860673
1316266920228913153
1316266934216912901
1316266954626273281
1316266958749392897
1316266964403265537
1316266989007122434
1316266993507536897
1316267004643307520
1316267017784131585
1316267050160001024
1316267063049170944
1316267067356729344
1316267071341289473
1316267075342606336
1316267095982653440
1316267097366953985
1316267100047110144
1316267103868071936
1316267104765726723
1316267123287773185
1316267129113653250
1316267134075334659
1316267137405722624
1316267148356972544
1316267156213030912
1316267172780531712
1316267177369100288
1316267184079937538
1316267191227109378
1316267195475931136
1316267195886899200
1316267209476448256
1316267211628011520
1316267224697577473
1316267236718329856
1316267240459657218
1316267248852623362
1316267257572528133
1316267257740374017
1316267260135182336
1316267260588236800
1316267263444439041
1316267266904920065
1316267272936316928
1316267284206424064
1316267284491624448
1316267292322217985
1316267304997597185
1316267309896359936
1316267318595510272
1316267318104731648
1316267339357122560
1316267352330244097
1316267368641974272
1316267372391657482
1316267385909727232
1316267394508173312
1316267430415683584
1316267448144887808
1316267451336790017
1316267452494311424
1316267454377664513
1316267467803516928
1316267487072268293
1316267500934488065
1316267509855653888
1316267525206765568
1316267540658688001
1316267543498235905
1316267553921134592
1316267572216492032
1316267581687443456
1316267583855685632
1316267615082418176
1316267628160266241
1316267631477846017
1316267631943528448
1316267641904922624
1316267653904904192
1316267672636542976
1316267677413859328
1316267680362631169
1316267686654029825
1316267712973135872
1316267755209883648
1316267758968098816
1316267758779236352
1316267759639109632
1316267765209034752
1316267767734112257
1316267806850256897
1316267816950136834
1316267833148362753
1316267841524383747
1316267853260226561
1316267859773857793
1316267890606211072
1316267892254572544
1316267913372995584
1316267918628274176
1316267941319471104
1316267948173135872
1316267959807995904
1316267974207172613
1316267998488014848
1316268033430568961
1316268055396220928
1316268066242691072
1316268067437965313
1316268071930130433
1316268105421783040
1316268107569131521
1316268127785689088
1316268128754634752
1316268129765343232
1316268130461773824
1316268141505323011
1316268152381112331
1316268159729430529
1316268168613171200
1316268169888247808
1316268183075139585
1316268200087236609
1316268246291615744
1316268256429309952
1316268264067137536
1316268267401551873
1316268302952325120
1316268320845250561
1316268371013296129
1316268374482128896
1316268374733717504
1316268379804626945
1316268389267116038
1316268389963366400
1316268411861622784
1316268412834902016
1316268417972801536
1316268423962218497
1316268441452462081
1316268447899226112
1316268488487505921
1316268494539894786
1316268497941532672
1316268500353130496
1316268504199331840
1316268512034328576
1316268530308984832
1316268545886564352
1316268564735811586
1316268573002739715
1316268575221575680
1316268577847115776
1316268598181212160
1316268604833193984
1316268605089157120
1316268614299811844
1316268616136916992
1316268628673732610
1316268643391545345
1316268646268891136
1316268667861000192
1316268688597757953
1316268688794882048
1316268691764412417
1316268691844022272
1316268708256526339
1316268709787262976
1316268717752418304
1316268720805740545
1316268734840016899
1316268751969419264
1316268752133128192
1316268763709227012
1316268775382024192
1316268775524700161
1316268778183819265
1316268779962347520
1316268782051000320
1316268782684377088
1316268785121349632
1316268785398026243
1316268785402343424
1316268791370743808
1316268803118960640
1316268817258029057
1316268847062822912
1316268859855261697
1316268866218209280
1316268870517358592
1316268879316885505
1316268884396302336
1316268892528893952
1316268898824712192
1316268924326080518
1316268927442276359
1316268930370015234
1316268946635579392
1316268955137241088
1316268956525699073
1316268962951249920
1316268986791800833
1316268987945234432
1316268995595702272
1316269019733913600
1316269021935927296
1316269022158237703
1316269024729161728
1316269029078827008
1316269039145152513
1316269041636405249
1316269071831240704
1316269076155572225
1316269089837453312
1316269100411297798
1316269129645658112
1316269177783627777
1316269180392558593
1316269187266875392
1316269193977716737
1316269195546505216
1316269221777739777
1316269240257703942
1316269251875999744
1316269266631495681
1316269300211122176
1316269349368410112
1316269351746453506
1316269368976654337
1316269373057716225
1316269379743514626
1316269400387801088
1316269425620905984
1316269426455523328
1316269427483049984
1316269432390459394
1316269441701740545
1316269448924295170
1316269448802729984
1316269456310624256
1316269457371738112
1316269506361257984
1316269506797461505
1316269506923245568
1316269510618476544
1316269533540229121
1316269543623254016
1316269563399544835
1316269581070143489
1316269601035096064
1316269607431348224
1316269611608752128
1316269613236269057
1316269618319818752
1316269619854835713
1316269622740553728
1316269622841278464
1316269624149848066
1316269632857280512
1316269649722519552
1316269655384707072
1316269658677407745
1316269660577300480
1316269664658432005
1316269666898194434
1316269673114198017
1316269695432110080
1316269700079398912
1316269707046121477
1316269711013732352
1316269711211073536
1316269716613152770
1316269738385965056
1316269748150206465
1316269764931538945
1316269770027732992
1316269787396206599
1316269794304417799
1316269795768250368
1316269800600072192
1316269803410255879
1316269805951954944
1316269808124604416
1316269809399746560
1316269816437788674
1316269832103432194
1316269838248050688
1316269842958352389
1316269843893547008
1316269846976438272
1316269847068672001
1316269853834002432
1316269857827061761
1316269871735472128
1316269903868039168
1316269909689671680
1316269911283576832
1316269913800085504
1316269957060141056
1316269959526453248
1316269969504710656
1316269981663997955
1316269985346453504
1316270012756299776
1316270015969144832
1316270055093686272
1316270068783894528
1316270073389019137
1316270075742097409
1316270076019068929
1316270088153165826
1316270093479948292
1316270102719852544
1316270105454678016
1316270115793637376
1316270125864161285
1316270130137948161
1316270136073031682
1316270143077580800
1316270143937290241
1316270143798796288
1316270176426291203
1316270204591247360
1316270227282440192
1316270233490001920
1316270235461140480
1316270237172539393
1316270240821587970
1316270247020617728
1316270270278230016
1316270281820975104
1316270293195784192
1316270297360728064
1316270302784090112
1316270307511070720
1316270310556086272
1316270353736441860
1316270385973862401
1316270405624111104
1316270412838383617
1316270415535312898
1316270436699652096
1316270442617999360
1316270458908573696
1316270465254477824
1316270466709872640
1316270477673861121
1316270520648826881
1316270521345024002
1316270527481344002
1316270535379124224
1316270548356395008
1316270564793880576
1316270574713348097
1316270592002273281
1316270605793075200
1316270607710015489
1316270609207300097
1316270618090901505
1316270624814239744
1316270625653174272
1316270636294168577
1316270643344601089
1316270669961687040
1316270672587493376
1316270688798343169
1316270695249260549
1316270712861216768
1316270756771311617
1316270765717815296
1316270784235499521
1316270792439554051
1316270800308183040
1316270803282006017
1316270813461569536
1316270819228766208
1316270843673149441
1316270845233332224
1316270859741532160
1316270870588002306
1316270879735775238
1316270892880715776
1316270921104207874
1316270922249035776
1316270929476038657
1316270934291025921
1316270937348677632
1316270945779290112
1316270964502560769
1316270982345224192
1316270984979263489
1316270991606255616
1316270997155192840
1316270999088685057
1316271000363827201
1316271018177159169
1316271025642967040
1316271027916283904
1316271036917137408
1316271038322352129
1316271043682729985
1316271051597328386
1316271058299879429
1316271062720679936
1316271071054770176
1316271076540727300
1316271077841162240
1316271087144128513
1316271106039349248
1316271115417931776
1316271118416834560
1316271120090243072
1316271129091219457
1316271136691441664
1316271166282067968
1316271179787894784
1316271207621308416
1316271211853361153
1316271213908557825
1316271214650970113
1316271224704692224
1316271227011432449
1316271252336644097
1316271258250743809
1316271261522092033
1316271277217374208
1316271279025127426
1316271279876399104
1316271294883803136
1316271300030029824
1316271341440577537
1316271342761603073
1316271345194414081
1316271374483288064
1316271397073825793
1316271398118215681
1316271402450780161
1316271402912083970
1316271413716832257
1316271420444475393
1316271430309474306
1316271439398477825
1316271445929070593
1316271506234564609
1316271510160629760
1316271511343333377
1316271517412384770
1316271548513177601
1316271575965011968
1316271599335727109
1316271631375970306
1316271634546921472
1316271641555398656
1316271644533551105
1316271645322104832
1316271673813786625
1316271674736742400
1316271678628990978
1316271678922674176
1316271703438237696
1316271711424147456
1316271747604402178
1316271752390074368
1316271765761544192
1316271770333315073
1316271770949890048
1316271771616763904
1316271773298634753
1316271775056003078
1316271784228913152
1316271784845619200
1316271798271397888
1316271798380568576
1316271802369404928
1316271805938663424
1316271818932514817
1316271831570173952
1316271834443272193
1316271842571714561
1316271885445931010
1316271901543526400
1316271906312646657
1316271919474323457
1316271922154414085
1316271923681132546
1316271928060129284
1316271930022916096
1316271940550692864
1316271941733568512
1316271957206237185
1316271967931174913
1316271968694435840
1316271979708788736
1316271980958617600
1316271984062296066
1316271985123622912
1316272019038629891
1316272032213073920
1316272047312580615
1316272056745496577
1316272063057924096
1316272083652038658
1316272097015074816
1316272098122166274
1316272110462001154
1316272114102657024
1316272131915743235
1316272167877857285
1316272174345400322
1316272178464272386
1316272181853253633
1316272192716337152
1316272195291803648
1316272201394348032
1316272234063785985
1316272254909591552
1316272258252378112
1316272259015864323
1316272262610333696
1316272269820227585
1316272296084922369
1316272322748338176
1316272345707884544
1316272347431596032
1316272353467400192
1316272357842071552
1316272368034209792
1316272379732123649
1316272395083276291
1316272396865875969
1316272401076891649
1316272402444279809
1316272408312111105
1316272412753825792
1316272416621035523
1316272420676829184
1316272436950646785
1316272437009539073
1316272449684635649
1316272452385738752
1316272472665264128
1316272474817003520
1316272479141126144
1316272479279742976
1316272497545957379
