1313207310366527491
1313207310592819200
1313207310702063617
1313207327554703361
1313207340166914048
1313207344038252545
1313207356843388928
1313207365269958657
1313207369590091780
1313207390322544642
1313207394697121793
1313207394919493632
1313207395095662592
1313207407569514496
1313207419846172673
1313207423436566528
1313207427844714497
1313207441111351313
1313207452922343426
1313207461961240586
1313207469804605442
1313207483217838080
1313207486414049280
1313207486846046217
1313207487160446976
1313207490960666634
1313207503681925122
1313207504239652864
1313207504130764800
1313207508081795073
1313207508350140417
1313207545289486337
1313207562033082373
1313207570392395776
1313207570761474050
1313207579447898132
1313207583461847041
1313207599807041547
1313207604122988544
1313207604085223425
1313207617058230273
1313207637958303744
1313207641674575872
1313207654718885889
1313207655024992256
1313207688147410949
1313207696338886663
1313207709001568259
1313207722314264578
1313207734708264960
1313207738571333650
1313207743143202817
1313207755843481600
1313207759828066309
1313207763305140226
1313207784670863360
1313207788412207111
1313207788743651338
1313207797778128898
1313207801922105346
1313207805256531971
1313207805344731136
1313207806087041028
1313207826362306566
1313207826848854016
1313207834687963137
1313207839121440770
1313207843730972672
1313207852048277507
1313207855990923265
1313207860621312000
1313207893848739847
1313207897652953094
1313207902061158400
1313207906494558208
1313207914891370496
1313207922868977665
1313207931404316673
1313207935644901378
1313207952157933571
1313207952556257280
1313207981769658369
1313207994079825920
1313207998412722180
1313208014841745417
1313208044449402880
1313208065676767235
1313208069552254985
1313208069699055619
1313208086702755844
1313208095045292032
1313208120441798665
1313208166201454594
1313208170379083777
1313208179338207233
1313208191677677568
1313208195452735490
1313208195796611084
1313208200628371457
1313208204482932739
1313208212733202432
1313208221063094274
1313208233742331904
1313208242038804482
1313208242168688640
1313208246157676545
1313208258589528072
1313208284309008393
1313208284627841024
1313208300721274880
1313208317007724544
1313208317339205632
1313208329762734087
1313208338700795905
1313208338700795907
1313208355062788098
1313208376357158913
1313208379947401216
1313208388436844544
1313208388667531264
1313208400881147904
1313208409282371584
1313208442832773122
1313208446964002816
1313208452223832066
1313208455881125888
1313208456300711936
1313208460364800000
1313208464538304514
1313208464760545282
1313208467868524544
1313208476584292354
1313208480455684096
1313208493319557125
1313208494024273921
1313208501930397700
1313208535317180416
1313208535401091073
1313208544200716294
1313208547681988608
1313208552215982080
1313208561288257539
1313208577541242881
1313208585636114432
1313208602828705792
1313208610957254658
1313208610961399808
1313208615436726279
1313208615608737794
1313208615877181449
1313208631781928961
1313208648508887043
1313208657233031168
1313208674047995906
1313208695237627909
1313208711129825283
1313208716083240960
1313208724790542336
1313208745095245826
1313208745342763015
1313208749402750981
1313208753911627779
1313208757623685122
1313208762107342848
1313208774744772610
1313208774677721090
1313208787180965893
1313208799923179522
1313208807770722305
1313208816222138373
1313208829132374017
1313208854684086274
1313208858026930179
1313208862430896130
1313208875504590849
1313208879120101381
1313208892365692930
1313208917254647808
1313208921272717313
1313208921209925633
1313208929682251777
1313208933662695424
1313208934136717312
1313208938171564033
1313208942592491527
1313208942638632965
1313208975907749891
1313208976054480896
1313208980215402497
1313208988297818114
1313208997294551040
1313209013279092737
1313209035215302661
1313209039233351695
1313209047072616448
1313209047135465485
1313209059617591296
1313209072288763906
1313209076055146497
1313209080316604416
1313209089661562882
1313209093096570880
1313209097945317378
1313209118656659456
1313209118820380683
1313209122456649728
1313209122372947968
1313209122914000912
1313209127062175745
1313209127405907969
1313209130862219266
1313209144472633344
1313209156480962561
1313209164739600385
1313209165377081350
1313209168371871744
1313209168896110592
1313209168887775232
1313209185287499776
1313209202102411269
1313209202966372352
1313209215150960642
1313209218829225984
1313209232142086154
1313209232246943744
1313209236063760384
1313209244192329730
1313209244523597827
1313209248545816577
1313209252387926018
1313209257119166464
1313209261019795460
1313209265398714372
1313209270268239873
1313209277914451970
1313209298424659968
1313209307324846080
1313209311485542400
1313209311749902336
1313209319693996033
1313209332796850177
1313209336936706050
1313209340724088832
1313209341034496005
1313209343433756675
1313209345065316355
1313209349066698758
1313209353608982529
1313209353680424961
1313209361573965824
1313209361401933824
1313209374920368134
1313209378577711105
1313209386966216704
1313209391416569856
1313209399201071104
1313209400085999616
1313209403290587138
1313209408604733443
1313209412396429312
1313209412572643328
1313209420189511680
1313209424404676613
1313209433644650496
1313209436958330881
1313209445715980291
1313209449612554243
1313209453983002624
1313209457812406279
1313209483687059462
1313209517421674496
1313209521389568001
1313209528977100808
1313209537718038528
1313209546299658246
1313209550129049601
1313209558534414336
1313209558865784835
1313209562825138182
1313209567023632384
1313209575777206274
1313209579451293697
1313209579866525698
1313209584383737856
1313209588179763200
1313209592885710848
1313209617690898433
1313209621780271104
1313209621750984714
1313209626536669190
1313209647411544065
1313209655884218369
1313209659403239427
1313209658765606913
1313209663383638017
1313209663580786688
1313209680626360320
1313209680857124870
1313209684443099136
1313209689015037954
1313209709483102208
1313209718450446337
1313209730622521345
1313209730635005952
1313209734888140814
1313209748095864832
1313209756366979072
1313209760263462912
1313209760318185473
1313209768836837378
1313209772620087297
1313209772875759616
1313209777510658049
1313209785370714115
1313209797756542978
1313209801917304834
1313209806115618816
1313209810683408385
1313209814923657216
1313209823274639360
1313209823513595905
1313209827376726017
1313209852123111425
1313209852139839491
1313209869084889091
1313209882275840000
1313209890651934721
1313209890257559552
1313209890580639745
1313209898222661634
1313209907110346752
1313209907441741824
1313209919164895235
1313209919961731072
1313209927763030016
1313209961304879104
1313209966493405187
1313209974496006144
1313209978010972162
1313209978111623168
1313209978585518081
1313209987133444098
1313210003579449346
1313210003625521152
1313210024441806849
1313210028354990080
1313210036999475200
1313210040992501760
1313210045031690240
1313210053852196864
1313210062190583821
1313210070663127041
1313210075222208512
1313210078980444161
1313210078988832772
1313210079148113921
1313210091345190922
1313210103890235392
1313210112476143618
1313210125507653632
1313210129601314816
1313210129756631041
1313210146596818945
1313210146676506629
1313210146793943045
1313210154469343232
1313210162530975744
1313210166104543238
1313210183682854915
1313210184123129856
1313210187851980800
1313210204956299265
1313210209037320194
1313210217006608386
1313210217698484225
1313210221599350787
1313210225659392001
1313210230319116288
1313210234282754049
1313210238347218945
1313210242780540929
1313210243015495687
1313210246748397568
1313210263441678336
1313210271666667527
1313210272019083269
1313210276112732166
1313210284631302146
1313210314196946947
1313210322086436867
1313210335340486659
1313210339320713216
1313210372728315904
1313210380714307584
1313210389132464132
1313210406018732043
1313210409885659136
1313210418689695746
1313210419255758848
1313210426814074881
1313210426990174212
1313210439396802562
1313210443968643073
1313210444354654211
1313210469335867399
1313210493885206528
1313210510809214976
1313210511127838720
1313210515104108545
1313210535735889934
1313210540840431630
1313210548788572164
1313210552555053065
1313210552693317632
1313210573748723712
1313210582208782339
1313210632909410304
1313210636709629954
1313210641616961547
1313210657957789696
1313210657739886593
1313210666262712322
1313210670897401857
1313210674529566721
1313210682720968705
1313210695333416964
1313210695748661249
1313210699980705792
1313210703751282689
1313210728732487680
1313210732872372231
1313210733040070657
1313210750664544257
1313210754435371009
1313210762232508416
1313210767215296517
1313210791462670338
1313210796868943873
1313210804230029312
1313210813021331460
1313210821066059778
1313210821909114881
1313210829781770241
1313210854834409474
1313210859020222465
1313210859242561540
1313210867513798656
1313210879735980032
1313210892595666944
1313210900850053123
1313210900900446210
1313210900933832704
1313210905774247936
1313210909242937344
1313210917740572675
1313210917916737540
1313210925961416707
1313210935092355077
1313210938846253056
1313210939328651264
1313210955438858241
1313210955883573250
1313210963722563584
1313210967820566531
1313210967900258306
1313210967925325834
1313210972488626177
1313210989790334977
1313210997272788992
1313210997591732224
1313211006105993216
1313211010220781569
1313211013316050945
1313211014184198144
1313211018739355648
1313211022984065025
1313211027585208321
1313211043359928320
1313211056500678662
1313211060132945938
1313211060397117441
1313211068743921665
1313211077136703493
1313211085470617600
1313211094039580672
1313211094568067074
1313211110741352449
1313211114788925442
1313211114998489088
1313211119507509249
1313211127984197633
1313211140483223558
1313211148385349639
1313211177623642112
1313211177837756416
1313211182526992385
1313211190559019020
1313211194774302722
1313211195067949064
1313211202886004736
1313211212168126466
1313211224067395586
1313211228995555328
1313211245609222145
1313211248876687367
1313211266270404611
1313211274080194561
1313211278249218050
1313211278534627329
1313211282393370626
1313211291293626370
1313211299422187523
1313211299724132353
1313211302702125059
1313211316002336770
1313211316308307968
1313211320175484929
1313211324474638336
1313211350370398218
1313211362697453570
1313211396637839363
1313211400253132801
1313211404745232384
1313211404867063808
1313211425792290816
1313211446453469185
1313211454649233408
1313211463247437825
1313211488304328707
1313211488765571072
1313211492343312384
1313211492884344832
1313211497112313858
1313211505119293440
1313211509565198342
1313211513101070343
1313211513176498185
1313211513692467201
1313211513914580992
1313211517794430977
1313211518163521544
1313211522781503499
1313211530633195525
1313211535016116224
1313211551638323200
1313211571947163649
1313211588665540608
1313211588971724802
1313211593317060609
1313211593501536256
1313211601076527107
1313211601936281601
1313211613697040384
1313211614305439752
1313211614334722051
1313211639160877057
1313211647691980800
1313211651718410241
1313211659888947201
1313211676318105603
1313211684945879040
1313211685705048064
1313211702507380738
1313211710023622657
1313211723281657857
1313211727702642695
1313211731829837827
1313211735806021633
1313211761215131648
1313211777694351360
1313211798171115526
1313211807469772801
1313211811110498305
1313211823961899010
1313211824188329993
1313211832807706627
1313211849081524224
1313211849119277057
1313211882359140354
1313211886578655233
1313211899203522560
1313211907533348867
1313211915682840583
1313211915817156614
1313211919826907136
1313211924470001665
1313211928718856194
1313211928802660352
1313211928903397376
1313211937107275776
1313211953721094144
1313211957986684938
1313211962680135692
1313211966027108353
1313211970917732353
1313211991549505536
1313211992056897538
1313211995349344259
1313211995924160518
1313211995701866499
1313211995945041920
1313212000500174849
1313212020616040450
1313212025577893888
1313212037829398528
1313212038135463936
1313212041612718112
1313212042614988801
1313212063523708935
1313212066841460736
1313212071694262274
1313212083434065921
1313212096453251073
1313212117215051783
1313212134025723905
1313212155236319237
1313212155370627073
1313212163113312256
1313212163767570439
1313212188857958403
1313212221917454343
1313212226678009856
1313212247582281728
1313212255824228352
1313212259997343744
1313212268541214721
1313212272895029250
1313212276460183555
1313212277600911361
1313212293803503617
1313212297654005760
1313212301617569807
1313212322660446214
1313212323096662018
1313212330889674752
1313212339580276737
1313212348128096256
1313212348295905280
1313212352100208647
1313212352226099200
1313212356164550656
1313212385914687488
1313212402435907585
1313212419116879872
1313212419770970112
1313212432349888512
1313212432647696389
1313212436653236224
1313212453543505920
1313212457717051392
1313212461848375302
1313212469222010880
1313212474053726208
1313212474158714884
1313212477736452096
1313212486359945217
1313212502889689090
1313212503233503233
1313212503460114432
1313212508073852928
1313212515623596041
1313212520576942080
1313212524381253638
1313212532581163014
1313212548808945667
1313212553179398146
1313212557444997120
1313212557914779649
1313212569935663105
1313212570237632520
1313212578500411393
1313212582996647937
1313212587513970690
1313212596032503809
1313212620556697602
1313212624511795200
1313212633227567104
1313212658359959561
1313212696205168645
1313212696540540928
1313212739028881409
1313212751439892481
1313212755458117634
1313212759220387840
1313212775536230400
1313212784927297537
1313212797577097216
1313212801440153600
1313212817625899010
1313212822013214721
1313212834696687616
1313212835099480069
1313212847120412675
1313212847611052032
1313212859665584129
1313212875943575553
1313212880653824001
1313212880930639873
1313212906637582339
1313212910718521344
1313212912861933578
1313212918511542274
1313212931346235398
1313212939692920833
1313212956189118464
1313212956709212162
1313212960656052224
1313212972681003009
1313212982042791945
1313212998329208857
1313213002527760385
1313213023658618880
1313213048409198594
1313213065500991496
1313213073881169921
1313213082370482177
1313213094814982145
1313213102893289474
1313213115971112964
1313213136481050624
1313213136795623424
1313213153673699331
1313213157922541568
1313213169809096712
1313213178617110529
1313213182450769920
1313213186846478336
1313213187165020160
1313213190898057222
1313213190994624516
1313213199416586241
1313213199496302592
1313213208312725504
1313213224423247873
1313213224729354244
1313213224926408704
1313213241527603202
1313213254232084481
1313213254165028864
1313213266521452550
1313213275006529536
1313213283638403072
1313213296057618432
1313213300264534016
1313213300461711360
1313213300423958531
1313213317025067009
1313213329058533380
1313213333420609543
1313213342190907398
1313213350474473473
1313213354882863106
1313213363544039425
1313213371509100545
1313213371748151299
1313213375342612481
1313213379616673793
1313213383982809088
1313213405130559488
1313213413762441217
1313213413963763714
1313213421467377665
1313213430061559810
1313213430128668674
1313213434847141888
1313213438466887681
1313213442636079109
1313213447761465344
1313213455990755328
1313213459853651968
1313213463766990851
1313213468183420928
1313213493194166273
1313213506364289039
1313213509941985281
1313213518674616320
1313213526996127744
1313213531291111426
1313213547661291520
1313213555806810114
1313213555731312640
1313213589881315328
1313213598446096384
1313213606025211909
1313213606041923590
1313213614933901312
1313213615202238464
1313213618645872640
1313213627730735105
1313213636282912770
1313213648098267137
1313213648853032960
1313213660710477826
1313213694281576449
1313213693640036353
1313213694818619392
1313213703047659520
1313213719560757254
1313213719741034496
1313213740490383361
1313213753526190081
1313213761944252417
1313213761906503682
1313213769460449287
1313213773944062026
1313213778616553475
1313213786531209216
1313213790658453506
1313213795003588608
1313213804021506049
1313213816096817153
1313213820580569089
1313213824795893769
1313213829074038787
1313213841090768896
1313213841849933824
1313213858220212231
1313213858471833600
1313213862662098945
1313213871075856386
1313213874611597314
1313213895344115716
1313213904361721856
1313213908937662464
1313213912846798848
1313213921281466369
1313213929657688065
1313213946199969794
1313213967452471296
1313213972020162566
1313213984078782465
1313213987710959624
1313213992790188032
1313214000830832642
1313214042669023233
1313214063481180160
1313214072192720899
1313214072440188931
1313214092790784001
1313214093151608832
1313214101544488961
1313214105327599617
1313214113535782912
1313214118648836097
1313214122327236611
1313214122876690433
1313214131118370816
1313214138689044480
1313214143474827267
1313214147736338448
1313214172113580037
1313214177427648512
1313214189603819527
1313214198193684480
1313214214333497349
1313214231223791617
1313214252132556800
1313214256553185280
1313214260814598144
1313214261347352577
1313214294150934529
1313214311226015745
1313214315005128705
1313214319656566784
1313214327709528065
1313214336618442755
1313214348328939526
1313214348568006662
1313214353102041091
1313214360949530625
1313214369682141185
1313214373834358785
1313214374413307904
1313214399105044485
1313214403010068485
1313214407636332544
1313214407942397953
1313214436576907264
1313214441354264576
1313214445653577735
1313214453618479104
1313214458743857153
1313214466159452161
1313214482739470337
1313214521012613120
1313214528876941319
1313214533201264640
1313214537940832256
1313214541941993473
1313214545763205121
1313214545989701635
1313214558681665543
1313214570459287552
1313214575236452353
1313214583537098752
1313214583872471040
1313214587353825280
1313214596266823681
1313214609550176258
1313214637530382337
1313214668505313280
1313214675601879040
1313214684993130498
1313214688562425856
1313214726374129665
1313214730245373958
1313214739137335299
1313214746758438914
1313214746989072385
1313214802291023874
1313214810381844481
1313214814127185920
1313214818418143235
1313214827532152832
1313214844036939780
1313214852052254721
1313214873124339719
1313214873354952704
1313214885791178753
1313214894070788096
1313214894053957636
1313214902924988416
1313214906569838593
1313214914664771591
1313214994507587584
1313215011003695104
1313215015680462851
1313215036886863872
1313215053487837184
1313215053953265664
1313215057870888960
1313215083225513989
1313215087516110853
1313215095447662592
1313215095514816512
1313215095552569360
1313215099906265105
1313215103509000192
1313215103983063042
1313215116511531014
1313215124660916224
1313215137323651074
1313215137462071296
1313215170517315601
1313215183947542531
1313215196387778561
1313215200267468800
1313215203975278593
1313215208702324741
1313215217099108352
1313215242017615875
1313215246518099968
1313215254457876481
1313215267338686470
1313215271302246403
1313215275580489728
1313215284443066369
1313215296732385281
1313215309646565379
1313215321591943168
1313215322355363841
1313215326390308864
1313215334271389696
1313215342492086272
1313215343159017474
1313215355653820416
1313215359651110923
1313215363732119559
1313215364478754816
1313215372695343108
1313215376449208328
1313215380484222977
1313215384720273408
1313215401891827714
1313215406002311174
1313215410175643649
1313215414302912517
1313215418203607040
1313215422536318976
1313215422888472576
1313215430576594944
1313215431029784581
1313215439179141120
1313215443503665157
1313215447899267073
1313215468535263232
1313215481701191685
1313215489225695233
1313215489452146689
1313215494246338560
1313215506132992000
1313215510583169026
1313215522964680710
1313215536034181121
1313215552282931201
1313215560633655297
1313215565515952128
1313215577654276096
1313215599082962944
1313215603017211909
1313215615159734272
1313215619916017666
1313215620343754752
1313215624366051328
1313215636047233025
1313215636663873536
1313215636340908037
1313215649095839753
1313215654024015873
1313215661762633736
1313215674467192832
1313215682260033536
1313215695145050121
1313215711645499392
1313215712161390593
1313215720986046464
1313215724966510592
1313215728401756160
1313215745413779467
1313215757984116736
1313215766280380416
1313215771456098304
1313215778477441025
1313215829794721792
1313215837470371844
1313215850279772160
1313215850699264000
1313215858404143107
1313215858999615488
1313215867342262272
1313215880290095105
1313215883536457728
1313215896098418688
1313215896484184064
1313215901135704070
1313215908630925313
1313215925752147970
1313215943124738048
1313215947012939777
1313215954680197131
1313215959042203649
1313215967107911684
1313215984518524929
1313215989014622208
1313215988976939008
1313215997395038209
1313216014545383426
1313216021780672520
1313216021956788226
1313216022070145025
1313216034690797569
1313216047584096257
1313216047676190720
1313216072326078464
1313216081130139648
1313216093771780097
1313216102017662977
1313216105930993665
1313216106279178240
1313216114948820994
1313216122595016710
1313216127061852164
1313216144074051584
1313216160545017857
1313216165351743489
1313216177544540162
1313216186289664003
1313216202508955648
1313216227318337544
1313216232238338054
1313216240090075137
1313216274000994305
1313216274474979338
1313216290874699779
1313216303805558784
1313216312307449857
1313216319966392320
1313216320348061697
1313216324022210560
1313216336512856064
1313216345165750274
1313216349196427264
1313216353390800897
1313216353646661634
1313216383396786176
1313216395929411585
1313216396273352704
1313216399976824840
1313216400253739014
1313216403844075521
1313216403936288768
1313216412995989508
1313216417060147200
1313216420428251138
1313216441643077632
1313216462400753664
1313216462643961861
1313216475214348289
1313216475113623552
1313216475495366656
1313216483800088578
1313216487600123904
1313216487709003777
1313216488019562497
1313216500380000256
1313216500564660225
1313216504972955650
1313216509230092291
1313216512849833988
1313216513499828224
1313216525864636416
1313216538351149056
1313216538477047810
1313216546269876225
1313216546328719361
1313216546613923840
1313216559477714944
1313216563064037383
1313216563688939520
1313216567577128966
1313216592658997248
1313216593036488706
1313216601039220737
1313216601311780864
1313216618051362822
1313216626448363532
1313216647231139841
1313216650905255936
1313216650255179776
1313216672585654282
1313216680508690444
1313216693330681857
1313216693494329345
1313216693464956931
1313216697759866886
1313216697801691136
1313216697894146048
1313216706274353153
1313216706978942982
1313216731251310592
1313216739606499329
1313216752734666752
1313216756803043335
1313216761022431232
1313216764642234369
1313216786339368965
1313216789392703488
1313216789665509377
1313216790382571520
1313216790391140352
1313216794610425857
1313216798662197252
1313216802709737472
1313216806920781825
1313216819545636864
1313216819801526273
1313216823870083074
1313216840181538816
1313216848717021188
1313216852387147782
1313216852479209472
1313216861211828224
1313216861224529920
1313216861329412096
1313216861870448641
1313216878102409216
1313216882594516998
1313216882586144769
1313216886272860162
1313216886855929859
1313216890358173698
1313216907147968515
1313216944741416963
1313216949858430976
1313216953557811200
1313216957861163008
1313216966262501376
1313216970028920833
1313216970205036547
1313216978232934400
1313216979252191237
1313216999275859968
1313217008343953409
1313217012802424835
1313217016090652672
1313217032830234629
1313217037368516611
1313217050299363328
1313217054003146759
1313217054477029378
1313217062500696064
1313217074634854402
1313217087242997760
1313217087276494851
1313217091781230593
1313217096063557634
1313217099876241408
1313217100928839680
1313217104208900102
1313217108977778696
1313217116808585218
1313217121661452289
1313217125046247427
1313217146093273093
1313217146462273539
1313217154431422465
1313217159317815303
1313217179479937024
1313217193098833920
1313217213097111552
1313217226242129921
1313217247486205952
1313217272551481345
1313217272924770308
1313217276133412864
1313217281426677762
1313217293753757697
1313217297222373387
1313217297788604416
1313217301437648906
1313217301873745921
1313217322522480647
1313217326527901696
1313217335608524800
1313217343711899648
1313217347197468677
1313217348074123265
1313217355925778432
1313217368664035328
1313217369221726208
1313217377018933248
1313217398070218752
1313217398594445312
1313217402507792388
1313217405922013184
1313217410879705098
1313217414809571328
1313217418634891271
1313217419431870466
1313217432027377665
1313217439895891969
1313217440009146372
1313217443972689921
1313217452432650241
1313217469113393152
1313217482392580100
1313217503556964353
1313217507227062273
1313217515217014784
1313217515460456448
1313217519793119233
1313217528072634369
1313217528399900681
1313217532690599945
1313217544988233728
1313217545013469184
1313217548989669376
1313217549111373824
1313217553775448067
1313217557818675200
1313217562516156416
1313217569675829248
1313217578203049985
1313217603188461568
1313217604190957569
1313217611912503296
1313217611979685896
1313217616392134656
1313217620225650688
1313217620632535041
1313217624650776579
1313217624822542336
1313217641167888385
1313217641704755206
1313217649380225024
1313217657685106692
1313217687015821313
1313217703914754050
1313217721207853062
1313217733576843276
1313217746092531712
1313217746969264132
1313217754153902080
1313217762882355201
1313217763364798465
1313217763410927616
1313217775993786370
1313217779584163840
1313217783786811399
1313217788320903170
1313217813033746435
1313217817425121281
1313217818230501377
1313217825788637189
1313217850811715584
1313217851298324480
1313217855110868992
1313217863906361346
1313217871829495811
1313217901885886464
1313217909783703564
1313217910148599808
1313217914259099648
1313217917203480577
1313217922110640129
1313217930537164803
1313217930977402880
1313217934857101312
1313217964141957125
1313217964418699266
1313217968424341504
1313217968562561024
1313217980831014914
1313217989131595785
1313217998401024002
1313218027060490240
1313218031200489473
1313218040197251072
1313218047629504513
1313218056290795520
1313218056412258309
1313218064436035585
1313218064838787072
1313218069225930752
1313218073084583936
1313218081628590085
1313218081712418823
1313218085533474818
1313218086179344387
1313218085990604802
1313218086191927298
1313218114587373574
1313218114952343552
1313218119633113094
1313218128348958728
1313218131683311623
1313218148666146816
1313218161483878405
1313218170052845573
1313218170426200070
1313218174356271104
1313218194992246784
1313218195109613568
1313218203036905474
1313218207684194304
1313218216445976576
1313218220292288512
1313218220501929989
1313218224343916545
1313218228991209472
1313218236767334400
1313218266152796162
1313218270510690304
1313218270762356737
1313218274746945541
1313218283483660288
1313218286780207105
1313218286910406659
1313218287136890880
1313218325581881344
1313218333592809472
1313218337900462088
1313218346301771782
1313218362911195143
1313218371408859139
1313218383966547969
1313218383828185090
1313218396197134343
1313218409379827717
1313218425380958209
1313218430145908737
1313218433840893952
1313218438815387648
1313218450567782400
1313218458943881216
1313218471745015808
1313218496956952586
1313218530444226562
1313218534475005957
1313218534227337216
1313218534575673344
1313218538677710848
1313218538644144133
1313218539059253248
1313218543165599744
1313218543387803648
1313218546974023680
1313218547456368640
1313218555689738242
1313218555865952256
1313218568637431809
1313218580855558144
1313218593715359750
1313218601558605824
1313218602267484161
1313218605987901448
1313218618969255936
1313218631216627720
1313218635343818754
1313218654646001665
1313218669112168456
1313218672970928129
1313218673235165184
1313218689769111562
1313218702175727621
1313218710547632129
1313218731858898944
1313218756768862208
1313218764851343364
1313218769356034054
1313218799462690824
1313218807326965766
1313218815405240322
1313218815958941702
1313218816281907203
1313218819935141888
1313218823982522369
1313218824603201536
1313218845163900933
1313218845612470273
1313218853976125440
1313218861622325250
1313218878600749056
1313218886851059712
1313218891338964992
1313218903435350019
1313218903871422464
1313218907826786304
1313218908527251456
1313218919985864704
1313218931939635200
1313218946255015945
1313218958108110848
1313218979322834944
1313219000466317319
1313219008959852545
1313219042447155201
1313219046209253377
1313219046255595521
1313219058599370753
1313219067784966144
1313219071366836225
1313219072042164225
1313219075443757056
1313219076022587392
1313219076215517190
1313219084914393089
1313219088395665409
1313219101385461766
1313219105042976768
1313219105567182848
1313219105562996736
1313219113087631360
1313219121715187712
1313219130544328704
1313219134113501186
1313219134646296576
1313219146864357391
1313219151134064641
1313219151767498753
1313219155454296072
1313219167424839680
1313219168037076992
1313219168267890688
1313219176744521729
1313219197477048320
1313219202036240390
1313219214824665095
1313219235028451328
1313219264384577537
1313219272827691017
1313219276808085510
1313219293497241600
1313219293761298434
1313219298647855110
1313219314502307841
1313219327013912589
1313219335477919747
1313219340020453377
1313219344248311809
1313219360706695168
1313219386044567556
1313219390855405570
1313219399059415040
1313219402599485445
1313219403408977920
1313219403584950273
1313219407427108870
1313219428507676692
1313219436208418816
1313219449084878851
1313219449168818178
1313219465799233543
1313219469716664321
1313219474389164034
1313219478222704642
1313219503682203658
1313219507608002560
1313219520874520576
1313219536825593866
1313219537450528772
1313219541837766656
1313219558669344768
1313219570795118594
1313219575174098948
1313219575266381825
1313219582941786113
1313219612297883654
1313219613069504512
1313219629871894528
1313219633252634624
1313219633323933699
1313219633311170561
1313219637803446273
1313219638327562240
1313219641595121666
1313219679876460544
1313219683668029442
1313219684175679488
1313219692576858112
1313219730816348163
1313219742375837702
1313219746746130432
1313219750948933641
1313219764387491841
1313219767591940097
1313219775787601921
1313219792933855232
1313219797392470021
1313219801460940801
1313219801871982599
1313219809774112769
1313219810063536129
1313219830972121089
1313219839067029506
1313219859740798977
1313219863905738753
1313219863951929345
1313219876140601352
1313219902342389760
1313219926686142464
1313219939654864897
1313219940107923463
1313219969140760576
1313220006809939969
1313220007111819264
1313220018943918080
1313220023897423873
1313220027437461505
1313220044323782657
1313220057007349765
1313220061189070857
1313220069401518080
1313220098929430528
1313220128712998912
1313220132550762496
1313220140977344518
1313220153258184704
1313220157494431750
1313220171331330048
1313220174624043012
1313220183255781376
1313220204110000128
1313220208258023424
1313220208387977216
1313220211965718529
1313220220694097920
1313220234262839298
1313220253984456708
1313220271327842312
1313220275937390595
1313220275958362112
1313220279980695555
1313220291942739968
1313220304332877824
1313220304576053248
1313220309076512768
1313220317901250560
1313220334175358987
1313220334535929857
1313220338210267139
1313220346225537024
1313220346758205446
1313220350684131329
1313220355205394433
1313220359307501568
1313220384762867712
1313220388235730945
1313220389196230656
1313220401309323267
1313220409194676224
1313220409651847168
1313220421857226753
1313220435429842945
1313220442975539203
1313220443294367745
1313220463829700609
1313220472650321921
1313220476789952512
1313220481156218880
1313220481340764160
1313220484662734850
1313220485430341632
1313220498071879681
1313220505659473923
1313220510545776640
1313220510612893697
1313220510889791488
1313220514010329089
1313220518502371329
1313220522679861248
1313220535447367692
1313220539218038785
1313220547648671750
1313220547950542860
1313220547950542861
1313220569320632323
1313220576954191873
1313220589440708609
1313220598890475526
1313220602623336448
1313220619094425606
1313220631605854208
1313220636370665472
1313220640212738048
1313220644507545600
1313220648672677891
1313220661591134209
1313220665093353472
1313220665529556992
1313220669501440000
1313220674136272896
1313220695074181122
1313220706910392321
1313220711197093894
1313220711461408768
1313220716033007616
1313220728674832386
1313220749017182209
1313220753706422283
1313220754037592065
1313220761797242885
1313220765765046274
1313220769984458760
1313220771100065792
1313220778968649730
1313220790888865804
1313220800053415936
1313220816012808192
1313220825189769216
1313220828851507202
1313220829187014656
1313220845775454209
1313220846211813376
1313220861856567296
1313220867124588545
1313220878952476679
1313220888402239488
1313220899395510274
1313220899844300801
1313220900003753985
1313220900708388865
1313220905019949057
1313220925714726917
1313220925798612994
1313220959785156611
1313220975866118145
1313220976100900864
1313220987933069313
1313220988704894980
1313220988725792774
1313220992593006592
1313220996455968768
1313221001266827265
1313221017783939077
1313221021793689601
1313221026172620803
1313221034217144320
1313221034573811718
1313221038671527938
1313221051288084482
1313221064613273600
1313221067771539456
1313221068136431616
1313221076583886848
1313221080421740545
1313221097836498945
1313221113971965954
1313221118749216768
1313221121039314946
1313221139452182528
1313221144120561664
1313221160218361856
1313221164056154112
1313221164592967687
1313221169265475590
1313221172759273472
1313221180954902529
1313221197807661056
1313221197971304448
1313221206317977603
1313221206342950913
1313221210872844288
1313221215188848640
1313221236126822401
1313221240480464908
1313221260919345152
1313221270272708615
1313221273657503752
1313221278048890890
1313221282218082310
1313221282650091521
1313221290065502208
1313221294884818944
1313221315558477824
1313221319325102082
1313221332327444482
1313221357380030464
1313221382965063680
1313221383082725376
1313221390674223105
1313221390955282433
1313221399859920911
1313221416163004416
1313221416720961536
1313221441677152258
1313221462388617218
1313221466478051330
1313221475202199557
1313221483561279488
1313221491639545857
1313221500418260992
1313221503895339022
1313221525445709825
1313221546077384704
1313221546673164288
1313221550007635973
1313221567145541632
1313221605284286466
1313221608744640514
1313221609537196032
1313221625635131395
1313221634757713921
1313221634799603715
1313221642290634754
1313221647323795456
1313221650989498368
1313221667376828419
1313221676809756673
1313221684737040384
1313221684799787008
1313221689296269317
1313221696875311104
1313221697395462145
1313221705335296005
1313221735056125953
1313221735337132032
1313221743830544384
1313221759932522498
1313221772544794625
1313221772955746304
1313221777305333760
1313221781189165056
1313221781516419075
1313221790144106496
1313221806355030016
1313221818954723330
1313221823421702157
1313221839972376576
1313221840400273418
1313221856212799489
1313221860444844039
1313221877272317954
1313221876903100417
1313221894913642496
1313221911174950912
1313221919802613760
1313221949372260352
1313221961414135808
1313221995174096896
1313222008268828672
1313222012140236807
1313222032423890949
1313222053944864771
1313222062060826626
1313222062752894977
1313222078850576389
1313222079144169472
1313222079215480832
1313222079349583877
1313222092234592256
1313222095485239298
1313222112145027073
1313222116498722819
1313222121385086977
1313222125759729664
1313222129740120069
1313222137692348416
1313222145737195524
1313222150547939328
1313222192172339214
1313222192549699584
1313222195984969729
1313222204662968321
1313222246274609152
1313222250741616648
1313222250963771393
1313222259151167488
1313222272166047744
1313222280173027334
1313222288758710280
1313222296941756418
1313222313857425408
1313222322644570113
1313222330571784195
1313222335206428675
1313222343393673217
1313222351891300352
1313222352046616579
1313222356060389376
1313222372846047232
1313222381452832773
1313222402411769857
