1314067978845970433
1314067992712491008
1314067995736580096
1314068008218898432
1314068011590983681
1314068015210811392
1314068016246685696
1314068020898209792
1314068022458486784
1314068023653826561
1314068053106327552
1314068055543218177
1314068062929399809
1314068076636393474
1314068106432610304
1314068124199604224
1314068126624108545
1314068151764647937
1314068155908587520
1314068159889051650
1314068165014495232
1314068167459659776
1314068171695951873
1314068175668097025
1314068176242642945
1314068180902518784
1314068181967802369
1314068201987244033
1314068202591326209
1314068203845423105
1314068203912523776
1314068205082562563
1314068205493727232
1314068214226141184
1314068219930595328
1314068225529970694
1314068226418958337
1314068226851008512
1314068227094274048
1314068233796739073
1314068259260563460
1314068263127584771
1314068263383560192
1314068265119948800
1314068283478466561
1314068297982316544
1314068323248857090
1314068327275417602
1314068330932830208
1314068346690650112
1314068352420241408
1314068357298167809
1314068365472825344
1314068368870252544
1314068372318023682
1314068378261155841
1314068378831577088
1314068380169785345
1314068390617575424
1314068405868204032
1314068421122887681
1314068434766888960
1314068442966896640
1314068449207877632
1314068451783131137
1314068453247066112
1314068460352143360
1314068481797746689
1314068482967900161
1314068484603535364
1314068500646895620
1314068502609788931
1314068514991341570
1314068529138733064
1314068559253962754
1314068561401245700
1314068574881882113
1314068580137201664
1314068590207721473
1314068596570587136
1314068600030814211
1314068607517761537
1314068623640727552
1314068632020738049
1314068634742923265
1314068644452683778
1314068646625341441
1314068647850266624
1314068659736723456
1314068682113511424
1314068682683961345
1314068698005610496
1314068700266262528
1314068725251870720
1314068726225031168
1314068732709281792
1314068741349466112
1314068745908678656
1314068752124633089
1314068758642786304
1314068763407392768
1314068767668871169
1314068784391618560
1314068787679776768
1314068789802172418
1314068793682006017
1314068813541904384
1314068814523371520
1314068835323064320
1314068847008284672
1314068847142477824
1314068859981303809
1314068863521304577
1314068863521157120
1314068866767622144
1314068876909576193
1314068885851709440
1314068892080205826
1314068898203934720
1314068901450317828
1314068922895724544
1314068926817595392
1314068935650807809
1314068937009586176
1314068939102515200
1314068948527321088
1314068952205549568
1314068954726322177
1314068958148874240
1314068963136090117
1314068966260834304
1314068973638488064
1314069009319378944
1314069013350227969
1314069020690329600
1314069027631710210
1314069028755959810
1314069034342678531
1314069035412344832
1314069049349988352
1314069055704166400
1314069091074932736
1314069107646451712
1314069142698369029
1314069156636110848
1314069162940141570
1314069171320299520
1314069175321665536
1314069188709740544
1314069204207898624
1314069214932729856
1314069225896579072
1314069229419720704
1314069232829702144
1314069245316280321
1314069254392737797
1314069255692853250
1314069256254955522
1314069256674242560
1314069273518600194
1314069288416800768
1314069289415000066
1314069290488799232
1314069308109012992
1314069317927858177
1314069334646386688
1314069343806926848
1314069346419970058
1314069350559621121
1314069351637475328
1314069406922813441
1314069406931013633
1314069414027853825
1314069425000251394
1314069430033248257
1314069440661774336
1314069442205298688
1314069462966919168
1314069485502906368
1314069496974503939
1314069498459193349
1314069508487749632
1314069508928143361
1314069513315454977
1314069513462329344
1314069513126776834
1314069514410250242
1314069520550490113
1314069522706358272
1314069525407690754
1314069527169204224
1314069530721751040
1314069542159683585
1314069544881840130
1314069563340918784
1314069571284811776
1314069579031703552
1314069593808347136
1314069606898692096
1314069611650768896
1314069618709987328
1314069642621706240
1314069682383515648
1314069701182464002
1314069706647560193
1314069709663346688
1314069714566553605
1314069715766001665
1314069716684726273
1314069718722965504
1314069731188649986
1314069731511463936
1314069731507200000
1314069740168466432
1314069765845999616
1314069783759872001
1314069793582923776
1314069809819193344
1314069816999899136
1314069819512295424
1314069839812517889
1314069841138126849
1314069853171572737
1314069864257064960
1314069882485563399
1314069887640313856
1314069895022284801
1314069909614350336
1314069916597858304
1314069932712361985
1314069936466083842
1314069943986450435
1314069947069468672
1314069951884320769
1314069951880335363
1314069953696260097
1314069954874863616
1314069975699648512
1314069980825219075
1314069981861040129
1314069987582115844
1314070009384108032
1314070017642618881
1314070026719125506
1314070029705580546
1314070030682906624
1314070038622560256
1314070048516894721
1314070049431392257
1314070059422105600
1314070063368994817
1314070063830327296
1314070067554906112
1314070070407168000
1314070079299092480
1314070099465244672
1314070100136214529
1314070105915940864
1314070123330715649
1314070131140521985
1314070139415998464
1314070152594456577
1314070174350209024
1314070177378516992
1314070178347450368
1314070182655131648
1314070189235859458
1314070192008429570
1314070195355426816
1314070196999450625
1314070206919127040
1314070210593259521
1314070219896184832
1314070224606560257
1314070240494460928
1314070251047329793
1314070253366849536
1314070255153545216
1314070256902696960
1314070270941048832
1314070292759805953
1314070293275643906
1314070293850189824
1314070308312113153
1314070326511190016
1314070330760019969
1314070341451382784
1314070352822251520
1314070365266681859
1314070368366329856
1314070372669685760
1314070378981982208
1314070385336352776
1314070387655802881
1314070393750052864
1314070401161596928
1314070415539679232
1314070423475163137
1314070425471725568
1314070427195502592
1314070427455586306
1314070432509640706
1314070439979749376
1314070440143474688
1314070453263101952
1314070456161402887
1314070466445807616
1314070471181242369
1314070471797665792
1314070483801968641
1314070485685145601
1314070487778177025
1314070493327249408
1314070494417543168
1314070500948217856
1314070507780812800
1314070513648635907
1314070517222010881
1314070523412766720
1314070540630462464
1314070551774654464
1314070557005090816
1314070563288051713
1314070567054606336
1314070584704131074
1314070593323651076
1314070601594675201
1314070619391250433
1314070627213602816
1314070635749007360
1314070637434998792
1314070658112876546
1314070700366336000
1314070720654139394
1314070722684223488
1314070729630134273
1314070734369517568
1314070746826567680
1314070760932036608
1314070764476198912
1314070775494836228
1314070788308299777
1314070792615931904
1314070795241611264
1314070800203276288
1314070810760486912
1314070825306185728
1314070834818936832
1314070838916808706
1314070848337190912
1314070864724324352
1314070872622333952
1314070882634141697
1314070894751277057
1314070899444781056
1314070906117992448
1314070911591559168
1314070915005722624
1314070930243502080
1314070932571516928
1314070933175332864
1314070933406183424
1314070935792750592
1314070953245192192
1314070984106876928
1314070994181595136
1314071017124397056
1314071036959297537
1314071037999546368
1314071067711827968
1314071091309088769
1314071094693965824
1314071103598260225
1314071105024520218
1314071106228285441
1314071109533229056
1314071114130300928
1314071121520726016
1314071127530987521
1314071129695289344
1314071135416442880
1314071144845078529
1314071146984288257
1314071149089820672
1314071161261551616
1314071171705434112
1314071181159325697
1314071186956001280
1314071200314744832
1314071208531427328
1314071216479711232
1314071218337714182
1314071242505289731
1314071245256761344
1314071247882461185
1314071276089012224
1314071277431209984
1314071280791048192
1314071287606571009
1314071289255079936
1314071295307452417
1314071323115769856
1314071328631123968
1314071329021321219
1314071333999869955
1314071344242360320
1314071349606838273
1314071351280377857
1314071359161470976
1314071367948484609
1314071377352126465
1314071380363747328
1314071386290151424
1314071393986895874
1314071407362543616
1314071436085035008
1314071443160924160
1314071478845890561
1314071480850935809
1314071481752711169
1314071487226101760
1314071514656931842
1314071531723649024
1314071538308714496
1314071557522616321
1314071570239746048
1314071577219264512
1314071587793113088
1314071592440418309
1314071624744869893
1314071632747483136
1314071640096022528
1314071642344169473
1314071679145054208
1314071680025681922
1314071685872508929
1314071687139389446
1314071695561555970
1314071721016799232
1314071735138881536
1314071737508782080
1314071744387321856
1314071748879495173
1314071750645227520
1314071757402202113
1314071762091401217
1314071767908982784
1314071801635495936
1314071809101307904
1314071813098536960
1314071825941327872
1314071842445983746
1314071842521522176
1314071851409186816
1314071851480608768
1314071867129360384
1314071874645622784
1314071887077662721
1314071895663415297
1314071906853810180
1314071909877854208
1314071946301181953
1314071970670153734
1314071988609191936
1314072001904959489
1314072002362306560
1314072006611017728
1314072025548247040
1314072027133702144
1314072031890206723
1314072052236722176
1314072052723310592
1314072056603070464
1314072062235869185
1314072086151864320
1314072089863823361
1314072091885531136
1314072092728590336
1314072093156401152
1314072096633282560
1314072107601457153
1314072113884454912
1314072122549964800
1314072129764306944
1314072149133389824
1314072167789801472
1314072170495057921
1314072171728101379
1314072182461403136
1314072187993759744
1314072194683604992
1314072201046437889
1314072227269218304
1314072246109888513
1314072249553440768
1314072282034208771
1314072309167161344
1314072324572880896
1314072330948292608
1314072335595401216
1314072338225221633
1314072339789885443
1314072352485855232
1314072353496879105
1314072354843062272
1314072358748073985
1314072362682183686
1314072369116438528
1314072373767921664
1314072397092286464
1314072402012205056
1314072426028826625
1314072440088211457
1314072442776645632
1314072450758402048
1314072470341718017
1314072475874004992
1314072480311578624
1314072483755167744
1314072487915909120
1314072501417390085
1314072504730820609
1314072511236243457
1314072524460752903
1314072524695642113
1314072543700021248
1314072563249827840
1314072579745996800
1314072580459057153
1314072587689811969
1314072622389436416
1314072629632925696
1314072647123099648
1314072661086085120
1314072663992668160
1314072671181774848
1314072672746176512
1314072679494774790
1314072681243987968
1314072682519027717
1314072685652004864
1314072688135200768
1314072692958523392
1314072692950261762
1314072703423393792
1314072727045595138
1314072730174513152
1314072746553495552
1314072747300057088
1314072767776477184
1314072768225386496
1314072775267622912
1314072782980800514
1314072784306307073
1314072820809310209
1314072852803383297
1314072858965037057
1314072873988845569
1314072885179211776
1314072885233885185
1314072893794418689
1314072944608329728
1314072956474068992
1314072970793451521
1314072992813445120
1314072993786724352
1314072994193571840
1314073004259721217
1314073038866923520
1314073041362735104
1314073046471254022
1314073046819524611
1314073049579229184
1314073065664339968
1314073066998239232
1314073068814438400
1314073080470306819
1314073107515097089
1314073116587356160
1314073126783922176
1314073131242450945
1314073141963108357
1314073159721611264
1314073163857358850
1314073164255698944
1314073170450673665
1314073190847705090
1314073196962873344
1314073208622997505
1314073211060060160
1314073214012854272
1314073229573619713
1314073231653892096
1314073239744729088
1314073257805447168
1314073275425796102
1314073275924766720
1314073282602307584
1314073286599274498
1314073294182572033
1314073294627377154
1314073310259544064
1314073313858056193
1314073323031142402
1314073346359865344
1314073359596941312
1314073360297594882
1314073373169741824
1314073376009326592
1314073381856313344
1314073388642574336
1314073410880917505
1314073410998132736
1314073412638105601
1314073424021450754
1314073447832510465
1314073457739661312
1314073463527804930
1314073468481216514
1314073477331079170
1314073486466277376
1314073491369492480
1314073492753649664
1314073494104297473
1314073503113510915
1314073503679877120
1314073532205236224
1314073533836918784
1314073547933966337
1314073552228741120
1314073557958303744
1314073561166942208
1314073566372134912
1314073568506908679
1314073587771494400
1314073587947630592
1314073596235444224
1314073598408224769
1314073604074745857
1314073612526268417
1314073620856143872
1314073626593746944
1314073630142337030
1314073630356246528
1314073648727232513
1314073654615924736
1314073667660247040
1314073680700465152
1314073684353531904
1314073687381798913
1314073689999077376
1314073691236442112
1314073699515940864
1314073708265316353
1314073722106466305
1314073736400654339
1314073736904015873
1314073741740199937
1314073750497832962
1314073762946592768
1314073763827253248
1314073776942993408
1314073824606982147
1314073826469191681
1314073826938900480
1314073834153291779
1314073856676712455
1314073860912758784
1314073872824582147
1314073881812987905
1314073919414915072
1314073933335982080
1314073942034874368
1314073952260485122
1314073957126017027
1314073968031170560
1314073976587526144
1314073984980393984
1314073986049875968
1314073990907006976
1314074005637271552
1314074012407017472
1314074028349427713
1314074030463422464
1314074043616768000
1314074055427923970
1314074060209360896
1314074074662883328
1314074085740158976
1314074086964957185
1314074099941924865
1314074114731065344
1314074122771718146
1314074136092712960
1314074140974833664
1314074168611139584
1314074169093521410
1314074184176238592
1314074209866391552
1314074217608962048
1314074225372622849
1314074230967824385
1314074237276053505
1314074271774199809
1314074281727332353
1314074282520174592
1314074309242040320
1314074309464260610
1314074317387423745
1314074328556859392
1314074331786276864
1314074341890498560
1314074343631187974
1314074343886864386
1314074354301497344
1314074355694010368
1314074369719590915
1314074376464035840
1314074387390234624
1314074394852052992
1314074404809306112
1314074408286384128
1314074413994840065
1314074416293138434
1314074422249246720
1314074426875408384
1314074434102157315
1314074435826065408
1314074441861693440
1314074451374297093
1314074466482356224
1314074469091205121
1314074481091112960
1314074492897959937
1314074503710994432
1314074540394250240
1314074541686173697
1314074555535839232
1314074556664107008
1314074566080118785
1314074571230896129
1314074574242361344
1314074574112219137
1314074581272088577
1314074600993505281
1314074603698958339
1314074608899817472
1314074619775725568
1314074624695566336
1314074639585497088
1314074680144269313
1314074689216507904
1314074711433768960
1314074719159758848
1314074743570665472
1314074749941604352
1314074751674003461
1314074753183879170
1314074753821552640
1314074758397325315
1314074759357960193
1314074759756312577
1314074764705701889
1314074786398699523
1314074799757557760
1314074800948744199
1314074820976484353
1314074827330850816
1314074834154868741
1314074840278556672
1314074841830567936
1314074845651431424
1314074849325789184
1314074850651074560
1314074850768621570
1314074868762075136
1314074870960062464
1314074872830550021
1314074877100470273
1314074896281018368
1314074903956664321
1314074907416829952
1314074911128784896
1314074913192308737
1314074916002557952
1314074924080869379
1314074950609772545
1314074965302444033
1314074976316805121
1314074982121496577
1314074986907226112
1314074992594710529
1314074992678588416
1314074994952081409
1314075000039714816
1314075024031051778
1314075076615176192
1314075083116146688
1314075091492245504
1314075093631291392
1314075096546447360
1314075097393577984
1314075109116669952
1314075114439274496
1314075118625148928
1314075126565015552
1314075135700156417
1314075137050697729
1314075162195701760
1314075162954797063
1314075167182655489
1314075191488643072
1314075202406559745
1314075217992450054
1314075220735524864
1314075221532594177
1314075230244147201
1314075230667788290
1314075236111806465
1314075241061126145
1314075246912131072
1314075254117949442
1314075260036186113
1314075290453250053
1314075295406862336
1314075302713151489
1314075324657872896
1314075337064681472
1314075341065945088
1314075350952017921
1314075361622323202
1314075381805330432
1314075382547701760
1314075401673740288
1314075403170897921
1314075407516303367
1314075408657190912
1314075410720669696
1314075410859085825
1314075427116404736
1314075443306221570
1314075462247874560
1314075462856060929
1314075462679756805
1314075463380238336
1314075474050510848
1314075479272456192
1314075479578738688
1314075484800593920
1314075500718051329
1314075514798174209
1314075524092686339
1314075533802713089
1314075540630851590
1314075553452847104
1314075558762803202
1314075566908280832
1314075584025309184
1314075586164330496
1314075591445012480
1314075596171948039
1314075595958091776
1314075596863963138
1314075609354698753
1314075628145004544
1314075653898072067
1314075657140404224
1314075660537585665
1314075661787705344
1314075663037534208
1314075666258817024
1314075679831465984
1314075684143345665
1314075695128215555
1314075701536931840
1314075716716236801
1314075731752673282
1314075732780474370
1314075733963100160
1314075733900361728
1314075743970885632
1314075748085370882
1314075753668059136
1314075754792054784
1314075778007658498
1314075784424886272
1314075794277371906
1314075803341078528
1314075812656672768
1314075813843787777
1314075821565329408
1314075829375180800
1314075835960160256
1314075838057525250
1314075871444168705
1314075891866107904
1314075893405343744
1314075896517550080
1314075902989365248
1314075912183320576
1314075917874941952
1314075923109548034
1314075932689403905
1314075940360646658
1314075955418333184
1314075970438037506
1314075977329373184
1314075977996066817
1314076009843642374
1314076012452417539
1314076036796211200
1314076045314678784
1314076069469786115
1314076070706962433
1314076088130170882
1314076103653289985
1314076104630497280
1314076112650076164
1314076114940170241
1314076143079714817
1314076144875048960
1314076149203431424
1314076164315586565
1314076166622453761
1314076170535624705
1314076195592564739
1314076197056323584
1314076224965279746
1314076225283923968
1314076257890557952
1314076271811260416
1314076274072133632
1314076295479783425
1314076297950195712
1314076312252735488
1314076328451289088
1314076331915706368
1314076342732967937
1314076352924901376
1314076356884549633
1314076357597552640
1314076361007325184
1314076366850060288
1314076372227112961
1314076378820739072
1314076411162894337
1314076417408131072
1314076429886222337
1314076431765311491
1314076435326398467
1314076443983392768
1314076444809728000
1314076447951077376
1314076469002289152
1314076479261601793
1314076527504613377
1314076537717694464
1314076546274127872
1314076548362690560
1314076553165316096
1314076564028633088
1314076576376553473
1314076589085396994
1314076610706853888
1314076622497017857
1314076631544160258
1314076632865558529
1314076642780811265
1314076663299411968
1314076673793355777
1314076691568816128
1314076700917985282
1314076717514780673
1314076731251204096
1314076731259543553
1314076763194941440
1314076768567951361
1314076770589724672
1314076792408412160
1314076800591425536
1314076804232048640
1314076805322747905
1314076807029637120
1314076817452654593
1314076822418518016
1314076825476358145
1314076842735796225
1314076861971005440
1314076871873658881
1314076888684351488
1314076893482749953
1314076942250004480
1314076943445352449
1314076955982131205
1314076956191645697
1314076959803138049
1314076960453210115
1314076964718665728
1314076968128860164
1314076970196533248
1314076975040954375
1314076977456873473
1314076980653043719
1314076988689313792
1314077002014568454
1314077004606644224
1314077011409739777
1314077013326524417
1314077018754101250
1314077022474235904
1314077026253336576
1314077036890259456
1314077068326588418
1314077118578544640
1314077122521182208
1314077132277067776
1314077145333784576
1314077145522601984
1314077151935692801
1314077154418855936
1314077164136886272
1314077164455768064
1314077165458092032
1314077176451395586
1314077177051148289
1314077190275977216
1314077195065647105
1314077196885979139
1314077198110715904
1314077204918218753
1314077209670283264
1314077214938296321
1314077218960629762
1314077247029026817
1314077260660400128
1314077270617870336
1314077279014678529
1314077285037871106
1314077290888859648
1314077297704464384
1314077308114792449
1314077321838592000
1314077334941560833
1314077357779628032
1314077365413187584
1314077368948985858
1314077375890698240
1314077378528702464
1314077379883565057
1314077380072235008
1314077384572891136
1314077387844284416
1314077392109883392
1314077402855735296
1314077410678185984
1314077413605814272
1314077413182070784
1314077421356843008
1314077424007618560
1314077426138243072
1314077430320164864
1314077430542458881
1314077435105734657
1314077452868579330
1314077464763662337
1314077478940487680
1314077483571052546
1314077492324503552
1314077509772869632
1314077518710800385
1314077518778060802
1314077525094461441
1314077528881987585
1314077533009145856
1314077545869053952
1314077547034886145
1314077566353969152
1314077571198283776
1314077573190684672
1314077574428061696
1314077580681711616
1314077588604645377
1314077606841520129
1314077607248314368
1314077617062998016
1314077617046261760
1314077640093884418
1314077643885613056
1314077668464353283
1314077676768952320
1314077683144224768
1314077708645588993
1314077713649475584
1314077733811638272
1314077740606382082
1314077754015444993
1314077757383401472
1314077781970444288
1314077787511234561
1314077796411428864
1314077807492751360
1314077808860168192
1314077813884977153
1314077828196044800
1314077831765192710
1314077832650190848
1314077844289527808
1314077857937842177
1314077859892215808
1314077886563917826
1314077904867819520
1314077904662224896
1314077912363134981
1314077919157850112
1314077921800314885
1314077929719037952
1314077934110552064
1314077940041297921
1314077951797817345
1314077957200125952
1314077961134379008
1314077964737359872
1314077969342660608
1314077977844477952
1314077987046907904
1314078007783383043
1314078012527259650
1314078028809547776
1314078035038089217
1314078052679217155
1314078062527614976
1314078065983660039
1314078070932865025
1314078075986952193
1314078076419088386
1314078076561698818
1314078082202955776
1314078091266920453
1314078113605672960
1314078120949936128
1314078128311017478
1314078136674516992
1314078154391121920
1314078159608913920
1314078170509971457
1314078203519086592
1314078207436562432
1314078207696498688
1314078212268322817
1314078215657476096
1314078216009719810
1314078218098544640
1314078218698330112
1314078228823379968
1314078234569367552
1314078247387234305
1314078253460541441
1314078255717117952
1314078262029500416
1314078262847574016
1314078271970181121
1314078272301469696
1314078276487319552
1314078278538399744
1314078282652975104
1314078290362068992
1314078299434475521
1314078337606717440
1314078367423975425
1314078386906513409
1314078387925737472
1314078389951586304
1314078390643613698
1314078391193214977
1314078394666102784
1314078396071112704
1314078396222038017
1314078436256702465
1314078445538693122
1314078456100147207
1314078483128098816
1314078488035422209
1314078491059593216
1314078497346732032
1314078499158728704
1314078500563738626
1314078503189520385
1314078513482342400
1314078516388876288
1314078531719135232
1314078536420950017
1314078541307408384
1314078544234913792
1314078551805632512
1314078555979087872
1314078613092753408
1314078614166687749
1314078616980946945
1314078620571365377
1314078632332070912
1314078634055958528
1314078641542832128
1314078657128787968
1314078665039257600
1314078673767550976
1314078674103218176
1314078675596439554
1314078693694685185
1314078693971509248
1314078693552205826
1314078695057813505
1314078726305574912
1314078732043399168
1314078745465106432
1314078756978536449
1314078769011781638
1314078770572087297
1314078775554928641
1314078778071498752
1314078785180823552
1314078787638906880
1314078804499984384
1314078831209185281
1314078849794142213
1314078855011823617
1314078897894576128
1314078903338762240
1314078906169790464
1314078912100483073
1314078930429595648
1314078940995215362
1314078947659771904
1314078999975530496
1314079008947142657
1314079009806913536
1314079018610831360
1314079026160504832
1314079040991453184
1314079069319958529
1314079079092510720
1314079080908611585
1314079086654877698
1314079092128600064
1314079096599719936
1314079125880156166
1314079133878476800
1314079144624390144
1314079168745877504
1314079171203592193
1314079189289644032
1314079200341524480
1314079206746193920
1314079207299842049
1314079211351662593
1314079212647538688
1314079212786135040
1314079223397703681
1314079234877399040
1314079242079141890
1314079244813770752
1314079252459986946
1314079260450058240
1314079260743622656
1314079265097359360
1314079285091672064
1314079284923822081
1314079288518471681
1314079290875686912
1314079291999744000
1314079301604499457
1314079304909819905
1314079309703729152
1314079319938011138
1314079324794810368
1314079342213976064
1314079342935379974
1314079347083481088
1314079356743028736
1314079357619503104
1314079365324574726
1314079395976409088
1314079396915941379
1314079400204345344
1314079401273815041
1314079405522649088
1314079407804493825
1314079413869449216
1314079414314045442
1314079423600250882
1314079433435893760
1314079433603547136
1314079443388895233
1314079445666484229
1314079471239131136
1314079483058675719
1314079483834576896
1314079499579912194
1314079506009788417
1314079525752442880
1314079526352113665
1314079531368542208
1314079534484983810
1314079548938637315
1314079557989937152
1314079572342833154
1314079576893554689
1314079584590077952
1314079586435633154
1314079594283065349
1314079597667913728
1314079601996386304
1314079612654231554
1314079617884454914
1314079627825029121
1314079630039511040
1314079636955906049
1314079643188768771
1314079651996864512
1314079653527801857
1314079669088653314
1314079673790402560
1314079673882558466
1314079676122292224
1314079687648264194
1314079750999076864
1314079752441872385
1314079753763201024
1314079763393392640
1314079768778661888
1314079772251762688
1314079776039071752
1314079783014154240
1314079784968880128
1314079802215870465
1314079811254603778
1314079819018231810
1314079820666597376
1314079829830950912
1314079832913960960
1314079837838086145
1314079846012600321
1314079858897686529
1314079861867245568
1314079869681057793
1314079876731662336
1314079887532195840
1314079897803988992
1314079915600310273
1314079929798209536
1314079932570644480
1314079934109769728
1314079941412052992
1314079944943706112
1314079957904175107
1314079976442875905
1314079990766469120
1314079998265958400
1314079999708856323
1314080025100992513
1314080028590837761
1314080028620193792
1314080047029006337
1314080052552912896
1314080058714329089
1314080082181320705
1314080090033012736
1314080090536529920
1314080106432917506
1314080127861522433
1314080128075534337
1314080128360734720
1314080135579131904
1314080162191937538
1314080181930393601
1314080187093413888
1314080214570487808
1314080215203606529
1314080218303266817
1314080220840898561
1314080221457346561
1314080240424177667
1314080259348877312
1314080263140454400
1314080264453193729
1314080276717481989
1314080279510708224
1314080284434788352
1314080285869273089
1314080300000043008
1314080322305232896
1314080332380016643
1314080343432060928
1314080358032261121
1314080368979394560
1314080393868439552
1314080394233499649
1314080394384486400
1314080394262704128
1314080405390348289
1314080408217284608
1314080410406711296
1314080410477891587
1314080415834157058
1314080419076161536
1314080421043302401
1314080427829649408
1314080435488649217
1314080444187635714
1314080467344412672
1314080479054761985
1314080494783475714
1314080502979100675
1314080502807252993
1314080503788711936
1314080509518110721
1314080517482926081
1314080524453900288
1314080528530898946
1314080529940008961
1314080533651963904
1314080536890019842
1314080544410554370
1314080554699153409
1314080559207903233
1314080574806601728
1314080577495105541
1314080577679572992
1314080582238838784
1314080613448605696
1314080621350641667
1314080633795215360
1314080657358942208
1314080658302541824
1314080660965990403
1314080694428033029
1314080697888497665
1314080715303276545
1314080717106634752
1314080728695500808
1314080733854490624
1314080735167483905
1314080750543794181
1314080750707314688
1314080757023989761
1314080757132877824
1314080760375189505
1314080771771174914
1314080793015140352
1314080796416897024
1314080801043083264
1314080805136871424
1314080820924092416
1314080840301776896
1314080868332339200
1314080871733837825
1314080876704096256
1314080886225334272
1314080890000211968
1314080895796617219
1314080900779593731
1314080926893248512
1314080935906664449
1314080945092415489
1314080953959157760
1314080965854072833
1314080967691243520
1314080974498660354
1314080985114345472
1314080986712338432
1314080990307012608
1314081001224638464
1314081003200102400
1314081005490167809
1314081005586640896
1314081020862509056
1314081026969415680
1314081044853927937
1314081052273541121
1314081055977082881
1314081056325279745
1314081064143511552
1314081075992330241
1314081076831285248
1314081092794687490
1314081105692315650
1314081114504466434
1314081135606071297
1314081138642743301
1314081151682834433
1314081172532666368
1314081180023693314
1314081180615159809
1314081208167358464
1314081223178846209
1314081248558510080
1314081250647379969
1314081258272628742
1314081258771640320
1314081259618996226
1314081263142264832
1314081270901739520
1314081275666456577
1314081284105228288
1314081288991780865
1314081292707794944
1314081305693351939
1314081316711800833
1314081320973279233
1314081322499895296
1314081325951987717
1314081327675658240
1314081335955189760
1314081360534007808
1314081370012938240
1314081402506276864
1314081414258728960
1314081424513867776
1314081435507142657
1314081443182567424
1314081447800692738
1314081452456251393
1314081454947659776
1314081462942158848
1314081465143943168
1314081470156218368
1314081470978220032
1314081477198581760
1314081493829013507
1314081501512835073
1314081512745172992
1314081529702674433
1314081548023541760
1314081557905244160
1314081563370455045
1314081571490525189
1314081582920081409
1314081592759873536
1314081615623069697
1314081615778385922
1314081618118795264
1314081652436471808
1314081657406722050
1314081707780435970
1314081719167979522
1314081724075257856
1314081738633687040
1314081748364349440
1314081764025958400
1314081775245651969
1314081779444322304
1314081790890442753
1314081792282959872
1314081792694128640
1314081804752687104
1314081805859868672
1314081808510836736
1314081822305857536
1314081823702491137
1314081828970680320
1314081830316900352
1314081862122381313
1314081873312837632
1314081874902482944
1314081884800864256
1314081905193689089
1314081928887201792
1314081935166246913
1314081937259147264
1314081938441932804
1314081976404660228
1314081978640072704
1314081992946995201
1314082001801023488
1314082005806710785
1314082011762524160
1314082014706966528
1314082021568897026
1314082027499671552
1314082033564557314
1314082034063601666
1314082037561733120
1314082050492690432
1314082055295315968
1314082057895714819
1314082058428268545
1314082061431443461
1314082078070202368
1314082080742146048
1314082082172305411
1314082085418733568
1314082092133707777
1314082209133977601
1314082211201789952
1314082215387693059
1314082216679481345
1314082227198857217
1314082236765937664
1314082243124625408
1314082260044439552
1314082261122285569
1314082261986402306
1314082290511818753
1314082293355548673
1314082295880404997
1314082298023669762
1314082309075853313
1314082312481460225
1314082319637123072
1314082322732515329
1314082323126771712
1314082342550614017
1314082363236855810
1314082376549494784
1314082388025184256
1314082400700428289
1314082405477576704
1314082410556919808
1314082411014094849
1314082432862179330
1314082446170750977
1314082482430644224
1314082485698007040
1314082490886299648
1314082491582558209
1314082498373017600
1314082511069286400
1314082537866694657
1314082564450250752
1314082567012974592
1314082570208833536
1314082577473507330
1314082578375213056
1314082580954845185
1314082615444594689
1314082625116495874
1314082630112022528
1314082630376189952
1314082636361465856
1314082639889018880
1314082643567284229
1314082646704582656
1314082648176828416
1314082654262829062
1314082655529570304
1314082658700398594
1314082661657268224
1314082662642925570
1314082684931514369
1314082697929650176
1314082698864988162
1314082704867041281
1314082705005522945
1314082717122916352
1314082717974306817
1314082722009227264
1314082729974263808
1314082735342915586
1314082736433500160
1314082753558777856
1314082759669813250
1314082780213542912
1314082800270798850
1314082801461809153
1314082820755648512
1314082821166837761
1314082824228532226
1314082829605560321
1314082837683826688
1314082837880926208
1314082870185668608
1314082873159213056
1314082876892250112
1314082879954182145
1314082882814705664
1314082886505693184
1314082888560766976
1314082891429638145
1314082892931358720
1314082904427778051
1314082917421912064
1314082920148082688
1314082926464774144
1314082928750624768
1314082930151485440
1314082942650589184
1314082954562416641
1314082957292793856
1314082987605135360
1314082998648619008
1314083003304308736
1314083015052554242
1314083045016850432
1314083049890623491
