1316951997749362688
1316952022701215746
1316952025272406016
1316952043496550407
1316952044717166596
1316952048437501954
1316952048840171521
1316952060823220226
1316952073141948419
1316952078376382465
1316952079999565831
1316952092242739202
1316952094226743296
1316952095157850112
1316952098655866882
1316952099817689088
1316952110261559298
1316952125881176065
1316952137042153473
1316952137360867334
1316952152791724032
1316952154863767553
1316952165823488000
1316952178163093504
1316952187713560576
1316952213168816129
1316952222366900225
1316952227521716224
1316952243208392704
1316952252851040257
1316952264519680001
1316952293653270529
1316952295817547776
1316952311118397440
1316952318135455744
1316952363735855107
1316952390122209282
1316952428667916290
1316952437698273280
1316952440785281025
1316952440785326080
1316952445784817665
1316952458984390656
1316952474138349570
1316952497601261568
1316952498981228544
1316952518191161345
1316952527510917125
1316952528639098880
1316952543147270146
1316952555570737155
1316952558452310021
1316952564030722048
1316952585081884674
1316952592891695105
1316952594732978176
1316952595093721089
1316952614425317377
1316952624156073984
1316952645022699520
1316952647333806081
1316952647929389057
1316952650378846208
1316952653465853952
1316952659346231299
1316952668045180928
1316952670268260352
1316952686349221888
1316952693496254465
1316952710147616768
1316952720947937281
1316952724748095491
1316952730003558401
1316952738085933058
1316952756423479297
1316952768578551808
1316952809892417537
1316952810072702978
1316952833174929408
1316952835557384194
1316952837125963776
1316952837239328769
1316952864531636225
1316952873746485248
1316952889563250688
1316952890079051777
1316952896005615617
1316952896550875137
1316952900262875136
1316952905803534336
1316952906478850048
1316952913189752833
1316952918831079424
1316952932521287681
1316952948413431808
1316952952612016129
1316952958295224322
1316952979958861824
1316952980394999808
1316952993099558914
1316953005170843648
1316953007951613954
1316953009247617024
1316953020450656257
1316953023269228546
1316953023567024129
1316953028432437250
1316953032836419585
1316953053132738561
1316953055368196103
1316953058149019648
1316953086745870338
1316953089291751424
1316953098833854467
1316953105867603968
1316953111685177344
1316953131809447944
1316953138058899458
1316953159647055873
1316953167284871168
1316953179184123904
1316953189980250115
1316953207147552776
1316953208397463554
1316953222670581761
1316953240546791424
1316953241998008323
1316953255663067141
1316953272524079104
1316953277246918657
1316953288684802055
1316953296662388738
1316953311929634816
1316953349908987905
1316953367927717888
1316953391671746560
1316953398776913921
1316953406871904257
1316953414010634240
1316953424311816193
1316953429676314624
1316953432939483136
1316953447476977666
1316953465101471745
1316953496202153984
1316953504842420224
1316953505714798599
1316953506314596353
1316953508361416705
1316953508592189440
1316953511880425472
1316953515391057920
1316953518700482560
1316953525428080642
1316953534575890432
1316953540074536960
1316953552825319424
1316953558055587841
1316953571024392192
1316953574539218950
1316953594457956353
1316953600921423873
1316953615341334529
1316953625504157696
1316953632135413761
1316953664544739329
1316953666469974017
1316953668046958593
1316953671800885248
1316953677320622081
1316953680093073409
1316953694559178757
1316953699068030976
1316953704298414080
1316953713462956033
1316953719829860352
1316953729514471425
1316953732043689984
1316953745444511744
1316953748393046016
1316953748724482049
1316953813748776961
1316953822049304576
1316953840533504000
1316953861119238145
1316953861312086022
1316953866202742785
1316953879620308994
1316953885022576640
1316953898003943428
1316953900411473921
1316953928408465408
1316953932321689601
1316953934066495489
1316953963913248768
1316953986944073728
1316953992166080514
1316954002865770499
1316954006586118144
1316954015301763072
1316954015733846017
1316954022813798401
1316954031907082241
1316954036583673856
1316954043730808832
1316954055323897856
1316954057689399296
1316954065994219521
1316954071274848258
1316954072386293762
1316954086932123648
1316954088366637058
1316954089599676419
1316954096201572352
1316954114190905344
1316954130573918209
1316954133627371520
1316954144276611073
1316954169929043970
1316954170306535424
1316954172655345667
1316954179370364933
1316954189747146752
1316954190481162241
1316954195480743937
1316954239164362756
1316954279438176257
1316954286564278272
1316954288715943936
1316954295498121216
1316954296831873024
1316954306893971456
1316954312824803329
1316954334383493120
1316954346689540099
1316954361952600072
1316954369682755584
1316954373508026369
1316954391174352896
1316954396073263106
1316954398849961985
1316954403308474370
1316954422417698816
1316954430785359873
1316954433889177600
1316954439459196928
1316954443229835264
1316954448007204874
1316954455649230848
1316954461307285506
1316954463240847361
1316954492441677825
1316954513413210114
1316954527401189378
1316954545688367106
1316954549173821440
1316954556350201858
1316954570602545153
1316954610880438272
1316954617448701954
1316954621395587073
1316954624641933318
1316954632913080320
1316954635404529664
1316954635681304578
1316954660503257091
1316954660641624067
1316954668036202497
1316954672075333632
1316954672779886592
1316954712114122752
1316954727993774080
1316954745999888386
1316954757215490049
1316954763989295104
1316954766086373376
1316954779038384128
1316954781030690816
1316954806947319808
1316954819190530049
1316954822533316610
1316954831848955905
1316954835787329536
1316954840237572097
1316954841466523648
1316954844574420992
1316954854732988421
1316954862450520064
1316954868981137408
1316954882650365955
1316954883136933889
1316954885859037185
1316954891236052992
1316954895401029632
1316954900727762944
1316954909682655232
1316954913767890944
1316954916133502976
1316954919526649859
1316954923590930438
1316954928255033344
1316954928989020160
1316954946261180416
1316954950463873025
1316954955933155330
1316954964183404547
1316954966356054019
1316954967538847746
1316954983246553088
1316954984836222978
1316954991689670656
1316955012053016577
1316955015488196608
1316955017576853504
1316955034760990720
1316955038955245568
1316955039970304001
1316955070278324230
1316955075730866177
1316955084572512257
1316955093116329985
1316955098535333891
1316955119435567108
1316955119678853120
1316955121608282112
1316955148535693312
1316955157545046021
1316955168982880256
1316955210808479746
1316955229959630859
1316955251619004416
1316955260448133121
1316955265909116929
1316955314693017601
1316955316253282313
1316955316865667073
1316955331411562497
1316955332309094400
1316955335463215105
1316955337749090307
1316955340278292480
1316955344992673792
1316955346271961091
1316955389250969602
1316955390760857602
1316955396762906626
1316955433056325632
1316955453671211008
1316955468070342657
1316955472554065920
1316955478073724929
1316955481659801604
1316955530984890369
1316955582461509634
1316955586123206656
1316955587121418240
1316955618612289537
1316955620487143424
1316955628175314949
1316955635993423873
1316955642977046528
1316955647481679872
1316955659812982784
1316955666603560960
1316955685909823488
1316955692151033856
1316955694206246914
1316955695875489793
1316955707078529025
1316955717451042819
1316955721687236608
1316955730575065088
1316955730772099073
1316955739299131393
1316955742050656256
1316955753287122945
1316955754033745920
1316955755967352832
1316955778431975430
1316955797172195328
1316955816960921600
1316955824007372802
1316955826112876544
1316955826997821440
1316955838066688000
1316955850167255043
1316955866537525248
1316955871402971136
1316955878428446720
1316955883902042115
1316955884388556800
1316955903946592257
1316955912117112832
1316955918882525184
1316955924964216833
1316955940483223552
1316955952533458946
1316955973471404034
1316955994933612544
1316955995172634631
1316955998712696834
1316956012822355970
1316956012994232321
1316956027968016384
1316956028160921600
1316956040387317761
1316956048914350081
1316956050608836608
1316956059291033606
1316956063133016065
1316956073388105728
1316956075472597004
1316956096309886978
1316956102542721024
1316956107059900416
1316956112629977088
1316956125686829056
1316956129163923457
1316956137300832259
1316956138047492096
1316956154166128641
1316956194729283584
1316956213041659909
1316956228879323136
1316956236051632128
1316956241072181249
1316956243760742402
1316956243815243779
1316956251759280130
1316956254393274368
1316956264262402050
1316956273053716482
1316956274362376192
1316956289961021441
1316956294406983680
1316956316112400384
1316956318008283138
1316956325012770816
1316956341001486336
1316956345900371970
1316956349176123397
1316956353567596544
1316956363013193728
1316956366901268480
1316956369971535872
1316956374396534786
1316956383477223425
1316956386564198405
1316956398316650497
1316956415790096384
1316956427798413315
1316956435394211840
1316956453027151872
1316956458114813953
1316956462233636867
1316956462749569024
1316956474942382081
1316956492487184396
1316956499114139649
1316956499944607744
1316956509402812416
1316956512351342592
1316956517321625604
1316956518420537345
1316956524032462848
1316956540344164352
1316956540885258245
1316956552637677568
1316956559092686850
1316956571713343490
1316956583184793602
1316956585567072267
1316956588431839232
1316956602562469888
1316956609969618946
1316956610426769410
1316956612595245056
1316956616303017984
1316956619645853696
1316956619834576896
1316956630924263425
1316956649538596869
1316956658434740226
1316956659328159750
1316956670145269763
1316956685223809024
1316956698884661252
1316956712201498625
1316956714302951424
1316956716974616576
1316956741150572544
1316956836214525952
1316956837888073728
1316956839737786369
1316956870465257472
1316956903264628736
1316956920998232064
1316956928749305856
1316956947275522050
1316956959522885632
1316956961569726464
1316957041068560385
1316957051747258368
1316957085993717760
1316957092616544256
1316957104490663936
1316957121049710593
1316957128410714112
1316957148786601984
1316957150174994439
1316957195137880067
1316957218198212610
1316957220970614787
1316957223453663232
1316957226716831745
1316957230776856576
1316957256433455110
1316957257435930624
1316957264687828994
1316957267984601094
1316957269729419265
1316957285500014597
1316957291510419457
1316957310405791744
1316957317875761152
1316957321793359876
1316957330576199680
1316957347374370816
1316957359076478976
1316957363744788481
1316957366399754240
1316957372208865282
1316957383025958912
1316957383059525633
1316957401451499523
1316957419696803842
1316957421621907461
1316957424625111047
1316957425090646018
1316957459865632768
1316957461308411909
1316957482695229440
1316957486189084674
1316957488076509184
1316957488823083008
1316957493663334402
1316957494015631363
1316957494594461701
1316957495668203521
1316957499963199489
1316957527163211777
1316957529956585479
1316957530740957184
1316957544905084928
1316957567608852481
1316957568179310592
1316957586810392576
1316957589893165056
1316957596545409025
1316957605185683459
1316957624164823047
1316957630133305349
1316957651503321089
1316957651801149441
1316957663008296962
1316957671405293568
1316957695669424133
1316957708097118213
1316957708764008448
1316957709288222720
1316957722605211649
1316957726765912064
1316957732273065984
1316957762652352512
1316957763419983873
1316957793933529088
1316957800413728768
1316957807724449793
1316957836799299585
1316957900804378625
1316957903425839105
1316957907192320001
1316957910568677376
1316957911730540544
1316957916272930816
1316957917715832832
1316957935269007361
1316957944211247106
1316957968982835201
1316957972782866433
1316957974494089221
1316957976855543808
1316957981347631104
1316958000683384834
1316958074129813505
1316958076046594048
1316958079888592897
1316958090571505664
1316958112306298880
1316958114529292289
1316958126411841542
1316958131692408835
1316958137186996226
1316958152563228674
1316958174969290753
1316958177167101952
1316958186461683714
1316958188378390528
1316958192690253824
1316958197819768833
1316958202072805377
1316958214353813504
1316958224340422658
1316958243105742849
1316958250043138049
1316958296943767552
1316958305739280384
1316958309728067584
1316958310122348544
1316958342011621376
1316958362874093571
1316958373057863681
1316958387985403909
1316958392351678464
1316958397082800129
1316958409195999234
1316958420042469376
1316958432658923520
1316958437461401610
1316958437431980034
1316958455446589446
1316958458038636545
1316958458323886080
1316958467551354880
1316958468709011457
1316958473599537157
1316958475075932160
1316958477030445056
1316958487101034497
1316958492096417792
1316958502007508993
1316958506059182081
1316958510240903173
1316958541408833536
1316958569942614019
1316958582311706625
1316958612061900800
1316958628683931648
1316958634564345858
1316958635025747976
1316958639790411778
1316958647935795200
1316958660573134848
1316958661940563974
1316958666483007488
1316958699974496256
1316958732920782849
1316958739115769857
1316958742655733761
1316958749404352513
1316958751652458502
1316958754437464065
1316958768303931393
1316958770258477056
1316958772112334850
1316958781054517248
1316958783013343235
1316958814432841729
1316958821185654784
1316958826852196352
1316958843470073858
1316958847618240512
1316958856296136704
1316958866421276673
1316958909727412226
1316958911329718275
1316958921752543232
1316958931026120706
1316958944565383168
1316958960520409089
1316958961896247297
1316958984415399944
1316958984998408192
1316958989230444546
1316958999422652419
1316959002056708096
1316959019676860417
1316959026886905856
1316959030519209984
1316959036345024512
1316959040916914176
1316959053592076288
1316959068238602240
1316959094461419520
1316959095522471938
1316959117890781185
1316959147099828225
1316959154867736576
1316959167530356741
1316959168591519747
1316959171070275588
1316959172223795213
1316959184143908866
1316959185788166146
1316959195955081217
1316959201437093888
1316959220508643335
1316959251378700288
1316959258609672192
1316959266448748544
1316959271825887232
1316959275089039360
1316959289165176834
1316959310258339846
1316959335105388545
1316959341807865856
1316959342038552578
1316959352700456960
1316959357398097921
1316959369578283008
1316959393561399296
1316959397910818817
1316959401283145729
1316959401471807488
1316959419100528641
1316959421893955585
1316959434237685761
1316959436469080064
1316959487421566977
1316959503577976832
1316959507990388736
1316959542840786945
1316959544443047937
1316959554127671297
1316959566077243392
1316959569579511810
1316959586755149824
1316959589712171008
1316959598885167106
1316959615498715136
1316959622331236353
1316959626022342660
1316959656556769285
1316959657638985729
1316959676681146368
1316959703457517569
1316959708612382720
1316959715868409857
1316959749112463360
1316959783677796352
1316959805601402880
1316959806297694211
1316959808994639874
1316959816535900161
1316959819912433666
1316959845170466816
1316959870688632832
1316959888858353667
1316959894331949058
1316959910526095362
1316959946517479426
1316959956768378881
1316959958907408384
1316959961906372609
1316959993145458690
1316960019087241219
1316960056865411072
1316960083079811072
1316960085764165632
1316960094802923520
1316960099630518278
1316960100700086273
1316960111273873409
1316960120291602433
1316960139631579136
1316960140965400576
1316960146950586375
1316960149798588416
1316960151430193160
1316960156777914368
1316960160414314496
1316960164323393538
1316960171839598593
1316960184963682304
1316960188776222721
1316960192928583680
1316960197127045120
1316960208690860032
1316960208674000897
1316960209349345281
1316960212121718784
1316960213648494592
1316960215464640512
1316960219474386946
1316960225270861824
1316960233932181509
1316960243155374082
1316960276797923328
1316960298948059136
1316960309345738758
1316960316010496002
1316960333567791104
1316960352203137025
1316960354711326720
1316960357978722305
1316960363716509696
1316960378056749057
1316960392841732098
1316960409497325569
1316960413930618880
1316960419404283905
1316960422176718848
1316960425037254657
1316960439796989953
1316960440476438528
1316960453101309958
1316960485334568961
1316960500446527490
1316960505701990407
1316960532633714688
1316960553919746048
1316960584420687872
1316960617685712897
1316960619371921408
1316960623494942721
1316960631694725121
1316960633917706242
1316960638929936386
1316960641983315968
1316960642201505792
1316960659754651649
1316960671855202305
1316960692205985793
1316960700946841601
1316960718856531968
1316960737256943616
1316960742944460800
1316960754801741825
1316960761122533376
1316960765035925510
1316960781980868613
1316960807184441344
1316960812033036289
1316960815057166336
1316960840881442819
1316960850129920000
1316960858166231040
1316960868450619392
1316960884741312513
1316960918824194048
1316960936268320768
1316960942547177472
1316960975090819072
1316960985178120194
1316961008309633027
1316961009018568704
1316961039364349952
1316961041419587584
1316961045643223041
1316961050848276481
1316961053205516289
1316961081458393090
1316961090367008772
1316961105130946561
1316961107429523457
1316961138270195714
1316961168880259072
1316961170406985729
1316961174915866626
1316961185225388032
1316961187532279808
1316961204963770368
1316961223532027905
1316961223381078016
1316961225222356992
1316961232075870208
1316961245053001730
1316961262048284672
1316961262513889280
1316961279681114113
1316961295351033856
1316961309179641856
1316961330314825729
1316961330646179840
1316961333091442694
1316961334039371776
1316961344730681345
1316961371347734529
1316961374094970880
1316961374501801984
1316961390507270144
1316961391610351617
1316961393065811968
1316961398493220865
1316961412057649153
1316961413542350848
1316961422753075200
1316961428876763136
1316961439110881281
1316961463651749890
1316961468810731520
1316961490579165185
1316961521780613127
1316961533717565443
1316961556861800448
1316961566454173696
1316961567200759810
1316961586100228097
1316961596309209088
1316961599194845184
1316961605247242242
1316961636587110401
1316961642677231616
1316961661576675329
1316961667171876864
1316961692824252417
1316961703796592640
1316961710226493445
1316961712877281280
1316961718657048576
1316961737590046722
1316961746230382592
1316961749309001728
1316961754119852037
1316961758368718849
1316961762919534597
1316961766086217728
1316961784717299712
1316961798751399936
1316961835074113543
1316961844834295811
1316961854296555520
1316961865579245569
1316961885946847243
1316961900463349763
1316961924869984258
1316961927017451520
1316961952502075392
1316961976656998400
1316961977911095299
1316961981149159424
1316962006596026368
1316962007959076864
1316962015928266758
1316962021468983296
1316962028456759296
1316962093887836160
1316962136485187586
1316962156051562497
1316962177077727232
1316962210204307457
1316962211336773633
1316962212871872515
1316962213878505477
1316962232085942276
1316962237454614528
1316962256807219201
1316962275773812738
1316962283747160070
1316962290047062017
1316962290512678912
1316962300725727233
1316962305066864641
1316962305381380096
1316962339174993925
1316962353691447303
1316962365397716993
1316962370963578881
1316962388512546817
1316962395743551488
1316962403934982144
1316962429440565250
1316962466627260418
1316962472188837892
1316962477050073088
1316962485040238592
1316962498545930242
1316962503239368704
1316962513657958406
1316962519127367685
1316962520129830914
1316962529097154560
1316962534314938370
1316962541407449095
1316962549716443136
1316962560554446848
1316962572906696707
1316962573607178241
1316962576312487936
1316962604640837639
1316962632553975808
1316962637075415040
1316962637943623680
1316962680297656322
1316962693975334912
1316962700845514752
1316962702988894208
1316962707321589761
1316962712421892098
1316962718390358017
1316962726112014336
1316962768688451585
1316962789051781122
1316962813231890432
1316962826603331584
1316962830961332228
1316962836581650432
1316962844362113024
1316962894471376902
1316962904298655744
1316962911500324866
1316962930068496385
1316962930957615105
1316962932496977921
1316962939774115843
1316962969792675843
1316962979745796096
1316962987014500352
1316962987039707136
1316963005716901889
1316963027577688064
1316963062591750146
1316963080157487104
1316963080971128839
1316963095865135106
1316963099858141184
1316963102991224832
1316963119386734593
1316963128081612806
1316963154719629312
1316963182951436288
1316963210461937666
1316963212802379776
1316963213997735936
1316963236911190016
1316963247199748102
1316963253348634626
1316963256754442242
1316963257698127873
1316963262949449729
1316963279412002816
1316963285711917057
1316963296931622912
1316963315755646976
1316963340158107648
1316963342041468928
1316963356096499714
1316963364149645314
1316963364489265154
1316963365315641344
1316963367903518722
1316963369845428224
1316963380381556736
1316963395409743872
1316963400006668288
1316963406675587072
1316963410907746304
1316963425457758208
1316963426409811969
1316963437797408768
1316963442520186880
1316963443367444481
1316963451772805121
1316963469065936896
1316963481174802432
1316963487525064705
1316963512032350209
1316963524598505473
1316963557620305921
1316963568701550592
1316963635042856960
1316963670547664896
1316963671080304641
1316963697298911232
1316963699391893506
1316963747357990912
1316963758435147777
1316963763023654912
1316963781055029253
1316963783043067904
1316963796255199236
1316963804236926977
1316963834851110918
1316963878799114240
1316963903998447616
1316963917403488261
1316963918221348866
1316963921060835328
1316963921744584708
1316963926295314432
1316963932477837312
1316963936655314944
1316963952165855232
1316963975079264257
1316963984059387906
1316964001587384320
1316964021787070465
1316964035108143107
1316964061293195267
1316964062220161025
1316964066259308548
1316964096357576704
1316964100249968646
1316964100392570881
1316964111146754048
1316964111356465157
1316964116926504960
1316964131581403136
1316964140569796608
1316964167409143808
1316964197692039168
1316964232605454338
1316964245620297728
1316964245171556355
1316964264150781957
1316964265451003905
1316964267304886273
1316964269125214215
1316964269385306112
1316964276943376386
1316964283264258048
1316964284342194176
1316964290834944000
1316964332383752193
1316964334212349952
1316964337630760962
1316964351220322304
1316964357306187777
1316964359491518464
1316964378521067520
1316964386230198274
1316964390692921346
1316964396367810560
1316964398997581824
1316964416961826818
1316964434796027904
1316964453989175296
1316964455192940550
1316964456778420225
1316964459643101184
1316964491679203329
1316964497454673921
1316964504547319809
1316964517134454785
1316964522624753664
1316964535153135616
1316964557466775552
1316964587972009984
1316964613574037504
1316964646344134656
1316964651763191814
1316964658159517696
1316964668104212480
1316964674689241089
1316964681182044161
1316964693722992645
1316964705664225280
1316964719463378944
1316964720491008000
1316964734076440577
1316964740095234050
1316964745451274240
1316964757610573824
1316964759640694784
1316964764074037248
1316964785980846080
1316964807027888129
1316964818176430081
1316964819040337920
1316964819405332480
1316964823779938304
1316964840536158210
1316964845514784770
1316964860408811522
1316964876766543872
1316964915916189696
1316964925386989569
1316964951156756480
1316964957842493440
1316964964272406529
1316964977027272704
1316965002587312129
1316965022862553090
1316965024141873155
1316965040520597504
1316965041212710912
1316965051446841345
1316965055691427841
1316965060116402176
1316965095688241152
1316965096338432000
1316965098121056257
1316965101044465665
1316965114780798977
1316965134061965312
1316965137945923585
1316965154005913607
1316965158565064709
1316965159940882436
1316965160259551234
1316965163338256384
1316965189183541250
1316965190664151041
1316965194065641473
1316965197366571008
1316965211618873346
1316965222394007552
1316965226890264576
1316965248642015232
1316965265717010432
1316965294427017216
1316965335334080517
1316965337691205633
1316965339771641856
1316965385019805696
1316965391185444864
1316965400870080513
1316965400945545216
1316965402317103106
1316965404007387136
1316965405362212864
1316965420138696705
1316965426354585600
1316965428372144130
1316965430016266243
1316965436790013953
1316965449951793154
1316965452485173251
1316965471401480193
1316965499457110016
1316965515827576832
1316965523578642432
1316965534546743296
1316965540607512576
1316965548039733248
1316965562887643144
1316965570726813698
1316965572446461953
1316965584895201280
1316965634887045120
1316965638494183424
1316965639119081472
1316965653690109953
1316965665400590336
1316965687479455745
1316965743049789441
1316965774486081536
1316965780857257984
1316965783453446146
1316965812633305093
1316965814168408066
1316965819109302272
1316965845034205185
1316965865137516544
1316965951619858432
1316965953725411329
1316965960922923008
1316965992992571392
1316965994590621697
1316965999657275392
1316966001628614657
1316966005151858693
1316966007089614848
1316966011694874624
1316966012600844295
1316966023002730498
1316966029197791232
1316966049951121409
1316966066820648962
1316966075309957120
1316966088865959938
1316966090799501312
1316966091109863424
1316966101184557057
1316966103483060224
1316966110055497728
1316966158562697217
1316966173205037056
1316966190733053952
1316966194373660673
1316966218990059521
1316966225734414336
1316966236408975362
1316966251147763713
1316966253433704449
1316966254670905346
1316966255119814656
1316966263571304448
1316966264577863683
1316966267304247296
1316966273117523969
1316966289009684489
1316966308903292928
1316966322522234880
1316966325764448257
1316966326712389633
1316966328750788608
1316966329098903553
1316966331820945408
1316966333502885888
1316966341065248768
1316966347692249088
1316966351404212224
1316966352574386176
1316966369544622081
1316966375001305090
1316966401672925184
1316966419767185409
1316966422107594753
1316966448644935686
1316966456119205888
1316966465975844865
1316966479502462977
1316966485336752130
1316966511928578048
1316966513920888832
1316966522687004675
1316966531876749315
1316966539187408897
1316966545772392448
1316966554114969600
1316966565401821185
1316966573702287361
1316966577577787392
1316966579037495296
1316966585861611521
1316966589334458369
1316966590152364034
1316966591511339008
1316966621299286016
1316966626902888449
1316966630124101632
1316966657802276864
1316966664529977344
1316966682569723904
1316966693751672832
1316966730871263232
1316966742275522560
1316966749405839360
1316966759983874049
1316966800370896896
1316966814279237638
1316966832377679874
1316966837192622080
1316966843962298368
1316966845795176448
1316966850379526144
1316966862379536384
1316966866464722944
1316966876501692416
1316966907711524864
1316966913327665158
1316966948731846658
1316966950896046081
1316966952875839488
1316966974145089536
1316966988619665409
1316967036510240769
1316967055246168064
1316967066394595328
1316967080726564865
