1314128382247030784
1314128385556193281
1314128390727839744
1314128391461838848
1314128401339473920
1314128425746075648
1314128427746648065
1314128434176688128
1314128440711352320
1314128447183171585
1314128450588999681
1314128466661568515
1314128470604161024
1314128470826381313
1314128494226440192
1314128503844073472
1314128513264480256
1314128516800159745
1314128519132254209
1314128522701664256
1314128528301068289
1314128528967958528
1314128542158983169
1314128557984174082
1314128558986596352
1314128571854544897
1314128585515585536
1314128602255052800
1314128609616048128
1314128610643587074
1314128614498205696
1314128615613792256
1314128618923139073
1314128622727450625
1314128625076232192
1314128628117102595
1314128644722352130
1314128686262747136
1314128684303998977
1314128692042317825
1314128699583860736
1314128712929955841
1314128722920906752
1314128728281288704
1314128739853271040
1314128742218780673
1314128773072203781
1314128777052643329
1314128785273430016
1314128799336935424
1314128802843303936
1314128803266998275
1314128809466134529
1314128809910824960
1314128823294726144
1314128835089108994
1314128836863438848
1314128839480672264
1314128839480664064
1314128840579584002
1314128855125295106
1314128915623886849
1314128917695926273
1314128926881452032
1314128934473101313
1314128946217197569
1314128953821589504
1314128959190298624
1314128970443452416
1314128974214176768
1314128994208370690
1314129005247975424
1314129006854369281
1314129017872637952
1314129025770688518
1314129036960919554
1314129053897519105
1314129056669917184
1314129061757636608
1314129074185547776
1314129090966966275
1314129094297018374
1314129095114936320
1314129097497423872
1314129101851111425
1314129120746369025
1314129131110629376
1314129133174095873
1314129133425876992
1314129148307218434
1314129149032837120
1314129152019173376
1314129159145357312
1314129160290304000
1314129164618743808
1314129198290616320
1314129216191881216
1314129234068148224
1314129234865131520
1314129256864243712
1314129269807738882
1314129271783292928
1314129275889614849
1314129295263043584
1314129302426923009
1314129316662267906
1314129316876296194
1314129328184061952
1314129338292490242
1314129341115174913
1314129342079827973
1314129355505766400
1314129361063215105
1314129369456050176
1314129388859011077
1314129392789000192
1314129402448482305
1314129406122766337
1314129409050390528
1314129436191518720
1314129438834032643
1314129445595353088
1314129449776971776
1314129464444497920
1314129479455911936
1314129488192647168
1314129506324697089
1314129531771314176
1314129531792502784
1314129547684646912
1314129556278710273
1314129569121669120
1314129576650403840
1314129591146024960
1314129592643354628
1314129605410746368
1314129617767211008
1314129626017431552
1314129632485167104
1314129648070975489
1314129652693323776
1314129657395130369
1314129657306910720
1314129662646214656
1314129666123333633
1314129680128110593
1314129694984294401
1314129706510356481
1314129710503272454
1314129712722202625
1314129714802495489
1314129738374369280
1314129741365026816
1314129760197500928
1314129762420391937
1314129762663698432
1314129774336446464
1314129781911433216
1314129783383568398
1314129792061640704
1314129798432796672
1314129807173726208
1314129809803538432
1314129816380080128
1314129818464780289
1314129834457493505
1314129839297888256
1314129840140963840
1314129842653200386
1314129844108656640
1314129852065288194
1314129857400446976
1314129860273541120
1314129860462292992
1314129860873392128
1314129864463716352
1314129875859537920
1314129884789248001
1314129893026934785
1314129897602809858
1314129926551994369
1314129929521557504
1314129933195763712
1314129936333012992
1314129949779992576
1314129987251834880
1314129990712209409
1314129994734542848
1314129997691379720
1314130005425876992
1314130021166899200
1314130021313806336
1314130024719581187
1314130025139048448
1314130026107895808
1314130031879303168
1314130035033473027
1314130046102036486
1314130056155889665
1314130084224172033
1314130100577873923
1314130101580247042
1314130105191497728
1314130110686035969
1314130119833911297
1314130129510109187
1314130137215045633
1314130173336453120
1314130203548024833
1314130204600795136
1314130214037917698
1314130221956726784
1314130227660873729
1314130235345035265
1314130284875599872
1314130288797048832
1314130296871108609
1314130304530034689
1314130306153230336
1314130323475763201
1314130330584977408
1314130335022510080
1314130345755897856
1314130351279673347
1314130369109733378
1314130397538603008
1314130401737224192
1314130404480348160
1314130414768857088
1314130418615103488
1314130421685186561
1314130447731847169
1314130462185525250
1314130463913631744
1314130468095225860
1314130471413047297
1314130474776899585
1314130480124456965
1314130485828882434
1314130491289661440
1314130499313565697
1314130548193980416
1314130559954812928
1314130565470269441
1314130579152154625
1314130583157604352
1314130592943026177
1314130592758468608
1314130596214571009
1314130604309516296
1314130605802549248
1314130610433200128
1314130613851566081
1314130627109818373
1314130633044774912
1314130651747160066
1314130652715905024
1314130654053855233
1314130655282823169
1314130659896553472
1314130661440139264
1314130707044798464
1314130718348410880
1314130725789081601
1314130728859308032
1314130730012811265
1314130746508861441
1314130749260472320
1314130750405406720
1314130752116846593
1314130762178887680
1314130770718580736
1314130776556998658
1314130786011017221
1314130794810572800
1314130807762694144
1314130813018165249
1314130817027895296
1314130817631817728
1314130818126606337
1314130821494775808
1314130827035308033
1314130895402606592
1314130901702455302
1314130905858859008
1314130920463626240
1314130924976644096
1314130930412531713
1314130940524986368
1314130945310564352
1314130955116969984
1314130983508082688
1314130990923747330
1314130998242603008
1314131030727630848
1314131037295972352
1314131039648792576
1314131050541572096
1314131052743389184
1314131052743417857
1314131060951719936
1314131074814029827
1314131076449628165
1314131094581710850
1314131099329589248
1314131143814524928
1314131153033424896
1314131153536811009
1314131158037417986
1314131167118069761
1314131169085071361
1314131178761248768
1314131185501601795
1314131199862996992
1314131206661828608
1314131213070860288
1314131226110746624
1314131232381337600
1314131234184925189
1314131234935787520
1314131235250282496
1314131246029520897
1314131292112457728
1314131297682554882
1314131307404951554
1314131320881197059
1314131342460948480
1314131343052345346
1314131354888667136
1314131363637989376
1314131380415143937
1314131381178564608
1314131388472451074
1314131399042007040
1314131406499409920
1314131408848334848
1314131430012674054
1314131430230949891
1314131431329652737
1314131442260115458
1314131443027767297
1314131451085029377
1314131453454811138
1314131470919839750
1314131473817980929
1314131481518718977
1314131489324294144
1314131492734468103
1314131494051500034
1314131494479167489
1314131501471195136
1314131505136967685
1314131531997294593
1314131533062721537
1314131540851535872
1314131543678488576
1314131547906338816
1314131554738765825
1314131561097449474
1314131564914249728
1314131567342694402
1314131569225809921
1314131570765168640
1314131584996593664
1314131599240376320
1314131622317359105
1314131638247448576
1314131647596507136
1314131656962453514
1314131661676851200
1314131670921105413
1314131690114043904
1314131693213822977
1314131701782765570
1314131706849488902
1314131718719315969
1314131725686059009
1314131748339548160
1314131752366022656
1314131763082428417
1314131764726517761
1314131774679572486
1314131805004607494
1314131807399538688
1314131816245350402
1314131817805623296
1314131824013176832
1314131830912753664
1314131840999976960
1314131850756067329
1314131863087312897
1314131867227115520
1314131888378966017
1314131906984804353
1314131924634472453
1314131924995235841
1314131935569088513
1314131937221652481
1314131944662335488
1314131945404665856
1314131947552075776
1314131952132411394
1314131963536605184
1314131964014866432
1314131967495999490
1314131994188615680
1314132008998563840
1314132022533578752
1314132054892830728
1314132060957675521
1314132069115555840
1314132075289604097
1314132076699045888
1314132076774514688
1314132101340565504
1314132106927239170
1314132110630744071
1314132122379063297
1314132125801689090
1314132138002919424
1314132138128744449
1314132141660282880
1314132146353627138
1314132152536248320
1314132173562294273
1314132175458099202
1314132190721175552
1314132191656337408
1314132192851828736
1314132195943034880
1314132213903089665
1314132215819837440
1314132229702860805
1314132236036452352
1314132236526968834
1314132254310895617
1314132266805686275
1314132269552992256
1314132288054194177
1314132296774094849
1314132299848482817
1314132302876868608
1314132309822631938
1314132314503426048
1314132316479000576
1314132352113795074
1314132373517131776
1314132397655494657
1314132429196668930
1314132431352459264
1314132433911115776
1314132433973936128
1314132437249654785
1314132444434530310
1314132455838945280
1314132462730014720
1314132473429856257
1314132487539482624
1314132490118864896
1314132511719653377
1314132537040670721
1314132543092985856
1314132545857032193
1314132549610795008
1314132550785392640
1314132584067203073
1314132595420983296
1314132597035859969
1314132597140668417
1314132598197760001
1314132603419717633
1314132613947420677
1314132614081638400
1314132615860023296
1314132619093835776
1314132623657070595
1314132626568024065
1314132636005289984
1314132640945991680
1314132641608802305
1314132646318964737
1314132657182212097
1314132663284850689
1314132663796674561
1314132681614123011
1314132687284830209
1314132688119496704
1314132702820470787
1314132704372424704
1314132719127924738
1314132737943453696
1314132771682635778
1314132779949608960
1314132780763279362
1314132790384963585
1314132803190104065
1314132803307659265
1314132809255055360
1314132825524760577
1314132856403156994
1314132879635623937
1314132884018663424
1314132884542779393
1314132884706545665
1314132894751707136
1314132927328911363
1314132930831081472
1314132930894028800
1314132956710141953
1314132956911472647
1314132964473798656
1314132979401322496
1314132985717886978
1314132986606940160
1314132987005603840
1314132989631180802
1314132991380258816
1314133019540762625
1314133030282375168
1314133040138874882
1314133044413030405
1314133048540180480
1314133062465318912
1314133085240295424
1314133091091447809
1314133091569463297
1314133097236004864
1314133100117491713
1314133103032623104
1314133103388966912
1314133103485485057
1314133110338908160
1314133130949795840
1314133137342033920
1314133138101227522
1314133146732883968
1314133147995402240
1314133171752112129
1314133174520340480
1314133186318757888
1314133190416760833
1314133193591795712
1314133197995859969
1314133204039880704
1314133216647929857
1314133240207364097
1314133255424180225
1314133256217006080
1314133261455515649
1314133267352748032
1314133267570982914
1314133269080875012
1314133274063638528
1314133280313290752
1314133288035004418
1314133302417133569
1314133316518502401
1314133321459392513
1314133322692521984
1314133327465545728
1314133342997090306
1314133349158486016
1314133370591473664
1314133371082211330
1314133372709425153
1314133377948082176
1314133379919511554
1314133383811792896
1314133406008180736
1314133422650978304
1314133422965755904
1314133438635683841
1314133443484291072
1314133447577931778
1314133471758032896
1314133477365874688
1314133480201236480
1314133502397480961
1314133503794122753
1314133507975843840
1314133514665840640
1314133515479379969
1314133521380700165
1314133521598906368
1314133522345586688
1314133534064345088
1314133535763111937
1314133537168203777
1314133544776740865
1314133552246788097
1314133559750262785
1314133571381063680
1314133575051206657
1314133589932400641
1314133615660265472
1314133616511705089
1314133624858595328
1314133635457458181
1314133640457191436
1314133647390380032
1314133657389428736
1314133657486057473
1314133672874799104
1314133673596407812
1314133681808773122
1314133717934395392
1314133719876358146
1314133721444999168
1314133724527816705
1314133735655141376
1314133742382911490
1314133745474117632
1314133747755819009
1314133754231902208
1314133768605593603
1314133774100238336
1314133776159571969
1314133786901143552
1314133787102588929
1314133792009990144
1314133793796751360
1314133798766940161
1314133803095470080
1314133813761585152
1314133814931668992
1314133819952451590
1314133822879956992
1314133835429412864
1314133839749558274
1314133846909169664
1314133848515579904
1314133851996934144
1314133857801773056
1314133889561047040
1314133898427858945
1314133903679131648
1314133905180516353
1314133906145390592
1314133916492730369
1314133917922926593
1314133919571341312
1314133922691706881
1314133923773833216
1314133925329956864
1314133927208996864
1314133928186388480
1314133932313468929
1314133940756713472
1314133955822735360
1314133959626948608
1314133965284941824
1314133978727608320
1314134018699325444
1314134031114567682
1314134045228400640
1314134045295435782
1314134056032854016
1314134083111448576
1314134089126027264
1314134099276120064
1314134105844600832
1314134124978999296
1314134125008179202
1314134128326041600
1314134128485429248
1314134129030684673
1314134132528754688
1314134134210658304
1314134141441638400
1314134145044566016
1314134145606586368
1314134151369502720
1314134158491430913
1314134158688415744
1314134160035008513
1314134179534311426
1314134183724412935
1314134185548881925
1314134186576490496
1314134192607895552
1314134198798688260
1314134203454414848
1314134210295164929
1314134212493168642
1314134217442430981
1314134225394774016
1314134255757225986
1314134263562940417
1314134265794162688
1314134278960185344
1314134281388797953
1314134282865049602
1314134291971010560
1314134302792310784
1314134302997860354
1314134305044606976
1314134309071138816
1314134319040929795
1314134322249687040
1314134330994761728
1314134336342568960
1314134348661129217
1314134356395466752
1314134358475890688
1314134359360716801
1314134363504668673
1314134370815488000
1314134406936752128
1314134415921033222
1314134417896599552
1314134418181689344
1314134422007017472
1314134454210715648
1314134474209275904
1314134477619175425
1314134478298677250
1314134492026736640
1314134494648164353
1314134497311383553
1314134507621146625
1314134554748366848
1314134557923241984
1314134568090382337
1314134569478692865
1314134569679904768
1314134572670619649
1314134574587285505
1314134575359176704
1314134577384890369
1314134580169904128
1314134587245617152
1314134591129747456
1314134607063810050
1314134609127501824
1314134672465555456
1314134697199448064
1314134698482978821
1314134702014574592
1314134718976266240
1314134719827640320
1314134732590981122
1314134749368274947
1314134755278041089
1314134759170289664
1314134773959454720
1314134784524922880
1314134789784567810
1314134822412079104
1314134830548910081
1314134831916298241
1314134832520335360
1314134836706246657
1314134839092805633
1314134847502323712
1314134847800119296
1314134857581199360
1314134859397435394
1314134864791306240
1314134870935826432
1314134881216221184
1314134886559621120
1314134892054102016
1314134904599445505
1314134916347559936
1314134942675279872
1314134949163827200
1314134954297753601
1314134956633923585
1314134960765317120
1314134968029925376
1314134969585930241
1314134970567462912
1314134971280486401
1314134992415387648
1314135010614693890
1314135010933383168
1314135012418228224
1314135016872394752
1314135045590843394
1314135067934027776
1314135068105998342
1314135076138094592
1314135076419121152
1314135081452285957
1314135084694466561
1314135102046253057
1314135108073353216
1314135118005534721
1314135123172917249
1314135157616631808
1314135164935692289
1314135170367344641
1314135180995637255
1314135188918632449
1314135198234148864
1314135200847323136
1314135202940289026
1314135203875557376
1314135209487421440
1314135222301143040
1314135223005712384
1314135225773948928
1314135243977306112
1314135247378931714
1314135252135182336
1314135257843523584
1314135259752148998
1314135262646038528
1314135276005007363
1314135281948332033
1314135288340459523
1314135303259484160
1314135306258456578
1314135310595289088
1314135316693876737
1314135326659665920
1314135355394789376
1314135372582928384
1314135378190712832
1314135388957663232
1314135390069182470
1314135398759555073
1314135409417498624
1314135415390076928
1314135429319282689
1314135429889757184
1314135456095723520
1314135476538929152
1314135482788438016
1314135483488915460
1314135503126626309
1314135509799702528
1314135512320540672
1314135517366280193
1314135533992509442
1314135535808638976
1314135537498894336
1314135548244774913
1314135548974555138
1314135607027802113
1314135610521780224
1314135610681040897
1314135617790521345
1314135622169186304
1314135622991446017
1314135623280852993
1314135663940268038
1314135665311977472
1314135670600937475
1314135683683020801
1314135683733188608
1314135706269364224
1314135708030902272
1314135708240502787
1314135710937477120
1314135712061698048
1314135720836108288
1314135721863770117
1314135728742428672
1314135736849969153
1314135737764401152
1314135745175515138
1314135745196683265
1314135745582391296
1314135759251791872
1314135778851577858
1314135784245559297
1314135800494211074
1314135822816497664
1314135823831437312
1314135827543396352
1314135851270656000
1314135856379310085
1314135859097149440
1314135865384415233
1314135868362420225
1314135874070876160
1314135882199433216
1314135883210080256
1314135884275605506
1314135893393977346
1314135897399586817
1314135909781053440
1314135910670364692
1314135921873154049
1314135930026954752
1314135978584535042
1314135997949661187
1314135999958659072
1314136015120990210
1314136026466705408
1314136072927019008
1314136080480952321
1314136087598596101
1314136091797061637
1314136095496511488
1314136097958629376
1314136104342224896
1314136104447217667
1314136111388651520
1314136113183940609
1314136126135898112
1314136130913263616
1314136156276129795
1314136158968971264
1314136167843917825
1314136169710485504
1314136171191193602
1314136175934726144
1314136180041154561
1314136195048370177
1314136194867965953
1314136204795875329
1314136208822489088
1314136222059712512
1314136228640493570
1314136234671865856
1314136237138235393
1314136239583506433
1314136242368454662
1314136244104818692
1314136252812324871
1314136284068294658
1314136289457909760
1314136291450269696
1314136294327496709
1314136305484398594
1314136339231596544
1314136341324730368
1314136346265559040
1314136356830969856
1314136360022806528
1314136364921704448
1314136366293430275
1314136378544984064
1314136381141200896
1314136381673934848
1314136392532987905
1314136407598862336
1314136422132129795
1314136425756004355
1314136428796764160
1314136454017298432
1314136455879499783
1314136471310303232
1314136474913247232
1314136480105676802
1314136500745891842
1314136504726441985
1314136518957707264
1314136530009518082
1314136548221374469
1314136548586053632
1314136554659622912
1314136572472721409
1314136575425552386
1314136587928821760
1314136591737257984
1314136598771126274
1314136600234717184
1314136605620232192
1314136640588255232
1314136651082465281
1314136676055347202
1314136686620823554
1314136686952022016
1314136691746115584
1314136692329263104
1314136692866064384
1314136694321446913
1314136710234738688
1314136733647159302
1314136736461721600
1314136737174573056
1314136756455964672
1314136758691348482
1314136758804713474
1314136762789384192
1314136774571065346
1314136784645894144
1314136800563089409
1314136809098575874
1314136818137395200
1314136818540044288
1314136829348794368
1314136835950608390
1314136841986150400
1314136857488306176
1314136866304729089
1314136871694471168
1314136872319430657
1314136893328564225
1314136894314295297
1314136897204056064
1314136903940153344
1314136915579293696
1314136921032056832
1314136924614004736
1314136936538419200
1314136950899580928
1314136958713593856
1314136997515141120
1314137004242800641
1314137012434337792
1314137023922479113
1314137026959204353
1314137036530634757
1314137043312599040
1314137053597229057
1314137063243931650
1314137068973387776
1314137084144353280
1314137107615580161
1314137140108951552
1314137151504670722
1314137152494563328
1314137167858466816
1314137187429093376
1314137190138482688
1314137201161261056
1314137206261534720
1314137209306525698
1314137210036387841
1314137211730898944
1314137223567212549
1314137252931547136
1314137253711495168
1314137261265440768
1314137268655812609
1314137268924239873
1314137295646199808
1314137296405508096
1314137299244982274
1314137303858786305
1314137317880270848
1314137324347813888
1314137349702520833
1314137351820587008
1314137361383665664
1314137361983385603
1314137377221210112
1314137380039929856
1314137383332278273
1314137389569241088
1314137413128728576
1314137416693936130
1314137428077154307
1314137431122337794
1314137453024903171
1314137461304569857
1314137469722546176
1314137478320750592
1314137500588285952
1314137507504635905
1314137544750137349
1314137549611446272
1314137561661607937
1314137572218671105
1314137573493805057
1314137574072610817
1314137574747840512
1314137577885249536
1314137587620208640
1314137595228585985
1314137611536080896
1314137616837640193
1314137622860763138
1314137632251797504
1314137647959494656
1314137652539592708
1314137673666301952
1314137682994499586
1314137692792385537
1314137695606759424
1314137698177888256
1314137700149018624
1314137702296686592
1314137708382613506
1314137718352355328
1314137725650563072
1314137740284370945
1314137753039273984
1314137754977079296
1314137762996641792
1314137766603747330
1314137777458552833
1314137799084433408
1314137801290518529
1314137810581024770
1314137811143008266
1314137813110067200
1314137834710806529
1314137873797578752
1314137890595770376
1314137899974221825
1314137913051869186
1314137915807666176
1314137935390810113
1314137939304157184
1314137966873202688
1314137967812923398
1314137970191093761
1314137989363179521
1314138005947310080
1314138025044172801
1314138028001112065
1314138042110795776
1314138045332041735
1314138057390530561
1314138059345203200
1314138064495624194
1314138064923418624
1314138083210792963
1314138099572592640
1314138123501215744
1314138142203666433
1314138144288186368
1314138154585137153
1314138155952607232
1314138158393516033
1314138159203184642
1314138175711965186
1314138180636024833
1314138197836943360
1314138199980224513
1314138209249443841
1314138212055482368
1314138241218404352
1314138245589078016
1314138250722906112
1314138254950629376
1314138266447339525
1314138270809423874
1314138272671522817
1314138275351719937
1314138283857903616
1314138289293721600
1314138293877997569
1314138312395780096
1314138317085081600
1314138320855855105
1314138328069939201
1314138331068928000
1314138334952857602
1314138348814958600
1314138360009629696
1314138369174237185
1314138374945542144
1314138383090765824
1314138398026760194
1314138399167709184
1314138425012809729
1314138439697137664
1314138445221113856
1314138448115175424
1314138482667905024
1314138485620649985
1314138493342412802
1314138497234722816
1314138499046608896
1314138509372985345
1314138521293205504
1314138529128210433
1314138554549690368
1314138567862616064
1314138586661507075
1314138604780748802
1314138608425734145
1314138613358096384
1314138616529063937
1314138619112689664
1314138622363394049
1314138626352197634
1314138639551672320
1314138639652323328
1314138674611679232
1314138681083654144
1314138704269672449
1314138706391990272
1314138710179545089
1314138733172723713
1314138733730508800
1314138738109280257
1314138751329734659
1314138751531200513
1314138752713859072
1314138759915466753
1314138766341099521
1314138770221010946
1314138771349217281
1314138782879318022
1314138809051877376
1314138833563205633
1314138833655672832
1314138840043532289
1314138840546766849
1314138845286465536
1314138866207477761
1314138868938158080
1314138870536122374
1314138890463326208
1314138893298659328
1314138897983700998
1314138900428881920
1314138917550075904
1314138924193898502
1314138931512909824
1314138941965185025
1314138966195494912
1314138978136727553
1314139000739975169
1314139001519972353
1314139002170224640
1314139010042916864
1314139020474175493
1314139031429668866
1314139047795851264
1314139048609542146
1314139048944889859
1314139050798977024
1314139054993268741
1314139057090371585
1314139064652779520
1314139073687310337
1314139087331184640
1314139087960506369
1314139092121157632
1314139095304675328
1314139100757319680
1314139102514733056
1314139104100130817
1314139126145462272
1314139131908292608
1314139154263896064
1314139157497700354
1314139170407952384
1314139215895187456
1314139226041090048
1314139246748344320
1314139248312938496
1314139249634017280
1314139254482702336
1314139257246822400
1314139258823806976
1314139273646477312
1314139274103721987
1314139290423623682
1314139298006929415
1314139303371517958
1314139311256690688
1314139318043148288
1314139341640404993
1314139354504351746
1314139355242541056
1314139358082084864
1314139360820854784
1314139368047640577
1314139368622153728
1314139388910145536
1314139392395665410
1314139393737854976
1314139405561495552
1314139428638597120
1314139451501744134
1314139453284323328
1314139454827888641
1314139462188888064
1314139464197906432
1314139470422306816
1314139480480198657
1314139487363117057
1314139508837736448
1314139512092667904
1314139545357545472
1314139550055387136
1314139554975186944
1314139556061548545
1314139574248054786
1314139590609969152
1314139596570198023
1314139609392181248
1314139627230560257
1314139671325179905
1314139682582794241
1314139689889169408
1314139693798158336
1314139717596778498
1314139740120244229
1314139748873707520
1314139753281970176
1314139756842819584
1314139757509779463
1314139757690183680
1314139757958529025
1314139771283873792
1314139771371950080
1314139771405512704
1314139788786581504
1314139798932578305
1314139814287958016
1314139816213311489
1314139836954091521
1314139864158400513
1314139869577318402
1314139885167616000
1314139890288922624
1314139895674396672
1314139899440689153
1314139903563689985
1314139911340007424
1314139918336094208
1314139922626998274
1314139929019133952
1314139936145186816
1314139941954256897
1314139960669335553
1314139985667338240
1314139998241918979
1314140004373987328
1314140010560524288
1314140012334575616
1314140035986358272
1314140063198932992
1314140081834393601
1314140124997988352
1314140145751404546
1314140150142697475
1314140151812182017
1314140164130824192
1314140166903279616
1314140179267977217
1314140190382858247
1314140198331179010
1314140199631323136
1314140208548339712
1314140208670146560
1314140213141266432
1314140230069489665
1314140236725673984
1314140237510053890
1314140237736673282
1314140249493311488
1314140260075479040
1314140264097669120
1314140266706751490
1314140274772320256
1314140281625808896
1314140282091433984
1314140290173763589
1314140290643570695
1314140292472279040
1314140321756794880
1314140326249017345
1314140333152796674
1314140336269201410
1314140338953564160
1314140349367873539
1314140356905250816
1314140362101805056
1314140372583419904
1314140376299638784
1314140377214054400
1314140379751604230
1314140381236400128
1314140382729588737
1314140399955398657
1314140407404658688
1314140426111246336
1314140431001690112
1314140438861840384
1314140439839039488
1314140459564961792
1314140463352500231
1314140472399597568
1314140477734690817
1314140483157921792
1314140490929901569
1314140497565356033
1314140506390228992
1314140511117213703
1314140542939394049
1314140542813573120
1314140545837563904
1314140549885177856
1314140550321315841
1314140556302442496
1314140563147419650
1314140595779244033
1314140601357676544
1314140606885580800
1314140627366408197
1314140631581814790
1314140631783018496
1314140659951923200
1314140678050377730
1314140680143269888
1314140680822960133
1314140693342949377
1314140701978890240
1314140713089548293
1314140725982920712
1314140726498910209
1314140750691487744
1314140753401204736
1314140753707311104
1314140780336832512
1314140786905157633
1314140807969079297
1314140818752581634
1314140825354371073
1314140829099974657
1314140844119605248
1314140847076708355
1314140859030401025
1314140868786499584
1314140871059804160
1314140871034638337
1314140871244251137
1314140894103298048
1314140904714887168
1314140908099710977
1314140910242865152
1314140933122920448
1314140938051227648
1314140940731330563
1314140946720792577
1314140948490858496
1314140948515835909
1314140950554447872
1314140965511270400
1314140973782495232
1314140981562871810
1314140997836828680
1314141002639138817
1314141002815266821
1314141007881986048
1314141019798151170
1314141020200861696
1314141036348936193
1314141043378589701
1314141058108813313
1314141069525819392
1314141074726752256
1314141084176592896
1314141096407166976
1314141106985107456
1314141109921165312
1314141132054581251
1314141147648921600
1314141149158944769
1314141149918105600
1314141175645966338
1314141176660803584
1314141181408813060
1314141188384059392
1314141189700976641
1314141203710050309
1314141215290466304
1314141217316204545
1314141222944952320
1314141224257810432
1314141233275523074
1314141252959399936
1314141264154103810
1314141266209247234
1314141266473611264
1314141266880409600
1314141274388267008
1314141279555653634
1314141296760676352
1314141303010099200
1314141304557797377
1314141319640612864
1314141327651598337
1314141333515317253
1314141334345842688
1314141345599172608
1314141348547756035
1314141362292318209
1314141393665875968
1314141403123978242
1314141428231016450
1314141432551268352
1314141437328592896
1314141451895226368
1314141458325278720
1314141462926364673
1314141463073046528
1314141470698475522
1314141471147200512
1314141472896299008
1314141490155847681
1314141491850145792
1314141498196271104
1314141500612239362
1314141516294615040
1314141519390138369
1314141523781582848
1314141530186305537
1314141535156359169
1314141536343425024
1314141543306006529
1314141553020022784
1314141558812356610
1314141572884312064
1314141575031730176
1314141581633556487
1314141591620075521
1314141597995462656
1314141598813356034
1314141619919163393
1314141625199792128
1314141625417977856
1314141628932788225
1314141635287150599
1314141652446056449
1314141652752175104
1314141664349351941
1314141672352239616
1314141675925778432
1314141676806512641
1314141691268329473
1314141707689132033
1314141713426984960
1314141737745559553
1314141744049672193
1314141744183816192
1314141748717850624
1314141748789227520
1314141753843343360
1314141767684501508
1314141778384216064
1314141785430601729
1314141785560678401
1314141804103491585
1314141816569188352
1314141839708962816
1314141857136295937
1314141860378669056
1314141867605291008
1314141872655224832
1314141874995699714
1314141882826588160
1314141890128736258
1314141894113280000
1314141899301834763
1314141907967266817
1314141915575533568
1314141926598365185
1314141928389304320
1314141934722506753
1314141939730649089
1314141940623966208
1314141953790029824
1314141954767310849
1314141957262802945
1314141969535434752
1314141970957250560
1314141978272169984
1314141983674306560
1314141988275453954
1314142029656580096
1314142029866176512
1314142035289538567
1314142043694919681
1314142087944708099
1314142113219702785
1314142117611163649
1314142118676373504
1314142127857770497
1314142139673047041
1314142154688786434
1314142157222088704
1314142165380009990
1314142170576809984
1314142184740802560
1314142186171183105
1314142190281650176
1314142205683077121
1314142226021265408
1314142231155167232
1314142269679820807
1314142276348764166
1314142276239548416
1314142278718574594
1314142279897026560
1314142283747356672
1314142307139170311
1314142320548249602
1314142329348018178
1314142352768987136
1314142358334832640
1314142358141833216
1314142367839027201
1314142408343519233
1314142409534648321
1314142421572349952
1314142425078788099
1314142428975132675
1314142431777107970
1314142432175431680
1314142440027291653
1314142449971982336
1314142462542139392
1314142469332893697
1314142471035682817
1314142472063406080
1314142474697310208
1314142478002520067
1314142480321990657
1314142484969127936
1314142490849665025
1314142512097894401
1314142540702994432
1314142543886594049
1314142547552407552
1314142571447218176
1314142583229018115
1314142584244240384
1314142586358112256
1314142591290613761
1314142592255361024
1314142604339015680
1314142609527525376
1314142642285015040
1314142666876227586
1314142681799380992
1314142687415734272
1314142688069914624
1314142707854372866
1314142713328041986
1314142723281018880
1314142724401045504
1314142730700890114
1314142734374989824
1314142735524339712
1314142777073192960
1314142779296026626
1314142796681482242
1314142798174617602
1314142808731770888
1314142811466342402
1314142823432810496
1314142840566345728
1314142844483891200
1314142851442319360
1314142851702296576
1314142868223787008
1314142869171699712
1314142880127217664
1314142909453627392
1314142915678134272
1314142921524871168
1314142926016978946
1314142936884338688
1314142944090304513
1314142952650833921
1314142960112541696
1314142960968183814
1314142966303293440
1314142969541332992
1314142973794414592
1314142974230568961
1314142994568601600
1314143001179025408
1314143016760860673
1314143025363288064
1314143031696785408
1314143057307144192
1314143067868282881
1314143068178673664
1314143070540234753
1314143082510782465
1314143088001114113
1314143089666207745
1314143095487967232
1314143110692311042
1314143122469859329
1314143139725217792
1314143143483174912
1314143158729617408
1314143194108624897
1314143201570156545
1314143203105353728
1314143203474501637
1314143228871020544
1314143239574872065
1314143246814068737
1314143275457171456
1314143283593900032
1314143299586805760
1314143309414137856
1314143310244503552
1314143313197375495
1314143318759149569
1314143321262968832
1314143339223056385
1314143370944675840
1314143379878342656
1314143383913402370
1314143388791382017
1314143391756812288
1314143398417313792
1314143410949812224
1314143426087059456
1314143432739356672
1314143437164351489
1314143443619319808
1314143445691363329
1314143448702881799
1314143452481945600
1314143463529738240
1314143465568169984
1314143466709024768
