1322448205909422080
1322448218211250177
1322448219486392320
1322448222237937664
1322448231176015874
1322448237480022016
1322448243578400769
1322448258774507521
1322448273509068800
1322448274637377537
1322448285299331073
1322448286947573761
1322448297487990786
1322448298125524995
1322448321521180672
1322448325493313536
1322448348952092672
1322448350520594433
1322448358938677248
1322448359538499589
1322448366400405506
1322448368698904578
1322448369315278848
1322448375124500480
1322448381382402049
1322448384884658177
1322448388361736192
1322448400781070336
1322448410797088768
1322448418803978240
1322448427813347328
1322448440132030465
1322448447757262848
1322448466489073664
1322448469357785089
1322448508306284544
1322448512290856960
1322448536420651008
1322448546877067265
1322448556897259520
1322448564732063744
1322448592867569665
1322448657501868032
1322448684349595648
1322448687751143424
1322448711805476864
1322448741635395584
1322448767212261376
1322448769460232194
1322448778968866816
1322448785348415489
1322448786124320771
1322448786912923649
1322448793145585669
1322448807595036672
1322448831150260224
1322448839241072640
1322448873919553537
1322448876700229633
1322448877212094464
1322448888440229888
1322448907419308033
1322448909411799040
1322448914323222528
1322448938511814657
1322448961798627328
1322448973315993608
1322448977837608965
1322448980991758336
1322449031226892289
1322449035605741571
1322449041318387713
1322449052370436096
1322449069361430533
1322449080463884291
1322449101330460672
1322449114206973954
1322449122037796865
1322449125401534466
1322449138550788096
1322449141075709952
1322449149019648000
1322449156540108800
1322449167244025856
1322449167608893440
1322449172495130624
1322449176412659713
1322449195723300865
1322449218188042244
1322449220767547392
1322449231005786113
1322449245614604288
1322449248630263808
1322449258352533507
1322449260521132032
1322449270650318848
1322449277466148865
1322449286647394310
1322449291915497472
1322449292213190657
1322449293110857729
1322449293610012672
1322449296566964224
1322449297431027714
1322449311809110021
1322449318352179201
1322449325411180544
1322449343073472512
1322449352820928517
1322449353303232514
1322449359955324928
1322449385888899072
1322449390292897793
1322449399507804160
1322449399855931392
1322449413919412226
1322449414171086848
1322449436933541888
1322449465102409728
1322449474539708416
1322449492004818945
1322449492365500416
1322449503094362112
1322449513072758788
1322449514003800064
1322449520278601728
1322449526125481985
1322449536195940353
1322449554071904256
1322449563916054528
1322449566231244801
1322449576947818497
1322449577203634177
1322449578831028226
1322449594274426880
1322449597734834177
1322449638591516672
1322449645075865602
1322449666420736000
1322449677707595776
1322449682732212225
1322449693444608001
1322449693662711808
1322449702932127744
1322449709814980608
1322449751430864898
1322449777632501762
1322449777955655680
1322449779251679232
1322449814169288705
1322449826957721604
1322449832716414978
1322449835002339329
1322449843210592256
1322449865209749504
1322449874424647681
1322449877767507969
1322449891814244352
1322449892573290501
1322449926840877056
1322449930456367104
1322449949796098048
1322449952329682946
1322449957949878273
1322449961552736257
1322449982771920897
1322449985183645697
1322449985028370432
1322450001599975424
1322450026791084032
1322450028393353216
1322450030419234816
1322450031903969280
1322450038908354561
1322450051784876032
1322450100593938432
1322450103190360064
1322450108680724481
1322450117287419904
1322450117798981632
1322450117996150785
1322450125759893505
1322450126380687360
1322450127630512128
1322450133490040832
1322450133670309888
1322450145951272960
1322450153572282368
1322450181300912134
1322450183343529988
1322450188578021376
1322450192608747520
1322450195230019590
1322450195523735552
1322450210463907842
1322450214872076288
1322450242655145984
1322450250376904704
1322450255472959488
1322450263207194625
1322450268529852416
1322450285432885249
1322450319893274624
1322450331314380802
1322450333344346114
1322450345352552449
1322450349832040449
1322450377095155719
1322450394145054721
1322450418182483969
1322450441632804864
1322450446712250368
1322450448859557889
1322450470825271296
1322450488491692032
1322450491830358016
1322450515649830912
1322450519382806528
1322450522574475269
1322450531890155521
1322450574105735169
1322450606766747648
1322450622109622272
1322450622625599489
1322450639692001282
1322450646327590912
1322450658776133632
1322450660609134592
1322450671690522624
1322450673074655232
1322450680162979840
1322450688459345921
1322450692053880833
1322450704301260800
1322450705475657728
1322450716565426182
1322450723578105856
1322450732096868352
1322450757770076160
1322450760211320832
1322450763038236672
1322450790422925312
1322450801109929984
1322450809947213824
1322450819292127233
1322450828221992960
1322450829614276609
1322450829652078595
1322450847385739264
1322450852095819776
1322450874040537088
1322450896748482561
1322450906227433472
1322450909759156224
1322450910904262656
1322450939773702144
1322450952490799105
1322450958773751808
1322450963463131137
1322450970131849218
1322450999051628544
1322451009675927554
1322451015778664449
1322451016890093568
1322451044136341505
1322451046984228866
1322451056140439552
1322451058585731072
1322451058870943746
1322451095730487297
1322451114302803968
1322451118463602689
1322451126600536064
1322451128160784387
1322451133252608002
1322451140215263232
1322451145219067905
1322451148977147904
1322451165905408001
1322451170351222784
1322451190433591296
1322451191800897536
1322451196523806722
1322451197509382148
1322451217302327297
1322451219982491651
1322451222041944064
1322451252995915777
1322451253109161984
1322451260239499265
1322451268091187205
1322451276978917377
1322451298558660610
1322451309480562689
1322451319542657026
1322451324559130632
1322451327046324224
1322451332456996865
1322451345127911424
1322451371833004034
1322451380683051010
1322451388023099393
1322451392498405376
1322451406025035776
1322451423603396609
1322451429676752902
1322451437109055488
1322451467064745986
1322451475419729922
1322451484857016321
1322451495313317889
1322451501902712834
1322451524971302915
1322451536883208192
1322451553345744897
1322451555333885953
1322451558076948481
1322451559880577026
1322451576854859776
1322451596366749698
1322451601248997376
1322451635478663169
1322451638204788738
1322451642034184194
1322451652209770497
1322451655347048455
1322451659709124609
1322451664801058816
1322451675848810496
1322451683520241665
1322451684916891648
1322451688146587648
1322451694207131653
1322451700628729856
1322451718160977923
1322451723055583232
1322451728093057024
1322451732375441409
1322451737316413441
1322451757168009221
1322451758363365376
1322451767897038849
1322451770359033856
1322451773739528192
1322451782199582722
1322451790390964224
1322451817700204544
1322451835593105408
1322451842542891010
1322451853293080577
1322451866714841088
1322451869696991237
1322451871802556417
1322451881130602496
1322451884691517442
1322451897647845377
1322451902743957504
1322451917499326464
1322451931839823873
1322451935346089984
1322451939850858497
1322451949606887427
1322451953494888448
1322451996788416514
1322451997350600705
1322452002174107648
1322452018569510912
1322452027193085952
1322452028069715968
1322452054418272256
1322452057794744321
1322452066028134402
1322452070075609089
1322452084919324672
1322452085405863938
1322452086131478528
1322452090585784320
1322452104426872837
1322452109858623491
1322452115487363072
1322452125683691520
1322452157501739010
1322452168641777664
1322452169728040960
1322452192557629440
1322452206206013441
1322452214141648896
1322452223960506368
1322452238518898688
1322452238422429696
1322452260249546752
1322452263797989378
1322452270181715968
1322452280982048770
1322452286816329728
1322452292453498881
1322452327098449921
1322452327320735745
1322452334144679936
1322452386032607233
1322452398426759168
1322452403854127104
1322452405531906051
1322452407922630657
1322452408929259520
1322452418861453312
1322452419112919040
1322452434300530692
1322452442852827136
1322452459818811392
1322452459961393157
1322452466831708161
1322452468626821123
1322452482342223872
1322452488239390720
1322452498809016325
1322452516622290944
1322452521143672838
1322452534062186499
1322452544359174145
1322452544518541313
1322452554245005312
1322452592719515649
1322452595017977856
1322452620494180352
1322452634046005249
1322452643491598336
1322452654438649856
1322452656195989504
1322452662546132992
1322452672004444162
1322452677612212225
1322452682548908033
1322452687829479424
1322452714979270656
1322452740887425025
1322452744196771841
1322452758914605057
1322452758398672896
1322452762207129601
1322452762882383873
1322452764715327489
1322452788933140482
1322452791617593344
1322452792162820096
1322452795694469120
1322452800853475333
1322452803520966657
1322452806482223104
1322452815042719744
1322452831358668800
1322452843530457088
1322452849704505345
1322452850786664450
1322452850979540992
1322452858529198080
1322452880368918529
1322452881316958213
1322452896416440320
1322452913801875456
1322452952330739716
1322452963219169280
1322452970152300544
1322452974438916096
1322452981695078405
1322452987147513857
1322452995112656896
1322453001093742592
1322453006097502208
1322453014607667200
1322453020349767681
1322453022321135616
1322453028520271872
1322453051026923521
1322453050955542528
1322453067296579584
1322453069280534530
1322453075840434176
1322453089559990272
1322453112934850561
1322453116109967361
1322453123227701248
1322453123596627968
1322453124439855104
1322453127916933121
1322453130630598657
1322453140604624898
1322453140881477634
1322453154345177088
1322453159244144641
1322453164084367361
1322453170908499970
1322453171466362880
1322453174653890561
1322453174930866176
1322453191984898049
1322453193096335360
1322453193910067200
1322453199664590848
1322453200952299522
1322453244929429504
1322453251506266112
1322453263103479808
1322453265175486465
1322453268749078530
1322453276638392320
1322453291431723008
1322453297807216641
1322453322314514432
1322453325737086976
1322453327850868736
1322453344791764992
1322453346435944448
1322453378618839040
1322453389385543681
1322453400533884933
1322453441625706497
1322453442451955712
1322453476023144453
1322453487251267585
1322453492527673350
1322453492183658496
1322453515961167872
1322453519459385344
1322453524169502721
1322453530469388288
1322453531970981888
1322453541705842690
1322453559514931202
1322453564078186496
1322453565764521994
1322453587981729792
1322453591806849026
1322453592448602112
1322453592578625537
1322453603127185409
1322453607917105153
1322453609305485312
1322453617211777024
1322453627567370240
1322453645850533889
1322453652607537152
1322453655400964098
1322453666239008768
1322453666528403456
1322453678968754176
1322453690675011585
1322453703962595330
1322453713164865536
1322453742600523776
1322453761785290753
1322453766323408897
1322453770433908736
1322453793506619395
1322453805322043401
1322453816361574400
1322453819297615874
1322453846753529858
1322453870354735107
1322453876516114433
1322453876742803457
1322453881054498817
1322453898259505152
1322453900537057280
1322453901879115776
1322453905784119299
1322453927208636418
1322453953183887361
1322453968904212480
1322453981524905985
1322454014085206016
1322454019688771584
1322454035522293761
1322454041905958914
1322454058876227584
1322454065889107970
1322454066488844288
1322454080460128259
1322454096272486402
1322454098155835392
1322454116648525824
1322454132318330882
1322454139448762368
1322454147380097024
1322454149448028161
1322454151100534789
1322454160168681472
1322454165734510592
1322454169144324096
1322454170591514624
1322454173900808192
1322454178250317824
1322454179240058882
1322454186005536768
1322454186399858688
1322454211754401792
1322454228539985920
1322454232197259264
1322454241407983617
1322454248291008512
1322454267081478144
1322454292637405188
1322454302154133505
1322454316993699840
1322454326007242752
1322454376124993537
1322454405543854080
1322454408177745920
1322454408412758016
1322454419716362241
1322454431787569153
1322454458807275525
1322454468198354944
1322454470458896384
1322454482563682304
1322454513442279424
1322454521805787138
1322454524192296962
1322454541846093824
1322454550674960384
1322454553980293120
1322454559948759048
1322454568052137988
1322454572523278336
1322454596049080320
1322454605175934982
1322454629720862720
1322454639959179264
1322454642664628225
1322454650369572864
1322454657134780417
1322454657399226369
1322454658875535360
1322454659303411712
1322454666945376257
1322454691121418240
1322454711589576705
1322454713451876353
1322454714949095425
1322454726936506370
1322454733219602432
1322454762093240320
1322454769995337730
1322454770548834304
1322454770729115650
1322454772281090048
1322454772046245888
1322454783299649536
1322454786596249600
1322454787699449856
1322454792141234176
1322454792808108032
1322454794380943360
1322454794506772485
1322454800810840064
1322454815738417152
1322454853327769607
1322454857593348096
1322454860575354881
1322454864639619072
1322454865344430080
1322454870989762560
1322454874353709056
1322454875003932672
1322454887377084416
1322454887595155456
1322454887704178689
1322454888287227904
1322454918674829312
1322454918888738818
1322454920084140032
1322454954142031872
1322454969098903552
1322454981153378306
1322454984642957314
1322454998966558722
1322455000157618177
1322455005992026113
1322455014770704389
1322455024551735299
1322455028620124163
1322455051311435776
1322455054159433729
1322455058106195968
1322455060111122434
1322455067908255744
1322455067971227651
1322455069837664257
1322455071318253570
1322455084693966848
1322455112560877569
1322455115857625093
1322455126590849025
1322455127828144130
1322455130516738048
1322455131045220353
1322455134895558656
1322455140595601408
1322455147398811648
1322455152578732038
1322455160958947328
1322455191573143553
1322455203900203008
1322455212523737088
1322455225236598784
1322455229539983362
1322455232488550400
1322455249043509248
1322455253871112192
1322455263325179904
1322455281608044544
1322455283231297536
1322455285374586880
1322455298532139010
1322455301564452864
1322455309730959360
1322455339749543936
1322455340257021952
1322455360926568448
1322455362533003265
1322455376457969665
1322455385144524800
1322455388155834370
1322455396548812800
1322455401015762944
1322455403557519361
1322455418396905473
1322455419600687104
1322455424302501888
1322455431575412736
1322455437816532994
1322455437862674432
1322455462273581056
1322455464752357376
1322455490895532032
1322455498067709952
1322455498881265664
1322455513376858113
1322455527100682240
1322455530284195840
1322455538093928448
1322455538840432642
1322455552685973504
1322455567902765056
1322455590489280513
1322455594788413445
1322455616837832704
1322455621376057344
1322455622231744512
1322455623708147713
1322455632398766080
1322455644226674689
1322455652694814720
1322455657497448448
1322455660139810820
1322455665185640449
1322455699121561600
1322455703055933441
1322455705362685952
1322455728490237953
1322455731317006338
1322455748576710656
1322455749361020928
1322455751068065792
1322455751470813185
1322455752267751424
1322455753182105600
1322455763953033216
1322455764221526016
1322455765794332673
1322455775957131264
1322455776246566918
1322455779576745984
1322455781720150016
1322455782525317121
1322455784849051649
1322455795003437057
1322455799604469761
1322455801240444928
1322455817753415680
1322455845448331265
1322455849588137984
1322455850213146626
1322455863324532737
1322455868701638657
1322455876297523201
1322455877912330245
1322455891267014656
1322455891308892161
1322455895540932608
1322455894970507265
1322455896761524224
1322455897206120449
1322455906571997186
1322455911609282560
1322455957163696128
1322455972485472256
1322455977208152065
1322455980869775360
1322455989266784256
1322455990852354049
1322455995688386560
1322455999731666946
1322456001958871040
1322456042744274945
1322456045453791233
1322456051216719872
1322456058904875009
1322456061341700096
1322456062218436608
1322456092518031360
1322456103544885248
1322456105214246912
1322456106208288768
1322456118904475648
1322456125854289920
1322456127972405251
1322456132825325568
1322456139330658304
1322456146326753281
1322456157299056640
1322456166715150336
1322456169206607878
1322456177142321152
1322456180539740161
1322456185564504064
1322456186713743360
1322456189599363074
1322456195542798337
1322456215356612608
1322456218842128384
1322456234369470464
1322456234746851334
1322456251868061697
1322456258599964672
1322456263708438529
1322456275171438593
1322456289981702144
1322456302870736901
1322456311154544641
1322456311888408576
1322456344188932097
1322456350283206656
1322456354506776578
1322456354930479104
1322456366976503808
1322456373259653122
1322456374073266177
1322456383564976128
1322456383879565313
1322456390766632960
1322456411775799297
1322456413533253633
1322456415781351424
1322456429366808576
1322456438661406720
1322456439437336576
1322456445837860864
1322456446403973121
1322456446915637250
1322456456042598400
1322456469493657600
1322456472274542594
1322456479480369152
1322456499281678336
1322456506672046080
1322456513542152192
1322456521255624704
1322456521343700994
1322456531997204480
1322456532655710209
1322456533897158657
1322456539299393537
1322456540859768833
1322456542365380608
1322456547407089666
1322456555116265479
1322456558844977153
1322456587965927425
1322456591761891328
1322456607033155585
1322456607909765120
1322456608069218304
1322456610623676417
1322456611798003712
1322456623164592128
1322456626486517760
1322456635739176963
1322456640277389313
1322456655855001601
1322456684648894464
1322456691707924486
1322456706979430400
1322456718249525248
1322456754224070657
1322456770678296576
1322456771353600000
1322456773308026880
1322456775229018112
1322456782300696576
1322456788243943424
1322456789158404096
1322456795185598464
1322456798259982337
1322456808657747969
1322456809068765186
1322456826516963328
1322456832711950337
1322456842124075008
1322456844783276034
1322456849023672321
1322456854883041280
1322456861002637317
1322456872654352385
1322456886470475777
1322456894469001217
1322456912164724736
1322456914828120064
1322456919739564039
1322456929550110721
1322456941726224384
1322456971996356608
1322456976106917888
1322456976509472769
1322456986848391168
1322457004435251203
1322457014178635781
1322457031400398848
1322457033556299776
1322457061838508032
1322457064527044609
1322457067496579072
1322457076824682496
1322457080331120640
1322457105866067968
1322457109171183616
1322457117392076800
1322457118213959681
1322457130276921345
1322457131564617728
1322457141509324801
1322457144889872384
1322457154176061442
1322457158345232384
1322457167325204480
1322457167878914048
1322457186581254144
1322457192381992960
1322457193036324864
1322457201722728448
1322457211382177793
1322457243967725568
1322457244672397312
1322457281955508224
1322457287777087489
1322457287852761093
1322457291573002241
1322457310044717058
1322457316147548161
1322457329477033984
1322457341887942660
1322457376331616256
1322457390369792000
1322457391263293442
1322457391477084160
1322457401577013248
1322457408980078593
1322457425966960640
1322457434883960843
1322457448993771521
1322457468702740480
1322457470682517506
1322457473995911168
1322457476151812097
1322457488504008704
1322457494304772097
1322457494539653122
1322457497446342656
1322457501489537025
1322457507638378496
1322457508921880580
1322457519512539137
1322457523232808960
1322457548964900869
1322457549489266689
1322457558683160576
1322457576869605377
1322457580204032000
1322457582922092544
1322457588387127297
1322457597576925185
1322457607479742465
1322457610503610371
1322457631240429574
1322457641260621824
1322457653814071296
1322457659287764992
1322457660655099906
1322457697653051393
1322457698512838656
1322457703873155073
1322457707501289472
1322457711427133440
1322457711464730624
1322457714312810497
1322457718171598848
1322457728296648704
1322457738199265283
1322457744863977473
1322457779307712513
1322457787687981057
1322457797288730626
1322457803559178245
1322457811700248577
1322457813860442112
1322457815244562432
1322457833502171143
1322457837142986753
1322457837600165891
1322457843031773184
1322457844340432896
1322457854381420545
1322457878297374720
1322457884752490496
1322457890226163712
1322457890796539905
1322457894529413120
1322457898119761920
1322457899759644680
1322457900795760640
1322457907569528832
1322457914309713920
1322457933637160964
1322457936006942729
1322457941216317440
1322457942034178048
1322457947272863744
1322457962431078400
1322457972681965573
1322457986267316225
1322458022371717120
1322458028600250374
1322458040109568001
1322458045952176129
1322458046761762816
1322458051203551232
1322458053204201473
1322458057792720896
1322458063572520962
1322458070614745088
1322458090386710535
1322458105008017409
1322458107599966210
1322458135479623680
1322458141141946368
1322458146913374208
1322458154895134721
1322458158477037568
1322458168870522880
1322458171886034945
1322458182577512448
1322458192031436804
1322458197261611010
1322458209169379329
1322458232439320576
1322458243076136960
1322458243394842624
1322458254593695749
1322458267310804993
1322458283261779968
1322458287858700288
1322458290735976449
1322458295882469376
1322458299137216512
1322458306275905536
1322458308117209088
1322458313527824384
1322458313867563011
1322458317772509187
1322458318477078528
1322458331198361601
1322458344335036416
1322458354665619457
1322458356972355585
1322458391923494915
1322458395656544257
1322458397623656448
1322458408021360644
1322458420545507328
1322458428359454720
1322458437922496512
1322458438463533056
1322458438736236544
1322458447988883456
1322458459032485888
1322458461846839296
1322458467442008065
1322458474152906754
1322458485657759744
1322458486949744640
1322458499834662912
1322458513973497857
1322458519849885698
1322458536702521346
1322458541945356293
1322458551273574400
1322458556994641920
1322458559825747968
1322458561272635397
1322458574916780033
1322458579140550656
1322458590670655488
1322458594579828737
1322458598371328000
1322458600225218560
1322458602272149506
1322458608299376640
1322458609033244672
1322458620588519427
1322458647381872640
1322458664918278144
1322458670010048512
1322458676016291842
1322458683457081345
1322458690939543558
1322458720065015812
1322458720601821189
1322458739543334912
1322458740147200002
1322458741783089154
1322458747411828736
1322458763203387392
1322458772929994752
1322458782782410752
1322458801799389190
1322458811538571264
1322458822317887488
1322458847475322880
1322458851690618881
1322458852676304897
1322458871735222272
1322458871856812033
1322458876927770624
1322458877011595264
1322458883261161472
1322458890521530370
1322458907160227840
1322458915846692864
1322458917822234628
1322458918136750081
1322458919780950017
1322458935052427264
1322458941662613504
1322458953448595456
1322458961325527041
1322458963258953729
1322458965020725249
1322458977205067776
1322458993592324099
1322459000852652034
1322459034889445376
1322459036667826177
1322459048722096129
1322459051599548417
1322459060902359040
1322459066426257409
1322459067479187457
1322459080456286209
1322459097682202624
1322459113868046336
1322459116758093825
1322459124647530498
1322459127742754819
1322459134520950784
1322459138186760192
1322459153852452868
1322459158210293760
1322459178737324033
1322459189181075456
1322459191366291456
1322459195514433536
1322459214124638208
1322459222202867714
1322459232600576000
1322459241236570112
1322459241236570113
1322459249704841216
1322459257573429248
1322459263428485122
1322459279677411329
1322459281778757632
1322459291631190017
1322459302116777988
1322459310794878977
1322459313751924736
1322459326750011393
1322459332332716032
1322459338439593984
1322459342122242048
1322459345007845376
1322459346589097986
1322459350665994240
1322459354063425537
1322459358547087360
1322459358454833152
1322459359805349889
1322459364548960256
1322459379023536134
1322459379334041601
1322459383037644800
1322459389958201345
1322459390276894721
1322459392378286080
1322459418739445760
1322459424905154560
1322459427908235266
1322459438737952768
1322459443368468480
1322459445490843648
1322459450037383169
1322459451689996288
1322459466202271745
1322459476465766400
1322459477904367617
1322459480827797505
1322459497441435649
1322459524553449472
1322459524989669377
1322459528907153414
1322459535542378496
1322459544803516418
1322459546829422592
1322459559634632704
1322459584305442816
1322459604593319937
1322459605717442560
1322459606900244482
1322459607382532096
1322459617901735937
1322459622167511040
1322459628354023425
1322459633697673216
1322459639632535552
1322459656065847301
1322459663137411073
1322459669336653825
1322459685572636672
1322459694254968832
1322459695022485504
1322459702144471041
1322459706464632833
1322459709492940801
1322459737988976640
1322459740815855617
1322459744175591424
1322459749640790017
1322459758670983168
1322459769337241600
1322459772046712836
1322459772642193410
1322459796558258177
1322459800828071937
1322459804686843905
1322459821233360896
1322459832625094657
1322459838723444738
1322459841798045696
1322459845350486016
1322459848508903424
1322459850723393537
1322459863851610113
1322459864329834497
1322459864493416448
1322459878137372672
1322459880553402370
1322459884718379008
1322459892716744704
1322459894696550400
1322459904859381763
1322459920344776705
1322459923230322689
1322459938493394944
1322459941639053313
1322459949134393344
1322459952410173442
1322459956520636416
1322459958122872832
1322459960815587328
1322459968788926464
1322459976644833280
1322460011180732418
1322460025802076161
1322460027249197057
1322460028532568064
1322460050338779142
1322460052624756741
1322460070475694080
1322460078683901953
1322460083272507393
1322460089614274561
1322460091979845632
1322460098019643393
1322460098250223618
1322460115707068417
1322460143456583680
1322460144622432258
1322460148653326336
1322460151564148736
1322460166864982017
1322460175878492160
1322460188616609792
1322460192924069890
1322460194740133888
1322460199605731328
1322460207063191552
1322460211903262721
1322460228542177281
1322460249190731776
1322460249383702529
1322460254999924738
1322460285945454594
1322460292941402112
1322460294719954944
1322460300428353536
1322460311904047110
1322460314571575296
1322460316001882112
1322460333240471558
1322460342778236928
1322460369269465089
1322460382603214850
1322460389733507074
1322460390392037376
1322460401284558848
1322460406489714690
1322460417814388737
1322460422193192960
1322460426978971648
1322460428300128256
1322460428354596866
1322460431294881795
1322460441864335362
1322460449900646402
1322460456972283904
1322460462299127808
1322460464014647299
1322460465281290240
1322460484122169344
1322460494670815233
1322460499175526405
1322460499674451968
1322460510110044165
1322460517575909376
1322460518586683393
1322460522046988289
1322460552837308418
1322460567286681600
1322460569581084672
1322460579462705152
1322460596839817218
1322460612392292352
1322460613113602048
1322460614938165248
1322460614900547585
1322460615131226112
1322460639885959170
1322460643547664384
1322460652255010816
1322460660463259648
1322460667446665217
1322460669791424514
1322460681807998976
1322460685289312257
1322460688581861376
1322460706269204480
1322460707091341312
1322460727198842880
1322460729098862593
1322460735398531072
1322460744718442506
1322460749063688192
1322460754222620674
1322460758396018688
1322460759641698306
1322460763555012608
1322460769682923523
1322460780458053632
1322460787902918657
1322460791736463360
1322460791984005120
1322460794865487873
1322460801265971201
1322460815623147530
1322460837387341825
1322460854575648770
1322460855917826049
1322460856513400832
1322460858698637316
1322460875865923584
1322460894488596480
1322460919444721664
1322460928277970944
1322460941179588614
1322460958153998336
1322460962201415680
1322460998570266625
1322461011841077250
1322461025027780608
1322461026315497472
1322461028555304960
1322461032015691776
1322461038604808193
1322461051955412992
1322461052886503424
1322461057240236032
1322461069256916992
1322461069202305025
1322461078396243968
1322461086763855872
1322461094435266560
1322461111380185088
1322461113087365121
1322461143588347905
1322461144553005056
1322461150144040961
1322461168821297153
1322461174882074624
1322461175452442624
1322461178065522691
1322461180305186816
1322461180699549696
1322461184453341184
1322461185007144960
1322461194171621376
1322461199871758338
1322461210999140362
1322461213008289794
1322461235540099072
1322461239260438530
1322461272819027968
1322461289071915009
1322461290573504512
1322461294537150464
1322461295032061952
1322461311356280832
1322461324434132993
1322461325373677568
1322461327441481731
1322461327579906048
1322461333355433986
1322461337566519297
1322461362191273984
1322461365035040768
1322461367761338372
1322461379366772737
1322461397406650369
1322461400887906305
1322461407154036737
1322461411482705920
1322461430201929728
1322461437860614144
1322461444810723328
1322461461294288896
1322461468768559104
1322461490658639873
1322461493007437824
1322461498690752512
1322461506156548096
1322461517657395200
1322461517867044865
1322461519913865221
1322461539828264960
1322461543288766464
1322461549278224384
1322461550658150400
1322461550721093632
1322461558916714499
1322461570975387650
1322461582987841536
1322461585588150273
1322461591686840320
1322461592320094208
1322461596115996673
1322461612414963713
1322461617360007174
1322461623047589888
1322461631138451456
1322461637475971072
1322461639455789056
1322461645944356864
1322461676130783233
1322461684401872896
1322461696393465857
1322461696481525760
1322461699069366275
1322461701019738112
1322461707604840449
1322461717289381889
1322461722200793088
1322461725594210304
1322461794523373568
1322461821387919360
1322461832930451457
1322461847652622336
1322461863947415553
1322461868196286464
1322461876631097345
1322461905181573120
1322461915612815360
1322461951910273025
1322461977093021698
1322461985255075841
1322461988870483969
1322462006369308672
1322462017358213121
1322462018650148866
1322462041320411136
1322462052883947522
1322462071733153792
1322462073444585472
1322462086530797568
1322462113881796608
1322462115089784833
1322462118894067717
1322462127332958209
1322462129161707520
1322462138754125825
1322462144361738240
1322462177417138178
1322462180852211714
1322462199521202176
1322462202775900165
1322462218571685888
1322462233805393923
1322462241229139968
1322462270895607809
1322462288130035713
1322462300847149056
1322462309332193280
1322462311764938752
1322462312712777728
1322462321759932417
1322462335806701568
1322462339384463360
1322462348435742721
1322462389976080384
1322462392941424640
1322462393981718531
1322462405142618112
1322462407155978246
1322462410737934336
1322462416031129600
1322462421911506945
1322462422553268224
1322462429482160128
1322462439343050752
1322462477636919297
1322462484910014464
1322462498474385409
1322462502014300161
1322462502165213185
1322462510822416384
1322462511170347008
1322462519651405824
1322462530824859653
1322462550362071040
1322462563100217350
1322462569236484096
1322462590765813760
1322462593630437377
1322462597585772544
1322462602153332736
1322462607551295489
1322462624282374145
1322462635087007744
1322462661196566528
1322462667689369604
1322462673271967749
1322462729269993472
1322462732743069698
1322462744646438912
1322462745489481728
1322462754440097793
1322462790397923328
1322462792067276801
1322462801454051328
1322462818482843649
1322462827597254656
1322462830063484929
1322462839488073728
1322462844177338368
1322462851223740417
1322462852792246273
1322462855409577985
1322462858337202176
1322462865891172352
1322462871834390528
1322462882446123010
1322462908350169088
1322462922635833349
1322462925009920001
1322462931213291520
1322462943292903424
1322462964255846401
1322462975152791553
1322462980659941377
1322462981163261952
1322462991997173760
1322462993733414912
1322462997160349697
1322463009478946816
1322463017439821825
1322463021239775232
1322463023659929601
1322463033436774401
1322463036389519360
1322463039250190337
1322463042358181888
1322463053145755648
1322463053678563328
1322463056207765504
1322463058527072256
1322463065787502592
1322463066429284352
1322463094979858432
1322463101854261248
1322463105490845696
1322463112256212993
1322463113787150337
1322463118686113795
1322463130941710336
1322463133248749570
1322463133911449600
1322463147953893377
1322463148016865283
1322463181449633792
1322463184876437504
1322463212638400513
1322463221865918464
1322463229348614144
1322463236311011328
1322463236634062850
1322463243189846016
1322463246151000064
1322463247899987968
1322463255294472192
1322463255764283392
1322463255923728384
1322463262366142464
1322463270427611137
1322463274336690176
1322463287406174208
1322463292787482624
1322463295505342466
