1318537432271388674
1318537436427898881
1318537436688011264
1318537438277619714
1318537461430038531
1318537478463246337
1318537491822116865
1318537503549362178
1318537512005083137
1318537518246232065
1318537538504740865
1318537545408446464
1318537553583214598
1318537553662935042
1318537571077550082
1318537587166973954
1318537591382302721
1318537592283918337
1318537601570246657
1318537617680568320
1318537622080376838
1318537621946159105
1318537630762586113
1318537633719590912
1318537638530457601
1318537651734142978
1318537660575657984
1318537668121235456
1318537681442381824
1318537697565179905
1318537721305071617
1318537721439191041
1318537734600839174
1318537743392276480
1318537747888418816
1318537752426655744
1318537798849302529
1318537813760053248
1318537815026765827
1318537821045559301
1318537827483869185
1318537853056569345
1318537857619972096
1318537894185865216
1318537898971496448
1318537901890805771
1318537915207684101
1318537924191965184
1318537927350226944
1318537936141418496
1318537943796113409
1318537945553412096
1318537948401438721
1318537948699238401
1318537952910135302
1318537955309400064
1318537963572097024
1318537968932573187
1318537971209887747
1318537973122695170
1318537978927550465
1318537982987689984
1318537986552848388
1318537991204331525
1318537999559348224
1318538002562506752
1318538004135370752
1318538016055562240
1318538020497330176
1318538040613142533
1318538045180813312
1318538052977963014
1318538061291159552
1318538069482635264
1318538079574044674
1318538092429574145
1318538096103858176
1318538096837677056
1318538108921589761
1318538118027464705
1318538126109806593
1318538126428655618
1318538134058115072
1318538138306940928
1318538145315565572
1318538154840788998
1318538167956303872
1318538170577920002
1318538171500646401
1318538171957825537
1318538181956968448
1318538196393885702
1318538200797806592
1318538208989380610
1318538216677412864
1318538275137687554
1318538281705861123
1318538281869606913
1318538284138663938
1318538294280527882
1318538304833376263
1318538305827266563
1318538318607384577
1318538321102925827
1318538327876927489
1318538331051929601
1318538339612385282
1318538347384573954
1318538357408960513
1318538372147777541
1318538388706783232
1318538389189234691
1318538393085673472
1318538406641594369
1318538413490974721
1318538430280880129
1318538439235674114
1318538445715869696
1318538464560881665
1318538493665157123
1318538494134935552
1318538495137320960
1318538501265235969
1318538544172982275
1318538553144508419
1318538557930283008
1318538558278336516
1318538579291885568
1318538579455496192
1318538581514854402
1318538587894390784
1318538592063455235
1318538599852351488
1318538600208830465
1318538615102865410
1318538619032866819
1318538621381713923
1318538621436141568
1318538636619558912
1318538642017669120
1318538648652980224
1318538653455601669
1318538653870804992
1318538656790007808
1318538665912619008
1318538665551855617
1318538666155909121
1318538667045097473
1318538671411388416
1318538675693719552
1318538686028460033
1318538691648884736
1318538696065490946
1318538702793170944
1318538707172007936
1318538709566849032
1318538711349559297
1318538721311023110
1318538723869511682
1318538729309368323
1318538732732121088
1318538740894060546
1318538761991561217
1318538763627356161
1318538767939096577
1318538774377340930
1318538779527946240
1318538783680303104
1318538786750431233
1318538788646408192
1318538791393533954
1318538812860092418
1318538839481339906
1318538888609234944
1318538892224520192
1318538895739527168
1318538904966844417
1318538921165398016
1318538921786044416
1318538946834583553
1318538947941761026
1318538950437457922
1318538952224092164
1318538958993821696
1318538963783593984
1318538968510701568
1318538972310786051
1318539005634486272
1318539006791938050
1318539009715507200
1318539013372993539
1318539018552987650
1318539022399082497
1318539027323232258
1318539027776212993
1318539045086048257
1318539053709623300
1318539055144050690
1318539060600803330
1318539076455206912
1318539085645041675
1318539088639635456
1318539107308433408
1318539108273315840
1318539109816741888
1318539110793895936
1318539115248451584
1318539118339653634
1318539124039688192
1318539139252367361
1318539149054517251
1318539157539495936
1318539166448222209
1318539200002740225
1318539204259991553
1318539207753674752
1318539212673699842
1318539215853027328
1318539231963336706
1318539235704606720
1318539243980029958
1318539245657739266
1318539248556007424
1318539260501307396
1318539266633457664
1318539266872496129
1318539270655717376
1318539275877711875
1318539282647113729
1318539284434112517
1318539285885198336
1318539299604758530
1318539307070742528
1318539309155319813
1318539328759291907
1318539349957529600
1318539363840647169
1318539374817136641
1318539375110541312
1318539378503962625
1318539382618529795
1318539392173154304
1318539409017442304
1318539417196351488
1318539421155807234
1318539443305840641
1318539452017410049
1318539456358588416
1318539458078150656
1318539463744757768
1318539470745067521
1318539470942199810
1318539486830133250
1318539488331792389
1318539501514477568
1318539501749346305
1318539513627639810
1318539548264202242
1318539550801711106
1318539555595821056
1318539560465424384
1318539561824362497
1318539582623842304
1318539584221970432
1318539585069207554
1318539597547175942
1318539598583222274
1318539605361283072
1318539635283251200
1318539644280209408
1318539649535627271
1318539651230162944
1318539653381750786
1318539663561416708
1318539665599758339
1318539690602057728
1318539690883059713
1318539703075983360
1318539715184820224
1318539723200233475
1318539755819323393
1318539768234496001
1318539774278455308
1318539777314967552
1318539794176114688
1318539798223736839
1318539798823473152
1318539799813304321
1318539802749194241
1318539803932172291
1318539806742228997
1318539810177380352
1318539811842629639
1318539872576131072
1318539900967358471
1318539904855478273
1318539919275548678
1318539927857094657
1318539931946536961
1318539961935761408
1318539987420352516
1318539995049791491
1318540007351623680
1318540024997138432
1318540043049467905
1318540045796728832
1318540061089107973
1318540080873578499
1318540085080436739
1318540088758968320
1318540091304759296
1318540092823293953
1318540100750299138
1318540120652500992
1318540124716593152
1318540159084826624
1318540171290288129
1318540171575373825
1318540184070311936
1318540188369420288
1318540189023744002
1318540192358215682
1318540197781438472
1318540200214204422
1318540205343768577
1318540209408122881
1318540216903368706
1318540222423072768
1318540222234243078
1318540235869949955
1318540244342407168
1318540255398662144
1318540255931359232
1318540259685208065
1318540260188561410
1318540271550976002
1318540302110629889
1318540315200942082
1318540318132883457
1318540331785342976
1318540332217282560
1318540334780088322
1318540339041415168
1318540344334733313
1318540368699412480
1318540370364440576
1318540372855934977
1318540385929539585
1318540395056422913
1318540397681938433
1318540398680301569
1318540401603694592
1318540409975558151
1318540411342737408
1318540412290764801
1318540423779016704
1318540428459859968
1318540431420948480
1318540435275587586
1318540474328748032
1318540475184369675
1318540499595165697
1318540503181348865
1318540503776956416
1318540519438491649
1318540527965413383
1318540528426823681
1318540540216975363
1318540549272391681
1318540549775818758
1318540549817774083
1318540550480408577
1318540579597320201
1318540604306038787
1318540613168599041
1318540659788308481
1318540662288076800
1318540663705735168
1318540664238374912
1318540690880692225
1318540705338327040
1318540720630829057
1318540719343239173
1318540722476339200
1318540734547591168
1318540739710717952
1318540752243191808
1318540768382943233
1318540791866920960
1318540800704286721
1318540800834347010
1318540805192192000
1318540813606014977
1318540815120142339
1318540826075684865
1318540847118348290
1318540851623137281
1318540855188156417
1318540872678592512
1318540894543425546
1318540896535760899
1318540901753344002
1318540906413305858
1318540910305583106
1318540910204956674
1318540919323332608
1318540957483225092
1318540976873377794
1318540993805885441
1318540995642970113
1318541033295183872
1318541060495257601
1318541073124347910
1318541074558693379
1318541081819185152
1318541085598228481
1318541093642948609
1318541112022167552
1318541114840928256
1318541119878287363
1318541128673693696
1318541144276586501
1318541157647880192
1318541166892167168
1318541178522996737
1318541194830360576
1318541202640277504
1318541209246310409
1318541213079830530
1318541225713045504
1318541233950740480
1318541236471476227
1318541241609584642
1318541241487941634
1318541248936988672
1318541266385276928
1318541282738917377
1318541291609821186
1318541296173305858
1318541299167973376
1318541304704520192
1318541320697368577
1318541334060425216
1318541336845365251
1318541350602768385
1318541372144705537
1318541406286348288
1318541414297440256
1318541422514081794
1318541425550786560
1318541429996625920
1318541439127719937
1318541454676033536
1318541459461648386
1318541469058301953
1318541485416026115
1318541517292675072
1318541517414420480
1318541520023261191
1318541555356082178
1318541556899524610
1318541560032710656
1318541571873251328
1318541581461442563
1318541582379909125
1318541592869961729
1318541597257195522
1318541602768433163
1318541609617649664
1318541615775047682
1318541634703888384
1318541635635077122
1318541640064225294
1318541670003187712
1318541676957356032
1318541727020556289
1318541736117997569
1318541740043915265
1318541740001865730
1318541744347271168
1318541748126289922
1318541749233414144
1318541781345120262
1318541785887612930
1318541798336233472
1318541807953862656
1318541813674893313
1318541823732797445
1318541850647592967
1318541851054514176
1318541879923834881
1318541896784826368
1318541932663050240
1318541938207936515
1318541961058504708
1318541978687148032
1318541978771066882
1318541980972953602
1318541982642409472
1318541988975857666
1318541991240781825
1318541992876363776
1318541995632136192
1318542002351304710
1318542009376952321
1318542013617364993
1318542025977962496
1318542055849807874
1318542085822193664
1318542088330498048
1318542088968032258
1318542096681340931
1318542112728649733
1318542130856558593
1318542136107626497
1318542140134350849
1318542154818555904
1318542155108024320
1318542159608504322
1318542159688159234
1318542180559052806
1318542193389436928
1318542193632706560
1318542231444258816
1318542232597663745
1318542234325782529
1318542239845416960
1318542240264953859
1318542242651512835
1318542243087732736
1318542247160246272
1318542251778297866
1318542265795661827
1318542278269480961
1318542290529316866
1318542295315206144
1318542298687414273
1318542308443328514
1318542311182270468
1318542314827034625
1318542315078680579
1318542317217861632
1318542322926190592
1318542336264208387
1318542356581404672
1318542358087127040
1318542361824088064
1318542364378566656
1318542367193026561
1318542377406156804
1318542420477345792
1318542441897725960
1318542444808474625
1318542465763246080
1318542471673057281
1318542488030875651
1318542496159330304
1318542546293936135
1318542554263072771
1318542557975072771
1318542558629404673
1318542558813802496
1318542559380004864
1318542568624328704
1318542575645691911
1318542583828783106
1318542584667643905
1318542596571004928
1318542605630820352
1318542620939964418
1318542639856308230
1318542641915625473
1318542643593416705
1318542661020766215
1318542676468387842
1318542676871045120
1318542681547689985
1318542688661213187
1318542701000798214
1318542720911183878
1318542726569160705
1318542734186205185
1318542737579241472
1318542747125616640
1318542752116842496
1318542752724996108
1318542767686094850
1318542777525825536
1318542801395732487
1318542819087306755
1318542834610425860
1318542836124602371
1318542838402080781
1318542862645153798
1318542869175611392
1318542886284165120
1318542905653579777
1318542910766387202
1318542924548698112
1318542931863740416
1318542935911063553
1318542961634906113
1318542965678145536
1318542966089306114
1318542973668294657
1318542977531301892
1318542981541122051
1318542991326384128
1318542999647760384
1318543016383123458
1318543024234835968
1318543025107251200
1318543027401641987
1318543035496599554
1318543041272160261
1318543041754501124
1318543047139954689
1318543048285032448
1318543054790340609
1318543059227873280
1318543066727370752
1318543070162542592
1318543070225436672
1318543074788888576
1318543078299455493
1318543087103283201
1318543094661472256
1318543096297213952
1318543110675320832
1318543132754141184
1318543146767319041
1318543155185135616
1318543156078612480
1318543156590178304
1318543161568813058
1318543162688798721
1318543182578257920
1318543192334225409
1318543199061815296
1318543214391955456
1318543220377354246
1318543225272098817
1318543229856473090
1318543233107087361
1318543241667596288
1318543245744373760
1318543247359311872
1318543247749337095
1318543254208602116
1318543258721681415
1318543263310188548
1318543273208721408
1318543281022750723
1318543284306911232
1318543288975216642
1318543296990498817
1318543302497587202
1318543302459822082
1318543303932071936
1318543360001388544
1318543389558800388
1318543402665992192
1318543410010128386
1318543410756784131
1318543423230648320
1318543425743032329
1318543426124713986
1318543431229198336
1318543439844302849
1318543444390875138
1318543448622927872
1318543457380573185
1318543465123368960
1318543465576366082
1318543478242996224
1318543497255882754
1318543501064327176
1318543500946886656
1318543503148961799
1318543531666006019
1318543533117214720
1318543535629623298
1318543564696059905
1318543572379918336
1318543572447252482
1318543579132866560
1318543602096721920
1318543602398633984
1318543606836121600
1318543607238938624
1318543610791534592
1318543615996665856
1318543642970173441
1318543648976494592
1318543653732634625
1318543670488989703
1318543673362055169
1318543674301648898
1318543689820549120
1318543711618408448
1318543721403731970
1318543734066339841
1318543736935153664
1318543740693348355
1318543745848135682
1318543749836931074
1318543757030117378
1318543761144729601
1318543761807474692
1318543762885382144
1318543765288722436
1318543779566178305
1318543786742599682
1318543787619020800
1318543799229075459
1318543799556186115
1318543825875488768
1318543832980557830
1318543833559388162
1318543836759642113
1318543845500604421
1318543863229771776
1318543883324649472
1318543887556923395
1318543922315014151
1318543924575850497
1318543931131465729
1318543934415687680
1318543949980528640
1318543958524547073
1318543964002275339
1318543977700855808
1318544001168007175
1318544002665402368
1318544012974981123
1318544029861249024
1318544039948349442
1318544063881187329
1318544067505115142
1318544068398415872
1318544087801384960
1318544101680193536
1318544110995836928
1318544122886692865
1318544123423543299
1318544130398715905
1318544133175320576
1318544143627489288
1318544143958802432
1318544157611347970
1318544159553298438
1318544170030632963
1318544176036929537
1318544190238752768
1318544201236336650
1318544210740563970
1318544211340369920
1318544242906681344
1318544244089434115
1318544261231439872
1318544265165873156
1318544308887261185
1318544316801912835
1318544327879122948
1318544336603258883
1318544340822773767
1318544350234746881
1318544358447194112
1318544358438821897
1318544371508219905
1318544382686072835
1318544387215921152
1318544390147723266
1318544398636941313
1318544403233988614
1318544408279736320
1318544411530231809
1318544420065640448
1318544420560658432
1318544425199566850
1318544428697604099
1318544433248407558
1318544433621630979
1318544449161457665
1318544453771141120
1318544461551554560
1318544463229296641
1318544471609409536
1318544474830680067
1318544488353177619
1318544500814434308
1318544542795259907
1318544545521467407
1318544562588053504
1318544592007012354
1318544593730834432
1318544595760738304
1318544596910153730
1318544606003429377
1318544609795055621
1318544619005640704
1318544623007158272
1318544625297203201
1318544635162132481
1318544663708618762
1318544664560078850
1318544675826028545
1318544680137691138
1318544696541696001
1318544700987551744
1318544706742194176
1318544713188839425
1318544723838197764
1318544735821271042
1318544735846490112
1318544738786500609
1318544751298228225
1318544753198166016
1318544781962870794
1318544794671587331
1318544806851842049
1318544815429177351
1318544831979917313
1318544836224569344
1318544837583536131
1318544843115843587
1318544861205827586
1318544874266750976
1318544877395869697
1318544898778226688
1318544906957279233
1318544912573489152
1318544919737307139
1318544920420831232
1318544949089062912
1318544957548990466
1318544965765615619
1318544975651655680
1318544976008151044
1318544983608020992
1318544986045095941
1318544994676899844
1318544995352080384
1318544999928205312
1318545000288931842
1318545002809667596
1318545002725855232
1318545011957506055
1318545015644323842
1318545016051146759
1318545020576780293
1318545024343175168
1318545027899981833
1318545028638232576
1318545037362343953
1318545054529515520
1318545054722609152
1318545057092427779
1318545061731291137
1318545087656120320
1318545100071456770
1318545101048655874
1318545117565911041
1318545120912904194
1318545129871937537
1318545143864197122
1318545147328663553
1318545149421522944
1318545166614102016
1318545167092244481
1318545173287211014
1318545184284659717
1318545184175566848
1318545191503040514
1318545216685658113
1318545220942860289
1318545243369840643
1318545259194994689
1318545284088123397
1318545286025850881
1318545289083498498
1318545305940361216
1318545314341658630
1318545321711063041
1318545321908178944
1318545327012614147
1318545331370528770
1318545343701798917
1318545361519214592
1318545377201717256
1318545382276845572
1318545393685303306
1318545394876416001
1318545398244515846
1318545399301459978
1318545403026067459
1318545406758977536
1318545411020361729
1318545415139184643
1318545423154450433
1318545427403255808
1318545439109615619
1318545439226998784
1318545456524414976
1318545482835255303
1318545499797020673
1318545506935635973
1318545516129636352
1318545524866359296
1318545535842779140
1318545537193357319
1318545539504459777
1318545543702978561
1318545548077654016
1318545558861217794
1318545569871237120
1318545570227769345
1318545599986356225
1318545603656286209
1318545612254539776
1318545615341690881
1318545628708864000
1318545636036325381
1318545640796901377
1318545642088730631
1318545645993680896
1318545648774467586
1318545654059327488
1318545657393778690
1318545662045204480
1318545666017210371
1318545674695135232
1318545690813960192
1318545691749343240
1318545694999912456
1318545709386387467
1318545711928102913
1318545722468409349
1318545725274398722
1318545726079684611
1318545729774931969
1318545741585985540
1318545746778611713
1318545749064486912
1318545757813809154
1318545762851106818
1318545770870616067
1318545778608992256
1318545784040787968
1318545784242081793
1318545805708562432
1318545808816545794
1318545813350612992
1318545817695887363
1318545822330556419
1318545826415869952
1318545829398020101
1318545835353833473
1318545837014831104
1318545838696730626
1318545858405801989
1318545859844464645
1318545862910447619
1318545871684907011
1318545876483100672
1318545879448588290
1318545905793093633
1318545908561289223
1318545935874621441
1318545955956924417
1318545956204314632
1318545980501893120
1318546001733484544
1318546022143086595
1318546034805645313
1318546034897846275
1318546040556081152
1318546060034383873
1318546072323633152
1318546073170968578
1318546085980274688
1318546107312517120
1318546115298545666
1318546118427422724
1318546122747617285
1318546127940165633
1318546128057462785
1318546128154054659
1318546132092465152
1318546135942893569
1318546156129955840
1318546168696180737
1318546174283010051
1318546182944280578
1318546190699515906
1318546195782971398
1318546199444656128
1318546203714441218
1318546204024819712
1318546214816710657
1318546245812690948
1318546254603964423
1318546254138396672
1318546262040498177
1318546266977087488
1318546269376217095
1318546277852979200
1318546295708176384
1318546299608879114
1318546300938424321
1318546304650403840
1318546312007135234
1318546312187514888
1318546317111644161
1318546319678517248
1318546320404119555
1318546371604107267
1318546384845443072
1318546392235839490
1318546405603086343
1318546416374059009
1318546434996817927
1318546434992603143
1318546437370687489
1318546443842576385
1318546451610435585
1318546460443615241
1318546462784032769
1318546464155512837
1318546476755259394
1318546479741534211
1318546531029569536
1318546531256066056
1318546542001795076
1318546546770780161
1318546556619018244
1318546572410605569
1318546585337307136
1318546605981782016
1318546609106538499
1318546656573489154
1318546659727581187
1318546663665971205
1318546665301667840
1318546668397207552
1318546668824924160
1318546674021695493
1318546693491740675
1318546710503763973
1318546714505216003
1318546731110436865
1318546764971020296
1318546790283620353
1318546791172870148
1318546808113631234
1318546815843794952
1318546819392077835
1318546823821316101
1318546824026902528
1318546828044963841
1318546836337156100
1318546844763512832
1318546862622838796
1318546862962520065
1318546875654471687
1318546878108139520
1318546881702711297
1318546883640512513
1318546891555164172
1318546899226382336
1318546908005257218
1318546917375111168
1318546919573098496
1318546922303557634
1318546938053132298
1318546957158277122
1318546965714657282
1318546986996539394
1318546987705339908
1318546992344301579
1318546996416843776
1318547004247568384
1318547005099180033
1318547007930249217
1318547016167849987
1318547021595279361
1318547041325322240
1318547050020114439
1318547058685595648
1318547062204620802
1318547066558304258
1318547075425067008
1318547087630475264
1318547089186525191
1318547092269391872
1318547104713887747
1318547114696314880
1318547125949661187
1318547130059980802
1318547135919542276
1318547143343378434
1318547146417819649
1318547151065124864
1318547152025587714
1318547158791049216
1318547168903483394
1318547175631183876
1318547192609689603
1318547206253793282
1318547210192228355
1318547214214443008
1318547239455817731
1318547243692118016
1318547253070614529
1318547263627603971
1318547285354098689
1318547286125957121
1318547303918194692
1318547314068291584
1318547315330813954
1318547322704375823
1318547348847497217
1318547372906086403
1318547377142304773
1318547394573799430
1318547394636713984
1318547402039693312
1318547418691108864
1318547420188413954
1318547423816568832
1318547427872354307
1318547433282969600
1318547446004416514
1318547462848696328
1318547469131796481
1318547486575939589
1318547508356927490
1318547510839922688
1318547515675955206
1318547523406094338
1318547541164761090
1318547546344771585
1318547546818678788
1318547549733748738
1318547557174398980
1318547558655008774
1318547559485493249
1318547578829549569
1318547578993115142
1318547590754013184
1318547605438255109
1318547607778742276
1318547607950680071
1318547612094636039
1318547616230236161
1318547625604534278
1318547634404134914
1318547658198470674
1318547660232658945
1318547660220076034
1318547666721177607
1318547679635558400
1318547684697964544
1318547704667115522
1318547708068724744
1318547713403817984
1318547714146291713
1318547718483120128
1318547720949346307
1318547727777751041
1318547730386587649
1318547752108748800
1318547758723305474
1318547763613884418
1318547780625928192
1318547781867491333
1318547783603920899
1318547805888114688
1318547810111860742
1318547817787437064
1318547826276769794
1318547843980906496
1318547863517990915
1318547863664758784
1318547863727755265
1318547864293920768
1318547876985917445
1318547906908082178
1318547916152279041
1318547930316460032
1318547933055385600
1318547948318412800
1318547949543096322
1318547951598305280
1318547951715835904
1318547972376924160
1318547982350979073
1318548014160617473
1318548023069298688
1318548035929079821
1318548040647647243
1318548054144913418
1318548058053935110
1318548058897027072
1318548065805099013
1318548083869949952
1318548091465859072
1318548103092490242
1318548115536941061
1318548149196247040
1318548150278344704
1318548154761932801
1318548163037401089
1318548163108667393
1318548166447333382
1318548169526026241
1318548171811860481
1318548182280929282
1318548183501443078
1318548199913648128
1318548226115620872
1318548229672341504
1318548233560403968
1318548246751551489
1318548266070532096
1318548272278048769
1318548283611074563
1318548305471746051
1318548305606021120
1318548313369706499
1318548316246900737
1318548323364720645
1318548324908236805
1318548343304454144
1318548356742918153
1318548358458494981
1318548358705930242
1318548368335908864
1318548375625674754
1318548381283852288
1318548388347023363
1318548393254420481
1318548425995132929
1318548425940570121
1318548436254380032
1318548447109259267
1318548455716016129
1318548459042066433
1318548458576424961
1318548480533647363
1318548498237820937
1318548501408591872
1318548502172094465
1318548502910259200
1318548504931897344
1318548516029988865
1318548523592355847
1318548523885887488
1318548524078858241
1318548538461179906
1318548542135422976
1318548552386252801
1318548557910114311
1318548590474760194
1318548593419022336
1318548602818613249
1318548607025487873
1318548613941907464
1318548622720573449
1318548624721256448
1318548630639398916
1318548639778746370
1318548662558085121
1318548669197672450
1318548693855985667
1318548699572801544
1318548714911313927
1318548714898771971
1318548724482822151
1318548727058124802
1318548731487277058
1318548745538121730
1318548750391005185
1318548760604049408
1318548766501359616
1318548770355904519
1318548781705515008
1318548794196242437
1318548795202916353
1318548802530410497
1318548806947000323
1318548811653042177
1318548821446709252
1318548827801079810
1318548829961113603
1318548833257902085
1318548837716402176
1318548838639165444
1318548842460139521
1318548862202761221
1318548866774503425
1318548869219745793
1318548889293774855
1318548917676625920
1318548920100945920
1318548930733408256
1318548932876750850
1318548955836416000
1318548975331512326
1318548993232850944
1318548996038811650
1318549003965968388
1318549008554561536
1318549017127682048
1318549029203156995
1318549033674264579
1318549047771365376
1318549054918430721
1318549059867709441
1318549060492627975
1318549076061847552
1318549084937113608
1318549088078528514
1318549089055838208
1318549109960310787
1318549113995206657
1318549118227271687
1318549121565949952
1318549121750474758
1318549144122740736
1318549157267857410
1318549163588673539
1318549169498394624
1318549181506768899
1318549189043888139
1318549193456308229
1318549206949384193
1318549207301672962
1318549216092950531
1318549231095959555
1318549235688787968
1318549244689715201
1318549265044549632
1318549273504514048
1318549277795287043
1318549281435955203
1318549302873116674
1318549304169107456
1318549304223649801
1318549306173984778
1318549323139981315
1318549328097660933
1318549335865544706
1318549342328885250
1318549346435190785
1318549350310727689
1318549363182997504
1318549378639036416
1318549391301640197
1318549397773438986
1318549404404637696
1318549425778733057
1318549427494260737
1318549433248849923
1318549437447327748
1318549452928548864
1318549453700214787
1318549455436644363
1318549463728783364
1318549475686834179
1318549478668947458
1318549480233467904
1318549493051232257
1318549499141390338
1318549502932942848
1318549508427481088
1318549511552290823
1318549527339651073
1318549530984521741
1318549532888735747
1318549540870475787
1318549542049112064
1318549542174941184
1318549545182089216
1318549549833621504
1318549553407197189
1318549566703230980
1318549571270750214
1318549572764008450
1318549574965919744
1318549591831269383
1318549648374697986
1318549658684346374
1318549660911415296
1318549664141090816
1318549667718758404
1318549673502793729
1318549694050672640
1318549698106462208
1318549702753832960
1318549702682574849
1318549705878589447
1318549710177710081
1318549712920772611
1318549718549614593
1318549723259817984
1318549726061580291
1318549735565889538
1318549752749920259
1318549768226963456
1318549815249326081
1318549821926658048
1318549826511032324
1318549836308893712
1318549841820135427
1318549844403884032
1318549853455089664
1318549857548832773
1318549868932190212
1318549874661609478
1318549878243471364
1318549893624061952
1318549901786185729
1318549903027720192
1318549911483408388
1318549914843041792
1318549931657973762
1318549941262929920
1318549953929674753
1318549957637492737
1318549961622065153
1318549965350854658
1318549975454928897
1318549979124928513
1318549983629615104
1318550000285134848
1318550015128838144
1318550020640079873
1318550023764889601
1318550029326536707
1318550029951471616
1318550031838924801
1318550032707162117
1318550053926166532
1318550054622429184
1318550057025667077
1318550058510462979
1318550071072477184
1318550078366285827
1318550079247179776
1318550088197824512
1318550112709337095
1318550116341514240
1318550136621064196
1318550146746077184
1318550167776301063
1318550176483676163
1318550184490602497
1318550213431263236
1318550214450577410
1318550214484152320
1318550222277062657
1318550235501760518
1318550243303165955
1318550247308668928
1318550251607908352
1318550309631819776
1318550327319285762
1318550363855855620
1318550364304670723
1318550367584591872
1318550369803390976
1318550393215922178
1318550405417259008
1318550406285434881
1318550415953244160
1318550420353146882
1318550423607812096
1318550428322287626
1318550431509958662
1318550457246273545
1318550460941373441
1318550469615247363
1318550470022094852
1318550474820386818
1318550494705496064
1318550497704501254
1318550503350034436
1318550512321613832
1318550522870272006
1318550526657789959
1318550531971960844
1318550548673683457
1318550548640129027
1318550551735472132
1318550557234253831
1318550573726257153
1318550586959290368
1318550607918149632
1318550615757361152
1318550618911481858
1318550621314813952
1318550621398716418
1318550623936253954
1318550625077133312
1318550627832692736
1318550645838958592
1318550674628542466
1318550715745390592
1318550733697044480
1318550738855809024
1318550740789530626
1318550744975507456
1318550767876345857
1318550770611032065
1318550778840272902
1318550782736814080
1318550792593354754
1318550793017020416
1318550797450420226
1318550799413354499
1318550803465064449
1318550804517748737
1318550808728903683
1318550816022810624
1318550825636122624
1318550826147811328
1318550837631864834
1318550845848539144
1318550847891144706
1318550875854589953
1318550889808973828
1318550893311234055
1318550897656553474
1318550908490424323
1318550910914748420
1318550914278502404
1318550919055802370
1318550921123684354
1318550922524590081
1318550928102985731
1318550934730014725
1318550938299342849
1318550939859648514
1318550969450401798
1318550977109217280
1318550985942454272
1318550993269891073
1318551005219487744
1318551003101364224
1318551005601140743
1318551015050936320
1318551028451758080
1318551059569180674
1318551064199766016
1318551078015729669
1318551090506403840
1318551094700756993
1318551111154937858
1318551114703343617
1318551125663092738
1318551136555728897
1318551152372350976
1318551165743865862
1318551169438973954
1318551169581678594
1318551172500934661
1318551181082398725
1318551232080994317
1318551245272109056
1318551253312483336
1318551257125093378
1318551262833627136
1318551265333346306
1318551266088394765
1318551275886333958
1318551295649873920
1318551303035944964
1318551307033206787
1318551324720549888
1318551336196210688
1318551349370507267
1318551349794099206
1318551374460747776
1318551387383410688
1318551407365099520
1318551416944971776
1318551421470519302
1318551430568071172
1318551442223923202
1318551447932489735
1318551451778633731
1318551468325076994
1318551472783695876
1318551476424368128
1318551487165976582
1318551504467480576
1318551506107437065
1318551513338437632
1318551525397041152
1318551529738076162
1318551534033080328
1318551537896116225
1318551588626157575
1318551602450620418
1318551611371900938
1318551626207105024
1318551643085066246
1318551648558567424
1318551655009472513
1318551659652534281
1318551663158898697
1318551664211709953
1318551664870232068
1318551673149718529
1318551674001248257
1318551706653818882
1318551727616987144
1318551728464273408
1318551732759252993
1318551743664476163
1318551749746151426
1318551753592393728
1318551762366812160
1318551780574318592
1318551790061838336
1318551802388905988
1318551807338098690
1318551811075297281
1318551812199354368
1318551814799790082
1318551832294195200
1318551852653436933
1318551855060946947
1318551856306671621
1318551857204264961
1318551860983271428
1318551873947914243
1318551919938461699
1318551923402936320
1318551933037195267
1318551933737750536
1318551933599318018
1318551969368256529
1318551987106041858
1318552008178257920
1318552015824474116
1318552044844843011
1318552050691616770
1318552053812178944
1318552053346652162
1318552055884189697
1318552058644123653
1318552075127619592
1318552085709967362
1318552120682008576
1318552146942582786
1318552170845921282
1318552193948147712
1318552200566738949
1318552212776407044
1318552213690736641
1318552214118535172
1318552221945155584
1318552239913521155
1318552257277906947
1318552260205531137
1318552263263215618
1318552269055549440
1318552282687021056
1318552288835915779
1318552313431293955
1318552328383926273
1318552334344093696
1318552348646658056
1318552350957723648
1318552351947501570
1318552352555675648
1318552355521073152
1318552377121771528
1318552380594622464
1318552394104492035
1318552410659454987
1318552427767996416
1318552433233100809
1318552439319126020
1318552466561159168
1318552469899792385
1318552474941333506
1318552481467596801
1318552490468585473
1318552493937360903
1318552495300485120
1318552498668490753
