1315336339756388353
1315336360312541186
1315336367702978560
1315336373260316673
1315336381372280838
1315336390129917952
1315336390448685062
1315336403362877440
1315336411596423175
1315336412074520579
1315336412678385664
1315336414918311938
1315336419829788674
1315336428566568961
1315336431443873792
1315336432865751042
1315336440520163329
1315336449278062597
1315336467548459016
1315336498485637120
1315336498422706179
1315336507935383557
1315336516483260417
1315336521445146624
1315336530026729473
1315336534065852416
1315336537232625665
1315336542144155656
1315336550343999490
1315336574490611713
1315336575299985409
1315336580068896769
1315336592429641728
1315336593612382208
1315336601615110146
1315336604685393920
1315336620573253632
1315336629746270209
1315336647358255104
1315336649841217539
1315336657848074240
1315336658447822848
1315336704014909443
1315336706543951873
1315336721865809921
1315336724986433536
1315336726123106306
1315336731701506056
1315336734494855171
1315336756930244608
1315336757047701505
1315336760315052032
1315336763272032258
1315336763456581632
1315336763691343872
1315336763729227778
1315336763808854017
1315336768594546693
1315336781185810432
1315336788529967104
1315336805655482368
1315336822558543872
1315336832838705153
1315336836097560577
1315336844259676160
1315336846940004353
1315336855056003073
1315336855097872387
1315336878237913089
1315336884739026946
1315336889419927552
1315336902510292994
1315336902543847425
1315336905295310849
1315336910647242753
1315336923716739072
1315336937104908289
1315336943929098246
1315336948182118400
1315336957673771009
1315336960437882880
1315336961868136448
1315336973909975041
1315337004222017536
1315337006394871808
1315337006445142016
1315337020407857152
1315337022584881153
1315337033066385413
1315337037562613760
1315337041836535809
1315337057586348038
1315337083595173888
1315337090473705472
1315337095578374151
1315337105351024641
1315337112904966149
1315337113286725639
1315337115803287552
1315337120731414528
1315337128893730817
1315337137101967361
1315337162481573888
1315337165560143873
1315337165535145985
1315337173877559296
1315337178021412869
1315337178801680384
1315337180659810305
1315337201526468608
1315337208681902082
1315337228281815042
1315337232463482880
1315337249232388104
1315337250587045889
1315337259906932736
1315337263958687744
1315337266798223366
1315337271835529216
1315337305700347907
1315337330325106690
1315337330887200768
1315337342014631936
1315337351682576386
1315337367595737090
1315337372666531841
1315337376626073601
1315337384381370370
1315337389171113985
1315337396049702913
1315337398285467650
1315337402903396353
1315337418938220548
1315337428069158912
1315337430761955329
1315337430992670721
1315337436726140929
1315337443281965056
1315337450789564416
1315337486546198531
1315337490681802757
1315337492652978177
1315337494926446592
1315337501255643139
1315337506599051265
1315337510848008196
1315337515604287495
1315337519324688389
1315337521790947329
1315337522730409985
1315337543592947717
1315337548001091585
1315337551209586688
1315337569748557825
1315337570335760384
1315337570453200899
1315337579504365568
1315337602841616390
1315337602866782209
1315337611712491520
1315337636647763975
1315337640925958145
1315337645392834562
1315337647825604608
1315337653995278341
1315337654251249664
1315337665974337536
1315337666452488192
1315337677667880960
1315337699939680256
1315337702502551554
1315337709234216961
1315337716587024385
1315337724308656128
1315337732147884033
1315337763068153856
1315337800540184577
1315337800892313600
1315337801039179778
1315337812233732097
1315337816965025794
1315337821553676288
1315337842017607680
1315337848590041088
1315337863421190144
1315337864587210752
1315337886837989379
1315337892034613248
1315337896350617600
1315337900809023488
1315337901245452288
1315337912456818690
1315337917280079877
1315337918148419585
1315337920920813568
1315337924859359233
1315337928856535040
1315337937375105024
1315337938520006656
1315337946149642242
1315337945134624770
1315337985009750023
1315337988944134151
1315337988981895169
1315337995814346752
1315338001531244546
1315338006052601860
1315338023861657601
1315338027221221376
1315338029930872832
1315338039321919488
1315338042467659776
1315338055428067329
1315338056921239553
1315338064584224770
1315338066224132097
1315338068312887306
1315338071290900482
1315338075795382273
1315338076353257472
1315338081206259718
1315338109249175555
1315338110121783297
1315338114051780608
1315338143684538370
1315338145551069185
1315338147849535500
1315338149103632386
1315338159744520196
1315338209841291267
1315338210583683074
1315338210822717440
1315338211447586816
1315338211695095810
1315338218242371585
1315338236408090624
1315338244192694272
1315338265336184834
1315338270889455627
1315338272839815168
1315338292058099713
1315338304158658565
1315338306788511747
1315338338086387715
1315338341643157504
1315338352988549120
1315338364711776258
1315338365554757632
1315338369866629120
1315338372110483457
1315338382185242624
1315338400422146051
1315338402808594434
1315338403035017216
1315338408378720261
1315338412493135872
1315338424627363840
1315338432261115905
1315338444655276033
1315338445624147972
1315338450141413378
1315338450439155712
1315338454146801665
1315338459305963521
1315338470467010561
1315338486589935617
1315338492969455616
1315338500343042048
1315338504126304256
1315338505049042947
1315338505078411275
1315338510396788741
1315338513559289857
1315338533310263298
1315338536950747136
1315338537932337158
1315338538829918213
1315338546631397378
1315338549428924418
1315338571629432840
1315338576469676033
1315338588276523011
1315338601404813312
1315338614369325062
1315338614381846528
1315338625891139587
1315338627350769668
1315338629997305856
1315338667221803008
1315338671382503424
1315338677481091074
1315338700318965760
1315338700708962304
1315338704932700161
1315338706480443392
1315338717704331264
1315338723010125827
1315338728601247744
1315338735169540096
1315338746762465280
1315338752194117633
1315338755071528961
1315338763401396226
1315338773329256449
1315338778869989380
1315338784192552966
1315338795122921472
1315338805734502403
1315338810327281670
1315338853956358144
1315338862441435137
1315338868443549696
1315338877096337410
1315338878438567936
1315338885535326208
1315338890459312128
1315338903000317952
1315338912978567169
1315338915025281024
1315338940875001862
1315338943760564228
1315338961607368704
1315338983321276418
1315338983723933697
1315338985925943296
1315338986739695616
1315338992188096514
1315339002606546944
1315339002656944131
1315339006847016960
1315339008273195009
1315339011532128256
1315339011813244928
1315339029538316288
1315339037251698689
1315339041022390272
1315339058709700609
1315339061700235269
1315339061863669760
1315339071628234752
1315339072370429952
1315339074778136578
1315339080587071488
1315339090573824006
1315339090745798657
1315339095934218241
1315339112203812866
1315339116033142786
1315339120516960258
1315339120948936711
1315339129496928256
1315339129652219905
1315339134827782144
1315339176175259650
1315339183502905345
1315339191555952642
1315339200649064448
1315339209561915393
1315339210396663808
1315339218240102400
1315339222388273152
1315339225341014017
1315339237944778752
1315339245935001600
1315339256496353287
1315339264293588994
1315339272430530560
1315339275534241794
1315339280668151813
1315339297629798401
1315339305565540353
1315339314113306625
1315339314394431489
1315339359319740421
1315339365091102723
1315339365271306240
1315339368765288448
1315339389627781126
1315339393843048449
1315339413568790529
1315339415116546050
1315339424117522432
1315339428764753921
1315339432699006976
1315339445835571207
1315339449639874561
1315339466006028288
1315339504107085824
1315339506955046913
1315339521253429248
1315339527263846400
1315339527926415362
1315339536319352834
1315339553855725568
1315339557395673088
1315339560461701120
1315339578715238401
1315339599577833472
1315339603029696514
1315339629281804296
1315339638022823938
1315339641533476864
1315339645736177664
1315339649435406336
1315339664174112768
1315339679236067329
1315339679487717376
1315339690816536577
1315339699150450688
1315339711968313344
1315339717362155527
1315339724190560258
1315339726480527360
1315339733598310400
1315339738845523971
1315339749180276736
1315339757472362496
1315339766062346241
1315339770617360384
1315339771322011655
1315339778401861632
1315339784097730560
1315339793266552832
1315339801395163137
1315339810144317442
1315339812543455232
1315339821112590343
1315339822471409664
1315339822853173249
1315339837801721856
1315339847356252165
1315339852108496896
1315339856676036608
1315339858471079936
1315339879946035202
1315339900221353984
1315339900691120131
1315339922027540480
1315339927580749824
1315339932119060482
1315339942231519233
1315339959042224128
1315339968752111628
1315339971553828868
1315339977874575360
1315339992860852230
1315339996581318657
1315339997730533377
1315340006509207559
1315340010590138368
1315340040290078720
1315340047768576002
1315340047915257856
1315340047994978308
1315340084607148039
1315340086284816390
1315340090546290688
1315340094329491458
1315340101900271624
1315340135123300352
1315340139829354496
1315340140508704768
1315340141414711297
1315340145068068864
1315340156010786817
1315340165121007617
1315340169004933122
1315340178215624704
1315340182615359491
1315340190907543552
1315340194669711361
1315340198792900610
1315340206871113728
1315340211325370368
1315340217386250241
1315340220360019969
1315340221408514049
1315340238164811778
1315340238487777284
1315340240110919682
1315340256988876801
1315340273757626368
1315340274122383366
1315340274558791680
1315340275003396097
1315340275116462080
1315340299841925121
1315340300144041984
1315340300412432384
1315340304170524672
1315340313108590597
1315340315587416068
1315340317156093952
1315340320486436864
1315340334440816642
1315340338899361792
1315340365969457152
1315340367408046081
1315340378346786816
1315340381312098309
1315340382864125958
1315340413130215426
1315340420973551616
1315340430498762752
1315340434605043713
1315340439483043842
1315340455836561408
1315340459372408833
1315340463184973824
1315340468423593984
1315340472064372741
1315340483690926081
1315340491441999873
1315340497985171456
1315340505115291649
1315340523541061634
1315340525436887041
1315340531686412288
1315340547544944640
1315340548161646601
1315340554511712258
1315340558450274308
1315340559666552832
1315340589324365832
1315340589504765953
1315340594185723905
1315340597641834497
1315340625768718336
1315340626402177029
1315340629900222464
1315340630583803909
1315340636661444608
1315340639609991173
1315340639631007745
1315340652562055169
1315340676607946752
1315340698535833600
1315340701182222338
1315340706555232257
1315340706647625728
1315340712041500673
1315340731234553856
1315340731591127042
1315340732585193472
1315340734766018561
1315340743083356160
1315340747529486336
1315340748045406210
1315340753284091904
1315340773437693952
1315340807256322048
1315340817272369152
1315340818828398592
1315340824067149824
1315340828030636032
1315340832782905344
1315340835643371520
1315340837648314370
1315340842303983617
1315340860654080000
1315340861517885440
1315340881986285575
1315340891901526016
1315340910922735624
1315340911249952773
1315340916589162497
1315340954283499526
1315340968137297922
1315340976517414914
1315340979470135296
1315340980699172866
1315341004426350600
1315341014203330560
1315341022453362689
1315341041030107136
1315341051754958848
1315341060835553280
1315341067064143872
1315341072328003584
1315341075159146496
1315341096650764288
1315341101084012549
1315341104271757312
1315341108910665732
1315341123422912514
1315341127302569984
1315341128980463617
1315341130716901377
1315341150677422080
1315341152011386887
1315341163067514881
1315341163977728006
1315341171015770112
1315341175755362307
1315341179463127042
1315341197054038023
1315341246429302792
1315341248841027584
1315341249126133761
1315341254918508544
1315341268604645377
1315341269745332224
1315341272001974274
1315341277110599682
1315341282139615232
1315341289706024960
1315341301626204169
1315341303169781761
1315341303425662977
1315341318508498949
1315341322702794755
1315341335038222337
1315341357301592065
1315341361000910850
1315341364855484417
1315341399584387072
1315341400116883458
1315341406408511490
1315341443997655041
1315341452080283648
1315341452260433921
1315341465061556226
1315341470572961793
1315341481851392002
1315341485701701632
1315341495814234112
1315341507415732229
1315341516831891458
1315341534246637568
1315341542039617536
1315341546363981825
1315341549526540294
1315341549438488578
1315341562377715712
1315341563699003392
1315341564340662272
1315341595311403014
1315341603867955201
1315341634939187201
1315341638739398658
1315341646800711687
1315341675544358913
1315341691168141313
1315341703767826433
1315341707987345410
1315341709266563074
1315341728757538818
1315341733505323010
1315341742061817856
1315341746788761600
1315341758973333504
1315341772168597505
1315341775901462528
1315341796214333440
1315341797397344256
1315341804770918403
1315341805588709376
1315341806071099394
1315341807203606529
1315341807421665282
1315341825314521089
1315341829932490752
1315341838211969024
1315341838409256961
1315341854884364296
1315341859305205761
1315341864053211142
1315341871955275776
1315341901080354817
1315341901344706560
1315341910190551040
1315341936383807488
1315341944298577921
1315341951705788417
1315341952951476224
1315341960308195329
1315341966264225793
1315341970118594565
1315341977181978631
1315341986870812673
1315342007804612609
1315342033222066177
1315342044127059969
1315342047721779200
1315342048527081472
1315342051488260096
1315342053014859776
1315342056206680064
1315342060887531520
1315342070257573888
1315342108891455489
1315342120538968064
1315342132484337664
1315342133440794624
1315342137291165702
1315342141636390917
1315342154525552640
1315342162851225600
1315342165392924672
1315342165879521285
1315342196694941697
1315342221919412224
1315342224054312960
1315342244828807170
1315342252999421954
1315342258783256576
1315342266509205505
1315342307546329089
1315342312613052419
1315342322750676999
1315342324545843200
1315342328236777472
1315342330883432448
1315342333609742337
1315342360507609088
1315342370729267200
1315342380040675329
1315342381089251329
1315342384591405056
1315342385283362816
1315342393948995584
1315342396687777799
1315342399175090176
1315342404426235904
1315342413326622720
1315342422205923329
1315342434742620161
1315342439725633538
1315342443663876096
1315342459124305923
1315342473032540161
1315342476509675520
1315342479667818498
1315342480469102593
1315342481714810883
1315342484680179717
1315342485556690947
1315342507551621120
1315342525691985922
1315342526467969025
1315342539424063488
1315342540070170627
1315342543886974977
1315342551201783810
1315342570336157698
1315342570348777482
1315342581958549505
1315342589772562434
1315342591173386240
1315342602410110978
1315342610894970880
1315342635482062849
1315342645636497409
1315342645863026689
1315342646156591106
1315342651953229824
1315342661000278017
1315342662099116033
1315342665039384577
1315342668898226177
1315342677072916487
1315342699537596418
1315342713173291011
1315342715043762176
1315342724263018497
1315342724887916545
1315342725294759936
1315342741174251521
1315342758782009344
1315342770249244678
1315342770425532424
1315342777815887874
1315342790277160967
1315342809227038723
1315342840826822656
1315342847101501440
1315342850587013122
1315342858153586690
1315342858166169600
1315342866630221824
1315342869427707904
1315342874855256065
1315342885659828226
1315342886842626048
1315342890567114753
1315342905918263297
1315342907969331200
1315342909374369792
1315342917419008000
1315342938474508291
1315342951757811715
1315342964034543620
1315342975430463490
1315342975703158784
1315342979972825090
1315342991473758210
1315342992245428224
1315343000776650752
1315343005797289985
1315343022943502338
1315343026781188096
1315343027427184640
1315343029474152448
1315343035270537216
1315343049984143362
1315343050978332673
1315343052827959297
1315343058813231109
1315343066740465669
1315343071815622656
1315343075653419008
1315343086411808768
1315343097371357184
1315343101737697280
1315343109077766145
1315343117445263360
1315343118896689154
1315343122222718986
1315343122214408192
1315343125502623747
1315343143194292224
1315343160235757569
1315343165621243904
1315343167479115776
1315343167697244162
1315343172097064960
1315343173447630850
1315343186764746752
1315343202438844422
1315343218079346689
1315343230322593799
1315343231060783107
1315343235405971458
1315343244432216069
1315343245669363713
1315343247921750016
1315343252824891392
1315343262291501056
1315343271091204098
1315343281396514818
1315343289286119425
1315343289525043200
1315343290213040129
1315343311377399814
1315343311834689542
1315343316259614721
1315343319615049728
1315343327282298886
1315343331363176448
1315343345380667392
1315343347884621825
1315343354922708992
1315343357204328448
1315343358655631360
1315343365966376960
1315343378465382401
1315343383020425216
1315343404776271877
1315343406931951616
1315343428318834689
1315343436212559872
1315343437097512966
1315343441706938368
1315343444202721281
1315343458547175426
1315343486317715456
1315343489043963907
1315343492533694466
1315343504265089024
1315343508149088256
1315343517414170625
1315343521474203649
1315343522447405064
1315343525626560512
1315343529120473088
1315343538494857218
1315343550675120129
1315343550800818176
1315343553640517632
1315343554458251265
1315343558312890370
1315343562121326596
1315343574653956102
1315343583055155202
1315343592622157829
1315343622968143872
1315343624549404675
1315343627548319760
1315343630735994880
1315343637480378376
1315343648414982144
1315343676814622720
1315343696032866304
1315343706493509634
1315343711052730368
1315343718476636166
1315343735245484032
1315343755877199873
1315343756791603204
1315343764039368704
1315343764207042561
1315343765972963330
1315343767998812162
1315343776445992960
1315343784306249728
1315343799275589633
1315343804359225345
1315343810403151873
1315343814463160320
1315343819752321026
1315343827276890112
1315343826815508480
1315343839897542657
1315343855747653632
1315343891579666437
1315343901285384192
1315343914757480448
1315343915768307713
1315343920440569857
1315343925188517890
1315343925180280834
1315343952065687553
1315343979089735680
1315344007741018112
1315344010542821378
1315344010811183106
1315344017777930256
1315344024019111937
1315344033598726144
1315344039915462663
1315344040246882306
1315344041815539713
1315344044575391745
1315344060895367170
1315344074887618560
1315344082953216001
1315344092101050368
1315344107401891841
1315344111159980032
1315344112162398210
1315344112858488832
1315344124799840264
1315344128029458432
1315344129459539968
1315344141333811200
1315344144836055041
1315344158534643714
1315344166315077639
1315344175433482241
1315344187898855427
1315344196535017474
1315344199538094081
1315344199911444486
1315344243385229313
1315344281083633664
1315344284737056773
1315344292571832320
1315344294845218817
1315344304177586177
1315344310179594243
1315344314910806016
1315344331163799557
1315344346724667393
1315344355834703872
1315344371898896384
1315344377087168514
1315344393889624076
1315344397379219457
1315344398297829376
1315344406090788865
1315344410293358593
1315344411065188355
1315344411128193024
1315344413250351104
1315344416224276480
1315344421471346688
1315344426030559235
1315344429906046976
1315344438974132224
1315344455961059331
1315344468824875008
1315344490907996165
1315344493764382726
1315344502484279297
1315344507714453505
1315344515503468544
1315344516950392832
1315344532268036097
1315344536886022145
1315344540635672578
1315344556335017984
1315344556230168576
1315344561238138882
1315344572520816640
1315344577201463296
1315344577537114120
1315344591965630465
1315344594737922048
1315344596092805121
1315344603306962945
1315344606817669121
1315344607090278401
1315344611523649536
1315344630456647683
1315344636538490880
1315344647477133318
1315344649196888065
1315344662152929280
1315344678586322944
1315344679454507010
1315344690598813699
1315344696571355137
1315344700514209792
1315344707812294658
1315344709171249152
1315344723960164352
1315344738267037697
1315344740473352194
1315344744638283777
1315344761436467203
1315344766524039168
1315344766998138882
1315344778914000897
1315344783796297729
1315344792449024002
1315344817891794945
1315344822539030528
1315344833582706690
1315344843372212225
1315344864184336385
1315344866495401985
1315344887579959296
1315344892197888000
1315344905967984641
1315344909440880640
1315344913064693761
1315344917737148425
1315344923126714370
1315344930684973060
1315344933436481537
1315344949349625861
1315344950792462337
1315344952281366529
1315344960024129538
1315344963899543552
1315344969025163267
1315345021789331461
1315345025941868546
1315345035437645825
1315345036599468032
1315345052420526081
1315345052802183169
1315345059840053248
1315345065502482435
1315345069369589760
1315345079993856007
1315345082300669953
1315345082497679361
1315345102978646016
1315345103674912768
1315345107298717702
1315345111472123904
1315345114605088768
1315345117763399680
1315345127888629760
1315345145429192707
1315345147320729601
1315345149606723589
1315345160759173120
1315345161673756672
1315345172457304064
1315345172339789826
1315345174327951361
1315345214974947329
1315345215817908225
1315345220049928192
1315345248978051073
1315345252119646210
1315345256708296706
1315345261296783362
1315345265390432263
1315345265788887041
1315345269303771138
1315345298210910208
1315345305097904129
1315345310722523143
1315345319706718209
1315345320352587777
1315345324593029127
1315345341517107200
1315345348890632196
1315345357354741768
1315345366028619776
1315345371011461121
1315345372357840896
1315345378515062785
1315345380813475841
1315345383770316806
1315345391706017793
1315345403395616769
1315345408399376384
1315345409116721156
1315345412253839360
1315345415550562305
1315345417887010817
1315345424866332672
1315345430452924416
1315345438132916224
1315345439021883393
1315345451294613506
1315345455228882946
1315345455442780160
1315345475864797185
1315345482668036096
1315345488254820352
1315345488649031681
1315345494152011777
1315345505971572741
1315345510165876750
1315345516260139010
1315345538523557889
1315345547046330371
1315345554533097472
1315345554591809537
1315345559838957568
1315345563823624192
1315345575936692225
1315345588364476416
1315345592021929987
1315345614608064512
1315345621100957696
1315345622090895366
1315345623848165377
1315345629573332992
1315345648124821505
1315345655456583682
1315345668232359939
1315345669125804032
1315345669268279296
1315345672082649088
1315345672145526784
1315345672326074368
1315345680328790016
1315345681805193217
1315345685294784517
1315345707197440001
1315345707574923264
1315345710657798153
1315345728366051329
1315345732258365444
1315345748159012867
1315345748079370241
1315345776344784896
1315345785756831748
1315345794577424385
1315345797349867521
1315345799094517760
1315345805671362565
1315345827271970821
1315345835706724353
1315345835740270592
1315345839536181248
1315345840567988225
1315345843570962432
1315345849673678848
1315345849979994113
1315345860176338944
1315345873736536064
1315345877221900290
1315345890702512129
1315345924005203968
1315345925242531842
1315345942338506754
1315345949892382721
1315345953482629120
1315345953604300801
1315345959300329472
1315345986810793991
1315345998856761344
1315346004154097665
1315346014128152577
1315346016569360385
1315346017789734913
1315346021594075137
1315346025175973888
1315346041202446337
1315346053198229504
1315346062928941061
1315346063566413824
1315346063902027776
1315346064162131975
1315346081115496449
1315346095891939330
1315346101285789697
1315346105887064065
1315346107820642306
1315346113298345991
1315346129714769920
1315346130247524354
1315346132936130560
1315346141475598341
1315346145514844161
1315346150208278530
1315346155375480834
1315346166519922695
1315346167769726978
1315346171242582016
1315346179870294016
1315346183125176321
1315346192591712259
1315346194143555584
1315346202020331520
1315346208764895232
1315346231712010240
1315346254704988161
1315346260015091717
1315346268072312834
1315346284493058050
1315346292512559105
1315346294018170880
1315346302075645957
1315346307108700161
1315346315384102912
1315346336196288517
1315346339635564547
1315346347525107715
1315346348095479809
1315346353375993861
1315346355557081088
1315346362377146368
1315346372019679234
1315346381817683969
1315346398007754752
1315346402277351424
1315346402495537152
1315346405591056389
1315346409558859777
1315346414478688256
1315346427040669696
1315346469432500224
1315346469839224833
1315346473035464704
1315346477166796801
1315346494384472067
1315346504601669633
1315346531667652610
1315346536444948481
1315346549900279808
1315346552882368515
1315346553440215041
1315346563196125185
1315346565805080578
1315346566115323904
1315346573740699649
1315346586529148929
1315346594342952960
1315346600999424000
1315346604229103616
1315346608838578177
1315346615360651264
1315346632549052421
1315346633932988416
1315346645668835329
1315346657706496001
1315346661238091785
1315346663893016576
1315346687150428163
1315346692506636289
1315346699246804993
1315346701390020608
1315346708017016833
1315346732725624833
1315346738560020485
1315346751151194112
1315346753953173505
1315346755911921664
1315346759439310850
1315346760076865536
1315346775889375238
1315346782784827393
1315346787864055809
1315346792096182273
1315346818276962311
1315346819086520321
1315346824861892609
1315346826208464901
1315346827227480064
1315346833489698822
1315346841949687810
1315346855425904641
1315346871334957056
1315346915693916160
1315346922580869121
1315346952939163648
1315346960107274241
1315346970228252672
1315346977454866432
1315346978851651585
1315346980386803719
1315346990620958720
1315346995062530048
1315347001530171392
1315347014033575936
1315347023906963457
1315347023839801344
1315347030693347329
1315347035411841024
1315347036275978245
1315347044488212480
1315347052482658306
1315347055657836549
1315347064990044160
1315347069654249475
1315347070551691266
1315347073085169666
1315347079011606528
1315347087006085125
1315347089229053954
1315347089539428352
1315347090009190400
1315347093842731010
1315347094941696000
1315347103137357827
1315347131872407552
1315347134032629761
1315347147886391303
1315347170875277312
1315347190685011968
1315347203796480001
1315347206526828544
1315347206732300288
1315347219223064582
1315347233940832256
1315347236730085377
1315347242442780672
1315347250499907586
1315347266287394817
1315347267432325120
1315347283089686529
1315347288512892928
1315347303239163906
1315347311468392452
1315347313276063744
1315347321383780353
1315347333400453126
1315347333710671873
1315347342992736258
1315347352165724163
1315347368670363655
1315347379844009991
1315347387167244291
1315347392498196481
1315347399938838529
1315347402799435782
1315347406171635712
1315347407945846787
1315347438052335616
1315347438232887298
1315347439319015425
1315347441680556032
1315347447900762118
1315347469740507138
1315347471590096898
1315347479546810368
1315347479915888641
1315347483329998850
1315347514342678531
1315347523264016384
1315347530423562240
1315347581665452032
1315347585238999041
1315347594437066754
1315347615576469505
1315347618352988161
1315347626062118915
1315347631821000704
1315347632017956869
1315347639093821440
1315347648883253248
1315347659901763588
1315347661973868545
1315347669620060165
1315347690012717062
1315347694253006848
1315347723034320896
1315347724036976643
1315347732668665857
1315347736154320897
1315347748854456321
1315347760963608579
1315347766206443520
1315347772699291651
1315347790709563401
1315347791628005377
1315347804026478594
1315347821223182338
1315347841611685888
1315347845814407170
1315347848167395328
1315347853523394560
1315347882246107141
1315347883294552066
1315347886025121795
1315347887765647360
1315347896825532416
1315347904777908225
1315347920934309888
1315347933005447174
1315347938697244678
1315347942417543168
1315347958250971137
1315347962629951490
1315347963133267970
1315347967704875009
1315347977397891073
1315347989305720833
1315347992912760834
1315347993382526979
1315348012546297856
1315348034536964096
1315348049284263944
1315348056045285376
1315348060545994752
1315348071459491841
1315348076098396168
1315348080561135619
1315348118800609280
1315348139151368192
1315348142230056962
1315348154510962689
1315348161041498113
1315348177025859584
1315348188761595905
1315348192263888898
1315348213440839686
1315348230855708672
1315348241681133570
1315348246760390656
1315348248853319680
1315348253471379456
1315348261616705536
1315348284630851584
1315348307737182208
1315348314812895232
1315348315970699264
1315348324073889792
1315348330839384064
1315348339282644992
1315348343573360642
1315348347948011520
1315348366457475072
1315348374892277760
1315348385260597250
1315348386644660224
1315348402427891712
1315348403098771456
1315348403627454464
1315348403673497601
1315348406412468224
1315348408153116675
1315348418949263362
1315348427480264704
1315348429669769216
1315348434669502465
1315348434572898304
1315348435583860737
1315348435558490113
1315348445302054912
1315348445230772225
1315348461089423362
1315348461898928128
1315348462964269056
1315348475429695495
1315348486162792448
1315348501367345152
1315348511819403264
1315348512591278080
1315348515200077825
1315348515426631680
1315348525367132165
1315348532447137792
1315348532619104258
1315348550444818432
1315348562494910464
1315348583126888448
1315348604194828288
1315348605100797952
1315348613527080960
1315348622071017472
1315348626164547584
1315348642560004096
1315348655520591873
1315348666257997826
1315348667574910977
1315348691834810370
1315348700819009537
1315348705638318084
1315348715109003276
1315348724856492032
1315348725418524672
1315348729403109376
1315348730762141696
1315348743495929856
1315348756188016640
1315348760617193472
1315348763372916737
1315348780930273286
1315348794461097984
1315348798596579328
1315348798676189185
1315348809397014529
1315348813658419200
1315348818347601923
1315348819035422721
1315348823024205824
1315348840812367872
1315348850803048448
1315348856251400194
1315348903257145348
1315348905626939393
1315348909753999360
1315348931518193664
1315348935398035459
1315348960958062595
1315348970391166976
1315348978284855296
1315348980851716096
1315348982412062720
1315348982932164608
1315348986090450944
1315348990909710339
1315349002041393154
1315349003286933504
1315349015836282880
1315349017065213957
1315349022828232706
1315349031795781632
1315349046501019648
1315349057393627137
1315349059947892748
1315349061831188481
1315349090243350534
1315349091434614784
1315349100947275778
1315349116269068290
1315349117439107072
1315349128692539394
1315349141237661697
1315349141401358337
1315349148758085632
1315349169926676480
1315349177929551872
1315349190398996480
1315349195604230144
1315349200457084928
1315349201283411974
1315349220925243392
1315349234418438148
1315349238151294977
1315349239308914688
1315349242051850240
1315349249903652864
1315349258808295424
1315349297429311490
1315349300767940608
1315349318535127042
1315349320657506306
1315349354513936384
1315349363107852288
1315349368271179777
1315349370947153920
1315349375036522496
1315349396444282880
1315349400252751872
1315349426400096257
1315349440161484800
1315349444456398849
1315349457123377154
1315349469316218882
1315349471832801282
1315349473464389633
1315349501864030208
1315349510219063300
1315349523678605313
1315349552854048768
1315349556998148097
1315349561393713165
1315349570445103111
1315349573083299840
1315349585548771330
1315349594222424064
1315349611004006402
1315349636555649024
1315349669417943040
1315349674891644928
1315349698258010113
1315349718910799872
1315349728427737090
1315349731556687873
1315349741790789632
1315349745058099206
1315349749923557384
1315349756957392902
1315349775345160193
1315349783289245699
1315349786619453443
1315349791090634754
1315349803790987270
1315349804407554050
1315349811894255617
1315349826427588609
1315349833235001350
1315349834321207296
1315349837198561283
1315349847327731712
1315349867166867466
1315349871826673665
1315349874116751360
1315349884032090112
1315349884594253825
1315349918186377216
1315349926306480128
1315349935731007488
1315349943654076416
1315349946376359936
1315349947710136320
1315349962495062016
1315349981021134848
1315349982619136001
1315349991771303936
1315349996020142080
1315350001363693569
1315350008301064192
1315350012944056327
1315350022393868289
1315350022792212481
1315350034578317318
1315350064789893120
1315350068535361543
1315350084528279553
1315350086587645955
1315350089083297795
1315350089494335491
1315350117935800320
1315350121740152832
1315350131601006593
1315350136734838785
1315350138928410624
1315350156850671619
1315350184759500800
1315350197606723587
1315350201931116544
1315350205953314817
1315350212525916160
1315350215449337856
1315350222999097346
1315350228149710852
1315350244926787584
1315350254062129153
1315350262370893825
1315350294700621825
1315350302195953664
1315350306335715330
1315350311431741441
1315350319229001731
1315350320625704961
1315350327839817729
1315350338325622786
1315350346403700742
1315350357896294400
1315350365928394752
1315350366297489408
1315350375361392640
1315350383057874945
1315350390464946176
1315350391375171587
1315350398761414657
1315350423469993992
1315350424447221760
1315350428490620928
1315350430113726467
1315350450418393091
1315350453278908416
1315350461663244288
1315350470026813440
1315350474518867968
1315350480390823936
1315350484417499136
1315350487345045505
1315350491619102720
1315350501463121920
1315350507800727553
1315350517237907461
1315350521235079168
1315350521989996545
1315350532639330305
1315350531678892033
1315350542546337793
1315350543305453570
1315350547084517376
1315350549458554880
1315350550179844096
1315350553480908807
1315350559164039168
1315350563094233089
1315350571164012544
1315350572783067138
1315350575580577801
1315350585193844737
1315350626339942401
1315350626440749056
1315350643259985924
1315350650432094209
1315350656304197633
1315350656870383616
1315350664021712899
1315350669130375168
1315350693486575617
1315350706510012419
1315350713464221696
1315350715238416384
1315350722888622080
1315350734947278848
1315350748373286912
1315350749057081344
1315350749488922625
1315350752253161475
1315350756875276288
1315350768707227649
1315350776693370881
1315350780690468864
1315350792786849792
1315350795395579904
1315350806091108353
1315350838827573254
1315350840731860992
1315350849636503554
1315350853415559171
1315350859790786560
1315350861111947264
1315350860323532808
1315350862252986369
1315350873086791682
1315350874491846658
1315350876781899778
1315350877448933376
1315350882746339328
1315350885271326729
1315350885590020096
1315350891206193154
1315350891520815106
1315350902258036737
1315350910743187456
1315350911062102016
1315350918670344192
1315350932054573057
1315350936626376704
1315350952296230913
1315350957119725568
1315350960777109505
1315350994255921153
1315350996214673408
1315351002720153614
1315351004116930565
1315351004184023045
1315351012857851914
1315351016515284992
1315351024287313920
1315351029538529281
1315351032696836096
1315351033779048450
1315351037717307392
1315351045116170243
1315351052758155264
1315351054058434560
1315351063185285122
1315351070663733252
1315351075285762057
1315351087919099907
1315351092415418368
1315351100724326403
1315351103677116418
1315351108349497344
1315351120034893826
1315351137692901378
1315351142113726465
1315351151223676931
1315351174506328064
1315351192835248128
1315351195918139395
1315351203870638082
1315351210505891840
1315351215169888256
1315351218189934592
1315351235306823680
1315351248183472130
1315351263912112140
1315351273198288896
1315351290080186368
1315351292571680768
1315351293322424320
1315351297596547072
1315351300821839872
1315351305628585994
1315351318886662145
1315351335462752257
1315351338910449665
1315351346086735873
1315351348809027585
1315351364449587200
1315351390273798150
1315351390777012224
1315351392593166336
1315351401501990913
1315351401476747264
1315351405180284929
1315351406853857280
1315351418220535808
1315351426969763842
1315351432078516226
