1312105044280406016
1312105060424273921
1312105064475975682
1312105072508108800
1312105076652007424
1312105085548163074
1312105085464276992
1312105085917294595
1312105100786061312
1312105110391017472
1312105114568585217
1312105119589179401
1312105126694273025
1312105127898087424
1312105127914790913
1312105132008501250
1312105175423754240
1312105181887168512
1312105189877276673
1312105190166728704
1312105207166197760
1312105227781201921
1312105228557185024
1312105248912150529
1312105248979181568
1312105257044852736
1312105274430296064
1312105291136155653
1312105291266236417
1312105307988844545
1312105308286644225
1312105329543442432
1312105345423040512
1312105370639192064
1312105375139684353
1312105382760730625
1312105408811606016
1312105408962519041
1312105412854915072
1312105417011412993
1312105417095352320
1312105420949864448
1312105429103644672
1312105432484179969
1312105476138569728
1312105488536887296
1312105492542488576
1312105496434757632
1312105501019140097
1312105517062389762
1312105525920690176
1312105527011229698
1312105530442215425
1312105534292594688
1312105542475677696
1312105542693912576
1312105542760845312
1312105543113216000
1312105543536762882
1312105546997067776
1312105554974707712
1312105572427210753
1312105580643848193
1312105600994562048
1312105605570588672
1312105610561814529
1312105622414913536
1312105643034071042
1312105643281510400
1312105647228424193
1312105655889616897
1312105656195837952
1312105659970711552
1312105668048896001
1312105668753551360
1312105685392347136
1312105697660657664
1312105702236721152
1312105710398836738
1312105719097745408
1312105722566471680
1312105739884744704
1312105748009111554
1312105756750094336
1312105760856268807
1312105764492775424
1312105764186542080
1312105764434046978
1312105773757947904
1312105777847431168
1312105778220724224
1312105786013741058
1312105789843103745
1312105798487609344
1312105802447032322
1312105814971228160
1312105823632384000
1312105832096526337
1312105832234971139
1312105840212500480
1312105852661198848
1312105877961236480
1312105886790217728
1312105891366199298
1312105903722692608
1312105908445442049
1312105945804070912
1312105953890693121
1312105958382788608
1312105961927049217
1312105970579828736
1312105983838044160
1312105987612897280
1312105992008556544
1312105995632431105
1312106000309075969
1312106011814096896
1312106016532701184
1312106036623368193
1312106038108119040
1312106042478587904
1312106046425501697
1312106062380638208
1312106062783291393
1312106067409526785
1312106104302624769
1312106104948629504
1312106108400541696
1312106113156874240
1312106117523148802
1312106125743931393
1312106137974521856
1312106146384154626
1312106162540617728
1312106167464718337
1312106196627726337
1312106196870995969
1312106213698490368
1312106234393190400
1312106247512973312
1312106252168695808
1312106267985371137
1312106268610371586
1312106272796233728
1312106280606081025
1312106293872656384
1312106326667915264
1312106339217207296
1312106340030922752
1312106352471281666
1312106372939481089
1312106373325320194
1312106377129521152
1312106389892788224
1312106398327566336
1312106406443532288
1312106410956582913
1312106415402577923
1312106419735281665
1312106436109824001
1312106436302827520
1312106440530685953
1312106458503237632
1312106478388436993
1312106495216021505
1312106519928827904
1312106532268470272
1312106532830498817
1312106562400350208
1312106565936185344
1312106582918848513
1312106587083792384
1312106595631812608
1312106599289221121
1312106599868059648
1312106603403829248
1312106616624279552
1312106620814422016
1312106624627040256
1312106629517635585
1312106636945715201
1312106650136764416
1312106662946201600
1312106671330660352
1312106687977803776
1312106716935249924
1312106721075060736
1312106733460889600
1312106737994924032
1312106750795870208
1312106768026071041
1312106775424819200
1312106775848480769
1312106776238518272
1312106788347539456
1312106797004587010
1312106830101835783
1312106842953138176
1312106850876223488
1312106851270443009
1312106864419565569
1312106872057413632
1312106876545372161
1312106881024839680
1312106884334120960
1312106888746602497
1312106893440020481
1312106897000939521
1312106897277767680
1312106901983821825
1312106909709680640
1312106914126340096
1312106922636533762
1312106931838885888
1312106931876622336
1312106948259508224
1312106976839491584
1312106989816741888
1312106990189961217
1312107040198729728
1312107061698674688
1312107074285826048
1312107081567141889
1312107082305265665
1312107082666008576
1312107094837878784
1312107103478194176
1312107115545202689
1312107128585285632
1312107148445282304
1312107149158346752
1312107157383340040
1312107179248214017
1312107186646966272
1312107186672205825
1312107187112611840
1312107190828711936
1312107195421478915
1312107203457814528
1312107208549621760
1312107233061163008
1312107245421748224
1312107254477328384
1312107254552784897
1312107262295457792
1312107271254470656
1312107275058778112
1312107278581919744
1312107287679361025
1312107291320020993
1312107291739471873
1312107312757182464
1312107312836800512
1312107312987820033
1312107313185001472
1312107313214312448
1312107317161205765
1312107325058998273
1312107346722652161
1312107349935497216
1312107363311083522
1312107367186616323
1312107371917762560
1312107374996406273
1312107375248117761
1312107379874435074
1312107379945693185
1312107384240709632
1312107384513331200
1312107396160917504
1312107408722849792
1312107412795473920
1312107413521092608
1312107413957353472
1312107421213450242
1312107421741903878
1312107442281488385
1312107446723256321
1312107450745548800
1312107454801485824
1312107455770312704
1312107456114298880
1312107467891863552
1312107471830310912
1312107488854990848
1312107489484140545
1312107492797677568
1312107501412741120
1312107505330212865
1312107509516173313
1312107514217996289
1312107521893564416
1312107526448586752
1312107552176435200
1312107555842211840
1312107556496531456
1312107564935516160
1312107568492281856
1312107589350514690
1312107601723711488
1312107602629672960
1312107606673031168
1312107630995759106
1312107635554959361
1312107657126240256
1312107660750123010
1312107664936034305
1312107681914613761
1312107698356281344
1312107698696011776
1312107703024541696
1312107706660974593
1312107720347066368
1312107731755491328
1312107732867018752
1312107736780267521
1312107740777463808
1312107753456844800
1312107774327701504
1312107782573707265
1312107786591821828
1312107786608635904
1312107802991583232
1312107816375607297
1312107820502794240
1312107824340586497
1312107849422495744
1312107849930010624
1312107853709111297
1312107857802784768
1312107866333933568
1312107920671207425
1312107926002176000
1312107933124026369
1312107941906923520
1312107950345920512
1312107971380297728
1312107975251697666
1312107975352311808
1312107979185876993
1312107984466534401
1312107987738062848
1312108004901183488
1312108008806076416
1312108008684494854
1312108013054914562
1312108029718851584
1312108030360653824
1312108033632202752
1312108042050138112
1312108042809298945
1312108054821785600
1312108055732002816
1312108063055208449
1312108084345540610
1312108085213708288
1312108104838836225
1312108109775564800
1312108113755959297
1312108117480497154
1312108156244246528
1312108163735252993
1312108168424480768
1312108172946022400
1312108181036822528
1312108189819625472
1312108215526518785
1312108248376377345
1312108273227554816
1312108276989878275
1312108285558841344
1312108293704224769
1312108306236731392
1312108310531698688
1312108323412426752
1312108323542462464
1312108344744706048
1312108348918001665
1312108352986443776
1312108361249222656
1312108365221306369
1312108373408587777
1312108374289346560
1312108378533945344
1312108391540514817
1312108399874637824
1312108428160954373
1312108458032852992
1312108470229819392
1312108473664987136
1312108474877145088
1312108474973601792
1312108483538370561
1312108499367723008
1312108503817883649
1312108506942590977
1312108511556370433
1312108516342030338
1312108529109463041
1312108533740040193
1312108536982200320
1312108537284239360
1312108562156384257
1312108567076327424
1312108575192358913
1312108575372709889
1312108578937864192
1312108587540312064
1312108595664699393
1312108596751081472
1312108600970502144
1312108608402849793
1312108608889393152
1312108613289140226
1312108646117957632
1312108645564309504
1312108650425507842
1312108667802591233
1312108671866818561
1312108680079314945
1312108692301443072
1312108704779493376
1312108705018646528
1312108713285570562
1312108717429538816
1312108739051155456
1312108739214811137
1312108747032911872
1312108747385262080
1312108751516651521
1312108763583668224
1312108764292505600
1312108789789650946
1312108793312940034
1312108794097266688
1312108809846841344
1312108818180968448
1312108822241046528
1312108826271739904
1312108831678164992
1312108843065778177
1312108885352669186
1312108890339725312
1312108906638766080
1312108914738036737
1312108927379628033
1312108927828422656
1312108932316360704
1312108952683859968
1312108955619868672
1312108957314367488
1312108969830223872
1312108990499700736
1312108990654865408
1312108994144555010
1312108994190667776
1312109015606853637
1312109028126846977
1312109028667875329
1312109032501510144
1312109044572667905
1312109048859254784
1312109049018638336
1312109049115148288
1312109049215819776
1312109078504591361
1312109078542340097
1312109078886281217
1312109095361548288
1312109099677409281
1312109116769222657
1312109138097303555
1312109150395002881
1312109157638569988
1312109158041178114
1312109170372427776
1312109175485337601
1312109178920472583
1312109179029471232
1312109187749433344
1312109192048644097
1312109203826245633
1312109204820299776
1312109208293130240
1312109216950231040
1312109216769822720
1312109229029822465
1312109242371829762
1312109245853179904
1312109259237191682
1312109276119199744
1312109276190568448
1312109279529201665
1312109301058551809
1312109305517150208
1312109308763500544
1312109309619179520
1312109313331085312
1312109338694021120
1312109350865960961
1312109362492526592
1312109363125911555
1312109372818898944
1312109414174789634
1312109421934252033
1312109422110371840
1312109435641184258
1312109438031949824
1312109443174211584
1312109443975315456
1312109467975077889
1312109473222123520
1312109484936839169
1312109493270978560
1312109498081787904
1312109510643728384
1312109514968035328
1312109527257366528
1312109530809991169
1312109547897581569
1312109549076140032
1312109552247029761
1312109561076015104
1312109561197731840
1312109572912410624
1312109619871805442
1312109630336593920
1312109632479883265
1312109640784601088
1312109644802781185
1312109645142474752
1312109649152286720
1312109661470879747
1312109669813370881
1312109674393600001
1312109687026769922
1312109707838984192
1312109711827722240
1312109724834258944
1312109741053603840
1312109750172094465
1312109754047627264
1312109757440823296
1312109774524227584
1312109778672386048
1312109779028852737
1312109783437078528
1312109792156999681
1312109816257495040
1312109816047824896
1312109816756662272
1312109824977506304
1312109837388398594
1312109841809195009
1312109845756088322
1312109854568316928
1312109862998794240
1312109863103721472
1312109867662864385
1312109871047692288
1312109874902253568
1312109955172843520
1312109955655163905
1312109959388131328
1312109975536164865
1312109984272924672
1312110001931001856
1312110005118627840
1312110026668994560
1312110035317649408
1312110042716401664
1312110068217737217
1312110076308545536
1312110085154373632
1312110085661814784
1312110088908201984
1312110094096556034
1312110097439494144
1312110102208413697
1312110105513529344
1312110106549473286
1312110109787525121
1312110126803816449
1312110127466516480
1312110131107123200
1312110135691468800
1312110152766513157
1312110168641949701
1312110169476624385
1312110181552066560
1312110202242523136
1312110203031097347
1312110207418286082
1312110232001110018
1312110244835672065
1312110256936288256
1312110257624158209
1312110274552360960
1312110295561641985
1312110299202285568
1312110303744724992
1312110311986532352
1312110323982233600
1312110337299116039
1312110340667179008
1312110344890847232
1312110358035750912
1312110369976901632
1312110370803179520
1312110387966341120
1312110391682457603
1312110407654408192
1312110408220569601
1312110437039665152
1312110445461790721
1312110449031168000
1312110458430578688
1312110466991153152
1312110466856972289
1312110491678896128
1312110491611791360
1312110517868089344
1312110520728600576
1312110529377234944
1312110538810294273
1312110546783674368
1312110547190521856
1312110584209395712
1312110584675008513
1312110584733687809
1312110593109753857
1312110617742831617
1312110617981935616
1312110618174840834
1312110651347673089
1312110651809042434
1312110655751643136
1312110659560038402
1312110660503826432
1312110676668604416
1312110689733894145
1312110701326987264
1312110701301776384
1312110705605144576
1312110705806438400
1312110705915510784
1312110709807869953
1312110722155835393
1312110722885664768
1312110726811508736
1312110727658795008
1312110747757932544
1312110748177362944
1312110764434440192
1312110769111089152
1312110786177769474
1312110818775896064
1312110827831394305
1312110840686944257
1312110853018120194
1312110869099110401
1312110886476079104
1312110898593505287
1312110927823552512
1312110932047216640
1312110932701532160
1312110936421920768
1312110948723818496
1312110966046253056
1312110973944119297
1312110978423640064
1312110982060072962
1312110990658424832
1312110990662623234
1312110990822051840
1312110990998208512
1312110999315509249
1312111003488776192
1312111007699857408
1312111008056393729
1312111024229679105
1312111029027971072
1312111029493493760
1312111040952377344
1312111045691932672
1312111066239832064
1312111070517944320
1312111079531577344
1312111095557971968
1312111129863184385
1312111142081159168
1312111150662705152
1312111183755796480
1312111188856066050
1312111192010182659
1312111197181734912
1312111200780472321
1312111209248780288
1312111209815011329
1312111213875134464
1312111218165866498
1312111230413234176
1312111230526451712
1312111243432398848
1312111247400169473
1312111268287799296
1312111272335273985
1312111280430485507
1312111280841396225
1312111284716933121
1312111288688889857
1312111289003438081
1312111288835690497
1312111296813305856
1312111301531901954
1312111313783418880
1312111317918998528
1312111321937145857
1312111330531262465
1312111330711597057
1312111331529555968
1312111334855639041
1312111363683053568
1312111368766541824
1312111376672993281
1312111381320069120
1312111385657044992
1312111390019076096
1312111401549225984
1312111414237044736
1312111443727183872
1312111452715585536
1312111456880455680
1312111465579515904
1312111507472224256
1312111511444234240
1312111523733487617
1312111532403118083
1312111544784752642
1312111557623443456
1312111594654986242
1312111603093970946
1312111607099449344
1312111620298952704
1312111645620011008
1312111649193508864
1312111649201942528
1312111654105051136
1312111666620841984
1312111670378938368
1312111678935318528
1312111683477749760
1312111687282040833
1312111687839805440
1312111695574097920
1312111699818803200
1312111725592813568
1312111729539645441
1312111737915621376
1312111738028912640
1312111762519408640
1312111762695569410
1312111766659194881
1312111775429525504
1312111775194570755
1312111780085198849
1312111783499366400
1312111788683456512
1312111796363251713
1312111801312505856
1312111808669335553
1312111813685702658
1312111817309659136
1312111826587455488
1312111834002989057
1312111834673995776
1312111855033225217
1312111855175790592
1312111864000569344
1312111871852335104
1312111872296906753
1312111876356988928
1312111885114695680
1312111888373747713
1312111893360697348
1312111914005061632
1312111934456565760
1312111947232370689
1312111951388930048
1312111955755241472
1312111956229189632
1312111960427646976
1312111964282261504
1312111968224899073
1312111976844152832
1312111989582254082
1312111990018514944
1312111997920530433
1312112001653465088
1312112010805428224
1312112014131523584
1312112039850983425
1312112047954432000
1312112073594208256
1312112081374638080
1312112081827622912
1312112086323875841
1312112086353281024
1312112098864816128
1312112102455164930
1312112115151380481
1312112119068815360
1312112123737120768
1312112132616462336
1312112165168398336
1312112169513746432
1312112173808640001
1312112174446174209
1312112178133004289
1312112198697639936
1312112207686033410
1312112219673423872
1312112225176313857
1312112245820678144
1312112254075072513
1312112254091890688
1312112262602137601
1312112269916921856
1312112269786935296
1312112296152367104
1312112308210987008
1312112308349407232
1312112316830289920
1312112321372721153
1312112333091565568
1312112358072832000
1312112357984796673
1312112367556157441
1312112371154919425
1312112375537909762
1312112400049479680
1312112413160865793
1312112413290840064
1312112430009380869
1312112442890047488
1312112455649128448
1312112463622463488
1312112467145682944
1312112475723067392
1312112483860004864
1312112492517027840
1312112501299929088
1312112509336256513
1312112525870206976
1312112534988546048
1312112535772958720
1312112539187118082
1312112547265298432
1312112568358432768
1312112568714977280
1312112576218558465
1312112581268529152
1312112585114742784
1312112597185912833
1312112598393913347
1312112601216643073
1312112609957564417
1312112618119729154
1312112618190983168
1312112627342925824
1312112630895583232
1312112647412674561
1312112656233365506
1312112664626130944
1312112664814911489
1312112664810643456
1312112665204981760
1312112669181140994
1312112680937811968
1312112681709563905
1312112685496950785
1312112689234149378
1312112689389346816
1312112702668435457
1312112706229424129
1312112723887489026
1312112727641341953
1312112728174063616
1312112744594722818
1312112749019717633
1312112773103448064
1312112778300203010
1312112786026029058
1312112798466412547
1312112819958022144
1312112823686754305
1312112824420765696
1312112832679346176
1312112836735234048
1312112840950521856
1312112848793862144
1312112848793862146
1312112862811189249
1312112870029619201
1312112873984782336
1312112882713153536
1312112891504386048
1312112895694573568
1312112900291530752
1312112900333477889
1312112916691259392
1312112921124589570
1312112941815095296
1312112958600667136
1312112966527975426
1312112975218499584
1312112991718928384
1312112992239009793
1312113000636055552
1312113008718475269
1312113008915537920
1312113021238480896
1312113037738864640
1312113042323238912
1312113046014226432
1312113063647080448
1312113063898742784
1312113067958792192
1312113075646939137
1312113079371493376
1312113083674894337
1312113092688445441
1312113096832417792
1312113100997320704
1312113105501974528
1312113105183277056
1312113108953915392
1312113114255564800
1312113122828664833
1312113138934845443
1312113151232466944
1312113155091251202
1312113159386193921
1312113159826665472
1312113205649399808
1312113206240763905
1312113210292535298
1312113218748182528
1312113222183391232
1312113222456012800
1312113222426619904
1312113226356674561
1312113235294744576
1312113238968946688
1312113239304499200
1312113248393551873
1312113251870597120
1312113256316559365
1312113260192165888
1312113268987584513
1312113276344438784
1312113284720422912
1312113289711607811
1312113293947891712
1312113318866288640
1312113348650049536
1312113348687790080
1312113377141952512
1312113382187651072
1312113386046410753
1312113386050576386
1312113398524465152
1312113398801264640
1312113403293437952
1312113403683459072
1312113410339794944
1312113411837194246
1312113431869227008
1312113432599044102
1312113432628350977
1312113432980676609
1312113436210331649
1312113436512251905
1312113449346842624
1312113474885967872
1312113478476283905
1312113486919393280
1312113486911008769
1312113491189227521
1312113503004573696
1312113503289790467
1312113520142479360
1312113520255721474
1312113520712933376
1312113524047450112
1312113528380162048
1312113545421570048
1312113553348784129
1312113562949611521
1312113565906550784
1312113571086569472
1312113579097612290
1312113591328202752
1312113596256534529
1312113596277514242
1312113599934943232
1312113612555603968
1312113624576532480
1312113628955303936
1312113637947973632
1312113642326769664
1312113659108225024
1312113662493040642
1312113662417461250
1312113680293617666
1312113700426280961
1312113700627640321
1312113705144872961
1312113713697103872
1312113717148966913
1312113721326542848
1312113721615872001
1312113730092589057
1312113738325999616
1312113738586025984
1312113742381936640
1312113759389806593
1312113759947612160
1312113792768065537
1312113793271427072
1312113805875322880
1312113809922781187
1312113810396774401
1312113813542510592
1312113822174380032
1312113865010814977
1312113867900641280
1312113880697462786
1312113880730984448
1312113910468599808
1312113914369331200
1312113918064484354
1312113922774724608
1312113927086460928
1312113931637321730
1312113944195035136
1312113948276125699
1312113948355817473
1312113951832829953
1312113951828664320
1312113952025800704
1312113955985219585
1312113960464728065
1312113977241997312
1312113998200930304
1312114002424594433
1312114015309447168
1312114019050815488
1312114023626760192
1312114027481374720
1312114037061160961
1312114039888072704
1312114045026091009
1312114052621983744
1312114053406310401
1312114053456646145
1312114057365712896
1312114073828356102
1312114074361053184
1312114082443452416
1312114090265899008
1312114095395540993
1312114111711375361
1312114116245348352
1312114128178167817
1312114136751325184
1312114137158176770
1312114144938606594
1312114149887942658
1312114162089160704
1312114178568540161
1312114182335193088
1312114187221364737
1312114191705096192
1312114195161214978
1312114199972118529
1312114211753881600
1312114219643330562
1312114228552056832
1312114233820082176
1312114237444026370
1312114241290137600
1312114275285041152
1312114274462883840
1312114312966594560
1312114313105035264
1312114318272471040
1312114321162342402
1312114338639933441
1312114350505619456
1312114350480453632
1312114367740084224
1312114376153862144
1312114384521490432
1312114392817831937
1312114405396549637
1312114410064809985
1312114426158309376
1312114434689495041
1312114485247668225
1312114493351104514
1312114493523025920
1312114501244784645
1312114505329995776
1312114505854316544
1312114514406502400
1312114514599374848
1312114540209827840
1312114544324476928
1312114556206895104
1312114564746498048
1312114568278073349
1312114581259522048
1312114598875545600
1312114607222259717
1312114607616520192
1312114627921113088
1312114628625743872
1312114635777085441
1312114644245385216
1312114649035280384
1312114653179211777
1312114682048573440
1312114703116558336
1312114708489543681
1312114723656146947
1312114732594204672
1312114744812158977
1312114758175223808
1312114766446379008
1312114773316648960
1312114795303243776
1312114808066433024
1312114811983949826
1312114811950383104
1312114820506742784
1312114820544516096
1312114824701194240
1312114832754176000
1312114832913559559
1312114837393084417
1312114846217904128
1312114857865408513
1312114888378998784
1312114892283891712
1312114895958110210
1312114895488393216
1312114904183136264
1312114916795404289
1312114916912820224
1312114921790873600
1312114959157870592
1312114963402481665
1312114966887952386
1312114979743514625
1312114996600479745
1312115001885294593
1312115001851740160
1312115004884226048
1312115009225252864
1312115009418272768
1312115022353494018
1312115031035637760
1312115043002052609
1312115047376674816
1312115054871887873
1312115076606750720
1312115101315469312
1312115105832726529
1312115109586595840
1312115110677114880
1312115113852166145
1312115114405842944
1312115114531725312
1312115118054895617
1312115123218128898
1312115135113162752
1312115139026456579
1312115147406667776
1312115151496044544
1312115160887119872
1312115168868929539
1312115169045094400
1312115169271578624
1312115173025439744
1312115172945743872
1312115176624144384
1312115177630752769
1312115181095325699
1312115205833326593
1312115206042992640
1312115206055632897
1312115218424635393
1312115227572359168
1312115240457314305
1312115248313200640
1312115252306219008
1312115253799346177
1312115277333553152
1312115277258084353
1312115285910986754
1312115290365337600
1312115294169571328
1312115311231991809
1312115319209566208
1312115323991019520
1312115323831676930
1312115336041304065
1312115336091627521
1312115344685760513
1312115353883832320
1312115357524451329
1312115361823649793
1312115378005241856
1312115386574225408
1312115412159483904
1312115416626425856
1312115420522897408
1312115424251711488
1312115436759117824
1312115440949235713
1312115462159831041
1312115466794536961
1312115491754795015
1312115491914182656
1312115504144814080
1312115504111218688
1312115512508260352
1312115516283076609
1312115525569241093
1312115529327411200
1312115534025035776
1312115542279426048
1312115545567752193
1312115546255626241
1312115551167102976
1312115554228920321
1312115562374328320
1312115580367904768
1312115604669652995
1312115617361653760
1312115621505638400
1312115622155755520
1312115625355956225
1312115625452396544
1312115642833592320
1312115646704939008
1312115668209213440
1312115675645710336
1312115693643423745
1312115735045402624
1312115739189362688
1312115756495036416
1312115777235873794
1312115781556076544
1312115802393329665
1312115830977560576
1312115847872176128
1312115856713736192
1312115861461770240
1312115861591715840
1312115873646145538
1312115873977573378
1312115885688016899
1312115889987186688
1312115893694918656
1312115897809596416
1312115907183820800
1312115923940040706
1312115928289566720
1312115931615690753
1312115935692513280
1312115952771686402
1312115973923590145
1312115977903980547
1312115978549907457
1312115983079759872
1312116011668135936
1312116037362438144
1312116040759869440
1312116041510600704
1312116045415477248
1312116046090760193
1312116048934526982
1312116049005875200
1312116049437835265
1312116066831663104
1312116070124199936
1312116078340763648
1312116091452178432
1312116095784902656
1312116103607328768
1312116108938285056
1312116117486276608
1312116125665169408
1312116125635805185
1312116133068120064
1312116141813235712
1312116149795004416
1312116149321043968
1312116166580531200
1312116175598309376
1312116196460773378
1312116201284280321
1312116204270579712
1312116205029711872
1312116221412732928
1312116225753800706
1312116230275231744
1312116246272303106
1312116246305857536
1312116251074859011
1312116254828716032
1312116258733604864
1312116267931688961
1312116271782096897
1312116271920545792
1312116272100831232
1312116288236388352
1312116288114753536
1312116304904507393
1312116310059360256
1312116313590919169
1312116321950162945
1312116334751223809
1312116338882617344
1312116347153707008
1312116347376029696
1312116347845844992
1312116347887742977
1312116348026118146
1312116367827501058
1312116368175579136
1312116371916943361
1312116376820043776
1312116389017079809
1312116402204012545
1312116405576192001
1312116414589726720
1312116422726701058
1312116431761276929
1312116435506749442
1312116439470366721
1312116439969529856
1312116443236892673
1312116444214165504
1312116448072925184
1312116451969359874
1312116473234481152
1312116473737822208
1312116481526693888
1312116489965629440
1312116528146309120
1312116544231464960
1312116577853038592
1312116591148953601
1312116595108454400
1312116598396784640
1312116602993688577
1312116603220193280
1312116620051980288
1312116624212672512
1312116624523059200
1312116627987521536
1312116631946944512
1312116636648796161
1312116637139517440
1312116645658198016
1312116658048135170
1312116674057834497
1312116674380746752
1312116678944149504
1312116682958094336
1312116695935283200
1312116699311689728
1312116708262309888
1312116712381186048
1312116716009213953
1312116733474291713
1312116737379164161
1312116737702129666
1312116745306402816
1312116751002337280
1312116758921191424
1312116766609338368
1312116779208962048
1312116804190306306
1312116812599816194
1312116821395304448
1312116829175734272
1312116833659445248
1312116838365421568
1312116842287169536
1312116850331770880
1312116851179057152
1312116854786121728
1312116858712064002
1312116867708854272
1312116872175775745
1312116880602099713
1312116883798126592
1312116884330803200
1312116888609026048
1312116905180762114
1312116914185891841
1312116914257195008
1312116921425252352
1312116925997043712
1312116926374531072
1312116934628962305
1312116938819002368
1312116938319884290
1312116955277529089
1312116960113520640
1312116972130234370
1312116980481060864
1312117005957304320
1312117006301192192
1312117006338932736
1312117015004372992
1312117018863136768
1312117022856110080
1312117031374782464
1312117047392833536
1312117057027108869
1312117063721205762
1312117090006908928
1312117164359389184
1312117164590002177
1312117169208000512
1312117169979756544
1312117173247111168
1312117181920940032
1312117185725173760
1312117190678601728
1312117194247925760
1312117214917455874
1312117215043354624
1312117219279609856
1312117244881563649
1312117253114978310
1312117266213818368
1312117274430455809
1312117290050088965
1312117316407103488
1312117333318483968
1312117337546350593
1312117341832925185
1312117349407887360
1312117366071857153
1312117367002914816
1312117371029471233
1312117373839704065
1312117379518722050
1312117383255871488
1312117383515918342
1312117396543541248
1312117396933541888
1312117413178040320
1312117421314985984
1312117442466832384
1312117471097188354
1312117475039830016
1312117475794796544
1312117480026902530
1312117491875815424
1312117525505732609
1312117529528082432
1312117538466140161
1312117571248746496
1312117575799595009
1312117576495894528
1312117588948779009
1312117601359720448
1312117610264227840
1312117614093627392
1312117622591291392
1312117635492929536
1312117638739365888
1312117642950443008
1312117648105168897
1312117648323342339
1312117651951423488
1312117655671726080
1312117664018395137
1312117664332935168
1312117669043163136
1312117671605878785
1312117676366389248
1312117676550963202
1312117680795574272
1312117681617735681
1312117697790926849
1312117698042585088
1312117698340417536
1312117706238222336
1312117714077376514
1312117715071430656
1312117731165007872
1312117731185967104
1312117739406852096
1312117756553166848
1312117768548827136
1312117811347517443
1312117811288793088
1312117819069263872
1312117820461731840
1312117823347408897
1312117823234215936
1312117831983480832
1312117861532332032
1312117865365995521
1312117866280312832
1312117869577003009
1312117874626973698
1312117878020136960
1312117878414438401
1312117882273230850
1312117886404624386
1312117903089573888
1312117924807598080
1312117936513937413
1312117937180798976
1312117940649484288
1312117941769367552
1312117950455791616
1312117954113204224
1312117962237566976
1312117974673715200
1312117978373091328
1312117986870738944
1312118003496964096
1312118003996139521
1312118016897765376
1312118020731408384
1312118030046953472
1312118033033256961
1312118041577021441
1312118054701072385
1312118062385037313
1312118062473048064
1312118066705174528
1312118071864164352
1312118074934394881
1312118075873849344
1312118083629113347
1312118088096083968
1312118104441274368
1312118104575549440
1312118108505554944
1312118138155089921
1312118146434625536
1312118154852618241
1312118158849839105
1312118163119562752
1312118183202099206
1312118184812576769
1312118188063125505
1312118209219239936
1312118213757419521
1312118230144569346
1312118230832443392
1312118234926116864
1312118251506212864
1312118255473971202
1312118259601166336
1312118267763326976
1312118273509519361
1312118276697198592
1312118310272602114
1312118310775873537
1312118318917062656
1312118326819127297
1312118343306862592
1312118343478833152
1312118352643407873
1312118356372189184
1312118365197008896
1312118398340358144
1312118406179504128
1312118414836555776
1312118419559337984
1312118435921326080
1312118440686096384
1312118444058275840
1312118449255055360
1312118460999061504
1312118461506576384
1312118465331781633
1312118469777793024
1312118485909073920
1312118504414302208
1312118516271603712
1312118520537182208
1312118532079906816
1312118533233418240
1312118540783161344
1312118553290526720
1312118557807763456
1312118569803501568
1312118569837056000
1312118572659822593
1312118574643777537
1312118574656307200
1312118574933184512
1312118587700645888
1312118603362181120
1312118608789553153
1312118615995346944
1312118616037318657
1312118620546187264
1312118624245538816
1312118625466163206
1312118632919396353
1312118637004636161
1312118641429635072
1312118641685458945
1312118649273020416
1312118658550829056
1312118662111797248
1312118683041374211
1312118687365644288
1312118688078651393
1312118688112230400
1312118699969507332
1312118704264548353
1312118721612115970
1312118725714141185
1312118742596243456
1312118758673018880
1312118771264319489
1312118779808161792
1312118780017864704
1312118788402290688
1312118788372918274
1312118792412041217
1312118792567230464
1312118792781131776
1312118835277778944
1312118838780076032
1312118847038656512
1312118851497205761
1312118852113768448
1312118855687303169
1312118855804678144
1312118876885270528
1312118884741246976
1312118901606502400
1312118909537972224
1312118910699794433
1312118917704216576
1312118918224343041
1312118922397667329
1312118927091089409
1312118934628257792
1312118947680985089
1312118964655276032
1312118965271887872
1312118993709199360
1312118993642164225
1312119019432898560
1312119023115534336
1312119024021499904
1312119028131930113
1312119031550287872
1312119032519094272
1312119053050241024
1312119061384372226
1312119065347907585
1312119065444454401
1312119081860964353
1312119111233593344
1312119115134328832
1312119123569070080
1312119136068096001
1312119169953882112
1312119174232064000
1312119186588491780
1312119190828900352
1312119199150432256
1312119208205975552
1312119215743102976
1312119224345657347
1312119225574596609
1312119257472270336
1312119274857664512
1312119279186112512
1312119282856124416
1312119287214006273
1312119287813820418
1312119291076964352
1312119304565911552
1312119329048027139
1312119332730597378
1312119341597421569
1312119342297882624
1312119362552131584
1312119366649933824
1312119376024199169
1312119376489840640
1312119379727843328
1312119392474288128
1312119400409964544
1312119426678845440
1312119426779553793
1312119433888817152
1312119434329219072
1312119437844123649
1312119446626918400
1312119447130312705
1312119455644672000
1312119485327798272
1312119493997469696
1312119496614633472
1312119500792242177
1312119505795993600
1312119509428305925
1312119510049026048
1312119530617925634
1312119531087687680
1312119538780000256
1312119539270782976
1312119547332194306
1312119547923582978
1312119551690063873
1312119559466348544
1312119560854593536
1312119576352624641
1312119597995159554
1312119601501622273
1312119619105091584
1312119631381889026
1312119639372042241
1312119640030494720
1312119644694560769
1312119648561688576
1312119656761581569
1312119661333377029
1312119669277421574
1312119685647790082
1312119690714443777
1312119702848585728
1312119714940813313
1312119719512535041
1312119719625781249
1312119719734833152
1312119723513970688
1312119728446476289
1312119731923501057
1312119735991984129
1312119736377896960
1312119744112205824
1312119744414113794
1312119756879654912
1312119756896395265
1312119761174630400
1312119774114058240
1312119778178330625
1312119782917906434
1312119790903803904
1312119791059001344
1312119794523500544
1312119794599034882
1312119798986207232
1312119811523006464
1312119823904595969
1312119824827387906
1312119857761054720
1312119861640744960
1312119887276371968
1312119899817349120
1312119912702177282
1312119933053009920
1312119933434646528
1312119938006478848
1312119945564622848
1312119950761312258
1312119967458836481
1312119979349745664
1312120017740197888
1312120034269962240
1312120034328678400
1312120034920075267
1312120042247475200
1312120042654371840
1312120047184171008
1312120050367619074
1312120071506911233
1312120075839664131
1312120080310792192
1312120083854966785
1312120087957049345
1312120092298158080
1312120101462659077
1312120109037621248
1312120113609367552
1312120121851166722
1312120131531599874
1312120134304104451
1312120138448007168
