1318945148169048069
1318945156436054018
1318945159292346369
1318945164715421696
1318945178179219456
1318945178103799808
1318945191668101121
1318945198605553666
1318945202669711360
1318945202728538117
1318945211637223424
1318945215223222272
1318945218880819201
1318945219640000512
1318945223138025473
1318945245673922560
1318945245980131329
1318945266762977280
1318945292029513732
1318945295946964992
1318945330193367041
1318945346584780804
1318945348941918208
1318945374502064129
1318945382529961985
1318945387223293952
1318945400905035782
1318945401156689920
1318945404134789124
1318945410132660224
1318945411898421252
1318945418034765827
1318945426666590209
1318945432899358720
1318945442185551882
1318945447168364545
1318945471923093510
1318945491783221249
1318945504479170560
1318945509873225729
1318945512163221504
1318945543297576961
1318945546250440704
1318945552462131200
1318945555440128003
1318945567402348545
1318945568484257792
1318945596506517513
1318945601569083394
1318945610104528901
1318945614336565248
1318945618816126977
1318945623098478593
1318945652760580102
1318945669177106434
1318945682062016512
1318945690630918144
1318945694250463233
1318945703188717570
1318945719072509953
1318945719944871936
1318945726685081602
1318945728899784704
1318945731953061890
1318945732280291330
1318945740358586375
1318945766015176709
1318945768347140097
1318945790916775936
1318945802081996801
1318945803550003201
1318945806460850177
1318945811162517504
1318945820155105282
1318945824513134592
1318945829542088707
1318945841017663489
1318945845455278080
1318945850270298120
1318945856821874694
1318945857450987520
1318945858491195394
1318945862790246400
1318945886710452232
1318945900270657536
1318945906495016966
1318945916414472192
1318945929722998789
1318945945778704385
1318945947125227527
1318945951256616961
1318945953920012290
1318945958714105859
1318945967656357888
1318945970441326594
1318945974493061120
1318946016725409795
1318946017832701953
1318946034350018561
1318946046521659393
1318946046807052289
1318946057766711296
1318946058353954816
1318946059226329091
1318946075890257921
1318946077043609600
1318946085063303168
1318946093208641538
1318946105619476481
1318946113861394432
1318946130600878081
1318946147138899968
1318946200540905472
1318946213123756032
1318946223361978368
1318946225748545536
1318946231733932033
1318946236070756355
1318946246569136131
1318946247798099968
1318946260846600192
1318946269319016449
1318946280543031298
1318946284309336065
1318946306358915072
1318946306186948608
1318946327619928064
1318946338994835459
1318946347488366592
1318946348402696192
1318946356627533824
1318946364340932608
1318946369881726977
1318946372394061827
1318946380925337600
1318946390324727809
1318946397534769153
1318946398369468419
1318946398780428288
1318946405893894149
1318946435195375616
1318946440492834820
1318946443311386626
1318946457483923456
1318946457655910400
1318946469613809668
1318946481861234693
1318946499275927553
1318946500228108289
1318946502581112832
1318946503117860864
1318946506729279488
1318946508864106497
1318946528619302914
1318946531878338561
1318946532046082049
1318946537674887169
1318946537917984768
1318946538534699009
1318946546499682304
1318946551138570246
1318946553797562368
1318946562039480322
1318946566493831174
1318946587893260289
1318946592301481985
1318946595967102976
1318946613059084291
1318946621292486656
1318946625436459010
1318946629538312192
1318946634525515778
1318946641001537542
1318946650073796615
1318946653882044416
1318946670160248834
1318946686190878722
1318946697054244865
1318946702242549761
1318946706373939205
1318946716423421952
1318946720559095808
1318946722710769664
1318946725244162049
1318946726158499840
1318946741828333570
1318946744084942849
1318946747226460160
1318946759389962243
1318946788427124736
1318946792306737152
1318946796606029831
1318946824154173440
1318946826200940544
1318946826137948160
1318946835189403648
1318946848254681089
1318946858908192776
1318946860954955776
1318946864163704835
1318946873185587200
1318946876184559616
1318946895226720259
1318946901828382722
1318946906840727552
1318946919373262851
1318946920228818945
1318946931339534339
1318946934686687236
1318946935353626626
1318946956589355009
1318946970120163328
1318946976851951618
1318946990189907968
1318947001564790786
1318947003179597824
1318947009919897602
1318947015187902464
1318947041003868160
1318947053532254208
1318947056698839041
1318947061493092354
1318947065226010624
1318947072897331204
1318947090140139521
1318947094011514880
1318947098704793602
1318947106850295808
1318947107240398848
1318947107491909632
1318947114886496257
1318947115457011716
1318947131802017792
1318947140111130627
1318947144116674563
1318947157190336513
1318947157781762050
1318947171111215104
1318947178979667968
1318947196432273408
1318947201016647682
1318947205470978052
1318947211502358528
1318947215516323842
1318947215918981120
1318947219727417345
1318947220016779266
1318947229823082497
1318947233434357761
1318947250723299329
1318947251423760388
1318947251654397953
1318947253902520320
1318947263197184001
1318947274152574983
1318947275956256768
1318947278569283585
1318947289512161280
1318947295845621765
1318947299578478594
1318947301537271809
1318947305081503745
1318947313453326338
1318947317664288770
1318947328515035138
1318947337612427265
1318947348047929344
1318947354150637572
1318947356180586496
1318947360073023490
1318947367408656386
1318947375227035648
1318947377122824192
1318947408865353730
1318947409859399680
1318947418646392833
1318947422006116352
1318947423109210125
1318947434974904331
1318947442071568390
1318947450531569671
1318947458592944131
1318947458727235585
1318947472090275841
1318947474585886720
1318947475466706951
1318947509457178624
1318947521578913793
1318947522023428097
1318947552495046656
1318947563786149888
1318947571998621701
1318947572350844930
1318947595134402561
1318947615262859267
1318947616495992834
1318947619218034690
1318947620522479620
1318947621365411840
1318947628382605316
1318947636431433728
1318947653443530752
1318947654357966848
1318947656308191232
1318947657587490816
1318947657994350594
1318947665409921025
1318947669964967939
1318947674033287168
1318947681637703681
1318947702756024324
1318947703871602689
1318947707784974337
1318947714923638784
1318947728538337280
1318947729213693952
1318947737623285761
1318947746603294722
1318947748423532548
1318947748612349952
1318947770787647488
1318947773329428481
1318947776789700610
1318947783018205186
1318947787606790147
1318947791054536709
1318947799292170242
1318947808192417792
1318947825900785664
1318947832112443393
1318947838076850177
1318947865666875392
1318947870108766210
1318947878077857795
1318947883933192192
1318947908461432839
1318947939117510662
1318947951146901504
1318947968020602880
1318947983388561408
1318947987255480327
1318947989008928769
1318947993316433920
1318947993366790150
1318947993370959874
1318948029517434880
1318948048593182722
1318948051541581825
1318948052045004801
1318948054758809600
1318948057455730688
1318948069648596996
1318948072005771264
1318948081396797444
1318948113277624320
1318948122245017605
1318948152695791616
1318948161197625346
1318948172841050114
1318948179191189514
1318948191098851328
1318948194852720640
1318948222698663943
1318948222975574022
1318948230684606464
1318948231951355905
1318948240088305664
1318948269532348416
1318948278617202691
1318948283427991553
1318948286443737088
1318948321369624577
1318948322699321345
1318948332862021635
1318948341607268356
1318948349966503938
1318948366634680326
1318948373857243137
1318948390739247104
1318948395390803972
1318948399895412736
1318948400730152960
1318948402550419456
1318948420271394817
1318948424662851585
1318948424964853761
1318948449862225926
1318948454001831937
1318948454714855424
1318948458649120769
1318948463275659265
1318948470103867394
1318948478375120901
1318948524948623362
1318948526093705216
1318948529243652097
1318948529457475586
1318948540958191616
1318948562567417858
1318948562680598535
1318948566585389056
1318948566946189313
1318948567277572096
1318948567902453760
1318948583765430275
1318948589561892864
1318948597774356485
1318948599930171395
1318948629978189826
1318948643165143048
1318948652401020932
1318948663775952896
1318948680209084416
1318948700467548160
1318948706335531009
1318948721904607233
1318948732021493768
1318948735695622144
1318948742746263554
1318948746458206208
1318948748001726464
1318948751101382656
1318948756180652033
1318948765563310080
1318948769396936707
1318948769577209856
1318948771850448896
1318948773947691008
1318948790619926528
1318948802913501187
1318948807103533056
1318948809234391044
1318948819627900930
1318948824069689344
1318948855409422337
1318948858173546498
1318948860362895361
1318948863789699079
1318948885092511747
1318948890276712451
1318948893997043713
1318948898145247232
1318948928210018307
1318948940092506113
1318948953371664398
1318948953929310218
1318948973353328641
1318948974162661377
1318949002780594176
1318949020086226944
1318949028059545603
1318949033440911365
1318949041179398144
1318949048754327553
1318949052839563266
1318949058984185856
1318949067087618050
1318949078240096256
1318949078408060928
1318949103166984193
1318949107323592707
1318949115770920962
1318949138185265153
1318949142169899011
1318949142949920769
1318949145575591936
1318949182850371584
1318949191591239682
1318949196410638345
1318949200340656130
1318949200470618112
1318949201062092800
1318949217541476352
1318949251389530112
1318949260562489348
1318949262701580290
1318949280732876801
1318949292510425088
1318949296247611392
1318949297367363587
1318949301243052034
1318949308461424647
1318949319018426369
1318949319345639424
1318949348194045952
1318949350945529857
1318949358851772422
1318949384441266176
1318949384776765445
1318949392221532161
1318949392787922949
1318949393974820864
1318949405794439170
1318949418314465280
1318949431430045699
1318949438807707650
1318949444197453826
1318949447087255559
1318949447263416323
1318949452858724352
1318949455509377024
1318949455912194048
1318949456520372225
1318949491354046464
1318949494659162112
1318949495321681920
1318949501869027328
1318949513898332160
1318949516473737221
1318949534920331264
1318949547557687296
1318949556340490240
1318949562711760901
1318949568449531910
1318949570358005769
1318949618810605570
1318949625647169539
1318949628402896897
1318949634010644480
1318949636497866753
1318949640943947776
1318949641736671238
1318949654084681731
1318949663219851266
1318949669582626818
1318949671230967808
1318949678285807616
1318949678424166400
1318949679334346755
1318949694949609475
1318949695075487744
1318949696384176128
1318949696426151939
1318949707733979141
1318949713408786433
1318949715984158720
1318949719997960194
1318949736733310976
1318949742680756224
1318949753862934528
1318949763652456449
1318949765997101059
1318949766655438848
1318949766621954048
1318949767481905152
1318949776046653440
1318949780316368899
1318949780589056003
1318949785374633990
1318949795306889216
1318949822880251906
1318949824234807296
1318949829314289667
1318949833475039235
1318949837711310848
1318949849954357248
1318949866207383553
1318949871622213634
1318949874788790273
1318949883177586689
1318949905306546176
1318949905742790656
1318949910390124544
1318949939754553344
1318949954900152322
1318949973245988864
1318949989272358913
1318950010982105090
1318950038467268608
1318950038962307072
1318950048198139904
1318950069350010881
1318950095023448070
1318950096927518720
1318950106037714944
1318950124513423360
1318950126476550144
1318950131090313216
1318950150279204867
1318950157237555205
1318950197628723208
1318950197897154560
1318950198442446851
1318950201785225216
1318950206210269185
1318950250351120384
1318950252435689479
1318950257112264705
1318950261080154114
1318950274719977473
1318950276951379968
1318950290373013505
1318950296278781953
1318950299831312391
1318950299759972355
1318950337642778624
1318950338242764801
1318950340134268929
1318950348573335552
1318950352788520963
1318950353262444544
1318950357628817408
1318950375660150784
1318950379036446721
1318950379896197121
1318950384480653312
1318950388339531776
1318950398921740290
1318950401706700807
1318950407444385792
1318950408698691584
1318950412997824514
1318950417519304705
1318950420757254153
1318950424095895552
1318950424058187777
1318950424821497857
1318950430920015875
1318950433587515392
1318950434200035328
1318950442060099584
1318950454831841280
1318950478709878784
1318950517066944516
1318950520778821639
1318950522154487808
1318950534792028162
1318950544023539718
1318950547546796032
1318950561132273666
1318950584247078915
1318950597442363392
1318950600747503616
1318950606543843328
1318950609463148550
1318950621450522624
1318950630258479105
1318950648428331010
1318950651792162818
1318950655374036995
1318950660281335808
1318950667780788228
1318950692493479936
1318950736781316106
1318950738463162369
1318950739109203970
1318950739658625025
1318950739755044870
1318950756268068864
1318950757375369217
1318950765172559872
1318950765361324034
1318950781903687680
1318950790317232128
1318950797913194498
1318950801671409664
1318950802489180160
1318950815948705792
1318950835511058434
1318950841630494721
1318950873687560193
1318950877575655426
1318950881715511296
1318950883703607301
1318950886685724672
1318950895128776704
1318950902380847104
1318950904205279233
1318950919166459906
1318950920303071233
1318950924052779009
1318950929245327360
1318950936149184518
1318950937134850062
1318950940133687298
1318950948601999360
1318950993959264259
1318950995045568512
1318950996714938371
1318950998854033409
1318951001299259393
1318951004004638722
1318951016742686721
1318951019624226817
1318951024262926338
1318951026200895488
1318951034455281672
1318951037257003009
1318951037399650306
1318951054386503680
1318951059491049473
1318951067950874626
1318951070622572544
1318951082962374657
1318951088087736320
1318951091715952642
1318951094882545667
1318951104034504706
1318951120715325440
1318951134732652545
1318951159135076353
1318951160745689096
1318951163337736192
1318951166487658496
1318951166827499521
1318951168224219137
1318951169373442052
1318951170560479239
1318951177292316674
1318951181192843265
1318951185064382466
1318951191540338690
1318951196405559296
1318951204358062083
1318951208418119682
1318951208950898688
1318951209248518144
1318951212813742080
1318951214663413760
1318951222053920774
1318951238017449986
1318951243088334850
1318951247085555715
1318951262415691776
1318951268870770688
1318951288386846732
1318951298385969153
1318951314802511873
1318951318740963334
1318951327565815809
1318951330459783169
1318951339762708481
1318951353574739968
1318951357559209987
1318951365641719810
1318951376068640768
1318951390996238338
1318951402060849158
1318951410688532481
1318951415037849600
1318951418187886592
1318951435594166272
1318951444121219072
1318951450295345153
1318951481492557824
1318951483208093702
1318951490787180544
1318951495044272128
1318951503344926727
1318951504066334722
1318951507333730305
1318951517420924930
1318951519912402945
1318951529618038785
1318951533816393729
1318951536924426240
1318951538098761728
1318951541584367616
1318951575419801601
1318951585603571714
1318951595145629698
1318951630180671490
1318951632516898816
1318951632923746311
1318951649172426752
1318951662871040000
1318951666037739522
1318951674476625921
1318951683880345602
1318951690528264195
1318951707410399233
1318951716889518082
1318951721113161729
1318951734752890880
1318951750460735489
1318951755502088192
1318951767846039552
1318951775194460162
1318951780022059009
1318951788758917123
1318951791392903169
1318951796673576963
1318951806089764865
1318951808702861313
1318951818873942019
1318951826331299840
1318951830378905600
1318951842949287947
1318951850306097154
1318951863430033408
1318951875698397184
1318951885366300672
1318951887001899008
1318951907369639936
1318951939799920641
1318951947139977218
1318951952319995905
1318951968640028680
1318951972050001921
1318951977309642753
1318951988546109442
1318952011027615745
1318952014143840257
1318952014341152775
1318952014815125504
1318952018426429444
1318952023971201026
1318952027653918720
1318952035778203650
1318952036876972032
1318952045618057216
1318952048071745536
1318952048528969729
1318952053004210176
1318952057638932482
1318952061535506432
1318952062395289604
1318952082578300928
1318952098323521536
1318952101834207232
1318952107177889792
1318952111569313793
1318952123279822848
1318952140912603141
1318952145190850560
1318952149653594113
1318952150194704384
1318952153923375105
1318952164857946114
1318952167085146114
1318952173666029569
1318952174525812740
1318952178804019206
1318952186336940032
1318952189881180166
1318952190711508992
1318952190715826177
1318952190971695107
1318952199570001921
1318952203177119751
1318952216431124482
1318952223838121984
1318952225448718336
1318952232713392128
1318952238560104449
1318952249545076736
1318952253970128897
1318952269904306176
1318952280624857090
1318952284928331778
1318952288749309958
1318952293421625344
1318952294852034563
1318952300237508613
1318952328477638662
1318952345917661188
1318952357833723905
1318952362032070657
1318952363428880385
1318952366050258944
1318952378616471553
1318952392189247494
1318952399411793920
1318952406093303810
1318952413332582402
1318952416725827584
1318952471516094465
1318952471566327809
1318952476918255618
1318952492193939456
1318952513043800064
1318952512431575040
1318952513866006529
1318952524049641473
1318952549484027910
1318952555062460420
1318952558199799811
1318952565162143744
1318952573026603010
1318952589250207744
1318952598938939392
1318952606597849089
1318952610842300418
1318952648847085573
1318952651464343554
1318952656405254146
1318952657772576771
1318952682795749378
1318952682707685386
1318952706824962052
1318952714622042113
1318952716635340800
1318952718904471553
1318952719059660800
1318952735664820225
1318952745349632000
1318952745362182145
1318952751968243714
1318952760109391872
1318952762034540544
1318952766178459651
1318952773493325824
1318952773719818242
1318952782137876480
1318952808201228289
1318952813280583682
1318952820708704256
1318952821300088833
1318952823942512640
1318952828048723969
1318952826454876160
1318952833664811008
1318952841071964160
1318952863096279040
1318952865474310145
1318952872109891587
1318952888371040256
1318952892351410177
1318952895010701314
1318952900555583495
1318952908084359168
1318952930595295242
1318952933401284609
1318952936374996992
1318952945661186053
1318952946055467008
1318952974270562307
1318952975943913472
1318952975998529536
1318952984219426818
1318952987755040769
1318952989596487681
1318952995795705858
1318953021242593281
1318953049503731712
1318953051932315649
1318953076867407875
1318953079715356675
1318953080470241280
1318953084614283270
1318953096953786368
1318953102645600256
1318953108840583168
1318953131166765056
1318953140578910208
1318953143309357057
1318953171302207488
1318953180533850112
1318953219075211264
1318953226805432322
1318953231628685312
1318953232748654594
1318953235454038018
1318953261597163522
1318953276075900950
1318953281541066752
1318953282530926595
1318953282728022017
1318953301384269830
1318953306849501185
1318953315380625411
1318953322393600004
1318953335131615233
1318953349774004225
1318953351896236033
1318953361694130182
1318953364403720193
1318953382577655808
1318953400856358912
1318953402198560780
1318953402949402625
1318953424180801536
1318953440710623235
1318953441700552706
1318953452404264960
1318953453033525249
1318953465834397698
1318953467130613760
1318953469286535173
1318953471031222272
1318953479575056385
1318953480011288581
1318953486432821249
1318953500550795265
1318953507593064451
1318953516791177219
1318953520247246848
1318953524672237573
1318953529055346689
1318953536676335618
1318953547204001794
1318953558734143493
1318953575654019072
1318953611632717825
1318953612345630721
1318953624064696322
1318953626698715137
1318953630318383104
1318953633564819457
1318953633732562946
1318953645250142208
1318953647691210760
1318953671594561537
1318953672253050882
1318953674538848256
1318953680469544961
1318953687440486401
1318953688711442434
1318953689533612033
1318953695804035072
1318953700610744327
1318953723876544514
1318953764619890689
1318953781640429569
1318953785646080001
1318953789508956160
1318953790033301505
1318953790066757632
1318953798396727298
1318953838607364096
1318953847486844928
1318953849361735683
1318953873927712769
1318953885411717122
1318953890545545216
1318953897122271232
1318953902180585474
1318953902583271425
1318953910816722945
1318953944568254464
1318953947575521282
1318953966156288003
1318953985726840833
1318953999060459520
1318954006618738690
1318954019822301184
1318954044749172737
1318954052533800960
1318954058145763328
1318954061190860800
1318954070007230465
1318954077598871553
1318954078194589697
1318954091855437824
1318954149061459969
1318954151028518914
1318954161682210816
1318954165977124864
1318954172058914816
1318954184042074115
1318954217206329345
1318954225288814592
1318954235145424902
1318954245811560448
1318954271463870465
1318954304342994946
1318954309430620161
1318954313406873600
1318954329282326528
1318954334944694272
1318954341584261120
1318954342926454785
1318954355266097152
1318954356008488961
1318954384475246592
1318954387654418432
1318954415064317953
1318954415810777089
1318954430105006080
1318954435456901120
1318954435482181634
1318954440100093952
1318954464498298881
1318954467526660101
1318954479946027009
1318954486392565760
1318954498975535107
1318954503819976705
1318954509343838208
1318954511420084225
1318954520924377089
1318954543502196739
1318954543561007115
1318954545549107202
1318954553392254977
1318954572614836225
1318954590268579841
1318954601903685633
1318954632564137986
1318954645675540480
1318954655041409027
1318954667007725571
1318954681255620614
1318954699287035905
1318954703640723459
1318954703863033863
1318954704005599232
1318954707419766784
1318954708011241472
1318954708782940168
1318954708896272384
1318954715812605954
1318954719272906752
1318954720191422464
1318954729289011201
1318954732292087809
1318954740366168064
1318954746703654912
1318954746967920640
1318954748335312902
1318954750608515072
1318954754811162624
1318954787451375618
1318954799031750656
1318954829151145989
1318954833899102210
1318954845420851200
1318954850684633091
1318954854111309824
1318954858506985473
1318954874252374016
1318954878039777281
1318954888294993921
1318954900680699905
1318954907559514112
1318954922163851265
1318954926282842120
1318954933866082304
1318954949691179011
1318954952182669316
1318954954279845899
1318954964979535872
1318954967332491264
1318954974894764035
1318954986408202242
1318954988543053824
1318954989524414464
1318954994146529280
1318954996621320193
1318955017223720960
1318955025721401350
1318955026623193088
1318955050568355840
1318955058625617921
1318955059317678080
1318955061901287425
1318955069228843010
1318955072546537473
1318955073293176833
1318955075914661888
1318955080700317696
1318955090087088129
1318955096491819009
1318955102066049030
1318955102758195203
1318955113478680576
1318955117928919040
1318955119698976768
1318955126095314944
1318955128423067648
1318955141974863880
1318955148580892672
1318955153727291398
1318955155501568000
1318955183347585024
1318955185553670145
1318955210975444992
1318955219380625408
1318955231972122625
1318955235671478272
1318955248099250176
1318955252016664578
1318955262686973953
1318955265325207558
1318955274389041152
1318955276117057536
1318955282332971008
1318955287282319361
1318955287567650819
1318955289702551553
1318955307490512897
1318955315036098566
1318955333604302848
1318955333814018050
1318955337358077952
1318955345247670272
1318955345558016005
1318955350687506433
1318955352952549382
1318955354332385280
1318955361722720256
1318955362708541440
1318955383520714753
1318955386960072704
1318955395159887873
1318955403414138880
1318955425597894657
1318955434112356357
1318955446816985088
1318955457449525248
1318955466974691329
1318955467876564995
1318955483860971526
1318955487820455937
1318955494808190976
1318955501099667458
1318955503607742464
1318955505151258628
1318955518455652352
1318955520976285696
1318955522696110080
1318955525040689155
1318955528098373640
1318955529604108292
1318955537116090369
1318955544082894848
1318955545491984384
1318955546008014852
1318955554451165185
1318955555449339904
1318955556586082305
1318955563762372608
1318955563879989250
1318955575481421826
1318955579663155204
1318955581357625350
1318955592984203265
1318955597220425730
1318955601456730119
1318955612940738561
1318955613922168838
1318955639679406083
1318955642388873216
1318955646411280386
1318955654971854854
1318955655177318400
1318955667638550528
1318955668091465728
1318955691072172034
1318955703696990209
1318955707505532928
1318955726514065409
1318955739612807168
1318955759502303232
1318955767807025153
1318955776300388352
1318955780549320709
1318955785788006403
1318955789747429376
1318955814099558400
1318955814539923457
1318955815034712065
1318955835159158784
1318955836123746305
1318955839655342081
1318955843132424194
1318955852926210048
1318955868789088261
1318955872773701633
1318955873457364992
1318955874388484101
1318955877592834048
1318955877093855233
1318955878159126533
1318955885398548480
1318955885650206720
1318955900711862278
1318955940822110208
1318955950464696321
1318955969385201666
1318955970014384138
1318955974229659649
1318955982622461953
1318955987286581248
1318955987999576066
1318955988800634887
1318955991048818688
1318956000246980615
1318956008660676609
1318956024791994368
1318956025492377600
1318956027925221376
1318956059143204864
1318956066701496322
1318956068056322049
1318956068442169351
1318956074544844802
1318956078223314946
1318956079129055232
1318956085093429255
1318956096321708032
1318956096686641154
1318956096652967938
1318956100058673153
1318956121181343745
1318956142828158977
1318956148297502720
1318956151195815936
1318956160075038721
1318956161014648833
1318956162763599873
1318956167935238144
1318956176680300545
1318956191444250626
1318956197253349379
1318956208217153536
1318956219604795393
1318956224918900737
1318956234125545480
1318956238487625730
1318956243529068544
1318956255155814402
1318956258209288195
1318956264513208321
1318956272192954368
1318956284478214145
1318956301997703170
1318956304409518085
1318956313540526082
1318956317118255106
1318956318670032897
1318956326421188608
1318956326471553029
1318956331164930051
1318956350701961218
1318956393613983747
1318956406624702471
1318956407316688897
1318956410928070656
1318956431484186624
1318956435066159105
1318956439012929536
1318956447967989768
1318956453344890880
1318956468629086208
1318956472429125633
1318956487100825612
1318956490015805442
1318956499771756548
1318956507560640512
1318956518960750593
1318956519040241665
1318956537172291584
1318956548513738753
1318956553886597120
1318956569661505536
1318956570940743686
1318956570336763904
1318956574740746240
1318956574979883016
1318956578553344000
1318956587415789568
1318956593896108038
1318956602955911175
1318956603656327169
1318956608098082818
1318956612514611200
1318956619183644676
1318956633238765572
1318956637198061569
1318956649638408194
1318956653316800515
1318956657431531523
1318956662955274240
1318956663722958849
1318956665891377153
1318956674770702336
1318956674938437636
1318956679757746180
1318956687823437831
1318956696140734468
1318956715686187013
1318956750549245956
1318956775534661632
1318956778806235138
1318956784762093568
1318956796372045825
1318956804550938625
1318956807876976644
1318956812058517504
1318956825736335360
1318956830391939075
1318956835395620865
1318956838679871489
1318956839569149952
1318956863455625220
1318956869042438144
1318956873031340039
1318956879125630976
1318956888340529152
1318956906585751553
1318956906577301504
1318956914542247942
1318956919558688770
1318956934880497664
1318956943403323392
1318956951775096834
1318956953477869569
1318956956636401670
1318956977171685377
1318956988508868609
1318956989330882561
1318956998008971265
1318956998482927616
1318957014186446856
1318957082318671876
1318957100282728448
1318957102975668224
1318957111540371456
1318957120671318022
1318957133346504705
1318957142746013698
1318957145153544192
1318957158248099841
1318957167232339969
1318957181203566593
1318957191844552705
1318957192771403777
1318957229308059650
1318957249142902784
1318957283766829056
1318957294961545216
1318957317799501824
1318957318374117378
1318957329237254150
1318957363643191301
1318957386493820938
1318957395876470784
1318957397814239234
1318957399865262083
1318957417535836161
1318957420882911232
1318957429007163392
1318957437379088391
1318957438314385409
1318957451098677250
1318957454408011777
1318957467452100609
1318957474796380161
1318957476755243012
1318957506610176000
1318957509089124352
1318957546569371650
1318957558766317576
1318957568589430786
1318957569965125632
1318957589741375493
1318957596481552385
1318957597265956865
1318957616064847874
1318957635299905536
1318957638290386952
1318957639888478208
1318957681550462977
1318957685631483908
1318957688995414018
1318957711053246466
1318957712764489736
1318957715750793216
1318957719462752257
1318957724198199297
1318957735543648257
1318957736370098176
1318957740514021377
1318957748676120576
1318957749183545349
1318957759929438211
1318957761238093824
1318957791386755072
1318957821011107843
1318957824836308992
1318957828900450304
1318957831199096832
1318957841399664645
1318957842628567042
1318957866074558465
1318957869828538373
1318957873200828417
1318957877860524034
1318957882021392389
1318957894273060866
1318957896139382785
1318957896688979968
1318957907313119233
1318957907329929219
1318957911868100613
1318957912677470208
1318957915341049857
1318957919786962944
1318957921489817605
1318957925281501184
1318957934538334211
1318957937533005825
1318957983095717888
1318957997037596674
1318958009301803010
1318958009947738112
1318958015777832967
1318958017782665216
1318958025974161410
1318958026674634754
1318958026817216512
1318958029455429637
1318958030147420161
1318958032924119040
1318958038393540610
1318958045079195648
1318958055657263104
1318958076968534018
1318958077790556162
1318958087475240960
1318958101513515009
1318958108044070912
1318958111189762048
1318958114775982081
1318958131242741760
1318958131376947201
1318958160946802689
1318958168559542277
1318958175240908800
1318958189161762816
1318958201207951372
1318958210536116224
1318958213790838788
1318958214260588544
1318958222959693826
1318958223869710338
1318958229947355137
1318958231536820224
1318958234317725696
1318958235840401408
1318958238054887424
1318958245495689218
1318958262901907456
1318958280891420672
1318958281986027520
1318958293218459649
1318958294753595392
1318958299308589057
1318958313640480768
1318958319093108736
1318958323710963713
1318958324314943488
1318958330661003264
1318958339397701635
1318958351498227712
1318958394850594816
1318958403247624193
1318958420763041794
1318958424030314496
1318958424554672131
1318958425171202049
1318958431479451649
1318958439868125185
1318958440706789376
1318958443726835715
1318958444301307904
1318958449342951425
1318958473439301633
1318958491323846669
1318958494226255879
1318958523837935617
1318958530087538692
1318958538199359488
1318958554351570944
1318958563595853826
1318958579618095105
1318958579542499328
1318958582822506500
1318958583971794944
1318958584470798336
1318958586782011392
1318958591332749312
1318958601285726208
1318958608344809481
1318958611842932736
1318958620365754371
1318958620575518720
1318958634072682500
1318958636635475969
1318958641215582210
1318958661679542275
1318958683666190336
1318958684970668032
1318958687856300037
1318958697763246082
1318958713353523201
1318958717539438592
1318958718273392640
1318958726401957893
1318958734069071873
1318958763064348675
1318958763081003009
1318958764368822273
1318958769515225089
1318958775307366400
1318958779086606337
1318958780437192704
1318958795821928448
1318958801257639939
1318958804982181895
1318958831372783619
1318958855439613957
1318958858962833408
1318958860149850121
1318958871789117440
1318958875744362496
1318958882111115266
1318958888494931968
1318958893419122689
1318958902101397506
1318958909814689794
1318958910947164165
1318958915275706368
1318958934942777344
1318958939149463555
1318958943008399363
1318958943809556482
1318958951661211654
1318958952521076739
1318958960364253184
1318958968534835202
1318958993470095362
1318959016312246274
1318959019638259716
1318959028580605952
1318959028668649472
1318959039099830273
1318959044275675137
1318959056745279492
1318959061132578816
1318959066647916544
1318959098906308608
1318959099497861121
1318959107177578497
1318959111116103681
1318959120175812610
1318959123212439556
1318959128988078080
1318959131575914497
1318959140203528192
1318959140279078912
1318959152694263808
1318959166791311367
1318959175821643777
1318959178686304256
1318959206628773888
1318959207794823169
1318959224873914368
1318959263109218305
1318959271489474563
1318959274945490945
1318959280133910528
1318959280247181318
1318959286723203072
1318959297791971331
1318959317194821634
1318959318356520961
1318959330868146176
1318959339135135744
1318959342121553922
1318959347653857282
1318959350170398720
1318959355639681026
1318959358038974464
1318959369015406592
1318959369262948354
1318959371578126342
1318959372945547266
1318959375399223296
1318959384815349760
1318959404088238080
1318959412669808640
1318959433381236738
1318959437739155457
1318959450548416512
1318959452142374913
1318959457183830016
1318959459922702336
1318959460128378880
1318959479766003712
1318959500716552195
1318959506114678787
1318959514616463361
1318959530689073154
1318959536129138688
1318959538360418304
1318959544731602948
1318959548422553600
1318959553111797761
1318959569964388352
1318959574381137920
1318959576591511552
1318959577962930177
1318959581612150790
1318959595835019269
1318959597626032128
1318959602269028355
1318959602369728518
1318959610464796673
1318959614298292230
1318959627275522048
1318959630798770178
1318959644535083008
1318959662151196672
1318959664504164353
1318959665259184128
1318959665791848453
1318959673047961601
1318959674658611200
1318959689703501826
1318959691108700163
1318959694107480064
1318959721517338625
1318959745559105538
1318959757051527168
1318959758783766531
1318959761430355969
1318959761992318976
1318959762243944449
1318959765733707780
1318959766161457155
1318959771307868160
1318959774554349568
1318959777251295233
1318959779214221319
1318959782917668864
1318959786541592580
1318959787669860352
1318959792292057095
1318959799850225666
1318959799925702657
1318959803608203264
1318959804258390019
1318959815327141891
1318959837108195329
1318959842095210505
1318959854262898690
1318959859816169479
1318959874588340224
1318959884503744513
1318959887855091712
1318959891155910656
1318959892380647425
1318959891864748032
1318959892955357185
1318959894888910849
1318959895065120768
1318959904808267778
1318959904770658306
1318959913830215681
1318959937935052801
1318959937406537731
1318959939176534016
1318959971913125890
1318959976338116613
1318960000220344322
1318960004221833224
1318960012773838848
1318960029702234114
1318960041974812672
1318960046580137986
1318960062543532032
1318960064087162880
1318960075130740741
1318960079517945857
1318960080382009344
1318960083586420736
1318960097117138946
1318960097461141504
1318960114527854593
1318960115073122307
1318960121209360385
1318960139274231819
1318960141916606464
1318960150699540480
1318960172543447040
1318960181108183042
1318960193212993536
1318960202289418240
