1321345941463597061
1321345966126125057
1321345967237459968
1321345968449748993
1321345978616569860
1321345998669647872
1321346020727525378
1321346024422735873
1321346028986109952
1321346033876688896
1321346055745753089
1321346066688757761
1321346079720378369
1321346083231072256
1321346119885049857
1321346121260769280
1321346151422066690
1321346168929067008
1321346181612666881
1321346185508966400
1321346193155383296
1321346197051813889
1321346197257441286
1321346211383685123
1321346228781801473
1321346238541893632
1321346241825886212
1321346260226445312
1321346264043315201
1321346270926176256
1321346279113412609
1321346281781022720
1321346306481262594
1321346307924070400
1321346312076324865
1321346345920307203
1321346345882570753
1321346362898698240
1321346377364942851
1321346382318477312
1321346388018434048
1321346404531511297
1321346430951370759
1321346436399857664
1321346439113371649
1321346455907557377
1321346463905972234
1321346477541740546
1321346478967836673
1321346489067671552
1321346501633667074
1321346508009123841
1321346518356496387
1321346560807108610
1321346565206904834
1321346574249684993
1321346576304893953
1321346587063406594
1321346588049084416
1321346592901898241
1321346598341922816
1321346601575718912
1321346615819513856
1321346616771698689
1321346619573301248
1321346621821603840
1321346631153950720
1321346632684851201
1321346638263263238
1321346651013980160
1321346658626637824
1321346661709467649
1321346671171772416
1321346671691898880
1321346685809864705
1321346689584738304
1321346697629491201
1321346701165129729
1321346719372603393
1321346730818981888
1321346734778245120
1321346741048733697
1321346807453093889
1321346811890728960
1321346868153036808
1321346875832688640
1321346878357655554
1321346886645633026
1321346891842490369
1321346898947702786
1321346903695675392
1321346907407613952
1321346913556455425
1321346925182939137
1321346943361130496
1321346952940953600
1321346971286863872
1321346999040528385
1321347002542645250
1321347009194958849
1321347009450827776
1321347012223213571
1321347035098832900
1321347040371044353
1321347051171368960
1321347055579656193
1321347073141329920
1321347073745186816
1321347089326985217
1321347093387186177
1321347105483563008
1321347116132945920
1321347145635631107
1321347154246389760
1321347158910640128
1321347159854383105
1321347173582135297
1321347189902331904
1321347215621804038
1321347226094854144
1321347249675345920
1321347250061074434
1321347253307662336
1321347265303322624
1321347279731634182
1321347288845922304
1321347298580979713
1321347303718842370
1321347305526693888
1321347309582520321
1321347310207598593
1321347319107903495
1321347320173285376
1321347321045622784
1321347329648189442
1321347355765927937
1321347358349611008
1321347370261663744
1321347428558245888
1321347430386982913
1321347467376500736
1321347467657596930
1321347469150691329
1321347495960711168
1321347499047768064
1321347520950345730
1321347538818113536
1321347554869760001
1321347573010018304
1321347576600276992
1321347583084814337
1321347602206654470
1321347603112538113
1321347608049184768
1321347619176796160
1321347626177073152
1321347645064073222
1321347652638879745
1321347658150219776
1321347678597500928
1321347680900100098
1321347685752983559
1321347707462651904
1321347716530774016
1321347720477577217
1321347728711000064
1321347742246068224
1321347763355803648
1321347774139564032
1321347781533970433
1321347807127613440
1321347812563374087
1321347816892096514
1321347827751112704
1321347837179895810
1321347862618349571
1321347876098854913
1321347881379500034
1321347887167496192
1321347895262588931
1321347902409740289
1321347905068957701
1321347905744216067
1321347918666686466
1321347920923381765
1321347929102307329
1321347943182598144
1321347962535116801
1321347972618072064
1321347979593293827
1321347980356669442
1321347987621249025
1321347995712000000
1321348010928934912
1321348014120800256
1321348017811869696
1321348021578305538
1321348025076297728
1321348036862369792
1321348052809121792
1321348065954045952
1321348078738137088
1321348099076460545
1321348103950258176
1321348116793229313
1321348117002964992
1321348139119341570
1321348145599684608
1321348158744633344
1321348163458854914
1321348202478653441
1321348212125556736
1321348217410387970
1321348233487155201
1321348241796014080
1321348249878466564
1321348263660847105
1321348275400683520
1321348287320920066
1321348296711966720
1321348302420340738
1321348317717155841
1321348324272689153
1321348325006839809
1321348339699470337
1321348358863228928
1321348370326278144
1321348382519078912
1321348386411417606
1321348396666507264
1321348431919476736
1321348439725268994
1321348440970924032
1321348484910485506
1321348500836110338
1321348528283811840
1321348547229454338
1321348557471961089
1321348565814419456
1321348566833651712
1321348574526001152
1321348581710831616
1321348590791495686
1321348592368553987
1321348597175046145
1321348642494623750
1321348646584098821
1321348655056650240
1321348659229896705
1321348674065190913
1321348685763063808
1321348688829186048
1321348692624822272
1321348694076203008
1321348696018046976
1321348696861220864
1321348704289378305
1321348705858048001
1321348712547889152
1321348715718782976
1321348722140303362
1321348735427923968
1321348739592642560
1321348740821798912
1321348764431536130
1321348787948769280
1321348793359499264
1321348805405536261
1321348817824796673
1321348833884966912
1321348834291642368
1321348891246125056
1321348899664240642
1321348900557623301
1321348900675063808
1321348906257543168
1321348909474680838
1321348961714589696
1321348966336720896
1321348972649340930
1321349017301737473
1321349020938371074
1321349035098296321
1321349046594760705
1321349065238564864
1321349101414436864
1321349124076171267
1321349127926550528
1321349144540254208
1321349151339073539
1321349152408768518
1321349163523526658
1321349172201750528
1321349195215720448
1321349213440102403
1321349240564506626
1321349244012343296
1321349254410100736
1321349254921805825
1321349258575040512
1321349261947273217
1321349268381327362
1321349278078537728
1321349333057478657
1321349345728483329
1321349345833291776
1321349355966664704
1321349383158378499
1321349388795629569
1321349397150654465
1321349408462528512
1321349421750243330
1321349423486668800
1321349435067146241
1321349435595644930
1321349471339499521
1321349483314270210
1321349508765257729
1321349519091654656
1321349532194660353
1321349542873358340
1321349555238129671
1321349569175646208
1321349603103485952
1321349607176155136
1321349611320201216
1321349621831110657
1321349644824285184
1321349650453090307
1321349675463696385
1321349692387713024
1321349696527454208
1321349724276985856
1321349725480771585
1321349728076967936
1321349739661676544
1321349741591015424
1321349754316611584
1321349765083197440
1321349786679808000
1321349790291156992
1321349803314454530
1321349807294894083
1321349807559086080
1321349808418922497
1321349808616050689
1321349810050502656
1321349811350757378
1321349823774158848
1321349841281183747
1321349850844352513
1321349853784477696
1321349862743527424
1321349881898979328
1321349885946404864
1321349899917484033
1321349903507984386
1321349903818334208
1321349914601938944
1321349924135620608
1321349938605940742
1321349939415314432
1321349984982167554
1321349985657606145
1321350009833484291
1321350013079924737
1321350021581885440
1321350028326297602
1321350035011874817
1321350039059320832
1321350060248981505
1321350071087063040
1321350074719477761
1321350081572970496
1321350094399197185
1321350107212644355
1321350108009562114
1321350111981654017
1321350160371376128
1321350172698312704
1321350179438665728
1321350183305838593
1321350219745927169
1321350221083934720
1321350238095945728
1321350244819488768
1321350246862098432
1321350266210394113
1321350270790545408
1321350279158181890
1321350283536953344
1321350287303606272
1321350287387283456
1321350318492450818
1321350323777138689
1321350340885704705
1321350345344249856
1321350355196628992
1321350357138759685
1321350358271229952
1321350369675534337
1321350377447419906
1321350385735331841
1321350395462098945
1321350405452754944
1321350450625441792
1321350469906657281
1321350478244966400
1321350480421883904
1321350485425750016
1321350488969912320
1321350514479685637
1321350516295819266
1321350518812241920
1321350527150686209
1321350544141787142
1321350544649293831
1321350562449936385
1321350570385543170
1321350581919772672
1321350584201564166
1321350595526230017
1321350602165800960
1321350604011294721
1321350610843799552
1321350613087629312
1321350614329266176
1321350625221726209
1321350625595060230
1321350643039219718
1321350646017085440
1321350673355649024
1321350685187657733
1321350685816999936
1321350686743924736
1321350686592913409
1321350703084949504
1321350721934118914
1321350741026656256
1321350788120113152
1321350791676850176
1321350792843022336
1321350828033253377
1321350858051776514
1321350863231852544
1321350893556670464
1321350895808950273
1321350909734100994
1321350913886310401
1321350930328096769
1321350945331183616
1321350947327471616
1321350971167969285
1321350995176312833
1321351001098641411
1321351006907699201
1321351011265556480
1321351013194977282
1321351017301078016
1321351028365619207
1321351034158092288
1321351048649465856
1321351069134454785
1321351069939781632
1321351071634202627
1321351072808620032
1321351073387499525
1321351103645130752
1321351104265773058
1321351112008544256
1321351127779188741
1321351128156639232
1321351138709544961
1321351183840268289
1321351204186849281
1321351207353569280
1321351215456964609
1321351224491266048
1321351238613610496
1321351253755076610
1321351273644371968
1321351276991549441
1321351283564072961
1321351298164379648
1321351317873373184
1321351319358107649
1321351319546929153
1321351320285016065
1321351322634014721
1321351330150125568
1321351331639033856
1321351373766709249
1321351376249647105
1321351379013771264
1321351395405168641
1321351399624638464
1321351403370172417
1321351409044893696
1321351427055362048
1321351435607592960
1321351437540970496
1321351439353061377
1321351477940703232
1321351490951413760
1321351534664404992
1321351553257771009
1321351575592337408
1321351581523156992
1321351593711853568
1321351613043236866
1321351626372894726
1321351649479327745
1321351678205947904
1321351679074279424
1321351704869306368
1321351718391607296
1321351729170903041
1321351740529299458
1321351753942458369
1321351760183742464
1321351787987652609
1321351798335168512
1321351817901518848
1321351828378918912
1321351829582761984
1321351829620404226
1321351831528771584
1321351837015003137
1321351855067271168
1321351867494969344
1321351882976231424
1321351910398562305
1321351946880516096
1321351974172782594
1321351975699558401
1321352007198904320
1321352009627426818
1321352018267549697
1321352019970412544
1321352027822153730
1321352028153667584
1321352043169075203
1321352059103236096
1321352059870945281
1321352067160678402
1321352071992455168
1321352076723658758
1321352086320107520
1321352089050648581
1321352091609243648
1321352109158244353
1321352117949358080
1321352121833455618
1321352132256239616
1321352168222457856
1321352171909050368
1321352172420820995
1321352187818237954
1321352193153249280
1321352196710170625
1321352199188869120
1321352206574968832
1321352209137868800
1321352237424107520
1321352241392062468
1321352297344045057
1321352302662283266
1321352307020304384
1321352325169094657
1321352355355545602
1321352368143949827
1321352369788063744
1321352379690848257
1321352404302991360
1321352412553203714
1321352418978914305
1321352428403494917
1321352438272634881
1321352450851262466
1321352451497299968
1321352452193415169
1321352456178225153
1321352465187512320
1321352470556143616
1321352472758157313
1321352477963390976
1321352485559246848
1321352492932681728
1321352507545800706
1321352511148728320
1321352510855094272
1321352534791999489
1321352545042718722
1321352565796360192
1321352566010249219
1321352570842075136
1321352571831857152
1321352592539209728
1321352607546396676
1321352621182095364
1321352643025887235
1321352645370589185
1321352646557638657
1321352653134155776
1321352655113981952
1321352669051691010
1321352698495643648
1321352703444979712
1321352705735069697
1321352723535712256
1321352724689145856
1321352728594030594
1321352735007145985
1321352739134255104
1321352739901919233
1321352750433751045
1321352761045372929
1321352782259970049
1321352791852548096
1321352799754616834
1321352824672768001
1321352830221869057
1321352837977264128
1321352856037953538
1321352858344869888
1321352861264105473
1321352874073477124
1321352882122330115
1321352889219035136
1321352889755791360
1321352908667977733
1321352912753332224
1321352928897228800
1321352941991829505
1321352971192422402
1321352996853215233
1321352997515919360
1321353010212073473
1321353010694496256
1321353041837248512
1321353045360418817
1321353050607493120
1321353054755704837
1321353057960185856
1321353062376632320
1321353070714986497
1321353086569451521
1321353096040116225
1321353117632499712
1321353118861373440
1321353154315853824
1321353158396911617
1321353160330518528
1321353183755595776
1321353186314170368
1321353197731123201
1321353198997774336
1321353242362679296
1321353261627170816
1321353281722044416
1321353306015330305
1321353311937830912
1321353313678430209
1321353323694288896
1321353333995532292
1321353341964668928
1321353378237239296
1321353387200421888
1321353390488801280
1321353413452570627
1321353420499025920
1321353430410186752
1321353440648310785
1321353472634163201
1321353479579967488
1321353486131449856
1321353488295669762
1321353492854984706
1321353510299095042
1321353526413611008
1321353549071085568
1321353549687615491
1321353561025007617
1321353563369623552
1321353571619753984
1321353592633204736
1321353607002918912
1321353615144034304
1321353624631627776
1321353653375143937
1321353665349824512
1321353670928306178
1321353672249372672
1321353676926144512
1321353684895354880
1321353695997628417
1321353720404258816
1321353723969478659
1321353725676412928
1321353726704189443
1321353728780283905
1321353733507198976
1321353734769790977
1321353750116667392
1321353789295779840
1321353797633896449
1321353804961533955
1321353806165233667
1321353810527346688
1321353824435539968
1321353829951148035
1321353840734703617
1321353841690947585
1321353850553569280
1321353884552564738
1321353892236591105
1321353899278815240
1321353928194301952
1321353962105327618
1321353978702123010
1321353986734260224
1321354001376567296
1321354014483574784
1321354025418264577
1321354030057095170
1321354054224777218
1321354058339217408
1321354063989121024
1321354071228428294
1321354078438522880
1321354089020542976
1321354090161475584
1321354096964751360
1321354121291718658
1321354131437719552
1321354133425868802
1321354136659570688
1321354139385925633
1321354158339837952
1321354194062725122
1321354214166048770
1321354215869108225
1321354223527825409
1321354270231449601
1321354278804639745
1321354301445414912
1321354310853124096
1321354318763773953
1321354320315617280
1321354332563001345
1321354338183368704
1321354343698829312
1321354359784067072
1321354365555429377
1321354371427434496
1321354377383288832
1321354388665978880
1321354394949083139
1321354396584808448
1321354403509608448
1321354406378541056
1321354417204011008
1321354433003802624
1321354438343229441
1321354441203851264
1321354456928112641
1321354457364516865
1321354463781642244
1321354465623101440
1321354482769342464
1321354489404809216
1321354497193435137
1321354511529684993
1321354540143267840
1321354545058979841
1321354545537179650
1321354557549613056
1321354563207778306
1321354581205549056
1321354588746706944
1321354590000873477
1321354603921764352
1321354606866239488
1321354611257675777
1321354616022437890
1321354621667848192
1321354650348650499
1321354650570813445
1321354656530878464
1321354657004949505
1321354665443819520
1321354669885739010
1321354691117199361
1321354696477626368
1321354703096217602
1321354708687056897
1321354716085952513
1321354719349166080
1321354720695308289
1321354721689481216
1321354730862465024
1321354766430195713
1321354785459589121
1321354790710972416
1321354795597389825
1321354799930105859
1321354803264540672
1321354806934433792
1321354814681473025
1321354829030170624
1321354834923192320
1321354841373970433
1321354846943981570
1321354850328809472
1321354864979529728
1321354875909902336
1321354886680731650
1321354907337682944
1321354916749807616
1321354919543246848
1321354927147421696
1321354952112033792
1321354961901506560
1321354961037357058
1321354991697887233
1321355001172762625
1321355008613515265
1321355031317073920
1321355032286081024
1321355036245458944
1321355041341661184
1321355044260896768
1321355061818200065
1321355076758360066
1321355085931163650
1321355085838868482
1321355101634703363
1321355147117764608
1321355153946103809
1321355155846041600
1321355173931999232
1321355188100280321
1321355195758989312
1321355202889396226
1321355241338654721
1321355245515984897
1321355253485170688
1321355254852669442
1321355272971931651
1321355284908929024
1321355289648680960
1321355314596372480
1321355319012831232
1321355323265871872
1321355338638106624
1321355349035798530
1321355349421662209
1321355354110910464
1321355354702303232
1321355359261437954
1321355360834342913
1321355368061161473
1321355373920440321
1321355374910410752
1321355377884176384
1321355380547604480
1321355390119018497
1321355395982594049
1321355420393492481
1321355433903185920
1321355435392249856
1321355446649835520
1321355449204150272
1321355453180350464
1321355472281260032
1321355480464318464
1321355482058104832
1321355487372345344
1321355488798281729
1321355497102954497
1321355508645847041
1321355528371458050
1321355545538953216
1321355551436083201
1321355567592546305
1321355574903263232
1321355598110351360
1321355608298266624
1321355619622920192
1321355621875224578
1321355627680145408
1321355642804862976
1321355643853352961
1321355652401418240
1321355681128132608
1321355712912629760
1321355713529012225
1321355753425260546
1321355771230248960
1321355791362887682
1321355796668542987
1321355809834430465
1321355813441720320
1321355824317554690
1321355829040349186
1321355829178753025
1321355874775060480
1321355877597827072
1321355913807224832
1321355920551505925
1321355921226747904
1321355922221027328
1321355930940796929
1321355933516222464
1321355952180891650
1321355956236832769
1321355969067188224
1321355975744458753
1321355999970652160
1321356015632338946
1321356017314238464
1321356021227540480
1321356023731347456
1321356028957523969
1321356032208261122
1321356033030266880
1321356040773009408
1321356055142694924
1321356056279293957
1321356074230915073
1321356079553482752
1321356081520660480
1321356087669436416
1321356091196755968
1321356095605166080
1321356113720299520
1321356116161429510
1321356125090975744
1321356151401803776
1321356156464328705
1321356168174936064
1321356173543567360
1321356178270507009
1321356181881917442
1321356203306475521
1321356208654053376
1321356213213429761
1321356218884149249
1321356224244441088
1321356236739252224
1321356237628346370
1321356252384022528
1321356264388132864
1321356273003208705
1321356285036711938
1321356320960925696
1321356349066809345
1321356351294025728
1321356368310423552
1321356372387287042
1321356386148691970
1321356396575817736
1321356397632770050
1321356399754928134
1321356424715235328
1321356426518945792
1321356443174383616
1321356451365965824
1321356453471539200
1321356454784360449
1321356472677060608
1321356476129009665
1321356477324558336
1321356498308603905
1321356498618888193
1321356526183948289
1321356526754344961
1321356536640270336
1321356537332334595
1321356581280358401
1321356589564104706
1321356594156687360
1321356601261989889
1321356609642237953
1321356617477054464
1321356623831429121
1321356644211707904
1321356653602709504
1321356667452182534
1321356690458054656
1321356691989024769
1321356717922410496
1321356719847604225
1321356731402850304
1321356741305454598
1321356748175872000
1321356764047151104
1321356765309534208
1321356771127164928
1321356771307491330
1321356774130081797
1321356776688812032
1321356800579555328
1321356816614363136
1321356818832973824
1321356821962129408
1321356840857423873
1321356842270920707
1321356874688548864
1321356875292643328
1321356887691010049
1321356889704304642
1321356891826593792
1321356900051546113
1321356908553510913
1321356922340155392
1321356922742857730
1321356929118121985
1321356938110750720
1321356970025254912
1321356998928179201
1321356999347572738
1321357026795147264
1321357026639925253
1321357035552665602
1321357065038815232
1321357068163375104
1321357068318683136
1321357076946472961
1321357093916545025
1321357098438008832
1321357104029011968
1321357112065298434
1321357113260724225
1321357121309560833
1321357139496022016
1321357175726460928
1321357181946658816
1321357200376344578
1321357204717555713
1321357225533857794
1321357266650599425
1321357271809490944
1321357274967875586
1321357281569738752
1321357307524096000
1321357317816766465
1321357345184690180
1321357348548546562
1321357366152093697
1321357370430267393
1321357410162921472
1321357417435725829
1321357434821238784
1321357456023474176
1321357462562222082
1321357464936292352
1321357465901039616
1321357467402600449
1321357472054104065
1321357480442667008
1321357482153959424
1321357483953188864
1321357487430377473
1321357493767983105
1321357497563672576
1321357497836462080
1321357507286061056
1321357525309132800
1321357529377501185
1321357536935714816
1321357554233036800
1321357559761162241
1321357569080889345
1321357599502196736
1321357629575352320
1321357656062382084
1321357683765600258
1321357703227318273
1321357704363986944
1321357707471978497
1321357711410405377
1321357728221069312
1321357754624143365
1321357755991707650
1321357771250520069
1321357781476270088
1321357782134755328
1321357791638872064
1321357794910502912
1321357821112274946
1321357830868377600
1321357834936709121
1321357840632729601
1321357845019955200
1321357852880080897
1321357869208555521
1321357873411227648
1321357873964830721
1321357880826630149
1321357881787121667
1321357883372675072
1321357883557048320
1321357887491375104
1321357896727334915
1321357902859374593
1321357915224264704
1321357930227224576
1321357937533546497
1321357938179690496
1321357938645032960
1321357943971958785
1321357945641308161
1321357948820418562
1321357954738753536
1321357975274115073
1321358000779456513
1321358007712755712
1321358010825015298
1321358018525749248
1321358027740581888
1321358036317986816
1321358050247270401
1321358055909416960
1321358061852860418
1321358089270878209
1321358089417883648
1321358098930540544
1321358101715570688
1321358114793254912
1321358136427585536
1321358150688268288
1321358178555252736
1321358184951488512
1321358209827950594
1321358217302167552
1321358223610433541
1321358244149776384
1321358270192328705
1321358284582985728
1321358284746420224
1321358310642122752
1321358316300283904
1321358316900143104
1321358322981867521
1321358322969300998
1321358348688777216
1321358379948924929
1321358389662932992
1321358390510018560
1321358391453863936
1321358398462529537
1321358402367463425
1321358409476628481
1321358411850801152
1321358429076684801
1321358429848567809
1321358439373746177
1321358441227505665
1321358449855352832
1321358476522803200
1321358496827351040
1321358498060406785
1321358500056961026
1321358532130807810
1321358560710643715
1321358561918750722
1321358562682040322
1321358564070404096
1321358573213872129
1321358596588761089
1321358608471392256
1321358618634178560
1321358630495621121
1321358637680513024
1321358650649268224
1321358654113796097
1321358663362191361
1321358666721718272
1321358668261023744
1321358673327788033
1321358678499479553
1321358679761891329
1321358699844243458
1321358720799019008
1321358736934506497
1321358744362520576
1321358744584888320
1321358745721573378
1321358784791375872
1321358790067970048
1321358805356085249
1321358818379403265
1321358881893814272
1321358888738918400
1321358894044745728
1321358898335502336
1321358899534942208
1321358900692701187
1321358905650368513
1321358909320368135
1321358910347866113
1321358923450978304
1321358944619683840
1321359026156982272
1321359046180442113
1321359047732416513
1321359050022522885
1321359053742891014
1321359080854822913
1321359083404881920
1321359092691181569
1321359105332858880
1321359131622756352
1321359134990761984
1321359147976151042
1321359148836134912
1321359198605602816
1321359198723203072
1321359199729815552
1321359202682609664
1321359219656953857
1321359227626074114
1321359232676122624
1321359236203425793
1321359252745846784
1321359258282119168
1321359268478480385
1321359287063629824
1321359315345854464
1321359328918589440
1321359346161213440
1321359352893243395
1321359354042474499
1321359353962778624
1321359357536337922
1321359361717858304
1321359363626442758
1321359389542985728
1321359397185032193
1321359404613070848
1321359413203140608
1321359417577754625
1321359418882199554
1321359424347344896
1321359428776464384
1321359451773759489
1321359464147030016
1321359480030973953
1321359496292290563
1321359508732399617
1321359524494790656
1321359537056657408
1321359538973532160
1321359579960299525
1321359600038387712
1321359605914431488
1321359617142775809
1321359622188474368
1321359633777242112
1321359639871660032
1321359641515716609
1321359646783922176
1321359651892568064
1321359666648109058
1321359681856614403
1321359697816002561
1321359704929366017
1321359714228203520
1321359715985752064
1321359722037927936
1321359740505628672
1321359756246667265
1321359765029720064
1321359780775079936
1321359787896893442
1321359796176650240
1321359798189707264
1321359804133076997
1321359810906988547
1321359825746407425
1321359842100076550
1321359875335614464
1321359880566018048
1321359898693701633
1321359901164228608
1321359905920602112
1321359907044511747
1321359908877598725
1321359911230517248
1321359918717411328
1321359919581401093
1321359930864111616
1321359958437515264
1321359976103727104
1321360000422469632
1321360007783329792
1321360012808249346
1321360037294477321
1321360041681801216
1321360043711860738
1321360053547474945
1321360055682404354
1321360056336719883
1321360057859276801
1321360074103771136
1321360078180622337
1321360108803231744
1321360110871105537
1321360121935646720
1321360132693962753
1321360135764127746
1321360138142404608
1321360143116832768
1321360152658726912
1321360163627040770
1321360189946212353
1321360189975646208
1321360188209844224
1321360195319189504
1321360194966900736
1321360198670364672
1321360208510078976
1321360227992805387
1321360232933691394
1321360255318708224
1321360257084497921
1321360302152306692
1321360302777270273
1321360306166239234
1321360346456723456
1321360368216821760
1321360374290092032
1321360403654463496
1321360410692505600
1321360411686543365
1321360419718615040
1321360426454687744
1321360455454068736
1321360456506843136
1321360476564037634
1321360479122382849
1321360487536189447
1321360499263467520
1321360511749943298
1321360524081332225
1321360531781865472
1321360535309426688
1321360568612130823
1321360570575147009
1321360601789177857
1321360602024083456
1321360602070175745
1321360604783906816
1321360610286657538
1321360610215354370
1321360625348550656
1321360638338355204
1321360645351186432
1321360645804183552
1321360654821969925
1321360662598193152
1321360670647066625
1321360671402086400
1321360690309976066
1321360696739876865
1321360707909226497
1321360714804744193
1321360723952439296
1321360729123909637
1321360734685700096
1321360738343149568
1321360743737053184
1321360770643492868
1321360776347734016
1321360787747819521
1321360793540141057
1321360800704008192
1321360809168089090
1321360812707995651
1321360822690459655
1321360846119907328
1321360850452701184
1321360861882187777
1321360866189561856
1321360868479819776
1321360913732173825
1321360926063341568
1321360928651288577
1321360937761361923
1321360941687209985
1321360954395865093
1321360968434225152
1321360969210028037
1321360972142022657
1321361024474353664
1321361026047160321
1321361026802044928
1321361029373120514
1321361030648197120
