1320047407179190272
1320047411700662274
1320047424031830017
1320047424870764545
1320047428305731584
1320047435721433095
1320047440662269959
1320047449831071748
1320047450640535555
1320047454012792832
1320047463806439427
1320047480139120640
1320047480310935553
1320047487038726144
1320047503904047107
1320047504956809220
1320047512518971399
1320047513190256640
1320047521213927425
1320047524565176321
1320047538712514561
1320047547537379329
1320047549919756288
1320047554009116673
1320047562393530368
1320047568487731200
1320047571964989441
1320047587920142339
1320047600679198726
1320047608002392066
1320047620698574849
1320047630798475265
1320047643255595008
1320047648351703040
1320047668618498048
1320047670044536832
1320047680073191426
1320047683910967297
1320047694010707968
1320047697391398912
1320047715187818497
1320047718731976708
1320047719185063937
1320047719424155650
1320047727120683015
1320047735551176714
1320047751783190538
1320047760511565824
1320047767910273024
1320047768702996487
1320047794128887808
1320047798042071041
1320047807030546432
1320047813674369027
1320047819651272704
1320047820821262341
1320047823115739139
1320047824873181189
1320047825934114816
1320047832259284993
1320047841159634944
1320047848529006593
1320047863796150273
1320047864551268352
1320047865201192960
1320047880644812803
1320047893840101384
1320047905672056833
1320047918389194758
1320047919790059521
1320047936391229444
1320047950874247168
1320047961993261059
1320047965025652740
1320047975159238657
1320047977231245313
1320047987532402688
1320048003772801024
1320048011309768704
1320048017135730688
1320048019132350465
1320048036748414977
1320048054322499587
1320048054708338688
1320048058672009217
1320048079106674690
1320048083611361282
1320048084945129472
1320048099348353024
1320048103848894464
1320048125193654272
1320048130637791232
1320048132550516739
1320048154608283649
1320048163374284800
1320048168285786112
1320048170978562048
1320048180470439938
1320048187227459585
1320048193527287810
1320048219699728386
1320048221763309570
1320048224690995210
1320048226582618113
1320048239161335808
1320048247646441472
1320048250498539521
1320048255972016128
1320048279237910529
1320048283549655041
1320048286846324736
1320048287374807041
1320048296979726337
1320048315082461184
1320048327493378048
1320048334577434636
1320048356354367493
1320048356375212033
1320048360938668033
1320048365812486144
1320048368551329792
1320048371239931904
1320048385676685314
1320048389132865537
1320048390307254278
1320048409152229376
1320048413770190851
1320048419197550592
1320048425971363850
1320048427749810177
1320048439967817729
1320048443516088320
1320048449597956097
1320048456291864577
1320048463804010496
1320048474180628480
1320048477963997186
1320048481239707649
1320048485429841920
1320048486251810817
1320048486369398784
1320048494028201984
1320048499342364679
1320048503788347397
1320048519378599936
1320048520125173765
1320048524583579648
1320048547572699137
1320048551578210307
1320048577691922437
1320048578673475592
1320048582947491840
1320048600378998785
1320048601939218438
1320048607685431299
1320048619995623424
1320048626069012481
1320048628660989957
1320048643018194945
1320048656771416065
1320048690061508610
1320048698458517505
1320048700199239681
1320048703416262656
1320048712211517441
1320048728082960385
1320048738816167938
1320048745480810496
1320048761838718976
1320048764095131649
1320048774903988230
1320048789713948677
1320048792289292290
1320048792708796417
1320048800405188608
1320048814208630784
1320048815613804546
1320048821645303810
1320048837218783232
1320048846173593600
1320048876313661442
1320048880910782465
1320048908911955970
1320048912397406209
1320048927241080832
1320048936023957506
1320048942919389184
1320048947835142144
1320048954361327617
1320048961403617281
1320048975668535299
1320048976918401026
1320048987764908033
1320048997613117440
1320048997839605761
1320048998225412101
1320048999160827904
1320049056018739203
1320049059412037632
1320049066135400450
1320049082057056256
1320049092639125504
1320049093247422468
1320049104026652672
1320049117289132032
1320049122502729729
1320049127007440898
1320049136314572800
1320049137522442240
1320049151535624192
1320049165481771022
1320049176613441536
1320049178337288194
1320049181701115907
1320049185287249921
1320049186880933890
1320049199472386049
1320049211082067968
1320049215511224320
1320049220334673920
1320049242036076544
1320049249690800138
1320049249946513408
1320049270486192128
1320049289884741632
1320049315423776770
1320049319408472065
1320049334054944770
1320049340661010432
1320049346142928908
1320049346465927169
1320049348688945152
1320049355995435011
1320049356989329410
1320049362022653952
1320049368372838401
1320049371229028352
1320049385166651392
1320049386358013952
1320049386785853440
1320049388580966400
1320049392653565954
1320049395983929345
1320049399448260608
1320049402942263296
1320049403814621186
1320049409787191298
1320049412534603777
1320049419774005249
1320049429160787969
1320049434605068289
1320049455106822149
1320049467391791104
1320049469388455936
1320049472596946944
1320049485083361280
1320049500354822145
1320049502120759298
1320049502577975297
1320049520500183040
1320049544051232768
1320049567182835716
1320049569158266880
1320049630692986880
1320049652658507779
1320049659524546560
1320049664423563265
1320049672887635968
1320049686418493441
1320049689291608071
1320049693032730626
1320049697415962627
1320049707637407745
1320049710586015750
1320049711319977984
1320049720207790082
1320049720144715777
1320049721868681218
1320049724750221314
1320049727300251648
1320049728311201793
1320049731905650692
1320049733122072577
1320049743029030912
1320049743167455232
1320049746564796419
1320049754240417792
1320049761412579329
1320049764520611840
1320049775161425922
1320049777787072512
1320049789875163138
1320049790797959169
1320049793486389248
1320049799945723916
1320049805759045633
1320049811027054592
1320049820518608897
1320049823383388161
1320049829565825024
1320049842853347331
1320049852387119106
1320049858560970752
1320049862755364864
1320049877301198848
1320049881315246081
1320049885387890688
1320049889825464321
1320049894367821830
1320049895353483265
1320049899254198273
1320049904627163138
1320049923107192833
1320049931864817665
1320049934159151104
1320049952882655233
1320049958620483584
1320049960847552515
1320049962022019072
1320049965993951242
1320049970334953472
1320049975775137795
1320049982393778176
1320049998936068097
1320050008230666240
1320050010331975681
1320050028568870917
1320050037909487619
1320050046306582534
1320050047615205378
1320050055982706694
1320050067454128128
1320050076589277184
1320050078313111552
1320050096499838980
1320050097439363079
1320050113612451840
1320050126476496896
1320050127000784897
1320050162497212417
1320050169010847744
1320050173091917828
1320050176849948673
1320050178116681728
1320050178708164611
1320050188266995713
1320050191647506434
1320050195913043969
1320050211063029760
1320050219556503554
1320050223272656899
1320050234488201221
1320050256071987200
1320050256416047109
1320050272194994180
1320050282181644289
1320050287457882112
1320050292864397312
1320050293241950208
1320050294609399808
1320050306122735618
1320050306928025601
1320050315379486720
1320050325970190337
1320050344961998848
1320050353971265536
1320050364884934656
1320050392936448000
1320050412074995714
1320050419603820544
1320050422300725248
1320050428927725568
1320050431293349888
1320050432866197504
1320050441019924481
1320050446048718849
1320050447739199488
1320050452612907012
1320050460158472193
1320050469226618885
1320050475174154240
1320050477183139841
1320050479229857792
1320050479406190593
1320050482581180416
1320050491611643904
1320050495638163456
1320050508615307264
1320050516022394890
1320050516332773376
1320050535374880768
1320050537128026112
1320050567591284736
1320050595319877632
1320050597014495234
1320050599098974213
1320050604845207552
1320050615637233664
1320050637061509120
1320050642002599937
1320050650340704259
1320050650957348868
1320050658100146177
1320050676332806144
1320050677297664000
1320050679067643905
1320050688081203204
1320050697069527041
1320050699091251203
1320050704854192134
1320050709329596416
1320050710428332032
1320050721669189634
1320050729382481923
1320050733878824965
1320050758130216962
1320050765172527112
1320050770578972674
1320050781421293569
1320050786173440000
1320050793609908224
1320050807648169986
1320050817999773697
1320050826531033088
1320050829643055104
1320050834806239233
1320050835116752896
1320050844406960129
1320050847699603456
1320050863348551681
1320050864539709443
1320050882587787266
1320050885570011136
1320050895439056896
1320050897309880320
1320050902313488384
1320050902720536576
1320050919375994880
1320050931182882816
1320050939479339008
1320050940968374272
1320050951353470979
1320050969573511170
1320050976447934467
1320050984912113665
1320050985595772928
1320050990800920577
1320050992675737602
1320050999579521024
1320051003899535360
1320051005208354817
1320051015253585920
1320051037575671811
1320051045301735432
1320051051513380864
1320051052104867840
1320051071230816262
1320051097331851264
1320051104328146944
1320051106211221504
1320051110061682690
1320051120052514816
1320051133562441728
1320051137328840705
1320051141368041473
1320051145495248897
1320051161488084994
1320051163245445121
1320051183319453699
1320051198909710338
1320051215619682305
1320051216064434177
1320051225056870401
1320051232111792128
1320051243465789441
1320051249413189632
1320051249664937987
1320051252932247554
1320051253821526016
1320051262747017217
1320051279037632512
1320051286952321032
1320051299375874048
1320051315981037568
1320051316744507395
1320051320104038401
1320051320624238592
1320051321177866240
1320051330795307018
1320051346498867202
1320051347329265668
1320051374638313473
1320051408377446400
1320051412965888003
1320051419014025218
1320051419198726144
1320051431827673089
1320051441789243392
1320051451603918850
1320051455559192576
1320051464786616321
1320051471698829313
1320051472235724801
1320051484030078976
1320051485204377601
1320051485883977731
1320051494721290241
1320051525985722370
1320051546902745090
1320051550933245952
1320051557447106560
1320051568348155905
1320051572597006337
1320051573083525121
1320051586740125696
1320051588753444870
1320051589709623298
1320051598530326530
1320051623679434754
1320051626590281730
1320051628519657472
1320051631220731910
1320051634605621248
1320051637193306113
1320051638921355264
1320051642692259841
1320051643094863882
1320051651764473860
1320051674128535556
1320051676854837248
1320051677706276868
1320051690364600323
1320051696123453443
1320051707007610883
1320051707359809539
1320051709289312258
1320051711122280448
1320051732697747456
1320051736430710787
1320051745704284166
1320051748715646976
1320051764423462918
1320051768588439555
1320051770345873414
1320051777744609281
1320051778818347009
1320051782224052224
1320051783818006532
1320051832249634816
1320051835907002371
1320051835810549760
1320051841191825420
1320051841707745280
1320051854219378689
1320051874221846528
1320051880387641345
1320051890600792069
1320051904660066304
1320051913728135170
1320051913946181633
1320051917372833792
1320051920703291393
1320051924377350145
1320051925849694212
1320051937786679297
1320051940974338050
1320051950445039618
1320051953318137856
1320051955377577988
1320051963782836226
1320051966152740866
1320051979373207554
1320051981050937347
1320051992169951234
1320052006149591041
1320052012973785089
1320052022427738114
1320052024784936961
1320052025044983809
1320052030250123270
1320052049950642176
1320052058809077761
1320052062651113472
1320052063104106497
1320052070704177159
1320052071937110016
1320052083140268035
1320052087821139968
1320052089742086152
1320052091738492928
1320052102803095559
1320052107400024070
1320052118657536006
1320052119274127361
1320052119622340608
1320052136114343936
1320052158826414081
1320052160369987584
1320052160630001666
1320052163456962560
1320052164274778112
1320052176086073344
1320052197967749120
1320052203529195520
1320052210412244993
1320052214635892737
1320052219832635395
1320052220738625536
1320052222789447680
1320052226874724352
1320052234197950464
1320052239722008579
1320052260722933760
1320052260777414656
1320052267718828033
1320052281782448131
1320052306432446464
1320052311272656896
1320052316326760449
1320052320193925120
1320052332214636544
1320052336321056770
1320052347620515842
1320052353886633984
1320052362191523840
1320052372572377089
1320052372853411841
1320052376758255618
1320052378910023682
1320052381376237570
1320052382563241985
1320052407246614528
1320052437340835842
1320052444110462977
1320052445607686145
1320052448376094721
1320052464213786624
1320052475924254720
1320052486921719808
1320052487034785794
1320052487970344960
1320052498665701378
1320052500704206848
1320052502981709827
1320052515178573824
1320052516172800000
1320052517095473155
1320052533734289409
1320052546212331520
1320052553288212480
1320052555523772418
1320052574003683334
1320052575715037190
1320052595071877120
1320052601761730562
1320052621349146626
1320052630928982017
1320052633671970823
1320052638231265281
1320052643667103744
1320052647756500993
1320052649933275138
1320052652961652743
1320052664571396100
1320052689842077696
1320052693126254592
1320052695814885379
1320052698067107844
1320052706870841344
1320052723778277377
1320052732456243200
1320052739703975937
1320052743738937346
1320052748151291908
1320052751322222592
1320052754589646851
1320052767747026944
1320052769013833731
1320052772725616641
1320052781055705088
1320052782435422208
1320052788286558208
1320052797811970048
1320052819806900225
1320052826240815104
1320052832678989825
1320052839968768000
1320052847828979714
1320052855991005185
1320052859719741442
1320052859962978306
1320052885229572097
1320052895056842760
1320052920767873026
1320052922248536064
1320052923188056064
1320052928779083776
1320052937993969665
1320052960672571400
1320052978473177088
1320052979593084934
1320052981463744512
1320052997762682880
1320052998060404736
1320053007082528768
1320053007191543809
1320053011545141248
1320053012916850688
1320053031958925312
1320053033108164609
1320053040460800000
1320053058944942081
1320053060719104001
1320053065391759361
1320053070198460424
1320053096932904963
1320053099252232192
1320053100384821248
1320053101164900361
1320053107573682176
1320053124938301440
1320053128486621197
1320053140243230726
1320053145439907840
1320053145809129472
1320053163127394311
1320053188607811584
1320053191002738694
1320053193196425216
1320053200859312128
1320053211533692928
1320053230005481472
1320053237270089730
1320053246044454912
1320053251128123403
1320053272061878272
1320053281444409344
1320053283046686720
1320053284607057922
1320053284934160393
1320053287610163200
1320053287656263689
1320053287832473601
1320053308355039237
1320053314227216387
1320053321433055235
1320053330756825089
1320053342253572096
1320053345969704960
1320053367226486788
1320053371198472194
1320053371991134208
1320053392207740929
1320053400541761536
1320053405688107008
1320053430388465666
1320053439158611969
1320053488127111168
1320053490509598724
1320053490815766528
1320053492598394880
1320053492858253313
1320053497887395840
1320053501309964288
1320053510877175810
1320053511300657152
1320053512747638785
1320053536160239616
1320053552291643393
1320053553986060289
1320053560424517633
1320053564488691713
1320053569618386945
1320053582851461120
1320053599104270337
1320053602258440198
1320053602921086976
1320053607870377984
1320053621082435586
1320053636114898944
1320053637754699782
1320053645463842816
1320053647917580294
1320053664858427393
1320053673544749058
1320053690548555781
1320053690674384897
1320053695153885184
1320053703911608321
1320053708181377026
1320053715294769152
1320053721032773633
1320053735943409664
1320053744365613056
1320053750346731520
1320053750573240328
1320053754058555392
1320053762652864512
1320053767610331141
1320053768050933761
1320053772706549762
1320053772442361858
1320053779937546243
1320053787176947712
1320053805145378816
1320053815874289666
1320053825089138688
1320053863043502081
1320053874862899200
1320053880139513857
1320053893699563523
1320053900209246208
1320053904864804864
1320053913597431813
1320053916688470016
1320053919662305281
1320053920752791552
1320053922548109318
1320053926087979009
1320053941741170696
1320053968295387138
1320053972627935232
1320053975098527746
1320053980509163520
1320053988839071744
1320053997189931008
1320054004424994816
1320054042039668738
1320054051053195266
1320054051107524608
1320054051019526144
1320054055352369152
1320054059001384960
1320054065204809728
1320054067637485570
1320054089053421569
1320054111992238082
1320054112101216258
1320054119382589441
1320054122003922944
1320054122037481474
1320054123199369219
1320054127888662530
1320054138097598464
1320054151028609024
1320054151384948739
1320054156284100609
1320054165054361603
1320054165440098305
1320054168220913667
1320054173833068544
1320054177243025408
1320054189171625984
1320054190912245760
1320054195681099781
1320054214769414144
1320054218904997889
1320054218993131523
1320054220524060674
1320054233601871873
1320054252983734272
1320054252333649920
1320054260416073728
1320054277629378560
1320054278082449410
1320054281995681798
1320054282738192384
1320054295316738048
1320054308575105025
1320054315709497346
1320054320927109120
1320054331387875331
1320054340732801026
1320054341588439046
1320054348223660033
1320054380058562560
1320054384684916736
1320054398337404928
1320054398693920769
1320054403236331520
1320054403978723335
1320054429555564546
1320054434546802690
1320054438661378054
1320054448601923584
1320054451013521409
1320054459515473921
1320054471393759234
1320054475709698051
1320054480038203394
1320054484450611206
1320054495087333378
1320054500783247363
1320054505506037760
1320054521117220866
1320054524657209351
1320054532643168261
1320054556089253891
1320054567212646406
1320054572702990345
1320054574745604097
1320054579673772033
1320054584044359682
1320054584740618243
1320054585407332353
1320054587806633984
1320054605032509442
1320054612561293314
1320054619679150080
1320054625484103680
1320054631196753921
1320054642693214208
1320054654374416386
1320054654626107399
1320054655011999744
1320054661693370368
1320054667079045121
1320054676679806978
1320054680219799552
1320054684095303680
1320054685462650880
1320054692840411136
1320054693867999232
1320054704869552130
1320054728626229253
1320054735492288513
1320054751375937537
1320054751464247298
1320054781029863424
1320054784372637697
1320054784469106692
1320054805830660097
1320054813883846658
1320054814223499269
1320054819927683072
1320054827003432961
1320054844518875139
1320054870519394304
1320054871446458370
1320054871517691904
1320054885816160258
1320054891226738688
1320054894431264768
1320054895895023618
1320054896314470403
1320054919844515844
1320054933295714306
1320054934025502720
1320054950135726082
1320054957798817793
1320054970889031681
1320054977965023240
1320054987339288577
1320054994134028289
1320055036924334084
1320055044679532544
1320055049209278464
1320055063298117634
1320055065856540672
1320055070742908929
1320055071309287426
1320055082998812672
1320055091219599360
1320055092435968000
1320055100061208577
1320055113751449601
1320055116678967299
1320055117023006720
1320055119854141440
1320055121456336897
1320055134605508609
1320055137113657345
1320055145934188544
1320055146995474435
1320055147020587011
1320055151407685632
1320055160471646208
1320055170726830080
1320055176175169543
1320055188057673730
1320055188061761536
1320055191270457345
1320055191626919936
1320055200699146241
1320055212535648268
1320055217736445954
1320055230181068801
1320055250619822080
1320055254327660546
1320055254457659393
1320055262649241602
1320055271402754050
1320055273361412096
1320055276783964160
1320055277102706690
1320055285382336512
1320055289106829313
1320055289756983298
1320055314109091848
1320055322380242944
1320055331100127233
1320055336418660353
1320055338922631168
1320055348456312832
1320055375123546118
1320055377027792897
1320055384585818112
1320055385500377094
1320055393595293700
1320055393683460097
1320055409399504896
1320055423609733120
1320055426097008642
1320055439116038144
1320055440848412674
1320055444178673665
1320055447529885696
1320055452567298049
1320055452592373766
1320055452923822080
1320055453276164098
1320055456455413762
1320055465682714624
1320055465808678915
1320055469713469442
1320055473006170114
1320055476613271559
1320055480786558976
1320055498180349955
1320055503620288512
1320055508410183683
1320055523958542339
1320055532238086152
1320055532913414147
1320055555021389824
1320055560583172097
1320055562705522688
1320055595454631939
1320055603067310080
1320055612567359489
1320055637766799361
1320055645282840576
1320055649305284611
1320055700014436352
1320055715969396736
1320055719647973377
1320055732751007744
1320055741730877440
1320055745975640067
1320055751063310338
1320055793459339269
1320055805924634625
1320055813076099078
1320055817354215424
1320055837554020353
1320055842217971712
1320055845716172800
1320055850573176832
1320055859083276288
1320055863760113664
1320055863873310720
1320055871871864832
1320055894021898240
1320055913961619456
1320055914213396480
1320055931426770947
1320055938326417409
1320055938917765120
1320055944391413760
1320055959209861126
1320055981041176576
1320055992676159493
1320055998795698176
1320056000607563782
1320056014620794880
1320056031792300033
1320056034426171392
1320056051459215361
1320056061139693568
1320056065510330368
1320056089006620672
1320056109856587777
1320056127925686272
1320056135781580800
1320056138252038151
1320056141255041025
1320056145537544192
1320056157709402117
1320056162449002498
1320056170070028288
1320056179440177154
1320056185576275969
1320056186109087745
1320056186666913792
1320056189896564738
1320056199333744641
1320056216601636865
1320056224361185281
1320056229192998912
1320056244191825920
1320056244548190209
1320056270699728896
1320056275468599297
1320056283190484998
1320056288404004868
1320056295546904576
1320056311032078337
1320056316258299905
1320056341650604032
1320056350458732546
1320056354623598599
1320056358092288002
1320056363670700033
1320056403294289922
1320056409619386368
1320056418008006657
1320056425763188736
1320056432956407808
1320056466225627137
1320056478816890885
1320056479282581504
1320056483724263427
1320056487914385409
1320056488338116611
1320056488614920192
1320056504565723136
1320056516825808897
1320056517916348418
1320056538518724609
1320056539261132802
1320056542264061953
1320056546340958210
1320056559796367362
1320056560152956934
1320056589424930817
1320056590012133378
1320056598455353344
1320056601382916098
1320056603320684545
1320056611617034242
1320056627970625536
1320056636459773952
1320056674430996480
1320056688851013633
1320056689744244736
1320056698070028289
1320056702205452288
1320056714641707014
1320056732744339456
1320056752201715714
1320056756697923585
1320056760502243334
1320056761013932037
1320056769444515849
1320056785965879297
1320056793800839168
1320056810678661120
1320056815166644226
1320056823324528641
1320056835748093953
1320056848440037376
1320056849111142400
1320056861479989248
1320056877158440962
1320056892169854977
1320056894170583045
1320056901569183744
1320056911946022912
1320056915464912897
1320056924331741185
1320056928265973760
1320056929708802048
1320056937690681345
1320056938869231620
1320056948826476546
1320056957974179846
1320056962936164354
1320056965389668354
1320056979872571393
1320056983341379589
1320056984117432322
1320056991184728067
1320056995458711559
1320057001859117057
1320057009605992448
1320057022306463748
1320057033178161152
1320057039368978436
1320057049196171266
1320057067810373633
1320057070339710981
1320057070603874304
1320057073376382980
1320057081387487233
1320057085544058880
1320057087234367488
1320057089558020097
1320057091407532032
1320057091445325825
1320057096726106112
1320057096986132481
1320057099544477696
1320057099628482562
1320057099834019842
1320057100513456131
1320057104493936641
1320057108528676864
1320057121199869957
1320057133812097027
1320057144251645954
1320057147586191362
1320057155337191426
1320057163813965829
1320057164044603392
1320057168578646029
1320057176929521668
1320057177143496706
1320057180188540930
1320057183741087744
1320057209364094976
1320057227240112130
1320057235901452290
1320057236853501952
1320057246768910344
1320057247314202624
1320057264087191552
1320057267555880960
1320057285809369088
1320057294034505729
1320057294483156992
1320057310102888450
1320057310715256836
1320057326687178752
1320057344533942272
1320057349206396928
1320057370526031876
1320057373403144192
1320057386359492608
1320057390977503232
1320057406349508608
1320057418567602177
1320057419133833217
1320057431938957313
1320057441975963648
1320057443687256064
1320057453531303937
1320057456479830020
1320057461596971009
1320057464646152192
1320057474691571718
1320057487186415618
1320057491196170241
1320057494874501123
1320057533206319105
1320057541976621057
1320057546342891520
1320057550361055232
1320057578815184903
1320057584401993728
1320057588818403329
1320057636553936896
1320057642484629504
1320057643373875200
1320057666736214019
1320057677041512459
1320057678924861440
1320057687967748097
1320057688638750722
1320057691092381698
1320057695546769408
1320057713968082944
1320057714622517249
1320057733610131457
1320057734562238465
1320057739251486727
1320057739318489088
1320057751368798216
1320057785095081984
1320057789360840704
1320057795794882562
1320057809879388161
1320057819098468355
1320057825708658690
1320057844058722305
1320057847305089029
1320057850014633985
1320057882289733632
1320057901764018176
1320057902174998529
1320057913692618752
1320057917417074690
1320057918406930432
1320057918696415237
1320057918952099848
1320057925965090818
1320057938409566208
1320057965790089217
1320057968717668352
1320057970168893441
1320057974325477376
1320057989479489537
1320057991450775552
1320057995452035072
1320057998220341253
1320058002532163590
1320058002519580673
1320058007816966145
1320058015014420480
1320058015685480450
1320058032823304192
1320058040545087489
1320058053908172800
1320058058593214470
1320058068953124866
1320058070559580162
1320058090948091904
1320058091338125314
1320058096933310464
1320058099269513216
1320058100850843651
1320058107427540993
1320058149316009985
1320058161190010880
1320058166487535616
1320058173739487232
1320058194199281671
1320058195432361988
1320058200008294401
1320058208384409602
1320058226503782402
1320058228298887172
1320058238835019777
1320058260200751104
1320058270485270530
1320058273974943745
1320058274935431168
1320058299845312512
1320058330665058305
1320058335253700608
1320058354048303104
1320058357990920194
1320058366404775941
1320058377104490497
1320058379369402370
1320058381034426368
1320058384096219136
1320058387632066561
1320058405986439170
1320058427675152385
1320058431919820800
1320058448399183875
1320058451721113604
1320058475418845184
1320058477784584192
1320058484973600768
1320058499213201408
1320058506079330304
1320058509451546627
1320058515164172289
1320058519207411714
1320058520075718658
1320058546545938436
1320058549028925440
1320058551734251520
1320058552443195392
1320058580469309443
1320058610853023745
1320058618071437313
1320058636723519488
1320058655841095682
1320058656537387008
1320058672429629441
1320058678221864960
1320058681065672706
1320058683359940609
1320058699013066760
1320058704033730561
1320058740519874571
1320058748497526784
1320058749822881792
1320058756273737729
1320058770488233985
1320058777765281797
1320058790239178753
1320058800406032384
1320058802767646721
1320058808803131393
1320058819624472576
1320058821427986432
1320058821398700040
1320058826360500231
1320058828063428608
1320058828105437185
1320058837630582787
1320058853606772736
1320058854886019074
1320058867624062977
1320058872078331904
1320058880110530561
1320058892160819200
1320058896388558849
1320058911920148481
1320058912574480384
1320058912863911936
1320058917171433473
1320058930433753089
1320058933327859712
1320058952097345543
1320058964529172480
1320058966672629762
1320058970195755014
1320058991431413760
1320059013678141440
1320059029339688969
1320059040240685059
1320059047056429058
1320059050281725953
1320059060188794881
1320059063493865472
1320059072855539712
1320059073870573569
1320059089976655873
1320059101506920453
1320059119726940162
1320059122470060038
1320059125959675905
1320059135057141762
1320059144984997892
1320059160906526720
1320059160717910016
1320059190161833986
1320059198118498308
1320059208742719488
1320059212332998658
1320059216304984064
1320059217991041024
1320059226836865025
1320059230712483840
1320059234931732480
1320059240564748288
1320059248303222784
1320059261905494019
1320059270424104960
1320059273653649411
1320059282449223680
1320059314468433920
1320059318541058048
1320059329387630593
1320059336840892419
1320059345078571011
1320059362119909377
1320059363051057153
1320059363327815685
1320059365576089601
1320059374887268353
1320059383489900544
1320059387658956801
1320059391408734210
1320059394696957952
1320059399403114500
1320059432022151169
1320059435348299776
1320059436766011395
1320059461935955968
1320059465270546433
1320059467736797189
1320059483004043264
1320059486573371392
1320059498854166528
1320059504906690561
1320059509591736321
1320059513546952705
1320059529049014273
1320059535554449410
1320059548321914881
1320059553552257024
1320059580911554561
1320059595742679046
1320059604668194816
1320059612326920193
1320059618383507456
1320059629120983041
1320059634200268800
1320059645512220672
1320059662394413056
1320059663010975751
1320059671760326658
1320059675094753281
1320059680425607168
1320059700453412865
1320059718572908545
1320059721420734470
1320059727481458688
1320059733802442754
1320059743537385474
1320059746401939456
1320059751410008066
1320059752194465793
1320059755944181761
1320059784704524288
1320059819009675264
1320059819664048129
1320059824391049218
1320059860457840646
1320059863645433856
1320059866904449030
1320059870104571904
1320059895878615040
1320059897892012038
1320059898479046658
1320059913989570562
1320059920381841415
1320059924274204678
1320059929785298944
1320059931370921984
1320059941441441795
1320059951444824064
1320059960869486594
1320059968637358081
1320059995480870914
1320059998748200963
1320059999368876032
1320060008084787201
1320060016636923906
1320060036257861638
1320060042645733377
1320060046139506690
1320060054146588672
1320060073385906177
1320060074673528834
1320060074749026304
1320060074996318214
1320060094801940481
1320060101063892992
1320060111646302208
1320060112036352005
1320060120471117828
1320060123474202632
1320060145183805440
1320060147239182337
1320060161969577987
1320060168818860033
1320060171213824004
1320060175324221442
1320060194932596737
1320060204889890817
1320060208648015875
1320060217439211522
1320060218361978880
1320060222346612740
1320060225794211842
1320060233562075137
1320060247440977921
1320060259021574144
1320060276712980481
1320060276893470722
1320060279527477251
1320060280186064896
1320060304554770433
1320060304437497857
1320060308988317701
1320060313216208898
1320060326084313092
1320060337744449546
1320060346254741504
1320060350809649156
1320060361014267904
1320060367448559618
1320060376965402624
1320060385463046145
1320060388457762819
1320060396762431493
1320060405633421318
1320060410159124480
1320060413820784641
1320060440060129280
1320060452387344385
1320060456518754305
1320060456950706176
1320060459689672704
1320060459966291968
1320060466195009540
1320060468552257545
1320060476395585538
1320060477049745408
1320060482577981442
1320060506061811713
1320060507555069960
1320060516723617793
1320060519722737667
1320060523380117504
1320060541180719106
1320060562554970113
1320060574596796419
1320060581613883393
1320060586240077824
1320060586319876097
1320060592359723012
1320060596197466112
1320060626841051137
1320060657761505280
1320060658956849152
1320060659359313921
1320060659493687297
1320060669648162818
1320060673234264069
1320060683237658629
1320060686181953538
1320060703978512384
1320060722446032901
1320060724513771520
1320060776175063041
1320060776435109889
1320060780545527809
1320060786669199362
1320060796332875778
1320060811545513985
1320060812644524038
1320060815811112960
1320060824929566722
1320060825554636800
1320060832928051200
1320060841027395586
1320060842511986688
1320060850519101441
1320060851693539334
1320060864817397760
1320060872073441280
1320060880063729667
1320060882831933440
1320060884031578115
1320060888158711808
1320060891551838209
1320060891677720580
1320060896668864512
1320060899663687681
1320060905846042625
1320060908719177729
1320060913374945282
1320060913970544641
1320060917112066048
1320060920790355969
1320060921864044544
1320060925223817219
1320060929376137219
1320060930588196865
1320060933247430663
1320060934631706624
1320060965464002562
1320060985785356293
1320060990759837696
1320060995658797057
1320060997940486148
1320060998485770241
1320061002851942400
1320061018303877121
1320061026465845248
1320061090479439877
1320061109584408581
1320061116328837120
1320061122116988931
1320061137975758849
1320061140710326279
1320061143239491591
1320061147836522498
1320061148335689729
1320061156057321475
1320061156434784257
1320061159932858368
1320061168644427785
1320061169919533057
1320061174176751616
1320061177637097478
1320061181097332736
1320061189460774914
1320061195999641600
1320061214450475010
1320061225078714371
1320061234444705793
1320061248088715265
1320061248868917248
1320061253134381056
1320061254082416641
1320061258045992960
1320061286445506560
1320061291059359744
1320061316242018305
1320061331291181058
1320061337339367424
1320061343521755143
1320061344452890628
1320061344935075841
1320061355257438209
1320061360982659079
1320061374463172608
1320061375805206528
1320061388635648010
1320061394922971137
1320061404632604672
1320061406369251329
1320061406574727168
1320061409850425349
1320061416355844101
1320061419929407489
1320061430591156224
1320061432852041730
1320061486782423043
1320061494827143170
1320061497440161793
1320061501827264512
1320061522924666894
1320061533276327937
1320061543610986496
1320061543598444544
1320061559134191616
1320061575148036097
1320061580256681987
1320061591648407557
1320061596631240705
1320061601509244928
1320061613240668160
1320061615300104192
1320061626700173319
1320061631179665409
1320061665539403776
1320061693322473476
1320061701442732033
1320061704471040000
1320061706027077634
1320061711819354112
1320061717553053705
1320061741200408576
1320061741347188736
1320061746896379906
1320061749261930497
1320061754060251136
1320061770359341060
1320061774062903298
1320061783357464576
1320061786771607556
1320061786838736904
1320061790663868418
1320061791708221442
1320061793008455681
1320061797903273985
1320061820510572545
1320061824767700992
1320061830773891074
1320061840819429376
1320061844787240960
1320061846456553473
1320061847555506177
1320061870242516992
1320061874470354944
1320061877305499648
1320061879608242177
1320061898637889536
1320061902244909056
1320061904719646722
1320061932603346945
1320061944141803527
1320061946452975617
1320061954946330624
1320061957479616512
1320061966568820737
1320061974252822535
1320061978983976960
1320061983912304641
1320061985866747905
1320061996239343618
1320062007610134530
1320062025192644615
1320062025670758401
1320062037825851396
1320062047254708224
1320062059451731969
1320062076564480003
1320062077088784394
1320062090846048258
1320062101696565248
1320062109309423622
1320062128489926657
1320062130868060160
1320062132747108354
1320062133065805824
1320062144168235008
1320062146063917056
1320062151810310146
1320062169074073602
1320062176531521539
1320062184303583236
1320062189324075009
1320062193627521024
1320062201462476815
1320062206030041090
1320062206021689345
1320062216788467714
1320062223071563779
1320062225369993216
1320062233632755713
1320062267833004032
1320062285008830470
1320062306160644098
1320062307553087489
1320062307477692417
1320062313924333571
1320062314574417922
1320062324355534848
1320062324745687040
1320062353912688640
1320062359935868931
1320062361299017730
1320062373223407617
1320062407939706881
1320062409822842892
1320062422925926400
1320062427346702340
1320062431557750790
1320062439304667145
1320062445147205633
1320062448708276227
1320062456148807680
1320062472380964864
