1315094756976926720
1315094764354764800
1315094765822775302
1315094767961878529
1315094800270462976
1315094814875099137
1315094818658320385
1315094820617179136
1315094834005377024
1315094834475159553
1315094845975912455
1315094854435651584
1315094860479647744
1315094868457259009
1315094873540681729
1315094885691727874
1315094899251871745
1315094900266987520
1315094905593778176
1315094916519739392
1315094918830927872
1315094919762059265
1315094944458178565
1315094962002972672
1315094964691496960
1315094976632586240
1315094978448822272
1315094992872972288
1315095021251637249
1315095024129003526
1315095024531574895
1315095024984563714
1315095032689561600
1315095032903413760
1315095053560352768
1315095062980825089
1315095067695210498
1315095078788952064
1315095079426482176
1315095100167340032
1315095101937537024
1315095117913415680
1315095134162374658
1315095148095774725
1315095148552949761
1315095155909812224
1315095163899834370
1315095171076370439
1315095171235635200
1315095186872184833
1315095189040627712
1315095220690714629
1315095221076660225
1315095231390339072
1315095231486803969
1315095239208697859
1315095246569713667
1315095246737494016
1315095257772699648
1315095258028412929
1315095297543090177
1315095302773174272
1315095308091772928
1315095341075587072
1315095348600242176
1315095348990410752
1315095352706506753
1315095355210510340
1315095357576163328
1315095359560003585
1315095365306245120
1315095382024617984
1315095382280597504
1315095382624477190
1315095386030305286
1315095422885523456
1315095457723449345
1315095478602616832
1315095485032656898
1315095493978984448
1315095496407408640
1315095498496176129
1315095507841114117
1315095520927342592
1315095523179724800
1315095527688679426
1315095535750123520
1315095549935333377
1315095568431996930
1315095572584566784
1315095575579308032
1315095604717072386
1315095604981379072
1315095615995555841
1315095629211660288
1315095639429124097
1315095641647964160
1315095648430039040
1315095658282528773
1315095679660826624
1315095685981786112
1315095688913379330
1315095701118832640
1315095704830967808
1315095704839299072
1315095710967103489
1315095713332645888
1315095718110035970
1315095724934066177
1315095742424338434
1315095764041781248
1315095771151323143
1315095781108600832
1315095782442373121
1315095798292467712
1315095805410373632
1315095829317906432
1315095839522594816
1315095847735091202
1315095848724946944
1315095852013121542
1315095855414702084
1315095867238625281
1315095869566398464
1315095873047523328
1315095877707616256
1315095881394380802
1315095884091273218
1315095884732993536
1315095888621002752
1315095895554379782
1315095907390689280
1315095910221778944
1315095916081082368
1315095919881269251
1315095928311742464
1315095933651091456
1315095964546404353
1315095969361428480
1315095973442453504
1315095973631324161
1315095974872784896
1315095987413757953
1315095990807007233
1315095997085696000
1315096004203630592
1315096011736408064
1315096020548759553
1315096032649375746
1315096035346190336
1315096045957726208
1315096048419909632
1315096065629065217
1315096069978705920
1315096072444735489
1315096073958899712
1315096086294519808
1315096092044787713
1315096095614267392
1315096097405177862
1315096102836875266
1315096103067553792
1315096103918985217
1315096108637384704
1315096113184030722
1315096129764196354
1315096133463670784
1315096150156996608
1315096153843740672
1315096161347198981
1315096166283976704
1315096188392280065
1315096198039179264
1315096203256827904
1315096203684704257
1315096207694483456
1315096213998444544
1315096215466307584
1315096225595748352
1315096234194018304
1315096274732023808
1315096280532545536
1315096286165692421
1315096295573467138
1315096304708579328
1315096306558402565
1315096312442830849
1315096342692196352
1315096343770288129
1315096349663092736
1315096357321928704
1315096363240050688
1315096377429356544
1315096392055042048
1315096396039680002
1315096397906092032
1315096406575607808
1315096407322300416
1315096408970743809
1315096417434820608
1315096422673506306
1315096438225989634
1315096449991016448
1315096456269889536
1315096461718290432
1315096494186344448
1315096497973731328
1315096506274402304
1315096508258234368
1315096520992215040
1315096533499629568
1315096538754973696
1315096546573119488
1315096576453488640
1315096593276661760
1315096597944954880
1315096600428130304
1315096620510437376
1315096636813574144
1315096647748087808
1315096649602158594
1315096652479430656
1315096658477305857
1315096659991449607
1315096666110918656
1315096688479154178
1315096714383159296
1315096717335965696
1315096729709051904
1315096741784555522
1315096744053547008
1315096755873050624
1315096787762376705
1315096788353740800
1315096795727507456
1315096812034891777
1315096821006585858
1315096823556603906
1315096824261365760
1315096850022703107
1315096867982782464
1315096871275294720
1315096908675727362
1315096909212610561
1315096912383614976
1315096920046465024
1315096920713506816
1315096924161220609
1315096924538761217
1315096930242957312
1315096938463846400
1315096952783212545
1315096978964074496
1315097012841246720
1315097016712691712
1315097026670006273
1315097030591684608
1315097039324110848
1315097045863215106
1315097059704205312
1315097063454113794
1315097064037142528
1315097083561598976
1315097094290636800
1315097099348762624
1315097099504103426
1315097105279533056
1315097130726424577
1315097137538105346
1315097139727433730
1315097146291621890
1315097159071563777
1315097159805538305
1315097168361918465
1315097171897716738
1315097202180661248
1315097203229114369
1315097215552155648
1315097218123210752
1315097228164251648
1315097230810939392
1315097236544598017
1315097245151195138
1315097251929157638
1315097272879919109
1315097283818663936
1315097287169896448
1315097308816695297
1315097330966761474
1315097334926077952
1315097356304633857
1315097361903955968
1315097374310752259
1315097374637780992
1315097381344481280
1315097382435074048
1315097388361580549
1315097400680251394
1315097407684849664
1315097410759200768
1315097411623309312
1315097422108876801
1315097429910466560
1315097440027017217
1315097458754682880
1315097464974856194
1315097469714219008
1315097475057811457
1315097488211218433
1315097499691094016
1315097513779748864
1315097521639874560
1315097525230227464
1315097529483223041
1315097530355585025
1315097538156883975
1315097542900674560
1315097550928650246
1315097559451471872
1315097563360645122
1315097563566014465
1315097565281415168
1315097578288091138
1315097584516632576
1315097588446777344
1315097590979981312
1315097594763198464
1315097609489580033
1315097627428438016
1315097636786049025
1315097639088726016
1315097642225991681
1315097654469165058
1315097662388146178
1315097663365279746
1315097667408666625
1315097667534352384
1315097676912889856
1315097693333659656
1315097704515600385
1315097705228558336
1315097718977691648
1315097738938384387
1315097748744531968
1315097758097760257
1315097765492543489
1315097766587256833
1315097771741900800
1315097778771591175
1315097780503760897
1315097790683414528
1315097808131616769
1315097827723350016
1315097831795982337
1315097843301052417
1315097846950002688
1315097860057292802
1315097863081385989
1315097864264130564
1315097870295396352
1315097878554202112
1315097882039517184
1315097894039556099
1315097902495211520
1315097929816784896
1315097931490484224
1315097953367977984
1315097962012344321
1315097967653576705
1315097972485419008
1315097979599032320
1315097986079158272
1315097993117343744
1315098011677016064
1315098016659968021
1315098025312899073
1315098032237547521
1315098032459796482
1315098037161730050
1315098038067752961
1315098045617496066
1315098049748758528
1315098051275624449
1315098067486547968
1315098079515697153
1315098080124063744
1315098083730964480
1315098088067919873
1315098094610989058
1315098099384107009
1315098100525129730
1315098119013531650
1315098121605722112
1315098134234779648
1315098145190219776
1315098146872139777
1315098149577424897
1315098151037153283
1315098205374148609
1315098205969887234
1315098221119709185
1315098244054122496
1315098251675262976
1315098253797588995
1315098270989860864
1315098275318501377
1315098285569241088
1315098306310213632
1315098332931543040
1315098335347384321
1315098342075101184
1315098353718394881
1315098354771259392
1315098368184647680
1315098372613832705
1315098423188746242
1315098427051708417
1315098432307163136
1315098442457329664
1315098444428709890
1315098447104544769
1315098449482780673
1315098451856764928
1315098456734740480
1315098461281292288
1315098468659195905
1315098476406071297
1315098480105250817
1315098481552285698
1315098488544407552
1315098511692697600
1315098522962792449
1315098526431535105
1315098529908617218
1315098565287596032
1315098570362552321
1315098583599853569
1315098595289444352
1315098599848583168
1315098606580400131
1315098608115490817
1315098621352833024
1315098640990560263
1315098660657664000
1315098666898780160
1315098678785454085
1315098683285729281
1315098718262222850
1315098736373235715
1315098738361278464
1315098741255274496
1315098762545713153
1315098774470094848
1315098778936832000
1315098780283346946
1315098781709463558
1315098782300692480
1315098782522994688
1315098789166960640
1315098801586069505
1315098837782941697
1315098866660896768
1315098891214225408
1315098891616886784
1315098913603350528
1315098920767254528
1315098922960982017
1315098924764413952
1315098926601646083
1315098928891781121
1315098939000004608
1315098939721474048
1315098943756226561
1315098967001247744
1315098970956410880
1315098976325169154
1315098999003721732
1315099032264601601
1315099032742625280
1315099048173473792
1315099057384124416
1315099078045380608
1315099082512269313
1315099088799621120
1315099096718376967
1315099102514872324
1315099110396096512
1315099111130095616
1315099119006908416
1315099134089719809
1315099155333877761
1315099167111274497
1315099186400952320
1315099190117060608
1315099197473865728
1315099200074526720
1315099202402295808
1315099212238000129
1315099214599409664
1315099233704271872
1315099246056615939
1315099260455710720
1315099270819835905
1315099279212646400
1315099285696978946
1315099300335161345
1315099304370020357
1315099306911838209
1315099311940669440
1315099319737839617
1315099320878796800
1315099321621250050
1315099328357249025
1315099331695910913
1315099342882041856
1315099344622833664
1315099347160195073
1315099358380150790
1315099359407562752
1315099363291656192
1315099374519631872
1315099376465842176
1315099380664487937
1315099390391001098
1315099393503105024
1315099396153851906
1315099414139146240
1315099413795094529
1315099430044028928
1315099441301344261
1315099442945691652
1315099466245058563
1315099493096800257
1315099500818493441
1315099508779474944
1315099509131816960
1315099539620196354
1315099552672813062
1315099554254127104
1315099557160726531
1315099558997889024
1315099592753643520
1315099595936993281
1315099600072716288
1315099615369232386
1315099616921055232
1315099630783418368
1315099636214890497
1315099659929436160
1315099670557995009
1315099672915013632
1315099686760570881
1315099691319582720
1315099701998387201
1315099703755837446
1315099712010235904
1315099713641877506
1315099718788157440
1315099719148789766
1315099732360871936
1315099732293963778
1315099736198713344
1315099768884989952
1315099773414846464
1315099780528312320
1315099789269307393
1315099794080247810
1315099810479960065
1315099822450520065
1315099827911393280
1315099832869101570
1315099840645341186
1315099844264947713
1315099861222649864
1315099874631643137
1315099881518911488
1315099883347554304
1315099902502793216
1315099904126189570
1315099904390430725
1315099904457482244
1315099916109115392
1315099916461649920
1315099917527003136
1315099920156758023
1315099921343803393
1315099923801534464
1315099927941459969
1315099928436252672
1315099936019619841
1315099937697402880
1315099945913860096
1315099954579374086
1315099954877206529
1315099957549039616
1315099961743343617
1315099993041235970
1315100000553177088
1315100009285783552
1315100020677451781
1315100025052164097
1315100049181822976
1315100069797023745
1315100070358986752
1315100075534753804
1315100089040289794
1315100091728957440
1315100093285097473
1315100102411857920
1315100116152463361
1315100123236499458
1315100150830948352
1315100163581579265
1315100177796079616
1315100188118188032
1315100200575275009
1315100221450276865
1315100234800869376
1315100242707181571
1315100244573589505
1315100248939823106
1315100251360047104
1315100275598864384
1315100282049769473
1315100294913589249
1315100295186255877
1315100320549277696
1315100322788827136
1315100336827244545
1315100339436097538
1315100345102630913
1315100348068048896
1315100383904182273
1315100390908542976
1315100406587052032
1315100418536472576
1315100422445690881
1315100428787478528
1315100435259240449
1315100452246044672
1315100454750236672
1315100459393318912
1315100468826255360
1315100477047091200
1315100495216738304
1315100498966372352
1315100502636462080
1315100521045393408
1315100542855716865
1315100547242917889
1315100551022096384
1315100552288763904
1315100553177894917
1315100559456833537
1315100572576616454
1315100590918307847
1315100626041397254
1315100632039206912
1315100638905155584
1315100640352239616
1315100641736503296
1315100649911132160
1315100671058874368
1315100676435963904
1315100680915427328
1315100689060642817
1315100699345195008
1315100701870174208
1315100739295903744
1315100741137305600
1315100741514788864
1315100743259484163
1315100750394134529
1315100752499613696
1315100757151023104
1315100758577045504
1315100766529622018
1315100777984090112
1315100783646564352
1315100783671685120
1315100784573337601
1315100802315321345
1315100808396980224
1315100813673533441
1315100823458807809
1315100828903014400
1315100834661838848
1315100835010011136
1315100844325445632
1315100846741356544
1315100848037400577
1315100855977213953
1315100862554034176
1315100876319551488
1315100877384867840
1315100883714224133
1315100883861020672
1315100905411239938
1315100909584568320
1315100915372883968
1315100924990414853
1315100934482124802
1315100939175497729
1315100960541220864
1315100961417973760
1315100961866616833
1315100979558117376
1315100987653124101
1315101015998373889
1315101032876302339
1315101045819834368
1315101047036157953
1315101047182913536
1315101051834466304
1315101069379350530
1315101073325973504
1315101076589142016
1315101078837489670
1315101080590540800
1315101083493109762
1315101089675517958
1315101103005073414
1315101113163681793
1315101114421964806
1315101122005209088
1315101131673161728
1315101152166502400
1315101152426553345
1315101154003619845
1315101158973870080
1315101160513048579
1315101165080600578
1315101178628386816
1315101195560779781
1315101201931747328
1315101206788923393
1315101210773516288
1315101224912420866
1315101243782512642
1315101244768174080
1315101252766838786
1315101257279864838
1315101257963429888
1315101266507300864
1315101302850945027
1315101303962509312
1315101313919782912
1315101320303403009
1315101321632993282
1315101332768866305
1315101333066846216
1315101335767875584
1315101354629578752
1315101367896174593
1315101368869421056
1315101375450083329
1315101379745271808
1315101388368560128
1315101413517651968
1315101414650081280
1315101417539997698
1315101429669875712
1315101433147068420
1315101446237548544
1315101459114061825
1315101477447311360
1315101503363973122
1315101532166258688
1315101533013528581
1315101539204313088
1315101543029383168
1315101550855979011
1315101567217889280
1315101567201292288
1315101572611952640
1315101573320708096
1315101593126137858
1315101599010873351
1315101603624415232
1315101605218451457
1315101616924758016
1315101619290333184
1315101619583942662
1315101634750410753
1315101637606666241
1315101645106294787
1315101657210982401
1315101665620627462
1315101673682075649
1315101690337652742
1315101717097111552
1315101721371136002
1315101731823337472
1315101745681444864
1315101756297183232
1315101757098266625
1315101758075658241
1315101788366872578
1315101790178861056
1315101806595366912
1315101812408672256
1315101819320832005
1315101824693735425
1315101827340406784
1315101861658198016
1315101874178072581
1315101886710788096
1315101887184605185
1315101890485645312
1315101904112738305
1315101914418180096
1315101917509550081
1315101936455168002
1315101944713674753
1315101946529959936
1315101946827681792
1315101947179999232
1315101954087948288
1315101987831271429
1315101989332803584
1315101997285216256
1315102006084763649
1315102008253259777
1315102014469177345
1315102015899529218
1315102017329733639
1315102019691008000
1315102024497868800
1315102040243138561
1315102041329537028
1315102051605581824
1315102054965182464
1315102055250440192
1315102067078434816
1315102071369076736
1315102073134833666
1315102074640592896
1315102079774593026
1315102089845112835
1315102101081649152
1315102101677064192
1315102110200012806
1315102121511976960
1315102134002614272
1315102159420239874
1315102161664192513
1315102164705042432
1315102169734012928
1315102180676964352
1315102181050245120
1315102186356068358
1315102209487581185
1315102213052813314
1315102231209881601
1315102232195395585
1315102244115750912
1315102248096067585
1315102251178848256
1315102256879017984
1315102259173380098
1315102266203025409
1315102276101574656
1315102280681697281
1315102289648967680
1315102293969326080
1315102311232999430
1315102319571337216
1315102326814732288
1315102329163509760
1315102331080445952
1315102332007350277
1315102332766564352
1315102334918287362
1315102344741220354
1315102347564122112
1315102358683234304
1315102368216739841
1315102387531464707
1315102387602767873
1315102391532912640
1315102391981805570
1315102399283961857
1315102399384752131
1315102419236327430
1315102428472238080
1315102442313314304
1315102446067363841
1315102454653034496
1315102459015000066
1315102484700909568
1315102485800005638
1315102492233932800
1315102506846953472
1315102507316596737
1315102507685875713
1315102520671428609
1315102526052732933
1315102551000469505
1315102553546387457
1315102561607856135
1315102562551361537
1315102562970824705
1315102566007611392
1315102565994987520
1315102580469628928
1315102604087697408
1315102669317582848
1315102683523551232
1315102684718997504
1315102692272939008
1315102692801482752
1315102727265951745
1315102729811886080
1315102731137355776
1315102760963133440
1315102765836906497
1315102776050016257
1315102776381366273
1315102786309238784
1315102801442283520
1315102809142947841
1315102819817607168
1315102824812994560
1315102825995792384
1315102827757305858
1315102832174026755
1315102840092684288
1315102844224233477
1315102849110433798
1315102857683763200
1315102858891546625
1315102859923464194
1315102865313202179
1315102876662927360
1315102892659933184
1315102926180884480
1315102926482952192
1315102961136218118
1315102964068102144
1315102965884227585
1315102966119124994
1315102975187054592
1315102982040514561
1315102983043059712
1315102990315986950
1315103005939769346
1315103008783556608
1315103010381426689
1315103029884907520
1315103042115518464
1315103046469386240
1315103054190927872
1315103057731096577
1315103061262491648
1315103073325527045
1315103075376533505
1315103078572535811
1315103087137234944
1315103090941534209
1315103094045171712
1315103100584169472
1315103106385010693
1315103116103241728
1315103116380037124
1315103123678072832
1315103134642040832
1315103135929643009
1315103153327611905
1315103163846815744
1315103176023052291
1315103176761114624
1315103192187899904
1315103197141368832
1315103208327577600
1315103224299433984
1315103225553522688
1315103227340304385
1315103234961354752
1315103240858611714
1315103247040831488
1315103263876935681
1315103269899964421
1315103271065923584
1315103276157763585
1315103276124127232
1315103283157950464
1315103317048131584
1315103317316435968
1315103324656599040
1315103328896983045
1315103330323124225
1315103337205903361
1315103344487170048
1315103354482196480
1315103356159954947
1315103360119304193
1315103367333580803
1315103372966494208
1315103379706671104
1315103379895574528
1315103380075937794
1315103390024691712
1315103397637480448
1315103400833372160
1315103404209831936
1315103417006583808
1315103423919001602
1315103427970715648
1315103430185279488
1315103434954211334
1315103456387047424
1315103461281677312
1315103471901773824
1315103482513326080
1315103489811533825
1315103503266861062
1315103507398172681
1315103535885885441
1315103553438904320
1315103560233816064
1315103568572145670
1315103573542281216
1315103577237450753
1315103582027350017
1315103584707653632
1315103599920386053
1315103600620826624
1315103606564106240
1315103611379240960
1315103623299436544
1315103646216937472
1315103656149213186
1315103668669018114
1315103677007515648
1315103681478635521
1315103691762958336
1315103705855791104
1315103717868204032
1315103730392539137
1315103730920878081
1315103745877962752
1315103748537147394
1315103748872695810
1315103783643303937
1315103783559462912
1315103791818182659
1315103793579786240
1315103798650712065
1315103816308666368
1315103818003156992
1315103821769576448
1315103827343753216
1315103829067784193
1315103842405670912
1315103845027110916
1315103891122397185
1315103900706406400
1315103913473966080
1315103920734298112
1315103954729152512
1315103963205656576
1315103969589460992
1315103972810731521
1315103983384449024
1315103985368477696
1315103993006362624
1315103998123409408
1315103998735790081
1315104008327946241
1315104016372768768
1315104023746232320
1315104031237451776
1315104036878774272
1315104037067354113
1315104047117074432
1315104047645577216
1315104048270331904
1315104052473147393
1315104059486019584
1315104079350202368
1315104081875267591
1315104105162043393
1315104113181577216
1315104114708275200
1315104123692429312
1315104128989827074
1315104134668976128
1315104142982033408
1315104146861690880
1315104152087920640
1315104155392897024
1315104168244248577
1315104194433626112
1315104205833744385
1315104206265749505
1315104216092901377
1315104218836013057
1315104223152009224
1315104223957331968
1315104227937718272
1315104261563461634
1315104275253559296
1315104277958979585
1315104281431736321
1315104282820182016
1315104289761701888
1315104298955534336
1315104302684352512
1315104335492243458
1315104357432651777
1315104379599564801
1315104405256130561
1315104415087558656
1315104416207437828
1315104424252133376
1315104437158006784
1315104438219157507
1315104450969776128
1315104457395515394
1315104460092387328
1315104466446823424
1315104466593554433
1315104476332789760
1315104482947141634
1315104485081968641
1315104488949129217
1315104501481824256
1315104516652531712
1315104531890536448
1315104534759452672
1315104538450374659
1315104538509012992
1315104542334349312
1315104543894581249
1315104543965757440
1315104550706057216
1315104551154913280
1315104554011316224
1315104556607365120
1315104583346053120
1315104584608739329
1315104592120754176
1315104613130010625
1315104615222972416
1315104625859723264
1315104629781344257
1315104656566161409
1315104667538399233
1315104678221434885
1315104680914104320
1315104697183858688
1315104709967929347
1315104726296526848
1315104748761231363
1315104753773359109
1315104762002579456
1315104768029872129
1315104772442271744
1315104782487564288
1315104810023243778
1315104815874269186
1315104817912578050
1315104825739223041
1315104836854206466
1315104838913388544
1315104841056702464
1315104848837214208
1315104848904368130
1315104851487936513
1315104858224168961
1315104870228062208
1315104870735568897
1315104873919119360
1315104874485354497
1315104875043119104
1315104876289024001
1315104916076072960
1315104919410671617
1315104931020369921
1315104937299206145
1315104940017152000
1315104950171492353
1315104957402509312
1315104974603460608
1315104978529386498
1315104985215008773
1315104995428237313
1315105015145537536
1315105020426121216
1315105032367415303
1315105038189158400
1315105040646967297
1315105063082352640
1315105064210628609
1315105068597813250
1315105110440247302
1315105140198854656
1315105146683092998
1315105147295391744
1315105151653421057
1315105164169281536
1315105169365962754
1315105169680461824
1315105180531204096
1315105181072265217
1315105184650072064
1315105204845543426
1315105206963712000
1315105223216521217
1315105237909159936
1315105247560454145
1315105251440037888
1315105254044704768
1315105255173033986
1315105261309300737
1315105268376768515
1315105275377057792
1315105286273732608
1315105290975678465
1315105300215730180
1315105312391794688
1315105316875505665
1315105317101932549
1315105325867884544
1315105327885553669
1315105328950726656
1315105351499304960
1315105395237621760
1315105406671224832
1315105431119958018
1315105431078010880
1315105432525058050
1315105438765993984
1315105440078782465
1315105448148832256
1315105449017040896
1315105453601443840
1315105462304481280
1315105463214772224
1315105486975320064
1315105495535869953
1315105499826647040
1315105556558802945
1315105561424416768
1315105586652934146
1315105586439168000
1315105590117502976
1315105592420098050
1315105593728827392
1315105599537860613
1315105607859474433
1315105611068055552
1315105619213336577
1315105636116434944
1315105640944201728
1315105640944197632
1315105655326375936
1315105657612365824
1315105661961801728
1315105678600540160
1315105680853020673
1315105683507949568
1315105684510388225
1315105714738728970
1315105716798214144
1315105718203080704
1315105726390390784
1315105740848205826
1315105752067997697
1315105762667094016
1315105767171780608
1315105775434555392
1315105796963926016
1315105810331164678
1315105815062224896
1315105822775676930
1315105824033976322
1315105829109075968
1315105841582833664
1315105845315862528
1315105867411357696
1315105872700305410
1315105876664086529
1315105880346636288
1315105892640194561
1315105904321204224
1315105909501288450
1315105912143650816
1315105925636608003
1315105931563274248
1315105936323670017
1315105941470150662
1315105948206338048
1315105949758164993
1315105953847672832
1315105967386882048
1315105972713652225
1315105980393414656
1315105980976263168
1315105988610060288
1315105992367955969
1315106017747906560
1315106031832309766
1315106052048904192
1315106054217240576
1315106055399956480
1315106068784005121
1315106078862962688
1315106081945858048
1315106082587508736
1315106090003107846
1315106110425235456
1315106113990295552
1315106136794836994
1315106142691962881
1315106145988677632
1315106148689698816
1315106154360590338
1315106160605835264
1315106163323793408
1315106163374149632
1315106204239171587
1315106213722386432
1315106218697003008
1315106224258473991
1315106228612157442
1315106247105032192
1315106250103939073
1315106262065975296
1315106266738569219
1315106271553519616
1315106277060681728
1315106289194803200
1315106290914516993
1315106311416078336
1315106334958931971
1315106353233326081
1315106372006998017
1315106382186774529
1315106412826034176
1315106424964485121
1315106425975136257
1315106438356885504
1315106439690678273
1315106445201899525
1315106455704547328
1315106480794865664
1315106484724793345
1315106485530243075
1315106500625473536
1315106509664268289
1315106517746581504
1315106538718101504
1315106541813420033
1315106542555992064
1315106542937665537
1315106549493243904
1315106586713640960
1315106589800648704
1315106593642610689
1315106624432791552
1315106634167967744
1315106640287408128
1315106641315016704
1315106643642736640
1315106644703940608
1315106651813351425
1315106652119592961
1315106669970575361
1315106670541000705
1315106672340160514
1315106676501032960
1315106678518493184
1315106695136374784
1315106697581649920
1315106709455634434
1315106712018272256
1315106714279124995
1315106715327553536
1315106715554193408
1315106716409790464
1315106720503468032
1315106722432905218
1315106730712408065
1315106741827391488
1315106747233841152
1315106747955150849
1315106755790110721
1315106770096992258
1315106775427809280
1315106794079830016
1315106794168037376
1315106798639239169
1315106806927106048
1315106807728107521
1315106812102881280
1315106822047633408
1315106827730849794
1315106828519260162
1315106840024358914
1315106841391759360
1315106842364776448
1315106862551846913
1315106873352355841
1315106897868054529
1315106900799750145
1315106916952018946
1315106919779049480
1315106924711604227
1315106927492452353
1315106934345936898
1315106939945263104
1315106944877821953
1315106945410502656
1315106948560441344
1315106973910695936
1315106985235427328
1315106986200100866
1315106997684051968
1315106998812377088
1315107001333100544
1315107011877629952
1315107018068246536
1315107024292712449
1315107029485264896
1315107030823247872
1315107038972776450
1315107041195823104
1315107050209374208
1315107055951319040
1315107068140027904
1315107071608717314
1315107078386589697
1315107090357055488
1315107118245195776
1315107126440857600
1315107129234124800
1315107141318041600
1315107176390696961
1315107180283154432
1315107188671610887
1315107198574436355
1315107212910497793
1315107213581713408
1315107216052162560
1315107218937860097
1315107223106981888
1315107244485246976
1315107246854991872
1315107264739512320
1315107272851415042
1315107284138299395
1315107291302178817
1315107301863415809
1315107305646678017
1315107324713938944
1315107331051458560
1315107339394076672
1315107343764348929
1315107379739058177
1315107394628644865
1315107397745156096
1315107411791769600
1315107414325288960
1315107418280538114
1315107420872552450
1315107422340612097
1315107449255325696
1315107460240207872
1315107466460487682
1315107474177953794
1315107479651602433
1315107483371921409
1315107494033752065
1315107494511865857
1315107496084697088
1315107519900135425
1315107534257168385
1315107534655504386
1315107541995663361
1315107549520130048
1315107553785769984
1315107555635585024
1315107560073068545
1315107596320174080
1315107605841403904
1315107617602232321
1315107618101374976
1315107626330525702
1315107630692536320
1315107633091624961
1315107639077076992
1315107659146616832
1315107661105393664
1315107674544058368
1315107688095772672
1315107701224083457
1315107701748359169
1315107705946808322
1315107712108244994
1315107712779390976
1315107729082585090
1315107731163013120
1315107733922820096
1315107741913042947
1315107747906629633
1315107766219018240
1315107780550950919
1315107781653995520
1315107784275394560
1315107855163367426
1315107877741240321
1315107880270323713
1315107894765862912
1315107907080392704
1315107916005863427
1315107939770937345
1315107949354704896
1315107956543774720
1315107964194361350
1315107980572983296
1315107982049447938
1315107988554887168
1315108002106490881
1315108007634702336
1315108018829361152
1315108039410802688
1315108042334064641
1315108048269127684
1315108056494211073
1315108056859127812
1315108061326045184
1315108067298615296
1315108067495870471
1315108069664268288
1315108069639061506
1315108077088120832
1315108091029934080
1315108098374238208
1315108110395113472
1315108119832395778
1315108127927422976
1315108128065753088
1315108129466732545
1315108152992583681
1315108192053911552
1315108195556356097
1315108213369516035
1315108218889269249
1315108220088864769
1315108220965392384
1315108237314670592
1315108239491637249
1315108246705844224
1315108254469574657
1315108274019033088
1315108274769924096
1315108275201998848
1315108297372909568
1315108298832646144
1315108299147300864
1315108304134246400
1315108304750694400
1315108312120274945
1315108312900272129
1315108333024497664
1315108336958750720
1315108349298446336
1315108350326124545
1315108352972722176
1315108362288332806
1315108366230978562
1315108393145769985
1315108403824463872
1315108419720769536
1315108448833396736
1315108468794294277
1315108469926756352
1315108476540997634
1315108500398387202
1315108507587407873
1315108512964513798
1315108543385595904
1315108561236578304
1315108616009994240
1315108629930885121
1315108644141268992
1315108671332978689
1315108691411050496
1315108700919603201
1315108704048631809
1315108706925768704
1315108710939852801
1315108740316590081
1315108745962119168
1315108756355723264
1315108756535959552
1315108758515707905
1315108760768184321
1315108791151726593
1315108794205188097
1315108800005918721
1315108800005910536
1315108819601588224
1315108823619661825
1315108828166475777
1315108830905282560
1315108833983827968
1315108838589165568
1315108841042870274
1315108841743245312
1315108851339923457
1315108853235634177
1315108863054667777
1315108866816909312
1315108873687035904
1315108877860569088
1315108879953469441
1315108883304607744
1315108894637797377
1315108900153196547
1315108912832622592
1315108934752010240
1315108948811235328
1315108954637307904
1315108960215728130
1315108983699648512
1315108992193093634
1315108996068462595
1315109004121694209
1315109010371158016
1315109050900766720
1315109052683292674
1315109058983030785
1315109077404577792
1315109079501729794
1315109103467999232
1315109104138870787
1315109113471406081
1315109126645714944
1315109127752876032
1315109133893332992
1315109134975610887
1315109139912159234
1315109148992905223
1315109153187090432
1315109164281196544
1315109169318580224
1315109184355143680
1315109185886056448
1315109186838163456
1315109192324329472
1315109208174596096
1315109215313166336
1315109220405174278
1315109224075030528
1315109229104189442
1315109231796731904
1315109234636402690
1315109270158012416
1315109295671906306
1315109307835453446
1315109308141580296
1315109324390363136
1315109327598837760
1315109335052087296
1315109337375834114
1315109337879126016
1315109345760342018
1315109371827949568
1315109388382740480
1315109391994028032
1315109396700000256
1315109401393606656
1315109407496249345
1315109408813146112
1315109411820634112
1315109428497182720
1315109428736126977
1315109455374163968
1315109457047715846
1315109476140232704
1315109477646041089
1315109484151402501
1315109485933858816
1315109493072683009
1315109504032354305
1315109512165154817
1315109518213287936
1315109526723457025
1315109551633559552
1315109585183744001
1315109590669770753
1315109599637168129
1315109600941805568
1315109610819383296
1315109612086063105
1315109612622942208
1315109614006960128
1315109616167067649
1315109620503912448
1315109621875564544
1315109642356260864
1315109644659023872
1315109651529179136
1315109651860598790
1315109662237372418
1315109675252277248
1315109678968377346
1315109683942879234
1315109687638069255
1315109687692386304
1315109688254455809
1315109688866861056
1315109689420640261
1315109689684828163
1315109700573302784
1315109701957320706
1315109705279254528
1315109708265644032
1315109723746828288
1315109730029916160
1315109731074277376
1315109741006331905
1315109747914354688
1315109750670057472
1315109760471953408
1315109763030671361
1315109763135537152
1315109765610172416
1315109767640223745
1315109774518710273
1315109784375316482
1315109809511858177
1315109814351978497
1315109821855784961
1315109822132609031
1315109828151455744
1315109830953066496
1315109841174700034
