1313690506770239491
1313690515150311424
1313690524109467648
1313690525401182208
1313690562856329217
1313690565578424322
1313690566186676225
1313690566232887296
1313690567130447872
1313690570527698945
1313690570813042690
1313690571773480960
1313690575246303234
1313690583563554817
1313690593009295361
1313690597308403712
1313690600651149312
1313690609215889409
1313690613372481536
1313690616044294144
1313690620947431427
1313690630351060992
1313690630674030592
1313690648654958593
1313690653596020736
1313690654879313920
1313690669085409280
1313690675892776960
1313690676949913600
1313690695664836608
1313690710969909248
1313690714719481856
1313690720750895105
1313690726744514561
1313690750849179648
1313690759632101376
1313690788149301248
1313690790019751938
1313690814741123072
1313690817723158528
1313690820143468545
1313690823809265664
1313690842448629761
1313690880436568072
1313690903735869440
1313690907250757633
1313690918273384448
1313690932848422917
1313690952687517696
1313690960040132608
1313690964255531009
1313690982689505280
1313690995192737793
1313690995138023424
1313691004432650240
1313691010216521728
1313691011034615809
1313691056655855616
1313691058019143682
1313691064671191040
1313691074691440645
1313691086506913792
1313691136976846848
1313691142647541761
1313691148729286658
1313691153250742273
1313691155238846464
1313691161991819264
1313691180950052865
1313691186377510912
1313691189141409794
1313691204714811392
1313691217708843008
1313691229041827841
1313691241545162752
1313691265746309120
1313691275871232000
1313691280212287490
1313691286873026561
1313691316811976704
1313691325439578112
1313691334138494976
1313691340283219968
1313691353180565505
1313691361334362112
1313691363494436864
1313691405395521537
1313691432893415427
1313691438773932032
1313691460609474561
1313691468683341824
1313691480347873281
1313691489839403008
1313691491727020033
1313691539789340673
1313691540041031684
1313691556747055108
1313691558282174464
1313691564330356737
1313691569992593408
1313691572131688448
1313691574853758976
1313691580507680769
1313691581556248581
1313691601852661760
1313691623608459265
1313691632240340992
1313691644500287488
1313691662518947840
1313691674716123136
1313691675416555520
1313691675382874112
1313691682567680000
1313691686174851072
1313691686334279680
1313691692348903429
1313691706500489216
1313691712003342337
1313691723135098880
1313691727916462080
1313691737546604544
1313691740260368384
1313691752474251265
1313691770912374785
1313691774234357760
1313691777845649414
1313691791774740481
1313691816395497472
1313691829749968899
1313691851619262464
1313691872036962304
1313691912629628929
1313691914038906881
1313691916593238017
1313691936868442117
1313691938701312002
1313691943281418242
1313691956074209280
1313691958594994176
1313691961165922305
1313691963938484225
1313691972045946880
1313691998960799744
1313692000168873984
1313692006959525889
1313692016367333377
1313692016899891201
1313692017092820994
1313692021018832899
1313692029818470401
1313692038047490048
1313692038911713283
1313692089864028160
1313692098915373056
1313692109040480257
1313692109514440705
1313692128242020352
1313692130662023170
1313692132344029186
1313692137150504961
1313692143790292993
1313692148043337730
1313692157279186945
1313692176321306626
1313692199360499714
1313692206142640128
1313692214107811842
1313692218297810944
1313692219904348163
1313692229110816769
1313692258177290240
1313692261016764416
1313692262552002560
1313692273851478016
1313692286740500480
1313692287940153344
1313692293581414400
1313692295305154560
1313692299617013760
1313692308337033217
1313692325319643136
1313692332798218241
1313692334245068801
1313692334928924673
1313692350355574784
1313692360895680512
1313692371314339840
1313692376502804481
1313692397700669441
1313692400422916096
1313692439324942336
1313692451522015233
1313692453594107905
1313692453652828160
1313692463501017090
1313692479602987008
1313692493251190785
1313692495390351360
1313692500293419009
1313692505792151552
1313692549840855040
1313692550482612224
1313692556228612096
1313692585773469698
1313692589237907457
1313692593411125248
1313692596997292033
1313692600541442049
1313692606845669377
1313692616966500352
1313692619881373697
1313692629276651520
1313692635748397057
1313692639309463553
1313692651825233921
1313692654010617857
1313692660134182913
1313692661178527745
1313692685199388672
1313692686709338113
1313692690257711104
1313692699581530115
1313692714928463872
1313692718741155840
1313692726408425478
1313692736407699456
1313692737321877504
1313692741105266688
1313692750752239616
1313692760990511104
1313692773044813824
1313692777578807296
1313692777587204098
1313692790912684032
1313692803839320064
1313692827994398720
1313692828019511296
1313692827637944322
1313692834642485248
1313692840183160834
1313692840774504448
1313692861993562114
1313692862677233669
1313692883212554240
1313692883418066944
1313692887054536708
1313692889894080512
1313692890170888193
1313692890254565376
1313692918650150912
1313692921456099328
1313692930020761600
1313692932365402112
1313692932571107328
1313692939617533953
1313692939856478208
1313692964728844288
1313692966104563712
1313692966331052036
1313692980436447232
1313692983812780033
1313692994667638784
1313693006680084480
1313693015630848000
1313693041035796481
1313693050799964161
1313693054394601473
1313693054449053697
1313693086858522629
1313693087965863936
1313693091417784321
1313693097180704769
1313693097193361408
1313693105124769792
1313693116336087040
1313693121784487938
1313693135323770880
1313693143452147712
1313693146979667968
1313693188524322817
1313693192835883009
1313693197546258433
1313693202059268096
1313693217133486080
1313693220728078336
1313693223601074176
1313693225153105927
1313693230324690945
1313693231733972994
1313693239141163008
1313693258309140487
1313693263056891904
1313693300650459137
1313693322754416640
1313693323689971714
1313693326902800385
1313693333303115776
1313693336012812289
1313693339384832000
1313693347337314305
1313693352072638464
1313693354744410113
1313693356476825600
1313693359731544066
1313693384331145216
1313693384851312642
1313693386197610496
1313693386839334912
1313693390140133376
1313693395307696129
1313693397148864512
1313693401271857152
1313693402504941568
1313693406246440966
1313693423942000640
1313693426802593792
1313693431529648129
1313693431663742979
1313693441667330050
1313693447551963136
1313693448810057728
1313693453675421699
1313693457685385216
1313693474563088384
1313693482368860161
1313693498768465926
1313693499645210624
1313693505991000066
1313693520566210560
1313693527633809410
1313693539080048640
1313693558403031040
1313693570973478912
1313693574740021248
1313693576992223232
1313693582461530112
1313693588471992321
1313693588992081920
1313693596797800449
1313693609045233664
1313693619329605638
1313693629181906945
1313693637625049089
1313693640926076928
1313693641760673792
1313693650795208704
1313693658588168192
1313693665341050881
1313693669627699201
1313693683317907456
1313693707447791616
1313693714598912001
1313693722324992000
1313693733586493440
1313693737478889472
1313693753979203584
1313693771410923521
1313693772278972417
1313693775596859393
1313693793799921665
1313693796497084416
1313693809948028928
1313693834098946048
1313693841413660672
1313693858186878977
1313693871759646720
1313693877430218752
1313693880525770752
1313693884166307840
1313693884766134272
1313693893729320961
1313693897449771013
1313693908799418371
1313693912888995842
1313693931993878528
1313693952495632384
1313693952801828867
1313693963057065985
1313693970459881473
1313693976915046400
1313694002013638658
1313694002538000385
1313694005184479238
1313694014697336833
1313694015741734913
1313694035719065601
1313694040718741504
1313694043281399808
1313694044497883141
1313694045068242945
1313694048339853313
1313694052890472448
1313694053108678656
1313694063871160320
1313694076131250183
1313694078597509123
1313694082670170114
1313694082749915138
1313694097882918912
1313694098096709632
1313694112265261056
1313694129151336451
1313694132695523328
1313694143772856322
1313694144074833920
1313694146289434630
1313694148411764736
1313694157345497088
1313694161657188352
1313694166564646913
1313694170691760128
1313694176953868290
1313694178396663809
1313694179042574336
1313694181362024449
1313694190849519616
1313694191583723520
1313694190883069953
1313694199280140289
1313694200219815937
1313694202417602562
1313694202237124609
1313694202484514823
1313694212714631168
1313694220138549248
1313694227969306629
1313694236240310273
1313694244020711426
1313694250392072192
1313694257530769408
1313694265839702017
1313694300727771138
1313694320839454720
1313694321254727685
1313694325117771776
1313694329412685824
1313694354943414272
1313694372802764800
1313694375386533888
1313694379580837893
1313694386786504704
1313694388082540545
1313694388359495681
1313694399960764416
1313694408034844672
1313694412782800896
1313694416234835968
1313694428926816258
1313694449449537539
1313694460488945664
1313694466658766848
1313694467270926336
1313694487517036544
1313694488880205833
1313694500573724672
1313694501848985600
1313694503073710081
1313694504466214919
1313694506257063941
1313694506705973250
1313694513941098498
1313694517401272320
1313694517581750273
1313694534187061248
1313694542428868609
1313694556756598784
1313694561101725697
1313694572091002880
1313694584182984704
1313694584690470913
1313694589048426497
1313694597076398081
1313694599030996992
1313694620157648896
1313694636049752064
1313694643935092738
1313694652030214144
1313694653049266176
1313694663463768064
1313694681461596161
1313694697827827713
1313694698133954560
1313694701787242497
1313694702693048321
1313694706027569152
1313694706350645248
1313694706472087553
1313694710800609280
1313694718388305920
1313694728844701697
1313694735245082625
1313694742182469634
1313694745261031424
1313694746259320832
1313694747760955392
1313694760872349696
1313694779444731904
1313694782296858624
1313694794787557377
1313694801762676737
1313694808842567680
1313694810587516930
1313694816161591297
1313694823631773696
1313694833375019011
1313694841482682369
1313694845806895104
1313694868879753216
1313694871132147714
1313694871379685376
1313694879847976963
1313694879839670272
1313694885908635650
1313694888186257408
1313694891608887296
1313694900442091523
1313694906993516544
1313694933363036167
1313694937557409793
1313694942846316544
1313694947070169090
1313694987176087554
1313695017194541056
1313695018616528897
1313695021594554372
1313695024580755456
1313695049440538625
1313695058860933120
1313695058974056449
1313695068054675458
1313695074929139712
1313695108491956224
1313695127399878656
1313695138221154305
1313695152549122049
1313695152909754368
1313695153207439360
1313695155942170626
1313695156978159618
1313695159163523072
1313695160006520832
1313695163026268162
1313695162632208384
1313695169347158016
1313695174267002880
1313695182060216320
1313695193061752832
1313695200733093889
1313695207905394688
1313695210220773381
1313695214456975362
1313695227631276032
1313695229652860930
1313695235533225987
1313695263966613505
1313695269242826754
1313695278730366976
1313695294500950016
1313695298250735617
1313695304399511552
1313695306022817793
1313695310598811648
1313695311962025985
1313695332077723649
1313695335563235329
1313695353443500032
1313695356228575232
1313695364684357632
1313695368966803457
1313695386939211779
1313695394078109696
1313695436398424064
1313695443851771905
1313695444074205184
1313695446355849221
1313695474117869570
1313695479578783745
1313695481298661377
1313695489993383942
1313695491264319495
1313695499967496193
1313695502324715530
1313695523925364736
1313695532326383616
1313695537112125447
1313695546532671489
1313695549145714688
1313695557173485569
1313695570649849857
1313695586822942720
1313695599754174472
1313695600093794305
1313695607664586758
1313695616468504577
1313695616791277569
1313695632696041472
1313695637980897280
1313695652178808837
1313695667697586177
1313695667278114817
1313695678472876033
1313695680905408516
1313695684537708544
1313695691550740488
1313695725532962817
1313695726807977984
1313695727659282432
1313695729353805824
1313695734672379905
1313695739806130177
1313695770810474499
1313695788019507202
1313695792956239872
1313695796878020608
1313695809783951360
1313695817098641410
1313695817321111552
1313695823327301632
1313695835616542720
1313695837726400512
1313695844386836480
1313695860778205185
1313695863609450496
1313695887097507840
1313695889593073666
1313695906584121344
1313695934685933568
1313695939958247425
1313695940776091649
1313695943003385857
1313695947063357440
1313695948103614465
1313695948351053824
1313695951673061376
1313695961584070657
1313695968005705728
1313695968454471680
1313695970752946176
1313695971180605444
1313695972401328129
1313695980852670465
1313695986313764864
1313695993708281856
1313696003225120773
1313696024012103680
1313696028399407105
1313696035391373314
1313696035638738944
1313696048137695232
1313696068949938182
1313696073853136897
1313696077460062214
1313696100180799488
1313696100843356161
1313696110431662082
1313696131323486213
1313696138130862080
1313696141968470016
1313696153351774208
1313696157722435587
1313696158334713858
1313696161627344898
1313696194565210112
1313696199883591681
1313696204392476672
1313696206019686400
1313696212202258432
1313696212223057920
1313696213464612865
1313696218036367361
1313696247618981888
1313696254027653125
1313696260612915200
1313696266782674947
1313696270758928385
1313696278564331520
1313696284071481345
1313696291386392578
1313696293445758976
1313696301700263936
1313696317344903168
1313696318775201792
1313696334214361088
1313696343374860288
1313696365504073728
1313696367366287360
1313696369249411073
1313696377034084352
1313696400673304576
1313696401524572160
1313696403961638912
1313696404083220483
1313696408214687745
1313696410420875265
1313696410508779522
1313696432558403584
1313696433325969410
1313696440263348225
1313696441714565125
1313696462967123968
1313696467110903808
1313696467555692544
1313696496324349953
1313696497444085760
1313696530864517122
1313696535503228928
1313696548962828293
1313696551173337088
1313696556739031041
1313696560392306688
1313696568596475905
1313696580889763840
1313696597402886145
1313696606777081857
1313696628633554944
1313696671436472320
1313696683780435969
1313696690965184512
1313696702407213057
1313696703950852096
1313696704340787200
1313696720119709698
1313696739992506368
1313696752529141760
1313696756551634944
1313696758459965440
1313696761068883968
1313696788168278017
1313696798779744256
1313696799962656768
1313696823811342337
1313696825170259969
1313696826030256131
1313696841586937856
1313696850256424961
1313696858162835456
1313696860553375749
1313696861937598464
1313696863120486400
1313696863502163969
1313696863623753734
1313696880899964929
1313696883286605825
1313696886650335234
1313696891335585798
1313696898167894016
1313696898881138688
1313696929021263873
1313696930380148736
1313696949741125638
1313696955550310400
1313696958058553344
1313696960092811269
1313696962089234432
1313696966090665985
1313696975615795202
1313696975871782912
1313696976647618560
1313696976706383874
1313696979382198272
1313696982892867584
1313696992669954050
1313697006175494144
1313697011632398337
1313697020608016384
1313697030028623872
1313697048831488006
1313697055374626816
1313697064304353281
1313697075196907521
1313697084265070592
1313697103101800450
1313697105140158464
1313697109523062784
1313697109707816960
1313697114455564288
1313697122424741888
1313697147431251968
1313697152418406401
1313697155698233345
1313697156432236544
1313697168063107072
1313697174212030464
1313697178964160512
1313697191337181184
1313697219468558345
1313697235675213827
1313697247830261761
1313697266616598528
1313697277081460736
1313697285943881728
1313697294911496192
1313697301555101696
1313697301890830337
1313697315190960128
1313697317409550337
1313697332651851777
1313697344295235584
1313697358333407233
1313697364578717697
1313697368949354496
1313697373751656449
1313697383587500033
1313697385504215046
1313697391913119744
1313697419914215424
1313697419507437568
1313697437257793537
1313697444807368704
1313697446128623616
1313697451082162177
1313697470426144768
1313697490689052675
1313697492161032192
1313697507646595073
1313697511245148161
1313697518094553088
1313697532363501569
1313697532929732609
1313697533995233281
1313697537572909056
1313697546682982400
1313697547773386753
1313697551774744576
1313697568291864577
1313697571429208064
1313697574793211904
1313697582871318528
1313697594267312128
1313697603754749952
1313697616643850240
1313697618099200012
1313697618443276289
1313697618808242177
1313697636764061696
1313697648386342914
1313697654514352128
1313697667843870727
1313697668431056897
1313697671761231878
1313697681869606912
1313697682620375041
1313697683530412033
1313697685342486528
1313697687146057728
1313697692485206021
1313697698063806469
1313697718162927616
1313697740862308352
1313697748768755712
1313697755894874112
1313697765688586241
1313697773494042624
1313697782385893376
1313697785288548353
1313697786009804802
1313697789214248960
1313697794713059328
1313697802082451457
1313697810689081345
1313697811427291136
1313697811729317888
1313697811754557440
1313697821762220032
1313697824308031493
1313697831635484672
1313697839529287681
1313697844423995392
1313697847238221825
1313697889395367936
1313697902850605056
1313697916125675520
1313697926527418368
1313697927953412096
1313697928121323520
1313697935994032128
1313697936195244032
1313697939802521603
1313697965752692736
1313697966302138369
1313697967270813700
1313697975529594880
1313697987768455168
1313697990553595905
1313698012082958337
1313698013697773569
1313698015132045312
1313698024552423426
1313698024887971841
1313698040511823872
1313698048279744512
1313698057792352256
1313698062989029376
1313698063203131394
1313698071725764608
1313698077509787649
1313698077849645057
1313698090797367301
1313698104118476800
1313698104395399170
1313698104772718592
1313698112096006145
1313698113241059328
1313698116634390530
1313698133952524290
1313698135231787008
1313698149966381058
1313698178705825792
1313698179573923840
1313698186876207105
1313698198003822592
1313698198075125760
1313698205150871553
1313698209009676289
1313698220707463175
1313698232258633729
1313698242631208961
1313698250180886530
1313698250726150144
1313698260813373440
1313698274608517120
1313698278802944004
1313698283575861250
1313698292971302912
1313698300013412354
1313698300579794946
1313698304530808832
1313698308175601666
1313698319697354752
1313698321098321920
1313698326294994946
1313698339372756992
1313698346784100353
1313698351032995842
1313698358935130113
1313698367025737728
1313698371224457218
1313698384507801601
1313698390388113408
1313698406854848512
1313698424114610176
1313698427071426560
1313698431815172096
1313698436210884613
1313698437284544513
1313698444343730178
1313698445375361024
1313698446533111809
1313698451662594048
1313698468410597376
1313698476547604480
1313698481291366403
1313698491684843520
1313698497279926274
1313698519153287168
1313698528435240960
1313698529123151872
1313698536718958592
1313698556356620289
1313698566926405632
1313698570063675392
1313698572680998912
1313698581921124352
1313698596362031105
1313698602401828864
1313698605090443265
1313698616150761472
1313698620194140161
1313698627177545728
1313698628628774913
1313698629555757057
1313698629534638080
1313698645443784705
1313698646496604165
1313698659314421760
1313698677811294208
1313698682236268545
1313698691111366656
1313698698245877762
1313698700363993095
1313698706898800640
1313698716595953664
1313698718743506945
1313698723671597057
1313698729778728960
1313698737324265472
1313698755074383873
1313698758740246528
1313698763764981760
1313698767577604096
1313698784065527809
1313698795981398018
1313698812339212289
1313698829980454912
1313698834178928640
1313698844081901568
1313698851216224256
1313698863509839872
1313698869406883840
1313698881855803394
1313698889296498689
1313698890236014592
1313698896527290368
1313698897630502913
1313698900113412099
1313698900818063360
1313698914604920832
1313698923194785792
1313698926927720448
1313698930417299461
1313698942660612098
1313698947408564224
1313698952643063808
1313698965112709120
1313698967834824704
1313698972729511937
1313698977636900864
1313699019122716672
1313699027570044929
1313699033999970305
1313699051028639747
1313699051754393601
1313699072952344576
1313699081802391555
1313699093802295297
1313699093999316993
1313699095131774976
1313699106263621634
1313699109392576513
1313699110390845440
1313699111112245249
1313699117978193920
1313699118150152195
1313699128702976001
1313699143546667008
1313699147606896642
1313699149645193218
1313699176270761984
1313699185464504321
1313699186865442816
1313699195958620163
1313699216795922438
1313699218469482496
1313699226690490371
1313699229680902149
1313699238333747201
1313699239420063744
1313699240288215042
1313699252242178048
1313699252409835520
1313699258663677952
1313699268809510923
1313699269627478016
1313699274371166208
1313699290686976001
1313699291408420865
1313699306877210624
1313699310782091269
1313699330050662401
1313699336409280513
1313699344885993478
1313699355795353600
1313699357435330561
1313699370898989057
1313699371335053312
1313699375042961409
1313699379832741888
1313699379975467008
1313699382987042816
1313699383817302017
1313699384563990529
1313699385365000192
1313699387198107648
1313699395976622085
1313699401567625217
1313699415660597249
1313699434384027648
1313699434916536322
1313699438334885888
1313699442630025217
1313699447432413184
1313699449156366337
1313699452239003648
1313699457678995456
1313699459130290177
1313699460145324032
1313699463114956800
1313699466881490944
1313699467535634434
1313699483037900800
1313699493028732928
1313699504516988928
1313699506806910976
1313699507910127617
1313699518232367109
1313699527782666240
1313699529657659392
1313699537685487619
1313699543964360704
1313699552260616192
1313699554496110594
1313699566793887744
1313699594312843264
1313699595965300736
1313699605477982208
1313699627657551873
1313699637124104192
1313699652642971648
1313699655599882240
1313699655612469248
1313699655797014532
1313699663489490945
1313699664227696641
1313699665582452738
1313699668572991489
1313699701485494272
1313699705893855236
1313699707961724929
1313699719873531904
1313699732649373697
1313699735992238086
1313699749267111936
1313699756753838081
1313699764576362497
1313699776395841536
1313699777155141633
1313699789020692483
1313699799254863873
1313699814648041473
1313699815251828736
1313699859187212292
1313699861460549632
1313699865411694593
1313699879353544704
1313699885330444288
1313699895136534528
1313699902908760064
1313699906196893696
1313699924500914176
1313699929957826560
1313699938539372544
1313699939709603840
1313699940493938688
1313699940464422912
1313699942293176322
1313699961511452673
1313699962644029440
1313699963101229056
1313699964934127619
1313699991114842112
1313700008244506624
1313700015953645568
1313700016796598272
1313700016939315201
1313700033049620480
1313700065584709634
1313700071817596928
1313700073029672967
1313700078423429124
1313700080881295361
1313700093535694848
1313700096266186752
1313700104239370241
1313700110250004480
1313700125114425350
1313700133192822784
1313700143418413056
1313700154592108544
1313700155464523776
1313700167032483840
1313700181519392769
1313700199144062976
1313700207662518272
1313700233768046593
1313700237932978181
1313700242265497600
1313700246476611584
1313700257474125825
1313700259839635461
1313700293763366912
1313700296464502790
1313700298234433536
1313700298590834689
1313700301447274497
1313700316009951232
1313700326784954368
1313700327540101120
1313700357269262336
1313700357772505089
1313700377771102208
1313700385077391361
1313700390362382339
1313700402890772481
1313700404102864896
1313700434222223361
1313700436931682307
1313700439901245441
1313700448759668738
1313700454136676352
1313700470272163841
1313700476660064256
1313700483442315264
1313700519630733312
1313700524919750657
1313700525330829312
1313700534256168960
1313700547464105985
1313700550295334913
1313700552790872064
1313700553856364544
1313700554313433090
1313700587276513281
1313700589813993473
1313700594331381762
1313700594343911425
1313700598617960450
1313700598705909760
1313700620768030720
1313700637285244929
1313700638686027777
1313700652376350722
1313700660098093058
1313700669661024256
1313700674987671553
1313700680562081792
1313700680876601352
1313700684387110913
1313700689109950465
1313700691878260736
1313700696265351168
1313700704746340353
1313700707325939712
1313700713676107776
1313700714313547776
1313700718411476992
1313700720806420481
1313700729564135424
1313700734702178304
1313700736987955203
1313700738430767104
1313700746483781633
1313700762036436992
1313700767065309184
1313700783615926273
1313700796601700352
1313700800875565056
1313700806315573248
1313700823239659522
1313700823411625984
1313700830114004994
1313700832173461504
1313700833360449536
1313700836434866176
1313700843003101186
1313700858786451456
1313700872950513665
1313700877094588416
1313700898342830080
1313700902461681665
1313700911148138497
1313700925782056961
1313700926327263232
1313700934434816001
1313700935672246272
1313700944509652993
1313700969042059265
1313700972963667970
1313700989636153344
1313700991007555584
1313700997626093568
1313700997559189504
1313701011685478401
1313701022427238401
1313701023731466243
1313701024402677761
1313701028462833664
1313701035798597633
1313701040944934912
1313701047655829504
1313701068308709377
1313701069558616064
1313701071672561664
1313701073916321792
1313701074231009283
1313701094263054339
1313701103423365120
1313701105176514560
1313701108657934336
1313701125347061760
1313701132624035840
1313701149313126400
1313701163489918977
1313701177918468096
1313701192602656768
1313701195249221632
1313701198243885056
1313701207828037633
1313701207966326786
1313701211472891905
1313701212001374208
1313701219601395714
1313701230716358657
1313701235535605765
1313701253160022016
1313701257530478592
1313701263133995008
1313701271149268994
1313701282054504449
1313701283304484866
1313701284235616256
1313701284999049218
1313701295832797184
1313701304255025152
1313701313348349952
1313701319698534400
1313701333044801537
1313701341076750336
1313701345149497350
1313701347598888960
1313701351046643713
1313701366108491776
1313701366271967233
1313701367064809472
1313701367987404800
1313701375491014656
1313701379152642048
1313701384294981632
1313701389693050881
1313701389693059072
1313701390032662529
1313701405602000896
1313701416834396161
1313701421091631106
1313701422077104128
1313701439273754624
1313701452376731648
1313701465307983872
1313701493304750081
1313701493355229184
1313701512091181057
1313701522128080899
1313701527089864704
1313701534748815360
1313701539081383936
1313701540465606656
1313701551987331072
1313701561843937281
1313701569272131585
1313701570257678336
1313701585411862528
1313701590046572544
1313701593875968000
1313701596706947072
1313701596925243392
1313701599798349827
1313701611265568770
1313701614612439041
1313701623063928833
1313701623625990147
1313701630928355328
1313701635995111425
1313701652663205888
1313701660212948993
1313701672531759104
1313701676516245504
1313701678894518272
1313701682136715264
1313701697441558530
1313701698519494656
1313701702718152704
1313701703909339136
1313701708380348416
1313701711115177984
1313701726789173248
1313701731826642944
1313701740924096512
1313701752068362245
1313701793818275842
1313701823186907136
1313701840773619713
1313701841411158018
1313701846007992320
1313701865314422784
1313701871912013824
1313701875137548288
1313701878123896832
1313701886806155265
1313701888035033088
1313701888022454272
1313701899359715329
1313701905902649344
1313701911359447040
1313701915662917633
1313701924953378816
1313701935095123968
1313701950798454785
1313701953214521345
1313701960038588419
1313701966220939264
1313701967823167489
1313701971715473408
1313701977155604480
1313702000639447040
1313702001826390016
1313702004947120128
1313702013452972033
1313702026212114433
1313702028544098304
1313702037683544064
1313702042964090881
1313702055005941760
1313702056201396225
1313702058403360769
1313702075369426948
1313702079320526849
1313702089583980545
1313702095590100993
1313702104477822976
1313702105543184385
1313702108965683201
1313702109515321345
1313702112602316800
1313702118918811650
1313702145003270145
1313702145372291073
1313702146584371200
1313702168281534465
1313702176586297344
1313702177039282176
1313702178117373957
1313702180105273345
1313702186702917632
1313702194961498112
1313702195506880514
1313702208970526720
1313702213202710533
1313702215023046656
1313702215341600768
1313702216067428359
1313702218399350786
1313702229019222016
1313702231397425152
1313702238569725952
1313702239635214337
1313702240415354881
1313702244294983680
1313702271239237632
1313702273156034561
1313702281657888769
1313702291069964288
1313702297696907265
1313702299076685826
1313702310237794305
1313702310468554754
1313702312100139008
1313702331268165632
1313702344551473156
1313702344824160257
1313702383021510657
1313702390990884868
1313702393662627840
1313702403301048320
1313702408334135296
1313702418769539072
1313702430144593923
1313702431209869312
1313702431537070080
1313702445986570241
1313702467939565568
1313702474256089089
1313702474742550528
1313702479725391872
1313702485962485761
1313702507848192001
1313702512566755328
1313702512797515777
1313702524151422976
1313702532712030208
1313702540274356235
1313702542380093440
1313702548910608385
1313702564018319364
1313702574596521984
1313702612017901568
1313702614438043650
1313702630192021505
1313702635845775361
1313702679634481152
1313702685649113089
1313702695954460672
1313702696281690112
1313702699695632385
1313702700656267266
1313702709623619591
1313702713423732736
1313702717391396864
1313702721757872130
1313702724362473472
1313702729026420737
1313702731589324801
1313702737947824128
1313702740216868865
1313702740321734656
1313702742616166400
1313702745115897857
1313702746160328704
1313702755463168000
1313702756494999552
1313702760341151744
1313702760848732161
1313702780079570945
1313702780520013825
1313702781841215488
1313702800560332800
1313702810375127040
1313702827949260801
1313702846135705601
1313702861856006144
1313702878373015561
1313702884157124609
1313702888447696897
1313702889949282305
1313702906315640832
1313702911667433472
1313702922262392833
1313702930462240768
1313702970580631552
1313702982496776192
1313702986217140224
1313702993431326721
1313702998233677824
1313703002205634560
1313703007587110913
1313703008258068480
1313703015765946368
1313703019528290304
1313703023361785856
1313703036703956992
1313703037517533184
1313703041246298114
1313703048376717312
1313703096199999488
1313703104953548800
1313703115854667776
1313703121999273984
1313703124066996227
1313703124423467008
1313703126394785792
1313703128248844288
1313703137794949120
1313703138642276353
1313703140907073537
1313703167469727744
1313703188470652929
1313703196024401921
1313703203368697856
1313703209089859584
1313703212105560065
1313703226609410048
1313703227049701377
1313703231772594176
1313703232938618880
1313703233794252800
1313703266371407873
1313703271127629824
1313703278656528389
1313703287292678146
1313703292833325057
1313703293563006976
1313703320331091968
1313703325007835136
1313703326459080705
1313703333819936768
1313703342946824199
1313703346188894208
1313703359728234500
1313703359967375361
1313703379688804352
1313703380271788032
1313703392934391808
1313703393723068416
1313703399443972096
1313703400702271489
1313703403105607682
1313703405408280581
1313703431698370560
1313703434185564160
1313703434390994944
1313703438346317824
1313703438601998337
1313703442293174272
1313703445220581376
1313703494260420608
1313703498505056261
1313703504943476737
1313703509280210946
1313703510702206976
1313703513889730560
1313703519124418560
1313703521817030656
1313703528787922945
1313703530755096576
1313703544763998209
1313703552385122304
1313703577609801734
1313703624464191489
1313703625001103360
1313703629736554496
1313703631816982528
1313703643414171648
1313703649865093120
1313703657360195589
1313703661676109827
1313703668890230789
1313703673135075328
1313703679942422528
1313703681175498752
1313703681380896769
1313703690008768512
1313703700062371840
1313703701509541893
1313703711034679297
1313703713094148104
1313703734698889218
1313703756614180872
1313703763543293952
1313703799668781057
1313703802789343232
1313703816978591745
1313703827116371969
1313703830031343616
1313703838445195264
1313703843293589504
1313703850092769280
1313703853817094146
1313703892924985344
1313703893575053314
1313703896095752192
1313703913581801472
1313703920737288192
1313703924428402688
1313703927133679616
1313703931814580224
1313703931781033984
1313703934461124608
1313703955206111232
1313703957001236480
1313703960662937600
1313703968309116928
1313703970003533825
1313703970766954497
1313703987611303936
1313704031391547393
1313704033404686338
1313704064471900161
1313704096168173569
1313704101515993088
1313704101977485318
1313704110961590272
1313704131907862529
1313704139432628225
1313704160731312128
1313704163868659712
1313704164002676736
1313704165005197312
1313704165089009665
1313704168473858054
1313704174215786497
1313704177780973568
1313704204209455104
1313704219371732992
1313704233674440704
1313704235645665280
1313704244449611776
1313704244764119041
1313704245770633216
1313704249713278977
1313704270865330181
1313704274665369600
1313704287294287872
1313704292616822785
1313704294193872896
1313704304566444033
1313704310690246657
1313704315622625280
1313704324757819392
1313704336783020032
1313704338699751425
1313704344370524160
1313704345171570688
1313704347910406145
1313704363202736128
1313704363605454849
1313704365371387904
1313704373323694080
1313704403736514560
1313704415765975040
1313704428176801792
1313704428713762816
1313704434128613376
1313704442743590915
1313704444941332480
1313704471084568576
1313704475383738369
1313704481574580225
1313704491393351680
1313704500360749056
1313704513342263298
1313704529381265410
1313704536037421056
1313704538554204160
1313704539833286657
1313704542400176128
1313704547211075585
1313704549572587522
1313704559987097600
1313704561962606592
1313704567700250624
1313704577330491393
1313704581629538307
1313704614559186944
1313704633899134976
1313704637673996288
1313704641205612544
1313704651452162049
1313704653725601792
1313704656518823936
1313704658339278849
1313704663187746816
1313704663175385088
1313704675355455488
1313704677083676672
1313704684343955456
1313704696872423425
1313704701637009408
1313704702211698688
1313704704749101056
1313704708985552897
1313704769517694979
1313704773653233666
1313704785040814080
1313704790971478016
1313704794171805696
1313704799926317056
1313704805735436288
1313704821191438336
1313704824710496256
1313704828644679681
1313704847330295808
1313704856411136006
1313704864166232067
1313704873184112641
1313704899549556737
1313704925164175361
1313704932906881029
1313704933103984645
1313704933238231048
1313704941161074689
1313704944281690112
1313704954578731008
1313704958852837376
1313704965978968064
1313704969606967297
1313704980336046087
1313704993912844291
1313705006772752384
1313705018080534528
1313705020861239298
1313705051915919360
1313705053929328641
1313705055716073473
1313705058723266566
1313705061088923649
1313705062603030530
1313705063689457664
1313705090998398976
1313705093137682432
1313705099286306817
1313705104512557056
1313705117066178560
1313705120132022277
1313705133251928065
1313705155708293120
1313705156274466816
1313705167146024960
1313705170195292161
1313705185714171906
1313705187551436801
1313705193037426690
1313705200251699205
1313705214902439936
1313705216378843136
1313705225103060997
1313705225971146755
1313705249895456768
1313705250524557313
1313705276042813440
1313705283496095745
1313705285098373120
1313705307479048192
1313705310410993664
1313705315364462592
1313705326261141505
1313705332514775041
1313705335123783681
1313705347807408128
1313705357764689921
1313705364085407744
1313705369718452224
1313705371526221825
1313705385874907136
1313705391155343361
1313705397950140416
1313705399254745088
1313705402979291136
1313705430514884608
1313705436034465794
1313705445547216902
1313705446386135045
1313705452920696834
1313705455743508480
1313705461116526593
1313705473686687745
1313705525515743232
1313705527105458176
1313705554188144641
1313705558550228997
1313705562115174400
1313705565843943425
1313705586261778433
