1239101252631494656
1239101252870365185
1239101253189349376
1239101265508012037
1239101269849059329
1239101273993089024
1239101286567444481
1239101307345965056
1239101324429414401
1239101332373594112
1239101341013696514
1239101353386860544
1239101362086064128
1239101387448991751
1239101391194464256
1239101395346821124
1239101412489023489
1239101424593666050
1239101454234853376
1239101451454091264
1239101462518435841
1239101466553364480
1239101470684770305
1239101471372636160
1239101483754250240
1239101487680303110
1239101491882967040
1239101495724793856
1239101496324575233
1239101513315889152
1239101516914388992
1239101525563080704
1239101537890242561
1239101537869271040
1239101541845479424
1239101554961068032
1239101572187029504
1239101588205178880
1239101588498571264
1239101605359824896
1239101609738567680
1239101638914256896
1239101642961608704
1239101651010621441
1239101659730624512
1239101668278415360
1239101668517502979
1239101668588994560
1239101676495220737
1239101684632162304
1239101688989900800
1239101701644259332
1239101706228686854
1239101723165085696
1239101726659092480
1239101735206961153
1239101747764830209
1239101750033989632
1239101755708846080
1239101773366702080
1239101781180706816
1239101798327123969
1239101802076753920
1239101806141210624
1239101810973052928
1239101815414763520
1239101823299899392
1239101823446736903
1239101836239310848
1239101840005820416
1239101844502106115
1239101852567900164
1239101852584566786
1239101852429553664
1239101856510550017
1239101856758063104
1239101873879166976
1239101898512187393
1239101911091068928
1239101911460167680
1239101915348324353
1239101919504760835
1239101924152090624
1239101932297490432
1239101932540588033
1239101940887244802
1239101944955678720
1239101948864811008
1239101953172475904
1239101961531768832
1239101978661326849
1239102024664461312
1239102045308755968
1239102054242508800
1239102091886579717
1239102100463742978
1239102108881883137
1239102121364066305
1239102125013118976
1239102150472617984
1239102150829117440
1239102150921216000
1239102154872365057
1239102154893414400
1239102158555025408
1239102179551645696
1239102179652374528
1239102183418798080
1239102184026812416
1239102188045176832
1239102205212241920
1239102213667971074
1239102221570244613
1239102221284933632
1239102238959620096
1239102251362185218
1239102263592996864
1239102276410753024
1239102288586735616
1239102309591736320
1239102343611740160
1239102360548499456
1239102364805738496
1239102372871155713
1239102380718858246
1239102389438820352
1239102389535334402
1239102389841309696
1239102398435655682
1239102410410184704
1239102423177654272
1239102427200012288
1239102431142780933
1239102431612375040
1239102435601375233
1239102452122759168
1239102456673579008
1239102456891490305
1239102469080264705
1239102477569536001
1239102489871482880
1239102515360067584
1239102527968329729
1239102545089314816
1239102549350928384
1239102557089189889
1239102557311516672
1239102565578489856
1239102565368754176
1239102570301284352
1239102574680211457
1239102586709594113
1239102587367903232
1239102594674569217
1239102598927527936
1239102603390111744
1239102603398483968
1239102603440656384
1239102615960477696
1239102616392454144
1239102628115685377
1239102637125091330
1239102666317262849
1239107074883231744
1239107078347579392
1239107091454967809
1239107095401623552
1239107137529204738
1239107141379768322
1239107141744513024
1239107142029885442
1239107149122297856
1239107154084114432
1239107154143072256
1239107162653196289
1239107166776295424
1239107167132610561
1239107200749932545
1239107208664711168
1239107208983568384
1239107213068627968
1239107238385442816
1239107250997821440
1239107251081805824
1239107263370899457
1239107267300962305
1239107284376203264
1239107288121696256
1239107305389645824
1239107309604749315
1239107330559471617
1239107334363897856
1239107343226482688
1239107372288806912
1239107414181453825
1239107418677596160
1239107427124965377
1239107439607402496
1239107443969458176
1239107447840575489
1239107451825389569
1239107460775817216
1239107477733433344
1239107481051131904
1239107485501399042
1239107494041042944
1239107494326046720
1239107502253305859
1239107506779103232
1239107510654521345
1239107519022157825
1239107523400962048
1239107532049661953
1239107535967268864
1239107540031606784
1239107548478935041
1239107560948609024
1239107565243547648
1239107568137416704
1239107573552472064
1239107573950951424
1239107599200550914
1239107599099768834
1239107603654991874
1239107615470354432
1239107653332168706
1239107666112372736
1239107682918748160
1239107695866564608
1239107704226021377
1239107707723902976
1239107711821889538
1239107720827023360
1239107740989087744
1239107745418113027
1239107745963323392
1239107750447034371
1239107754624577536
1239107754612097024
1239107758110265344
1239107779652182022
1239107779790544896
1239107783636615169
1239107791614246914
1239107804570378242
1239107821028990977
1239107829736157184
1239107833293135874
1239107846509228032
1239107850720305154
1239107863383072768
1239107875445846016
1239107879837134848
1239107883796742144
1239107892252467206
1239107892315181056
1239107896711004160
1239107904688529408
1239107905225469952
1239107905435193344
1239107921746759685
1239107921667133440
1239107921935568898
1239107934124113920
1239107934916771841
1239107938683248640
1239107951215984640
1239107955670335488
1239107958912368641
1239107968198721536
1239107976243396609
1239107976587288576
1239107976549609475
1239107984967585794
1239107988725481473
1239108022166683648
1239108026692329472
1239108031067099137
1239108043586953217
1239108127175278592
1239108127712325632
1239108136193019908
1239108140169342976
1239108148004151296
1239108148486692870
1239108152592756736
1239108161199640577
1239108169458057217
1239108169730650112
1239108173321187328
1239108186575179776
1239108198432493569
1239108198784618496
1239108202546913280
1239108236478988289
1239108236659150848
1239108240278827008
1239108240585232385
1239108240564260864
1239108252975034368
1239108257798471680
1239108269714452482
1239108269840441344
1239108269886464000
1239108273946513414
1239108278124232706
1239108286441336832
1239108299078975488
1239108303419871232
1239108316292435968
1239108341198016512
1239108345291853824
1239108349779759104
1239108354024378368
1239108358113841152
1239108358239485954
1239108358214483969
1239108358256431105
1239108374446268416
1239108387083825152
1239108404049670144
1239108412660736001
1239108421040906240
1239108429592932354
1239108445879406592
1239108449935536129
1239108454557474817
1239108471481446400
1239108475231383554
1239108475210235904
1239108484190404608
1239108488082731010
1239108491979169792
1239108491954081795
1239108496131420160
1239108496458727424
1239108504696295424
1239112839672909824
1239112840314839041
1239112845893214208
1239112854588002305
1239112883809792000
1239112884052951040
1239112891720220674
1239112891929935873
1239112900289200129
1239112904395243522
1239112917292908545
1239112921122082816
1239112921545875456
1239112946283921409
1239112959298883584
1239112967720816640
1239112975593676800
1239112992362385408
1239113001027993600
1239113018346295296
1239113021886042113
1239113022066458624
1239113030639579137
1239113034599206912
1239113060041850880
1239113068136869888
1239113080753098752
1239113109878591490
1239113110318764032
1239113110427799558
1239113118699192321
1239113131344814081
1239113139788173312
1239113143562862594
1239113181303394304
1239113181307363329
1239113202270699521
1239113202799173632
1239113206511140866
1239113206515126275
1239113214845243392
1239113219186274304
1239113223749722114
1239113227889410049
1239113231672598529
1239113231794204672
1239113235896233984
1239113256545013760
1239113265386577920
1239113286395801600
1239113290585968640
1239113294537019392
1239113332285526016
1239113332822437888
1239113340665974784
1239113345191550977
1239113349008437249
1239113357652713472
1239113357774540801
1239113370743128064
1239113378511142913
1239113383170932736
1239113391035363329
1239113395128975360
1239113397905633286
1239113399767896064
1239113399658823681
1239113403513409536
1239113403702091776
1239113407975964672
1239113416444268544
1239113416536518658
1239113428645470209
1239113432839917569
1239113433066307593
1239113432965627904
1239113437181087745
1239113445527687168
1239113458055933952
1239113475290476544
1239113483305639936
1239113487390879744
1239113487235891201
1239113496383668226
1239113504382013440
1239113504541605888
1239113504835149824
1239113504881119232
1239113542550392833
1239113546459426816
1239113550339043328
1239113571482533888
1239113613186666496
1239113622179262465
1239113622112088065
1239113634208534533
1239113634678296576
1239113647378632706
1239113650922815488
1239113668249280513
1239113680643592193
1239113684728696832
1239113693536768000
1239113697726881793
1239113701581565957
1239113734876024832
1239113735601410049
1239113739200114690
1239113748046065664
1239113752374661120
1239113755784548352
1239113756036050944
1239113768862392320
1239113772737888256
1239113777079029762
1239113777599197184
1239113780941987843
1239113781013168129
1239113789804429312
1239113801989066752
1239113802114666499
1239113802282668033
1239113806724423680
1239113810562011137
1239113815033176065
1239113814949281792
1239113823673450496
1239113840085872640
1239113840345985028
1239113848663097344
1239113852958183424
1239113869303238657
1239113894397743104
1239113902954168320
1239113903142920192
1239113948927934465
1239113961473069061
1239113966254727168
1239113966204444673
1239113974349582336
1239114011834277888
1239114020713631744
1239114036878417920
1239114062006386689
1239114074941575168
1239114091895103489
1239114091849035779
