1234510793036587009
1234510794001387521
1234510793741414402
1234510805166514176
1234510819146158080
1234510830160371712
1234510830869368832
1234510831469113344
1234510869255589893
1234510884984283136
1234510906798870529
1234510914512179200
1234510927715880960
1234510930966450176
1234510945109651456
1234510952139296773
1234510953288388608
1234510960406269957
1234510964294397955
1234510973815230464
1234510981956612100
1234510998603591680
1234511001980145664
1234511003015999489
1234511015045410816
1234511027515133953
1234511027838083077
1234511025921298433
1234511036776091649
1234511048780107777
1234511050088697858
1234511057265287171
1234511062474612736
1234511094787407872
1234511112210649100
1234511120452317185
1234511125414281218
1234511128694124545
1234511136587943936
1234511137569431553
1234511162747899906
1234511178245632000
1234511183039909891
1234511183161561092
1234511183454932992
1234511190820257793
1234511191134765056
1234511195517915136
1234511196805402626
1234511209103331328
1234511212198625280
1234511226140413955
1234511229118320640
1234511233413472257
1234511237150466048
1234511238572511243
1234511249527930885
1234511253957201920
1234511279026528256
1234511284952940544
1234511292758724608
1234511296550191105
1234511320793452552
1234511322408267778
1234511397536620549
1234511405367185409
1234511405765709824
1234511413584056321
1234511413944750080
1234511417371512832
1234511429937528839
1234511439680999429
1234511452502884352
1234511456466391041
1234511460056928257
1234511460262457344
1234511464762880000
1234511468080570368
1234511477383450624
1234511480634167296
1234511481644908545
1234511490012499970
1234511519066546177
1234511519498436608
1234511534942031874
1234511535093035014
1234511556165210114
1234511560602636288
1234511564885110790
1234511565635948544
1234511568135688192
1234511568836186115
1234511568932687873
1234511569318375424
1234511573730807814
1234511577992187906
1234511588893261831
1234511594249424896
1234511607444709379
1234511610338848769
1234511611576102914
1234511623852711941
1234511623865470976
1234511635458359296
1234511636116848640
1234511644740530178
1234511673639264256
1234511686867935232
1234511699656552450
1234511708242284544
1234511715540357121
1234511716580458497
1234511720590139394
1234511728525893637
1234511742312603649
1234511744573329414
1234511752978685956
1234511753280655360
1234511762520707072
1234511775695081472
1234511778928844800
1234511786650611712
1234511787548082178
1234511791272669185
1234511804346380288
1234511804509745152
1234511808683102208
1234511817042382856
1234511828404797441
1234511838014005249
1234511841079914496
1234511849376247809
1234511849317634048
1234511866212184064
1234511866875043841
1234511874592473089
1234511879172755461
1234511909229146113
1234511934352834560
1234511934520807424
1234511951528693761
1234511958583328768
1234511959862714373
1234511972495974407
1234511988136579072
1234512001314934786
1234512009489604609
1234512014095060998
1234512018356367360
1234512030393978880
1234512031329292288
1234512034328383488
1234512043010592769
1234512051457818624
1234512063902425090
1234512064724504578
1234516303983108096
1234516304997994509
1234516316385665024
1234516350724386816
1234516354222346249
1234516354323111938
1234516384991846400
1234516409398394881
1234516409612324865
1234516410237411331
1234516413781544961
1234516451287076865
1234516459033784320
1234516463362412544
1234516464687730689
1234516471860076545
1234516471927263233
1234516475911663617
1234516480412311553
1234516492613378054
1234516493959913477
1234516497566851073
1234516497730560001
1234516498078748674
1234516509646520321
1234516513358598145
1234516518798536704
1234516522699120640
1234516530936848386
1234516548557078529
1234516559923761153
1234516560485797891
1234516565082677248
1234516567817363457
1234516568689627136
1234516589866897410
1234516593570390016
1234516602046992386
1234516602248421378
1234516602898538497
1234516609986973698
1234516610930683907
1234516614306942978
1234516618824179712
1234516627481194496
1234516627531730946
1234516631046352896
1234516639456153600
1234516648318656513
1234516664789741569
1234516670472957954
1234516682455969792
1234516682569375745
1234516689724809222
1234516719026233345
1234516719466532867
1234516727389708295
1234516741478219776
1234516745823621120
1234516748214394880
1234516748931518467
1234516774831435778
1234516786873274368
1234516791235350529
1234516792288186368
1234516811351298051
1234516818913611778
1234516828417773572
1234516836647133185
1234516854149828611
1234516861573881856
1234516867328487428
1234516867534008321
1234516875075375107
1234516878552334342
1234516883753226241
1234516888660561925
1234516891261112326
1234516895337975808
1234516907740536834
1234516907878862848
1234516921027985408
1234516924941381632
1234516937134268416
1234516942418919424
1234516958290350080
1234516963898032129
1234516972815077376
1234516974895616006
1234516976824979456
1234516980419514368
1234516997188308992
1234517008139608066
1234517010303930368
1234517026300932102
1234517030901993474
1234517051089117185
1234517054746767365
1234517059435978752
1234517060056690688
1234517067962998785
1234517072778006529
1234517096631062528
1234517131338899456
1234517143800041472
1234517152943788032
1234517159344250886
1234517168269774848
1234517173055315968
1234517176637370369
1234517180944932866
1234517202876928000
1234517206613934081
1234517215409426432
1234517232530722817
1234517234938253313
1234517239774240769
1234517245021294592
1234517247491657729
1234517247705714688
1234517252667428866
1234517252981936128
1234517252973592576
1234517257331625985
1234517260171128833
1234517264134737921
1234517264155762689
1234517264436645889
1234517273139793920
1234517311165534208
1234517316324425729
1234517319512031232
1234517319621046272
1234517323337175040
1234517332065705984
1234517337178550273
1234517339980410880
1234517341309935622
1234517348264161280
1234517348310106113
1234517369600561159
1234517415758880772
1234517419974184962
1234517432636727296
1234517433345544192
1234517436604436484
1234517445127417856
1234517465687658496
1234517479331966977
1234517483270348801
1234517491768025090
1234517500265668609
1234517503511973894
1234517507781820417
1234517512437542913
1234517523778998274
1234517526048055296
1234517541663453186
1234517545345933312
1234517566493798408
1234517570914373632
1234517583342206976
1234517591294607363
1234521873792155648
1234521882554195975
1234521888098930694
1234521894688317440
1234521899515940864
1234521917341589504
1234521925302595584
1234521953496522752
1234521957686603776
1234521967757266946
1234521974774300672
1234521978587033600
1234521978905726976
1234521979866296320
1234521979799195649
1234521992201670661
1234521996094066688
1234522005178912768
1234522013542309888
1234522020609773569
1234522020999811073
1234522021641510913
1234522038318108672
1234522046480158727
1234522047226662915
1234522050137509891
1234522050728996864
1234522051001581568
1234522059406893056
1234522079480950786
1234522093116706817
1234522101517668352
1234522101152976897
1234522121168048131
1234522126733975552
1234522129565044739
1234522139723739138
1234522143745966080
1234522164688191489
1234522185483481088
1234522192961994755
1234522197596737542
1234522201883324418
1234522209269559302
1234522209412157440
1234522239812325377
1234522280732090369
1234522289095483392
1234522289175224322
1234522289485553664
1234522290370600960
1234522303255515137
1234522315083436032
1234522339527790592
1234522341188624384
1234522347585048576
1234522352446300167
1234522357160525824
1234522361300430848
1234522369332580352
1234522373736599552
1234522419911483392
1234522424755965960
1234522425364082688
1234522428157632520
1234522431206969345
1234522433240961024
1234522440102903808
1234522440816058368
1234522463440187397
1234522469899304960
1234522474429194240
1234522482327146496
1234522487255420928
1234522507799076866
1234522512358330368
1234522524677001218
1234522532281188354
1234522533099134976
1234522562664681474
1234522570243788811
1234522591580315649
1234522596789702656
1234522604620304393
1234522604284694528
1234522595766259712
1234522608411893761
1234522629941407746
1234522710102986754
1234522713127104516
1234522713982562304
1234522721712852993
1234522722002096129
1234522722136477697
1234522730835382273
1234522760577052672
1234522763823591424
1234522764175765504
1234522768009580551
1234522771926896640
1234522776872026112
1234522779854262273
1234522784815992846
1234522796753113089
1234522802079719424
1234522810699124736
1234522813161189378
1234522835919527936
1234522838406770690
1234522840105271297
1234522843179888641
1234522852604469249
1234522876289650689
1234522885902913538
1234522893289082884
1234522894744637440
1234522898624368640
1234522905721090050
1234522911307812864
1234522914684362753
1234522914734641152
1234522922389327874
1234522927661404163
1234522952974159872
1234522957361360897
1234522960901398528
1234522982220996615
1234522985891061762
1234522986281127937
1234522986436165632
1234522994271084544
1234523007244210176
1234523018828951555
1234523019256614913
1234523019139330049
1234523031797522432
1234523031873245184
1234523045588619266
1234523049061339141
1234523056997097472
1234523065289203720
1234523086390644739
1234523103604170753
1234523103859920899
1234523115293679617
1234523144964182017
1234509650789359616
1234509082993799168
