1244504841566576640
1244504845907877889
1244504845987561473
1244504846041899008
1244504855072378882
1244504868196237312
1244504871363121153
1244504879906697217
1244504904602804229
1244504909027971072
1244504913411026946
1244504925444247552
1244504926123954178
1244504929969901568
1244504997536071685
1244504997884092423
1244505005307990017
1244505005891059713
1244505005920526336
1244505006088183808
1244505006285434882
1244505022013964294
1244505022785679361
1244505030922776582
1244505031015088135
1244505034718576640
1244505035024863232
1244505059808776192
1244505072739979264
1244505080927096835
1244505097767391233
1244505097918390273
1244505102020296704
1244505106109870080
1244505114339086337
1244505127052103681
1244505119141453824
1244505122106773504
1244505122622689281
1244505156567384064
1244505182165065728
1244505185910542336
1244505198816456704
1244505211244179456
1244505214876614658
1244505215069491201
1244505223391035394
1244505227979411459
1244505236523249664
1244505240310710272
1244505252801511424
1244505253346770944
1244505257348128769
1244505257180356608
1244505270295789571
1244505274020323329
1244505278063816704
1244505294710996994
1244505299375067136
1244505307650224129
1244505328105947136
1244505328277848065
1244505328470896640
1244505332849807362
1244505353493999616
1244505358019604481
1244505365716389890
1244505365976252416
1244505366299168768
1244505370057302016
1244505370493517825
1244505378555125761
1244505382795403265
1244505386897604608
1244505387182641152
1244505399748734980
1244505403578134529
1244505404408836097
1244505450550374401
1244505483739725825
1244505483978792962
1244505492174635008
1244505500231688192
1244505500479131648
1244505517382230017
1244505533551464448
1244505545857544192
1244505547145011200
1244505584235245568
1244505592779210752
1244505614086295559
1244505630670381057
1244505634852274179
1244505638941720579
1244505643395854337
1244505650937249793
1244505655194669056
1244505659552432128
1244505677005041664
1244505688849735680
1244505689491374080
1244505697871491072
1244505702296514560
1244505710181769216
1244505718390128640
1244505734932389888
1244505739109912576
1244505739575488512
1244505743631347712
1244505743673483264
1244505747674632192
1244505769044828160
1244505772651773952
1244505773201375233
1244505785343893506
1244505793740722179
1244505794143375361
1244505819200266240
1244505823272828929
1244505831498027014
1244505840352034816
1244505840725434368
1244505844332613632
1244505848933756929
1244505861386452993
1244505865165520897
1244505873499557888
1244505873499602945
1244505877622611969
1244505890385846275
1244505907037261825
1244505907276525569
1244505907477786625
1244505911172853761
1244505915878977536
1244505919666286592
1244505919985037312
1244505923885785088
1244505941044756480
1244505957712809985
1244505995004575744
1244505995541438464
1244506000054517760
1244506008304508928
1244506033441177600
1244506045541756928
1244506058149654528
1244506058422444038
1244506074859872257
1244506075333824513
1244506095873167360
1244506103687176193
1244506104077225986
1244506112357011458
1244506116626747392
1244506120930185217
1244506121035034625
1244506125581471745
1244506133823401986
1244506138038558720
1244506150759997440
1244506154387902465
1244506167319171072
1244506167390244864
1244506171874201600
1244506188185665537
1244506188533780480
1244506188651397120
1244506201150218241
1244506217629642752
1244506238492315648
1244506242405380097
1244506272256479232
1244506280158474241
1244506280485625856
1244506280573591552
1244510596659318786
1244510609233903616
1244510616926158848
1244510621594308608
1244510621883871233
1244510626090823680
1244510655417176064
1244510676686692353
1244510688925679618
1244510692679593984
1244510693036081155
1244510693170143232
1244510701663780864
1244510705635786755
1244510710497005574
1244510710438060032
1244510713642496002
1244510713638539265
1244510714200559617
1244510718486953984
1244510730679812100
1244510734941290496
1244510755493273600
1244510768097304576
1244510768298520576
1244510768436883456
1244510772329406465
1244510777144299522
1244510781221285888
1244510789597376512
1244510823243870208
1244510869880483841
1244510873722294272
1244510877124042752
1244510907268362246
1244510919926915072
1244510927606538240
1244510916760104962
1244510940785147904
1244510945080225792
1244510948804694016
1244510953065967616
1244510978693378048
1244510986880442373
1244510991053807617
1244511008103645184
1244511028769144839
1244511037270847489
1244511041423388677
1244511057525145600
1244511062579437568
1244511070917541888
1244511070670082048
1244511074210263045
1244511079327125504
1244511082905026561
1244511083076784129
1244511086780481537
1244511091599818752
1244511095676637185
1244511095924183042
1244511099640090624
1244511108200792064
1244511112332263426
1244511116161515525
1244511116820004865
1244511121228226562
1244511137384878080
1244511141474131969
1244511145500856320
1244511162886217728
1244511162970132480
1244511162991075328
1244511179113930752
1244511179910844416
1244511195987509249
1244511196482600960
1244511204577398785
1244511208411103233
1244511217256771584
1244511230070571008
1244511230053801984
1244511250811412481
1244511259694739456
1244511267382898688
1244511271807934468
1244511280515424257
1244511280733597696
1244511288635490306
1244511296869011456
1244511297342865409
1244511297292640264
1244511300807528448
1244511309351153666
1244511326128537601
1244511339076337665
1244511343312543744
1244511376212520960
1244511385003773953
1244511388678193152
1244511397913882625
1244511405769777153
1244511426883899393
1244511434886860807
1244511444059774977
1244511448166019074
1244511448270688258
1244511456378253313
1244511456827256833
1244511502217904129
1244511506730893315
1244511506101751808
1244511507087532032
1244511527425716225
1244511536267186176
1244511557016588289
1244511569834278913
1244511590923276288
1244511594601742337
1244511603309064192
1244511607033679874
1244511607058808832
1244511615703269383
1244511623785656320
1244511628164567040
1244511636716761090
1244511640877400066
1244511644836757504
1244511653216940033
1244511657373528066
1244511691079065605
1244511695143387138
1244511725057179649
1244511728513290242
1244511741494484992
1244511741683175424
1244511746242445312
1244511746276155392
1244511749770018816
1244511750394953728
1244511770422562816
1244511774851895296
1244511775443152896
1244511778979172353
1244511791683526656
1244511792161849344
1244511792174436353
1244511796628803586
1244511813170917377
1244511829084299264
1244511842187325443
1244511845442035712
1244511846259965952
1244511863875858434
1244511867906617344
1244511884189016065
1244511905051553792
1244511930020065287
1244511938714824704
1244511967815110656
1244511967861248000
1244511980997746688
1244511989130342400
1244511993857359873
1244512009548451840
1244512009715978241
1244516267505201155
1244516271607160832
1244516275277025281
1244516275616808960
1244516279798693889
1244516280213872642
1244516283833561088
1244516300787011584
1244516304821735426
1244516309141827585
1244516309078925313
1244516316905721856
1244516317887168512
1244516322429591553
1244516338845937665
1244516346903302147
1244516355048693761
1244516359658016768
1244516388531613696
1244516388527538176
1244516401261342720
1244516401609670656
1244516402037284864
1244516430554345472
1244516430554505218
1244516443363790851
1244516443280101377
1244516455959293953
1244516455913144320
1244516459897913345
1244516460095037440
1244516481116729344
1244516484782665728
1244516493313925120
1244516510007205888
1244516514595835904
1244516518412472321
1244516518500552706
1244516518244868101
1244516523055566849
1244516523315613696
1244516539824394240
1244516539862138881
1244516552625360896
1244516552868798465
1244516569780281345
1244516581431898113
1244516585966051330
1244516594312556546
1244516611438129152
1244516632225107970
1244516648612253696
1244516656946307073
1244516674021146624
1244516686990061570
1244516698822066176
1244516699208142851
1244516703129624577
1244516707567169539
1244516707898503168
1244516695764541440
1244516732548472832
1244516732699422720
1244516732821057536
1244516740991799296
1244516745676644353
1244516749266972672
1244516749757886465
1244516757550690304
1244516782724927488
1244516808088043520
1244516808155115520
1244516833199357952
1244516841562624001
1244516841734541312
1244516854028103680
1244516858704719872
1244516859111788545
1244516883656826882
1244516888031289344
1244516900538691584
1244516900853428226
1244516904301101057
1244516904573612032
1244516912937095170
1244516913377497089
1244516921493643270
1244516921715949570
1244516938472136704
1244516946705514496
1244516959863164930
1244516959833767942
1244516963235311616
1244516968071409667
1244516976334123019
1244516992809345025
1244517001197809664
1244517009834094593
1244517014216966145
1244517042167971840
1244517051848425478
1244517055421919233
1244517055467933696
1244517060345921537
1244517072140451840
1244517085096673281
1244517089538445312
1244517093917069312
1244517097222201345
1244517114825842689
1244517118361645056
1244517122656485376
1244517126817316864
1244517131556978690
1244517131837779970
1244517134975135744
1244517135050838017
1244517177119686656
1244517176452747264
1244517185873219584
1244517202256113664
1244517203124289536
1244517206580494338
1244517210665566208
1244517214897618944
1244517223948931074
1244517240218759168
1244517244253515777
1244517244459089926
1244517252570857473
1244517252873039872
1244517257159626752
1244517307361026048
1244517311056207875
1244517324327022593
1244517353104293888
1244517374704988160
1244517374667165697
1244517382489546759
1244517390974672896
1244517407852359680
1244517420242481152
1244517425070170112
1244517428790353921
1244517428933033985
1244517433148203008
1244517433265852416
1244517441427906560
1244517445433348097
1244517458452475905
1244517479579181059
1244517512475279360
1244517512764628993
1244517521010483200
1244517529856311296
1244517533706788867
1244517537561231362
1244517542191722497
1244517547036176386
1244517571174387714
1244517575519862784
1244517604904947712
1244517605261619201
1244517622328242176
1244517626270773248
1244517630100131840
1244517634131066881
1244517650924851202
1244517672110284800
1244517685276422144
1244517688661114880
1244517693404745728
1244517697099976704
1244517701869060096
