1243357074513227776
1243357074777444352
1243357078464290816
1243357091416268801
1243357091646951424
1243357091739262977
1243357095447027712
1243357103843995651
1243357116863115267
1243357116938645504
1243357120700887041
1243357125029445632
1243357125004259328
1243357125251756032
1243357154804817920
1243357158294470659
1243357183724507137
1243357184131362817
1243357204964454402
1243357208860999680
1243357209032929282
1243357216935047168
1243357230096740357
1243357238363713536
1243357246383247363
1243357259100327936
1243357267602227202
1243357280533282816
1243357292612866049
1243357293254606848
1243357309452972032
1243357309603995651
1243357313567608832
1243357318047137792
1243357318105796608
1243357351496671234
1243357355850383360
1243357380806496259
1243357406060371970
1243357414205751296
1243357414381903874
1243357427036110849
1243357431129714688
1243357439618977796
1243357447617572865
1243357456433999872
1243357460594753536
1243357468744245248
1243357469096546305
1243357473102114816
1243357485626318848
1243357506463625216
1243357519017160705
1243357519595982849
1243357548998057984
1243357553062334465
1243357561580974082
1243357573786382337
1243357574042247168
1243357586759413760
1243357616123703298
1243357619655327745
1243357624105488384
1243357628555595777
1243357636411547649
1243357649338380288
1243357649229328385
1243357666035912704
1243357682892865538
1243357695647727616
1243357695991676929
1243357699309359104
1243361986252922881
1243362007488688128
1243362040971800585
1243362041219276800
1243362053496004608
1243362057795190784
1243362070315192321
1243362078284374016
1243362082789048322
1243362086509350914
1243362090733076480
1243362090728837122
1243362091026636803
1243362095380520960
1243362095577444354
1243362099608178688
1243362107522859009
1243362108055539714
1243362111822036992
1243362112132374529
1243362116163096576
1243362124870479876
1243362133099728896
1243362149776293889
1243362149935661057
1243362158143868930
1243362158458494978
1243362174728204288
1243362183351685121
1243362191526342656
1243362195766833152
1243362200099500038
1243362200258895872
1243362212900556801
1243362225110142978
1243362229224783873
1243362241774149638
1243362242235531264
1243362250397634566
1243362254709350401
1243362288137990144
1243362288133795842
1243362288091856896
1243362300523728897
1243362309122084866
1243362313274441728
1243362317401608194
1243362325609844736
1243362334724087808
1243362350960279552
1243362359705403392
1243362363820011521
1243362368291131392
1243362376780414978
1243362384518860800
1243362397332451328
1243362408858443776
1243362414386499585
1243362439288127488
1243362443327225856
1243362443692146694
1243362447857029121
1243362451405434880
1243362451938144257
1243362455620734976
1243362455943647233
1243362460267982849
1243362468795002880
1243362510566129665
1243362519277682688
1243362535564169216
1243362544086962178
1243362548243517440
1243362565582807042
1243362569387036672
1243362569005350912
1243362573736480769
1243362577498824707
1243362585832878080
1243362589645533184
1243362602979221505
1243362615071367169
1243362623891968000
1243362632293158912
1243362678401163266
1243362686919798784
1243362690652766208
1243362694838644739
1243362695170015234
1243362699020361729
1243362699435622400
1243362703663489024
1243362745329700865
1243362749972770825
1243362753395351553
1243362753638567936
1243362766498324480
1243362774694019072
1243362787264512000
1243362787503386624
1243362812438540288
1243362812425949185
1243362841823825920
1243362854452858880
1243362866884829184
1243362875122397184
1243362883494264834
1243362883502608384
1243362896282677248
1243362900598640646
1243362903714967554
1243362917656825856
1243362938297057281
1243362946626883584
1243362946912112640
1243362955535642625
1243362963316072448
1243362975852802049
1243362988427341824
1243362996958593024
1243363035139526658
1243363039035805696
1243363043586609152
1243363047583842305
1243363051249618944
1243363059898314752
1243363085609385985
1243363089442979840
1243363093435936772
1243363101677776896
1243363110053769217
1243363118429827072
1243363127221092352
1243363139954954240
1243363147886419968
1243363147987054595
1243363152361734145
1243363156484698112
1243363173115166722
1243363172850925569
1243363186234888194
1243363189963632640
1243363189993029635
1243363193948270593
1243363214932332545
1243363219462213632
1243363231663415296
1243363240303669248
1243363240286937090
1243363248813928448
1243363265494667266
1243363282062200832
1243363286340358144
1243363286503972866
1243363294628347904
1243363294741577729
1243363303629324293
1243363311560749056
1243363316161859585
1243363328975458305
1243363332167331841
1243363345006125056
1243363361611366403
1243363370410979332
1243363378556334080
1243363387154690050
1243363399360073728
1243363403625664512
1243363412018515974
1243363429148053505
1243363445770076161
1243363458776612865
1243363479060242434
1243363483590078470
1243367804075560961
1243367812321738753
1243367824635998209
1243367824690565121
1243367833179807745
1243367845448142848
1243367850263232512
1243367887307452416
1243367900204818432
1243367904239923201
1243367933868306433
1243367938284978182
1243367954843987968
1243367958803386368
1243367959126372353
1243367962737770503
1243367988142587904
1243367996250148869
1243368000595480576
1243368000666861569
1243368005020549120
1243368005259714560
1243368009499983872
1243368009604853761
1243368013912346624
1243368038902018049
1243368042802720772
1243368084691247105
1243368088688566272
1243368088696795139
1243368088818479104
1243368089057542149
1243368110046031873
1243368114315653122
1243368122133835776
1243368126361686021
1243368126797897729
1243368134842527745
1243368134905487361
1243368139112329218
1243368143340232706
1243368143428304898
1243368148058791937
1243368159979036672
1243368160193060864
1243368164794044419
1243368177486008320
1243368185341956096
1243368185769807873
1243368189456609280
1243368189582610433
1243368189972500480
1243368193659293696
1243368193848008706
1243368194234109955
1243368202333118465
1243368206099574784
1243368218728656896
1243368223082504192
1243368235682029569
1243368235841421312
1243368235879133186
1243368239603712001
1243368256213340160
1243368260893995009
1243368264702414848
1243368285854265344
1243368294645731334
1243368307144753153
1243368305919836160
1243368315809980417
1243368319614218240
1243368323980472321
1243368324043440128
1243368324353777665
1243368336596992001
1243368340661272576
1243368340774625280
1243368349175709696
1243368353219186694
1243368353319636994
1243368383141130241
1243368386744037377
1243368395384315904
1243368399352274946
1243368403445800960
1243368407527034881
1243368407380250624
1243368415651397633
1243368436777943040
1243368436950085633
1243368440880119808
1243368453580488705
1243368457745223680
1243368457925562368
1243368457975914499
1243368458273689602
1243368482856751104
1243368487126306818
1243368487180849152
1243368495502393344
1243368496127508480
1243368504285229056
1243368504004194304
1243368508571828225
1243368512451563521
1243368525265321988
1243368562766622722
1243368563068547072
1243368575244668928
1243368583545131008
1243368592130875392
1243368600653586432
1243368600880033793
1243368604579528705
1243368608673067008
1243368617284165632
1243368634170454019
1243368642353352704
1243368639912267778
1243368654886047746
1243368701048610819
1243368701543546883
1243368717855215618
1243368722544369665
1243368734846119938
1243368739074002947
1243368743553486848
1243368747613573120
1243368756392402947
1243368764281741313
1243368772867485697
1243368776533454849
1243368780740194304
1243368781537312769
1243368789233651712
1243368805956349953
1243368822549221377
1243368826873528320
1243368826957434881
1243368839783395331
1243368848239112192
1243368848478408706
1243368856782917632
1243368856854368262
1243368868954824704
1243368873329491968
1243368881688850434
1243368889788006400
1243368894254862337
1243368894334734339
1243368898155741185
1243368906997116928
1243368911078293505
1243368928241307649
1243368936114130949
1243368940132130816
1243368944729313281
1243368948445241344
1243368957580472321
1243368969370849281
1243368978409537542
1243368995056738304
1243368995052490752
1243369003105615872
1243369015868665857
1243369018808918016
1243369036622094336
1243369049511170048
1243369053655158784
1243369057996255232
1243369058197737472
1243369074895114241
1243369087389982721
1243369091135496194
1243369095459823617
1243369095862431746
1243369108504301568
1243369112660828160
1243369120608870400
1243369124677517312
1243369124832649218
1243369137541230594
1243369141513289728
1243369146278019073
1243369163030024192
1243369179253583873
1243369187906641925
1243369204381814784
1243369212707364865
1243369217086414853
1243369234295554048
1243369237940494336
1243369237927702528
1243369242411532288
1243369242952708096
1243369259197247488
1243369259327250432
1243369284451078150
1243369288666189824
1243369293062029315
1243369300834103296
1243369300938940418
1243369309289607168
1243369309205696513
