1238542042717999104
1238542051031027716
1238542059658756098
1238542068026421248
1238542084535173120
1238542084870725633
1238542089215934465
1238542093162668033
1238542101547225090
1238542109629714432
1238542122552360965
1238542126734102533
1238542130794110976
1238542139346374656
1238542143473541121
1238542168827940864
1238542168656171016
1238542173035003904
1238542181146689538
1238542181377265665
1238542181381615616
1238542185626243074
1238542197772992512
1238542198129324035
1238542201929547777
1238542206409023491
1238542206430072838
1238542210565656577
1238542210800300032
1238542214755684352
1238542248373112833
1238542256665133059
1238542298927022081
1238542319562952707
1238542328161341440
1238542328236777474
1238542345139654657
1238542365746499590
1238542366023303171
1238542374160281600
1238542377939357700
1238542395131580422
1238542412219211776
1238542416174559233
1238542420285022209
1238542441331986433
1238542445647970304
1238542449577988096
1238542449699586049
1238542450068602880
1238542479097561088
1238542483597824000
1238542491474964481
1238542504322117632
1238542508671598594
1238542521086640128
1238542525519953920
1238542533749362688
1238542537629093888
1238542542129565702
1238542550484627461
1238542567094050816
1238542575612690433
1238542588019380224
1238542604716986370
1238542617584873473
1238542625906528256
1238542630012825600
1238542646861352969
1238542659494580228
1238542689169068033
1238542709897469953
1238542713978527749
1238542734929076225
1238542743393034241
1238542751769055232
1238542785126576128
1238542785281572864
1238542785101299715
1238542789463486464
1238542789618683905
1238542793515118593
1238542797789171715
1238542797906382853
1238542806190379010
1238542810732617728
1238542835533692928
1238542839845396481
1238542839728025601
1238542844157136896
1238542848250777603
1238542856471678978
1238542864763588608
1238542881733795840
1238542881389977602
1238542915300995072
1238542915376480256
1238542915321856000
1238542923702185990
1238542936008273920
1238542940328296448
1238542953263566851
1238542965829709824
1238542973928865792
1238542978504892422
1238542978165202945
1238542986654466049
1238543011631337473
1238543011874734080
1238543011937546241
1238543032883884032
1238543032955396097
1238543037137145860
1238543041360613376
1238543066455130112
1238543066543394822
1238543087292444672
1238543095798444032
1238543099766415360
1238543086898171904
1238543108373188608
1238543121228709890
1238543129235595269
1238543129294315526
1238543133379399682
1238543137628459008
1238543146071420928
1238543154325970945
1238543162513199106
1238543162727116801
1238543162949488643
1238543166913105927
1238543167143772160
1238543167009492993
1238543171258327041
1238543200425578497
1238543200777916417
1238543212891045891
1238543212987527170
1238543229840166914
1238543229898891265
1238543234135199746
1238543246629822464
1238543263491031040
1238543271770697734
1238543272009560065
1238543275914604544
1238543280117252099
1238543288950566913
1238543309611597830
1238543309712261120
1238543317786222592
1238543321942786048
1238543321749995522
1238543330474164224
1238543334987182082
1238543339064119300
1238543343090532353
1238543351709716482
1238543351546359808
1238543360048140289
1238543372572413957
1238543380918853632
1238543389320196096
1238543397545218049
1238543406131032066
1238543410178461696
1238543418533400579
1238543422895448064
1238543423172419584
1238543426825707522
1238543456240271361
1238547764071391232
1238547772493742080
1238547772250488835
1238547801539260416
1238547805997690880
1238547818609905664
1238547818622660608
1238547822452117504
1238547822523437056
1238547822800179212
1238547831394205701
1238547868656513026
1238547877212930050
1238547889720299521
1238547898066972674
1238547898297724928
1238547910524100616
1238547927632617473
1238547927594872834
1238547931642413058
1238547931617083392
1238547935798804480
1238547936063062017
1238547939708088328
1238547944489574402
1238547952718745605
1238547956925693953
1238547965083607042
1238547965234511873
1238547990341652483
1238548002756755458
1238548002740076554
1238548002878472192
1238548003075522561
1238548019714252801
1238548036495847425
1238548036772663296
1238548045127614470
1238548044968275976
1238548045014413313
1238548049099542529
1238548049565188096
1238548061795880960
1238548070008270848
1238548078505926658
1238548078535356418
1238548099661996042
1238548103562539009
1238548107807375361
1238548107794710528
1238548128854421504
1238548128988647426
1238548129055756292
1238548133191258112
1238548132994134021
1238548149733658624
1238548150131949568
1238548166296961026
1238548170570895363
1238548187687858177
1238548191894593536
1238548195782909959
1238548212949987328
1238548225059106816
1238548225306615814
1238548246496030725
1238548246571565057
1238548250296188930
1238548250434646016
1238548254834323457
1238548262971486210
1238548263193608192
1238548275550011394
1238548280021262344
1238548283741671424
1238548284010115074
1238548284328771586
1238548304780296194
1238548317719728128
1238548317560360971
1238548320978718720
1238548346458996736
1238548372266651649
1238548372354555904
1238548380344897536
1238548401442062337
1238548401727381505
1238548414339547136
1238548418060042251
1238548418190094336
1238548418391420929
1238548430856880141
1238548434879012864
1238548435105710082
1238548447625699328
1238548460154114055
1238548468651696128
1238548477287825409
1238548485194092549
1238548485516996609
1238548489530793984
1238548502281519104
1238548514839433218
1238548523030925316
1238548540097318914
1238548548356116485
1238548569096884233
1238548590492073989
1238548598373126144
1238548598729715713
1238548611425693696
1238548619701223424
1238548624000405504
1238548632057634817
1238548632330219527
1238548628316270592
1238548653423411200
1238548669965561857
1238548694972104707
1238548695156690944
1238548703369142272
1238548703717154816
1238548716061155328
1238548728497287169
1238548732657926146
1238548741088522241
1238548749464612867
1238548749741408258
1238548762051645446
1238548778963152897
1238548787121053696
1238548791373910018
1238548804187631616
1238548812316250112
1238548816829321219
1238548829143805956
1238548842104193024
1238548850056585217
1238548863037902864
1238548887897604100
1238548892314218496
1238548912824299520
1238548929878396929
1238548934173351936
1238548950816342016
1238548950883409933
1238548950921216004
1238548955148857345
1238548967480328193
1238548967316750336
1238548980272955394
1238548980172193793
1238548992864198656
1238549009628835841
1238549030218731520
1238549030520729601
1238549030646493185
1238549039278407680
1238549047448829953
1238549076670480384
1238549080848117760
1238549085025681412
1238549089358196736
1238549089551343621
1238549101773545472
1238549106265673729
1238549114800844801
1238549118563143681
1238549131309641728
1238549139601776640
1238549139459321857
1238549139648110592
1238549160191639553
1238549164486729729
1238549173173202945
1238549173164822528
1238549181402427398
1238549194102751233
1238549198431232003
1238549202545922051
1238553530979532802
1238553539619807234
1238553547815489536
1238553551820992512
1238553564399767553
1238553568614940673
1238553577280417792
1238553589905162240
1238553589859180546
1238553594053431300
1238553594007339008
1238553594053484544
1238553602316173317
1238553615134064643
1238553640056602627
1238553644213112832
1238553644582068224
1238553644502409216
1238553651716726784
1238553652803010563
1238553690618736640
1238553711191957505
1238553715847639042
1238553727155539970
1238553732574568449
1238553753374072832
1238553761712308225
1238553761771110401
1238553765931675648
1238553774446297089
1238553791043178498
1238553795426222081
1238553799477932035
1238553837335654401
1238553841307717635
1238553841483816962
1238553849721286656
1238553854045716486
1238553854225944578
1238553862539182081
1238553879144312832
1238553879064780800
1238553883619864576
1238553895842074627
1238553908777082881
1238553916918431750
1238553921175642114
1238553924870774785
1238553950489415681
1238553959016460288
1238553967132651520
1238553971549040640
1238553980017541121
1238553996664553474
1238554004843610115
1238554013454532608
1238554021528588293
1238554030084747265
1238554046824357892
1238554051022905344
1238554055229747202
1238554059621257217
1238554072069726209
1238554088910082048
1238554088650035201
1238554097122512896
1238554101539102720
1238554122288353281
1238554130878267393
1238554135106125833
1238554151782699009
1238554155968598016
1238554168626995201
1238554173060214784
1238554181297934339
1238554185236385793
1238554185282527238
1238554185500672000
1238554193767444480
1238554193725730817
1238554197861314563
1238554210561638401
1238554223110832128
1238554227263393793
1238554239778959360
1238554273325121536
1238554273689919488
1238554277880180736
1238554290362277889
1238554298545512453
1238554306829262850
1238554319651135488
1238554319714058240
1238554319659687936
1238554327909838850
1238554340538888192
1238554345056002048
1238554348592025606
1238554357123166213
1238554399594643457
1238554399603150848
1238554399720390656
1238554411863101445
1238554412005625861
1238554419907698690
1238554437247021056
1238554441449705473
1238554441403555842
1238554449511137281
1238554491789737985
1238554504049627136
1238554504150364163
1238554512639422465
1238554516888395776
1238554550367219712
1238554571183550466
1238554575386353671
1238554575759605760
1238554583959560197
1238554604834562049
1238554604880748549
1238554613206241280
1238554630100926465
1238554638393249793
1238554659188551680
1238554663433261059
1238554667606573059
1238554676037124098
1238554676137807874
1238554667254263818
1238554680453718018
1238554684568121344
1238554705619333120
1238554717665366016
1238554718240038918
1238554722765701120
1238554726746259458
1238554734866452481
1238554739060637696
1238554743590383621
1238554764117499905
1238554764369104898
1238554768408104961
1238554772606726145
1238554772745175042
1238554789765660674
1238554801643888646
1238554810510532609
1238554822590291971
1238554827325452288
1238554843599392769
1238554843473739777
1238554844044111873
1238554852332052487
1238554860997341185
1238554902646771712
1238554902693064705
1238554906606342144
1238554906891554817
1238554923698196480
1238554931893805056
1238554936323047424
1238554940521484289
1238554957307150338
1238554961035878409
1238554973954289669
1238554999279493120
1238555003394174977
