1235444932682362880
1235444970380722176
1235444971043319808
1235444975812382720
1235449400454868992
1235449409871077376
1235449426165919744
1235449427013271552
1235449444205813760
1235449445753462784
1235449461444431872
1235449466062168065
1235449483564994561
1235449490363920386
1235449490951168000
1235449498941480960
1235449503802507265
1235449511213813760
1235449520399540224
1235449540771074050
1235449551621783552
1235449554771697665
1235449562464055297
1235449594114342912
1235449596664569856
1235449614280450048
1235449660803895299
1235449668047265792
1235449688184303621
1235449702142930945
1235449712934653952
1235449715027632128
1235449726008352770
1235449729816973312
1235449730844540928
1235449746774319104
1235449749030891520
1235449755196477441
1235449756178137088
1235449759239790592
1235449760099848192
1235449760624017409
1235449762838482945
1235449764323323904
1235449779485847552
1235449782279299072
1235449797768867843
1235449805859512320
1235449809168781312
1235449819671359488
1235449823244898304
1235449823395868672
1235449826088714242
1235449852798087170
1235449853670539264
1235449856711327744
1235449863443116033
1235449869776625665
1235449876462305281
1235449880610516994
1235449882460078084
1235449888210448384
1235449889456295937
1235449894040674304
1235449897207255040
1235449902093733889
1235449905520373766
1235449907072335872
1235449942312988678
1235449968615284736
1235449975770923010
1235449983941455872
1235449993915318272
1235450009065328640
1235450016988155904
1235450017948643328
1235450018137542661
1235450032473563136
1235450044511211520
1235450059292061697
1235450063805014017
1235450063914176514
1235450071833088000
1235450072160063489
1235450073632423936
1235450097476878336
1235450117919997952
1235450118377050112
1235450129982853120
1235450133245857794
1235450133745033217
1235450143291273218
1235450150572736513
1235450152896172033
1235450162123689984
1235450183510454272
1235450183879503872
1235450191878082560
1235450203962068992
1235450204134019072
1235450213029933058
1235450214154149890
1235450218956505089
1235450280432582656
1235450283582296064
1235450284484091904
1235450289739558913
1235450297691996166
1235450303270420481
1235450319531839488
1235450322614534151
1235450323017191425
1235450332999593984
1235450339408654337
1235450342055256064
1235450348631977990
1235450350057947136
1235450350544486402
1235450363752267778
1235450372359061504
1235450420518096899
1235450421147099136
1235450436426952704
1235450466269618178
1235450477044740101
1235450493897334784
1235450505368719362
1235450507344269312
1235450510234144768
1235450534082928640
1235450550101016577
1235450562738601984
1235450573400358912
1235450578819571712
1235450580933492736
1235450585081679872
1235450586310438913
1235450590785875974
1235450597395980288
1235450599321161729
1235450600189349888
1235450603683434497
1235450644053585920
1235450645814996992
1235450649573285893
1235450655508180992
1235450656212672514
1235450668468416512
1235450670402211840
1235450670737588229
1235450689486073858
1235450697065189376
1235450707517378560
1235450714069045248
1235450715587244033
1235450716241588225
1235450720335196160
1235450726291251200
1235450729994706944
1235450746620923906
1235450747988217856
1235450751083638784
1235450758864269312
1235450762576064512
1235450762995453952
1235450769790218240
1235450773330251777
1235450776551448576
1235450790199857152
1235450816078594048
1235450823313731584
1235450834005225472
1235450834369957888
1235450841303257088
1235450841777278976
1235450857883238402
1235450870613053440
1235450876782772225
1235450877944696832
1235450883267342336
1235450885095870464
1235450887528689664
1235450890141736960
1235450893568331777
1235450900837052416
1235450907871064064
1235450955942019072
1235455372149866496
1235455378210443264
1235455378999017472
1235455386091741184
1235455386179653632
1235455398322352128
1235455405376991233
1235455413442633728
1235455414373769217
1235455436423192577
1235455447320035328
1235455458674012161
1235455463501656064
1235455488990601216
1235455492782252032
1235455495780978688
1235455518451200000
1235455534884511744
1235455539955589120
1235455552735662080
1235455557856677888
1235455562189402114
1235455568900427777
1235455569676419073
1235455571282653184
1235455574193496066
1235455575296630785
1235455576949157890
1235455581814534145
1235455583102394370
1235455593093025793
1235455597828435970
1235455615469670401
1235455651007959041
1235455672004644870
1235455677172080641
1235455681064390656
1235455710798008320
1235455713691832320
1235455718221848576
1235455721702977537
1235455731991588866
1235455742712430592
1235455748932399104
1235455757514166273
1235455760668282880
1235455779131609089
1235455779995447296
1235455786786177024
1235455795447267328
1235455806025461760
1235455809322024960
1235455810072801281
1235455812069253120
1235455814594449409
1235455844675809280
1235455845367836673
1235455845607104513
1235455853286719488
1235455853509001217
1235455859586519040
1235455860068896768
1235455870361841664
1235455874774249472
1235455893715603456
1235455925550383105
1235455925919436800
1235455930227019776
1235455933167394816
1235455961000632320
1235455963487858690
1235455984648286208
1235456005745463296
1235455993171099648
1235456038507130880
1235456038968557568
1235456040398761984
1235456053153652737
1235456057356369920
1235456060636479490
1235456064025432064
1235456065103433729
1235456071310790656
1235456072686743553
1235456086511169538
1235456088515809281
1235456090214559746
1235456094123655168
1235456118819872768
1235456146908934149
1235456148800770048
1235456154760667137
1235456155813634048
1235456168308301825
1235456171063963648
1235456182703316992
1235456183055437825
1235456184330653696
1235456186578661378
1235456188461895687
1235456194044542976
1235456206329778177
1235456212155748353
1235456213732605954
1235456218073673728
1235456221500465152
1235456230967173120
1235456230933422081
1235456239296970754
1235456240488079360
1235456254362804224
1235456261727989761
1235456265154752512
1235456284209459200
1235456295009828864
1235456303696424960
1235456309442437122
1235456355256819713
1235456362194206720
1235456376421445632
1235456391252332545
1235456397241774081
1235456403965448192
1235456406855303170
1235456410957139968
1235456418515386369
1235456422516854784
1235456425381380096
1235456437142331394
1235456441328103425
1235456469924896773
1235456478166650880
1235456480834392066
1235456482939830272
1235456485418848257
1235456512925065216
1235456513348521990
1235456492578328576
1235456522773094400
1235456581225132032
1235456581438967810
1235456581581656065
1235456588774703104
1235456610744414210
1235456615370743808
1235456616503406593
1235456637537677312
1235456649814396929
1235456661059338245
1235456666155376641
1235456667187204096
1235456669523406848
1235456677110878208
1235456681103912960
1235456706718597121
1235456708085821440
1235456708694044672
1235456722715590657
1235456725932744705
1235456743867478016
1235456751761117184
1235456752725962754
1235456753174589440
1235456755515047936
1235456749059969024
1235456776205549569
1235456781565870081
1235456786922119169
1235456788369031168
1235456792944971777
1235456804517294080
1235456805079339009
1235456807491055616
1235456808136962049
1235456809437102080
1235456854152450048
1235456865258987521
1235456873161265152
1235456882191380481
1235456903175475201
1235456908888170497
1235456909408210944
1235456917708783617
1235456944019664896
1235456947001978885
1235456947177963520
1235456952697643008
1235456974214459392
1235456990345859073
1235456990828093441
1235456995752398853
1235457010906173440
1235457018992799750
1235459504432701440
1235458135386664960
1235457407427309568
1235453187529691136
1235447496685555712
