1242738418880299009
1242738423359844357
1242738431408713728
1242738435577782272
1242738440300408832
1242738443974610944
1242738448898723842
1242738465596248064
1242738477625679872
1242738490015612928
1242738490288345089
1242738493861720064
1242738503206629377
1242738511016366081
1242738518826323969
1242738523783999490
1242738524253597697
1242738528032894977
1242738528137744384
1242738532210233344
1242738536387760128
1242738541173469184
1242738549235073024
1242738560299601920
1242738586761310208
1242738595674370049
1242738603358212096
1242738603337428994
1242738603727478785
1242738612036341760
1242738628838604801
1242738653949882368
1242738674565033984
1242738679182835712
1242738683205345285
1242738683175993349
1242738696144723969
1242738699978375171
1242738704705298432
1242738708597616640
1242738733486571520
1242738737202835457
1242738737651437568
1242738771755282432
1242738780072624128
1242738783927193601
1242738787878195200
1242738792152231936
1242738792534020102
1242738796308955136
1242738800838803456
1242738809034477568
1242738817406205952
1242738850801364993
1242738855062597638
1242738863715414016
1242738863854047232
1242738871730872321
1242738880341671936
1242738880811388928
1242738880941441025
1242738889208532996
1242738897064517632
1242738905595514880
1242738909513232387
1242738909546713088
1242738930337951744
1242738930765778944
1242738943830835201
1242738960423456770
1242738972914110466
1242738972901728256
1242738976718348288
1242738980938022912
1242738981068046336
1242738997648150529
1242738997824282625
1242738998184992768
1242738998067572736
1242739014815207424
1242739019290738688
1242739023182954496
1242739027502981121
1242739048621281281
1242739052337496064
1242739056955572224
1242739060919189504
1242739090140741632
1242739094670790656
1242739099078766593
1242739102497325057
1242739128183054336
1242739148940644357
1242739156280700928
1242739165571059713
1242739186605539330
1242739194935627777
1242739199347789824
1242739211536437248
1242739215781122048
1242739228917800960
1242739236987498498
1242739237205786624
1242739241290854407
1242739240682827778
1242739279127871489
1242739283229892609
1242739291568001024
1242739337453805568
1242739338015719426
1242739350061776897
1242739350539923456
1242739358613921792
1242739362967715840
1242739383830118401
1242739387261165568
1242739400418746369
1242739408652177408
1242739408811384833
1242739425437720579
1242739425857228800
1242739438544969730
1242739442609278976
1242739463819755520
1242739471805812737
1242739476310474753
1242739480097767424
1242739490096959488
1242739497671983104
1242739489241325568
1242739513937604608
1242739514247962624
1242739518157066241
1242739518224109569
1242739543108759556
1242739551656951809
1242739551682134016
1242739551585656832
1242739556010450944
1242739563912728577
1242739563942027265
1242739581180657665
1242739584900796417
1242739589351116800
1242739593113300992
1242739602571415554
1242739609978765315
1242739618551865346
1242739631700967424
1242739639418380288
1242739639896678400
1242739661513998336
1242739672977203201
1242739693999046656
1242739698453209088
1242739702572167168
1242739715251601409
1242739728056643584
1242739731714072576
1242739736420196352
1242739761426489345
1242739769563439104
1242739769844609024
1242739774017933313
1242739777985798144
1242739782280773633
1242739786751922178
1242739799469015045
1242739803361345537
1242739811854639104
1242739812206931968
1242744077038186497
1242744081136017410
1242744106595397633
1242744106482311169
1242744118914060288
1242744119329525761
1242744135683055616
1242744148781916161
1242744152783290368
1242744157103427584
1242744164829167616
1242744165068345345
1242744173884854272
1242744186341855232
1242744199444746240
1242744202838114307
1242744203010027522
1242744207544127488
1242744216037380099
1242744219434921984
1242744223755046918
1242744227949232128
1242744236988149761
1242744249340383233
1242744262220869632
1242744283301580800
1242744291082018817
1242744299164295168
1242744299172872194
1242744299084754946
1242744299529404416
1242744316117880832
1242744325093523456
1242744337068371973
1242744337366044674
1242744337420750848
1242744349755990018
1242744349903007744
1242744366269005824
1242744383595659266
1242744387794284544
1242744391740952577
1242744408631578624
1242744412737847296
1242744416667746310
1242744425014411264
1242744437811187713
1242744438360809472
1242744442437562369
1242744458531266560
1242744480123543552
1242744484334534656
1242744488209960960
1242744492198780929
1242744504660025345
1242744513640226816
1242744521999495168
1242744521965760516
1242744542568341506
1242744551355420672
1242744559353901061
1242744601305165825
1242744605721997318
1242744606133010432
1242744609542795269
1242744626769002497
1242744630593998850
1242744634910130176
1242744635291602945
1242744639519690752
1242744639603572737
1242744643936112644
1242744656405782533
1242744668753977345
1242744677142614016
1242744681190088706
1242744689217830913
1242744693508771844
1242744698172854272
1242744698059382785
1242744701712764928
1242744731177811970
1242744731181842434
1242744736013639680
1242744748416385025
1242744748592508929
1242744756209242112
1242744769740075010
1242744773468753920
1242744773401812992
1242744777378091008
1242744785984606208
1242744790187257861
1242744815248343040
1242744819719561216
1242744824270172160
1242744836383539200
1242744848999907329
1242744864690696195
1242744870080413698
1242744886169722880
1242744895191879685
1242744924585558016
1242744932617551872
1242744945435447298
1242744957720563715
1242744970630565888
1242744982831878144
1242745000162504704
1242745004482674688
1242745012691091456
1242745016440758273
1242745017094955008
1242745020660269056
1242745029740777472
1242745037294886915
1242745050435481600
1242745050410422273
1242745054910914561
1242745067137310721
1242745070970757121
1242745071528824832
1242745083511943168
1242745105028538369
1242745109340446721
1242745117259132928
1242745117301182464
1242745138025304064
1242745142936649729
1242745167972569089
1242745171994787840
1242745184250716161
1242745184439488512
1242745184074567680
1242745192979013634
1242745209550766087
1242745213648592896
1242745213828976640
1242745239271550977
1242745239309344768
1242745247563563008
1242745247970385920
1242745251892088832
1242745255553691648
1242745255805349888
1242745268442771457
1242745297895411712
1242745318841729024
1242745347832557569
1242745347937574913
1242745356191924224
1242745386386800640
1242745389796798464
1242745398411714562
1242745398759952384
1242745402488549376
1242745415264604162
1242745419739750402
1242745440627384320
1242745453445287937
1242745465873018880
1242745486660026368
1242745503072301057
1242745506813685760
1242745532415643648
1242749857082806272
1242749860995973125
1242749882273849345
1242749886325493761
1242749886786912258
1242749890586959873
1242749894995173377
1242749903576748032
1242749919389155328
1242749918797860864
1242749932018085890
1242749936917045249
1242749941195235330
1242749957360234496
1242749974045175809
1242749982719062016
1242749986456178688
1242749999458508802
1242750003656814592
1242750007482048513
1242750007821942785
1242750020547489792
1242750028617310208
1242750037391630338
1242750049903210496
1242750058543509504
1242750071004946432
1242750075333259266
1242750083608739840
1242750112784318466
1242750112729833472
1242750142404415493
1242750158883848192
1242750159039184896
1242750175526809600
1242750179607867393
1242750196401893376
1242750196859240448
1242750208984985603
1242750217725726720
1242750230153457665
1242750234935115776
1242750247056674818
1242750268313415681
1242750272121831425
1242750276160782336
1242750280783015936
1242750288890486785
1242750293533548544
1242750297849630720
1242750310046502912
1242750310113660928
1242750318531624960
1242750318661849090
1242750330728677376
1242750331076870146
1242750335011172353
1242750364748783619
1242750373347102721
1242750393597100033
1242750393995669505
1242750418817626113
1242750423112519681
1242750423024320512
1242750431379345408
1242750435749965824
1242750490410188800
1242750498496638977
1242750498844762113
1242750515148132352
1242750536149016576
1242750536706920448
1242750548744589318
1242750574317223938
1242750582248681473
1242750586883149824
1242750595137757186
1242750603425701888
1242750607770808320
1242750611805872128
1242750615341629440
1242750620701986817
1242750645742055426
1242750649432829953
1242750653488906240
1242750662636699648
1242750666793201665
1242750674976280576
1242750679082364928
1242750687290822656
1242750687374688258
1242750700393725952
1242750703959003136
1242750704332107777
1242750712573984769
1242750729351311361
1242750733386043392
1242750733402935297
1242750745960763394
1242750758476484609
1242750763345932289
1242750771357200384
1242750775144710144
1242750779775213568
1242750792643330053
1242750796808228864
1242750817540558848
1242750825484730369
1242750850826530817
1242750880216223749
1242750901233876992
1242750918359162880
1242750926777126914
1242750926818963458
1242750935262167040
1242750939162869761
1242750951531974659
1242750968359342080
1242750973107490816
1242750980833382400
1242750981437300736
1242751005969846272
1242751005994999809
1242751006699552769
1242751018481274881
1242751023266988032
1242751044192354305
1242751048252620800
1242751048210579457
1242751052576722944
1242751064916594688
1242751068926283778
1242751107190972419
1242751110777110528
1242751115013259264
1242751123611500544
1242751140082507777
1242751139335901185
1242751190481473537
1242751195334262785
1242751220344733697
1242751224220450817
1242751266238889986
1242751266360455168
