1244642456844619776
1244642464591482881
1244642486502297600
1244642494048079873
1244642511248920579
1244642515346653184
1244642519557771264
1244642528109854727
1244642532342075394
1244642532400693250
1244642532597755905
1244642544182611968
1244642553124679682
1244642582845698049
1244642607441022976
1244642612004286466
1244642612298080264
1244642632980213760
1244642637329530885
1244642649547714560
1244642653913972736
1244642662528847873
1244642666375077889
1244642666509406209
1244642712734728192
1244642716773908480
1244642737670033408
1244642758708457474
1244642771346108417
1244642775724781568
1244642784268578817
1244642787808514048
1244642792372133888
1244642809237430274
1244642809312956417
1244642821795184642
1244642825842487296
1244642830296940546
1244642834356920320
1244642834184986626
1244642838576427009
1244642842636517380
1244642846864486402
1244642851276742656
1244642855185874944
1244642855685099520
1244642864270729226
1244642871699013634
1244642888857706498
1244642901419626496
1244642901365153792
1244642926682144769
1244642955618594816
1244642964300800000
1244642964447600640
1244642972504899584
1244642976967557120
1244642984907464704
1244642985419198464
1244642997721071618
1244643002246729729
1244643006218752001
1244643006105387008
1244643006256422914
1244643010215698433
1244643010656124935
1244643027072712704
1244643031476813826
1244643035683512320
1244643043917135872
1244643044114042881
1244643048069292033
1244643052515463168
1244643056516825093
1244643064259448839
1244643069204389888
1244643081858637829
1244643115123826688
1244643123726254081
1244643124074262539
1244643127958396932
1244643157154955266
1244643157343473669
1244643173957283842
1244643178495512576
1244643186452004865
1244643186464735233
1244643199571787776
1244643203363540993
1244643207675285505
1244643220002426881
1244643224339152897
1244643228432961536
1244643240973864962
1244643254076923905
1244643266265600007
1244643278999285760
1244643283352956929
1244643345898536960
1244643345907036160
1244643346229989376
1244643354387906560
1244643400655220736
1244643404648198146
1244643425737113601
1244643429721632774
1244643429969166338
1244643443004993537
1244643446499037191
1244643467621531652
1244643480074252288
1244643480065859591
1244643480003018753
1244643501188550662
1244643501469503488
1244643526429814786
1244643530468995072
1244643535036583936
1244643539130056704
1244643539285352450
1244643555668180994
1244643555769016321
1244643555953577987
1244643568339365888
1244643598047432704
1244643606318718977
1244643627222962182
1244643627088908288
1244643631157219328
1244643635351732224
1244643635372662785
1244643639571202048
1244643651793358849
1244643652258889736
1244643664728674304
1244643664875245571
1244643664992837634
1244643668423835648
1244643668843094018
1244643673146560517
1244643685524004865
1244643685720969216
1244643694348849153
1244643698455044098
1244643710618308610
1244643719271329798
1244643740544831489
1244643744483127296
1244643748488925184
1244643761281515529
1244643765102485504
1244643765471625216
1244643769900818438
1244643786463907840
1244643790306062339
1244643811667607553
1244643832446300161
1244643845033185280
1244643857574305804
1244643865753092097
1244643866214649856
1244643866046857216
1244643866566934528
1244643870232711169
1244643870467665921
1244643874108309504
1244643882870210561
1244643886946869249
1244643912402309120
1244643916516712449
1244643920388050944
1244648303754698752
1244648308074663937
1244648324449185799
1244648336688218112
1244648349971681280
1244648358251319297
1244648358154776578
1244648362567249922
1244648370880352257
1244648383257575424
1244648404304760832
1244648416359129095
1244648420922535936
1244648420947755008
1244648421186830341
1244648433681608705
1244648454548328449
1244648458956476417
1244648467298947074
1244648471014936578
1244648475674853377
1244648483929423875
1244648488383758336
1244648500845056000
1244648500886933509
1244648504762433538
1244648517836001280
1244648517617975296
1244648521934032897
1244648525566263296
1244648530309976064
1244648547158540288
1244648550929227776
1244648551277195266
1244648555169468416
1244648555307913222
1244648559829561351
1244648571808419850
1244648601462149123
1244648609620152322
1244648614124814339
1244648618352664576
1244648626862936064
1244648630369353729
1244648630906167296
1244648634680999937
1244648634953670660
1244648639579877383
1244648656260784129
1244648660333281281
1244648668478791681
1244648672798834689
1244648677332922370
1244648685159342080
1244648685104922628
1244648689542369280
1244648698014990336
1244648710296014849
1244648710438559745
1244648735940005895
1244648735763824643
1244648743581909000
1244648748707229697
1244648756487823360
1244648760623407106
1244648764981170177
1244648769360183303
1244648773449547782
1244648772942082048
1244648777648144385
1244648811173007360
1244648811378565121
1244648815472205827
1244648823894335488
1244648823810555905
1244648824041332737
1244648840432582656
1244648848968073216
1244648853174980611
1244648886683070466
1244648894920822785
1244648899354202119
1244648903703695360
1244648903682576384
1244648916294877185
1244648920460001288
1244648932669558786
1244648949815709696
1244648962159792129
1244648966391844864
1244648973857632257
1244648983223468033
1244648987409424385
1244648991519735810
1244649008485650432
1244649012507992064
1244649037409574913
1244649037510426625
1244649037720104965
1244649050122706946
1244649066518151169
1244649079541399554
1244649079554084864
1244649109178306563
1244649129785077762
1244649133484507145
1244649134218453004
1244649138735796225
1244649142518865920
1244649146767687680
1244649150991323136
1244649155374579713
1244649163440054273
1244649163700215808
1244649167672180736
1244649176249454595
1244649180389421056
1244649189113335809
1244649193156694019
1244649200521904129
1244649200677199876
1244649209615265792
1244649209946468354
1244649213687930880
1244649217835937798
1244649226090344448
1244649228556800001
1244649239113842688
1244649239222710272
1244649243253469184
1244649247615541249
1244649260223803397
1244649264086536194
1244649276489248771
1244649306147000320
1244649314393001984
1244649335876435969
1244649344172785665
1244649348098637827
1244649352146161665
1244649360329256960
1244649372807241731
1244649398392496128
1244649398778368008
1244649432307523584
1244649436363382784
1244649436506198016
1244649440209707009
1244649440524136448
1244649444353736708
1244649452792659969
1244649453027504130
1244649457070686208
1244649457167155200
1244649457419014146
1244649478029807616
1244649486401634312
1244649507318575105
1244649528419966977
1244649544618573829
1244649549219729408
1244649557427961861
1244649561655627777
1244649587404611584
1244649591259234304
1244649595348582400
1244649572284203011
1244649599509377026
1244649608267141121
1244649620711649282
1244649629402009605
1244649637593493505
1244649641829961728
1244649645906767872
1244649646024208387
1244649658414239744
1244649658636554240
1244649670883921923
1244649670875308032
1244649671060045824
1244649675002646528
1244649687920988160
1244649700315316225
1244649700491493378
1244649717071577090
1244649729818009600
1244649742170238978
1244649746242752512
1244649750915420168
1244649754832887808
1244649758981009409
1244649763255005184
1244649767155707904
1244649767470276610
1244649771987611650
1244649784612290562
1244649813846691842
1244649826307977216
1244649830460174336
1244649855500378112
1244649859770089473
1244649859614941185
1244649860600451072
1244649864115281921
1244649872239845376
1244649881114824706
1244649893274292228
1244649897384644608
1244649897401266176
1244649901453127685
1244649922659364864
1244649922688737283
1244649927050809345
1244649930549088264
1244649930926493696
1244649943698010114
1244649948055916544
1244649952070053888
1244649956188790787
1244649956616499200
1244649985469288448
1244649985628667905
1244649998157053952
1244650002259030018
1244650010630852610
1244650010647703553
1244650023247380480
1244650027814879235
1244650029584916485
1244650048299896836
1244650048568184833
1244650056935821322
1244650069086928898
1244650077781721088
1244650091928903680
1244655337690415104
1244655345844264960
1244655345856905217
1244655366736162816
1244655383484006402
1244655413187969024
1244655421052370947
1244655425506639877
1244655442233524225
1244655451163234310
1244655455202410498
1244655459010785281
1244655459015032833
1244655467776716800
1244655492527534081
1244655496851623936
1244655500949585920
1244655505311588352
1244655509673664514
1244655518259372034
1244655534692691970
1244655538635517953
1244655543039324161
1244655555811119107
1244655563818049536
1244655568465342464
1244655580662222849
1244655597506777089
1244655623234412545
