1243496136133849090
1243496153431318529
1243496161866113026
1243496162277101569
1243496170497982464
1243496203947520000
1243496208167063557
1243496216513646594
1243496229046235136
1243496241847140355
1243496254086266881
1243496258339311617
1243496262516666368
1243496269538045952
1243496275124854789
1243496275548311554
1243496292124446728
1243496296016732170
1243496296192913414
1243496300185890818
1243496317231431682
1243496338458845184
1243496346629345282
1243496346436370433
1243496354757967873
1243496359510126597
1243496388492746753
1243496388757000192
1243496393102077953
1243496405345406976
1243496413746561029
1243496430737575941
1243496447242362880
1243496447343038464
1243496451499536386
1243496460152262656
1243496471955210240
1243496476388589570
1243496484818960384
1243496505748619267
1243496514191863808
1243496518281072640
1243496531438657536
1243496539269578753
1243496552158593024
1243496552313827328
1243496564502364160
1243496568357036038
1243496572920500225
1243496577429274624
1243496585356607488
1243496593984114689
1243496594080743425
1243496602188349446
1243496610572746752
1243496610094555136
1243496610920902666
1243496619636666368
1243496631313580034
1243496631967809536
1243496632068562947
1243496635847651329
1243496652499046401
1243496656705904640
1243496656760385536
1243496661147619329
1243496668848218112
1243496677916528641
1243496678000332800
1243496678398754816
1243496681917820934
1243496690851741696
1243496694421078016
1243496694580420610
1243496694953771008
1243496703040335882
1243496711466541061
1243496715497373697
1243496723986690050
1243496740856254464
1243496739518242819
1243496748561072128
1243496753397207041
1243496757243363328
1243496757536919553
1243496778462375936
1243496778411978754
1243496799878426625
1243496833395146756
1243496841582219265
1243496849480318983
1243496853871755264
1243496874922909696
1243496878978863104
1243496879477817345
1243496900088795136
1243496900273242118
1243496900327858176
1243496900361441280
1243496908171227138
1243496921328689154
1243496933450289159
1243496950273581058
1243496950839861248
1243496959303995392
1243496962856534016
1243496971698085888
1243496976089591808
1243496992686215168
1243497000538116099
1243497051008139264
1243497072227160065
1243497092993163264
1243497101440532481
1243497105924263936
1243497114178486272
1243497130897047555
1243497143710687232
1243497143823937539
1243497164313178112
1243497168817848322
1243497180788375552
1243497189525073921
1243497189319442435
1243497222848704512
1243497222639169537
1243497235599499265
1243497256528932864
1243497260643749894
1243497265035128832
1243497265383301120
1243497265316200448
1243497269174972418
1243497269263044609
1243497281753624578
1243497285893279745
1243497290242891777
1243497298405076994
1243497298493091842
1243497307364089858
1243497319703678976
1243497319762259968
1243497332261490689
1243497332387254273
1243497340092272640
1243497340532658176
1243497349277798401
1243497353392226306
1243497361252454400
1243497374070308865
1243497382312136712
1243497390935506944
1243497441183367168
1243497445205696514
1243497449538441217
1243497466349195265
1243497470379917314
1243497470530850817
1243497470669156352
1243497483038273541
1243497487480078338
1243497491724505088
1243497491703660548
1243497512457175047
1243497516903038976
1243497520854183937
1243497529083387905
1243497533491593219
1243497567159189506
1243497571261317120
1243497575589740544
1243497579368898566
1243497583819005952
1243497592027336706
1243497592283172866
1243497591976984577
1243497605105160200
1243497605184860160
1243497613409890304
1243497625602519040
1243497629713121280
1243497638273732612
1243497658918068224
1243497663460446208
1243497667617067010
1243497675934380032
1243501965339963392
1243501970880675840
1243501970977181696
1243501983560073216
1243501996390449154
1243501999552897030
1243502016980123649
1243502029504425985
1243502028485255169
1243502037951799298
1243502046474633219
1243502050643771392
1243502050786369544
1243502054695292930
1243502067580153856
1243502069492805632
1243502079836028928
1243502113512185856
1243502126208294912
1243502134152306688
1243502134735376385
1243502143010734080
1243502171926212608
1243502172203028481
1243502176523161600
1243502184861511687
1243502189118513152
1243502189210791937
1243502193464020992
1243502193405288449
1243502193447231490
1243502197146636288
1243502197704249344
1243502201911173120
1243502226703888387
1243502231300661250
1243502247922651136
1243502248052826114
1243502264586842112
1243502272962801665
1243502285659017217
1243502289819783168
1243502310313074688
1243502310824656896
1243502323445440512
1243502327237091331
1243502344349810691
1243502365547753472
1243502377526837248
1243502386074791936
1243502386402021376
1243502403300683781
1243502419788660737
1243502418907652097
1243502423701938176
1243502432262504450
1243502436481937409
1243502453187895296
1243502503666356225
1243502503540506626
1243502503875858432
1243502516228292613
1243502524729970688
1243502528794419202
1243502541435854848
1243502545752018946
1243502554132160513
1243502562600517632
1243502570661769218
1243502591717380097
1243502591704805376
1243502604224774147
1243502629562601472
1243502633777840129
1243502637951209472
1243502646289301504
1243502646310273025
1243502650542432256
1243502650605305857
1243502667000922114
1243502683987873794
1243502684071694336
1243502730196508672
1243502730397642753
1243502734332039169
1243502746847887360
1243502759229501441
1243502772324052993
1243502780448477184
1243502805459046402
1243502818113323008
1243502834974429184
1243502835020500995
1243502843233021952
1243502851915120641
1243502856025436160
1243502856034045955
1243502860123455491
1243502860161204225
1243502880864206849
1243502885352202243
1243502893984079873
1243502902041292803
1243502910572544001
1243502914716434432
1243502923402719233
1243502931598589952
1243502935583195136
1243502939945172993
1243502943980011520
1243502947855667202
1243502952452624384
1243502981699387392
1243502994684956672
1243502998501732352
1243502998782914562
1243503007175770113
1243503010896060421
1243503032505155586
1243503036263260161
1243503036124839939
1243503036376514560
1243503040486936576
1243503048988614657
1243503061487812609
1243503065791152133
1243503073995169792
1243503086909509632
1243503091011530752
1243503094916239362
1243503096921313283
1243503099114926083
1243503103317606401
1243503107574771712
1243503111861407744
1243503112004009986
1243503124381343744
1243503132560232448
1243503137069174787
1243503141414453249
1243503149865975808
1243503153829548033
1243503183307079683
1243503191401984002
1243503204207415301
1243503204102475781
1243503212377837568
1243503220938457095
1243503220686716929
1243503233278119942
1243503258737553408
1243503275283972101
1243503279797080066
1243503292048539648
1243503292203839489
1243503296423346176
1243503329923170306
1243503333979152392
1243503350928162816
1243503367697154049
1243503375997526017
1243503380003278856
1243503380229574658
1243503388232384518
1243503401599631360
1243503401654202372
1243503405525544960
1243503409862328321
1243503418007830528
1243503422235652096
1243503430599131136
1243503430645297152
1243503443366408192
1243503472646840320
1243503476526714880
1243507934346260480
1243507956148326400
1243507960518791169
1243507960606797825
1243507964717215744
1243507964905914369
1243507973298806785
1243507981188247552
1243507981444055040
1243507998359785472
1243508011173363712
1243508011185795074
1243508014814056449
1243508019402506247
1243508023240396801
1243508027480854533
1243508031603847169
1243508035923988480
1243508044392259585
1243508044505456640
1243508048460746752
