1243042875975143425
1243042883743211520
1243042884162486273
1243042887568429062
1243042904790138881
1243042913447063555
1243042925862424576
1243042946791944192
1243042950986100736
1243042971731156992
1243043001133223936
1243043009752489986
1243043017843331072
1243043022058582019
1243043038806462464
1243043043059646471
1243043043399192577
1243043051821387779
1243043055692808193
1243043055902445568
1243043076865695747
1243043080464465923
1243043080963579906
1243043081047269378
1243043089486209024
1243043093818961920
1243043097702957056
1243043122894028801
1243043126727540737
1243043127100923906
1243043139495047170
1243043143466897409
1243043152065224709
1243043164690231297
1243043164811931648
1243043190132768768
1243043193576456192
1243043194260070400
1243043219606089728
1243043227726315520
1243043227877421056
1243043244616884229
1243043256755048448
1243043261284929537
1243043273507139584
1243043277936439299
1243043281790832640
1243043286304133123
1243043286564188166
1243043294302605313
1243043295200079873
1243043307388678144
1243043328460873728
1243043353140264962
1243043353350078469
1243043361524568064
1243043361956585472
1243043370173259777
1243043374497595393
1243043391111172096
1243043391287549952
1243043416813993985
1243043424435154944
1243043441497403392
1243043454126567426
1243043462686994432
1243043474712264705
1243043475282636800
1243043483335577600
1243043496488992771
1243043512901185543
1243043521159782401
1243043525622747138
1243043538310316032
1243043538402754560
1243043546497609729
1243043546665570314
1243043554508836870
1243043554559168512
1243043567393820675
1243043572003123201
1243043579737649153
1243043579750203394
1243043584418304000
1243043596577599488
1243043608976076808
1243043617335382018
1243043622028795904
1243043651363590144
1243043667771666432
1243043668186894341
1243043677028696065
1243043684947394560
1243043689049534464
1243043689074573312
1243043693403095040
1243043697970655234
1243043731202117632
1243043751976562689
1243043772776185856
1243043776962101259
1243043776970420224
1243043793953153024
1243043806645301248
1243043810784858112
1243043823418109953
1243043826932920321
1243043839801036800
1243043844087631873
1243043848437346304
1243043852258144256
1243043885854511105
1243043890426294275
1243043898584453122
1243043903118249984
1243043914938015744
1243043923624448000
1243043927621599233
1243043932151390209
1243043940904783873
1243043965638672386
1243043970042580992
1243043991257354245
1243043995426500608
1243044007430819844
1243044011864096768
1243044032567103488
1243044054075691008
1243044066293510144
1243044066369003520
1243044074598182913
1243044095850930176
1243044112661721089
1243044141552021505
1243044141812068359
1243044171184816131
1243044179766202369
1243044188037447680
1243044188138192896
1243044192382681088
1243044200385597441
1243044200792326146
1243044213396140032
1243044217603194880
1243044226067320833
1243044247181262848
1243048583617630208
1243048587887427584
1243048608850567168
1243048634431627264
1243048642795036672
1243048650923794432
1243048659412865024
1243048676018098177
1243048676064362496
1243048680522788864
1243048692040347649
1243048696754794497
1243048714123403269
1243048717709488128
1243048734604345344
1243048746939711489
1243048747363217411
1243048763687649285
1243048768036986881
1243048772512419840
1243048776778092545
1243048780968140800
1243048789172260864
1243048789276913665
1243048793110609921
1243048793358176256
1243048797829095424
1243048801805447168
1243048805911556096
1243048810449965056
1243048814170136577
1243048818658045952
1243048839851814913
1243048860143898625
1243048861020684288
1243048868708618240
1243048872902979584
1243048877588131841
1243048897959747585
1243048907019563008
1243048948765298689
1243048965248933888
1243048977668374528
1243048982487674887
1243049015828189190
1243049028474089478
1243049032705912836
1243049053065302016
1243049057435688960
1243049078566486016
1243049095633047553
1243049099642855424
1243049107607842817
1243049112758607873
1243049116118245378
1243049116915118081
1243049120190742528
1243049137194426369
1243049162402217985
1243049170400948225
1243049183935791106
1243049212906016770
1243049217741864961
1243049217767211008
1243049220874989575
1243049221579825152
1243049234045079557
1243049246699302914
1243049254870007808
1243049267511656448
1243049271458295808
1243049276097191937
1243049279876300805
1243049304958197760
1243049305293889536
1243049322431672321
1243049326269444097
1243049334507286528
1243049343352836096
1243049351074557952
1243049363925921792
1243049385098915846
1243049393571291136
1243049397098885123
1243049405642682369
1243049405709561856
1243049410239463424
1243049414056243207
1243049414517600256
1243049422117724162
1243049439335342080
1243049443554922496
1243049451989557249
1243049456510980098
1243049477314949125
1243049477629292544
1243049498554896384
1243049518733520896
1243049531639574528
1243049552866734081
1243049565076545537
1243049565437247488
1243049569501536256
1243049570038190081
1243049573515321344
1243049577743175680
1243049578317955074
1243049590003302400
1243049598450429952
1243049598941159424
1243049610660233216
1243049636195172359
1243049636450963456
1243049640611774469
1243049640972304385
1243049641027014656
1243049645246500869
1243049657472778240
1243049661558140928
1243049665991499777
1243049678679224320
1243049699742871552
1243049707448008704
1243049708135673858
1243049711747072000
1243049715970666496
1243049720123015168
1243049720366301184
1243049736816361472
1243049745154600961
1243049749697028097
1243049753686036480
1243049754377867265
1243049754612895746
1243049758500978688
1243049771146850304
1243049787886272513
1243049804130914305
1243049808706887680
1243049812137611265
1243049821130428417
1243049825471520769
1243049833792851970
1243049841967665153
1243049842093391873
1243049867502653440
1243049867561205760
1243049875450646533
1243049875677130752
1243049884023808000
1243049884007178244
1243049891997323264
1243049904609669120
1243049917247094784
1243049917477609475
1243049921738989568
1243049930156937221
1243049938067394561
1243049938461716480
1243049947244552192
1243049959647105024
1243049963556179968
1243049967670792192
1243049972041420801
1243049975883288578
1243049976273473536
1243049988759814144
1243054405081083910
1243054409975623681
1243054476413612033
1243054489289949184
1243054489663352833
1243054497825312773
1243054501805744130
1243054502107852800
1243054506406862849
1243054513675628544
1243054535184125963
1243054540053786624
1243054543648083968
1243054569380147200
1243054577429209088
1243054581698850816
1243054585846980608
1243054594399203329
1243054598555918339
1243054602125279232
1243054610610302979
1243054615295406080
1243054619418193920
1243054627496607745
1243054631762067456
1243054636413534209
1243054640603807751
1243054648421953536
1243054657343311872
1243054660891664384
1243054665081606144
1243054686237642752
1243054694773272576
1243054703052615681
1243054707477807109
1243054728730144768
1243054732324700161
1243054732349972480
1243054733058805760
1243054740839284736
1243054749676711937
1243054753250045952
1243054753254424577
1243054770119639041
1243054770153275393
1243054770710925312
1243054774745878528
1243054779221213184
1243054779456204801
1243054795406970880
1243054795570610177
1243054816399507456
1243054816693088256
1243054820946296832
1243054824779927552
1243054833088655361
1243054841892503552
1243054845965283328
1243054850511794176
1243054864629772288
1243054866823446528
1243054871399579648
1243054916790345729
1243054921521311744
1243054925661245440
1243054934100193280
1243054934196551680
1243054938084782088
1243054938130804737
1243054942513922049
1243054963133001729
1243054963690835968
1243054996460941312
1243055005361475584
1243055005638078464
1243055026479624193
1243055034385829888
1243055043047116800
1243055047103188999
1243055051524001793
1243055059434438658
1243055068204519424
