1242544079952642055
1242544080267206657
1242544084084043776
1242544088676806668
1242544092392771584
1242544101012246528
1242544105382543360
1242544108931072001
1242544109614661645
1242544117843996672
1242544151297773570
1242544180448157697
1242544180657827853
1242544189184839691
1242544193165316099
1242544193051832322
1242544197619646471
1242544205777580034
1242544206230327296
1242544214015082496
1242544218561806336
1242544231073361921
1242544247632429063
1242544256000065538
1242544256264404994
1242544260383154177
1242544272848625670
1242544277051396102
1242544277114081280
1242544281476202496
1242544315139833856
1242544344252350464
1242544352888528897
1242544365261721601
1242544369296646144
1242544373574905856
1242544385960693765
1242544390196920321
1242544390746157056
1242544398690328577
1242544398426165249
1242544407045386241
1242544411646492676
1242544415517925383
1242544415341719552
1242544419867328512
1242544431821139969
1242544431900884993
1242544436149616642
1242544436376207361
1242544436548157443
1242544444773142531
1242544466084462593
1242544466231283712
1242544466092851200
1242544478528901123
1242544486875631619
1242544503510257670
1242544503984185354
1242544511462461440
1242544533143007234
1242544549676716034
1242544549500604417
1242544554089185280
1242544587677282305
1242544591775174657
1242544600331534336
1242544620787113985
1242544646003347457
1242544646510780417
1242544654857404416
1242544667201241095
1242544667381694469
1242544679549370368
1242544684221829122
1242544688101376000
1242544688403537923
1242544700881539078
1242544704882868225
1242544705293955072
1242544709496492032
1242544717537173504
1242544717893496832
1242544738651328513
1242544742610550785
1242544767663300608
1242544768099348480
1242544768036605952
1242544772243509248
1242544776550981634
1242544780380422144
1242544813897134080
1242544822357053445
1242544839398473734
1242544851473690624
1242544860185444354
1242544872877363200
1242544885242216450
1242544893668388864
1242544893483941896
1242544893974675460
1242544897871286274
1242544906465312769
1242544931392163843
1242544939935731712
1242544940024049668
1242544965143744522
1242544969363177472
1242544973532151808
1242544994432372736
1242545011021021187
1242545011079761921
1242545019585617920
1242545019564756998
1242545036295692288
1242545036513984518
1242545044768395266
1242545053043576832
1242545053286797312
1242545061256204289
1242545074086400000
1242545082584027136
1242545099252404225
1242545103392120834
1242545111864446976
1242545112078356480
1242545128616726529
1242545136896053248
1242545137126793217
1242545145385533441
1242545149520957441
1242545153765773313
1242545157863542784
1242545174967988238
1242545195843010560
1242545195935203342
1242545212502704132
1242545212565499904
1242545228952866818
1242545229363847170
1242545233293914113
1242545233633542144
1242545237735739393
1242545241749626881
1242545250570137600
1242545267007684615
1242545279481663488
1242545317309870081
1242545321386917890
1242545330182209536
1242545351007100929
1242545367432007683
1242545371919745024
1242545371957600257
1242545376030228480
1242545380207857666
1242545380153331712
1242545380610490369
1242545384364412929
1242545388726276096
1242545392799096832
1242545396938870788
1242545401288417281
1242545405537198081
1242545413703577601
1242545422163488770
1242545430736535553
1242545438722412544
1242545447782285312
1242545455797395457
1242545459668955136
1242545459761164289
1242545460306419712
1242545464014143496
1242545464739856390
1242545480896262144
1242545489159098368
1242545506250895362
1242549951651086350
1242549960668831744
1242549964728938497
1242549990200729600
1242549993849921537
1242549998233038863
1242549998547537921
1242550006596415489
1242549997947797518
1242550010903842816
1242550014997602304
1242550040314499075
1242550040163426305
1242550040398356480
1242550048409477120
1242550060786814978
1242550061269049344
1242550082001670144
1242550082454654978
1242550086011412482
1242550090478366721
1242550115790770177
1242550124364083200
1242550132580761602
1242550136510640130
1242550153380114432
1242550161777229833
1242550199748190208
1242550199798493185
1242550203976204292
1242550212133974018
1242550216345235462
1242550224243044353
1242550228856778752
1242550233025912836
1242550236796551169
1242550253838106627
1242550258091073538
1242550258246103040
1242550262264291329
1242550278978764809
1242550308741558274
1242550317125734400
1242550329293627402
1242550338227486720
1242550346389413888
1242550354551681024
1242550354799202305
1242550362948734977
1242550371614101510
1242550384314507265
1242550417877237760
1242550417856266245
1242550434524327936
1242550459769872384
1242550484680007680
1242550488618405888
1242550501364858880
1242550509858213888
1242550514312712193
1242550518154760195
1242550522097422338
1242550531010301954
1242550556050305024
1242550568536637443
1242550572575752193
1242550576837275648
1242550581379694594
1242550585666056192
1242550593870274560
1242550602334265344
1242550610668539905
1242550619241689088
1242550635590897665
1242550644113842177
1242550660945641472
1242550665211232258
1242550677517131776
1242550707082969090
1242550731921600517
1242550740658221057
1242550761646678016
1242550770052063233
1242550774103592960
1242550778717446150
1242550795389845504
1242550799600779264
1242550807465254912
1242550828965285895
1242550845759270912
1242550849475403777
1242550853841686528
1242550866722402305
1242550875014529028
1242550883004461057
1242550883411529730
1242550895998644226
1242550900218105856
1242550912310280199
1242550912352169987
1242550912532570113
1242550920812138498
1242550933566959618
1242550946045067265
1242550946405597184
1242550958456025093
1242550963015163905
1242550992387760129
1242550992488595459
1242551009051901952
1242551017398558722
1242551026076594176
1242551026160480257
1242551034028814336
1242551034423021568
1242551051221270528
1242551059337416710
1242551067549880320
1242551075208642560
1242551076412362752
1242551088752050176
1242551097224507394
1242551100890402823
1242551101246910474
1242551101330804737
1242551113687224324
1242551122079842305
1242551122126090241
1242551122239410177
1242551130934013955
1242551135124115456
1242551139201093633
1242551160130744321
1242551164497002497
1242551172445032448
1242551181311750145
1242551198076592129
1242551206293032960
1242551214572818433
1242551227180879873
1242551231618248704
1242551239759421441
1242551260580139016
1242551260773068801
1242551268943507456
1242551273255247875
1242551273582252032
1242551272663908354
1242551277260869635
1242551281513684992
1242551281736134658
1242551286085455873
1242551290397200384
1242551302460227585
1242551302934142981
1242555543186812928
1242555551697043456
1242555559720566784
1242555576644710404
1242555580763590656
1242555588787273731
1242555593426112514
1242555592973172738
1242555597452652545
1242555597549195265
1242555610157236224
1242555618403078144
1242555622740107265
1242555626741473280
1242555635352375299
1242555656034553856
1242555668869058560
1242555689702064128
1242555698216484864
1242555710824755202
1242555714955907072
1242555714922516486
1242555757004021763
1242555765140963329
1242555773625880576
1242555773835571200
1242555794664628225
1242555803372072960
1242555836951494656
1242555849308082177
1242555857507844098
1242555878471073793
1242555878403907586
1242555886951895040
1242555887115370496
1242555916429529088
1242555924616601601
1242555933168984067
1242555937333727232
1242555945781166080
1242555950352994307
1242555958338994180
1242555966467518464
1242555970871529477
1242555974881288194
1242555979205611520
1242555983404113920
1242555983605497856
1242555983622070273
1242555987862716422
1242556008754544646
1242556017013141504
1242556038303199232
1242556046356381696
1242556067176779777
1242556071467761668
1242556084222676993
1242556088299421697
1242556097086529544
1242556109422039045
1242556113645645836
1242556130305466381
1242556134390726658
1242556159422337029
1242556172013633545
1242556172235730944
1242556188807565313
1242556210055983104
1242556226682093570
1242556226673750019
1242556230813585411
1242556247938826243
1242556251784925184
1242556268977496065
1242556273020874754
1242556323398549511
1242556327504814081
1242556339957534720
1242556340049981440
1242556344244338690
1242556344164589568
1242556348165955586
1242556352125419522
1242556356638519299
1242556357091491840
1242556365417086976
1242556369162702850
1242556398841597953
1242556402767482888
1242556402931023873
1242556419154550788
1242556432358219781
1242556449051508737
1242556461609357316
1242556473902870529
1242556478457864192
1242556498900901888
1242556503451521024
1242556503535558656
1242556503434964993
1242556507696349186
1242556511630635010
1242556512372805632
1242556516290441222
1242556545247969283
1242556550075437057
1242556552864772096
1242556558028017665
1242556558300647425
1242556579242815490
1242556596028420101
1242556612637843461
1242556625203978242
1242556625539432448
1242556654568312834
1242556671324491776
1242556675128586240
1242556679704793088
1242556687292170242
1242556692400750592
1242556692598063104
1242556704740474881
1242556713254830081
1242556721727516672
1242556730342588417
1242556746926886913
1242556751158882307
1242556763712499717
1242556767814336512
1242556775989219332
1242556780275736577
