1234387992686612480
1234388013741944832
1234388026438148096
1234388030431072257
1234388047480881152
1234388050488131584
1234388053398937600
1234388060336377856
1234388088383606784
1234388096847949824
1234388101415362562
1234388118532345856
1234388123062284288
1234388123766927361
1234388146823081984
1234388161104687104
1234388170931752966
1234388194411438081
1234388195787173889
1234388197871890432
1234388214196166656
1234388215030779904
1234388219174604800
1234388230906105859
1234388232659324929
1234388264527810561
1234388277236396032
1234388281120477186
1234388290070962176
1234388307808673792
1234388312460341249
1234388331493875712
1234388337210908672
1234388343909224450
1234388344206839808
1234388348715716610
1234388362422714368
1234388378424090629
1234388383712989184
1234388385629798401
1234388387609632768
1234388392630247425
1234388393309528066
1234388394752397312
1234388403245981697
1234388412238450689
1234388412074840066
1234388416374112256
1234388433847582720
1234388446162149376
1234388446543843328
1234388450666663936
1234388451039969280
1234388461420810240
1234388474016432128
1234388478143713281
1234388483319320578
1234388494220267520
1234388501782597633
1234388504077066241
1234388511706337283
1234388511752585216
1234388521063829504
1234388555369189377
1234388571349508101
1234388572733673474
1234388574998425600
1234388595923922945
1234388597916094465
1234388622742212608
1234388646104403968
1234388658339250177
1234388664282542082
1234388672969150465
1234388678362877952
1234388679826665472
1234388696658370560
1234388711921483776
1234388718833864705
1234388728799428608
1234388729965481985
1234388730821173248
1234388739998306304
1234388759610707968
1234388763402330113
1234388772432814082
1234388780859174914
1234388785317720064
1234388797741125632
1234388797946769408
1234388805311815681
1234388824198803458
1234388830477639680
1234388835091402752
1234388861347717120
1234388868398342150
1234388887390343168
1234388896084938752
1234388911146729473
1234388920093171712
1234388925315198978
1234388931547979778
1234388933393473537
1234388935901663233
1234388943870681088
1234388953299636225
1234388958815170560
1234388965009965057
1234388967996317697
1234388982412255233
1234388998627438594
1234389004059074560
1234389012300910592
1234389019947151360
1234389020165255168
1234389025621975040
1234389042600374274
1234389052981465088
1234389053933416449
1234389054097166336
1234389054264733696
1234389063714603008
1234389065962749954
1234389066545868800
1234389075068583937
1234389086330400768
1234389091367739393
1234389105271660546
1234389121214427136
1234389129846116352
1234389130894725120
1234389141393035266
1234389146141175809
1234389149290987520
1234389151862153216
1234389165363482624
1234389192790216704
1234389211395944448
1234389225123930114
1234389248456835072
1234389249987764225
1234393571823886337
1234393574856372224
1234393600076607488
1234393602001948672
1234393608326909952
1234393612701532167
1234393618254716933
1234393620662378496
1234393625347248130
1234393645572227072
1234393657320460289
1234393665411239941
1234393670872375298
1234393684860231683
1234393700316237833
1234393713364721664
1234393714912448519
1234393722713972736
1234393729601069056
1234393743387586565
1234393742137810944
1234393746780848128
1234393769388077056
1234393778049273856
1234393809800159234
1234393815408160769
1234393838849904640
1234393840766730241
1234393840800292864
1234393840741683200
1234393847003852800
1234393847339212800
1234393853572124672
1234393860249440256
1234393868373655554
1234393885645819905
1234393886388367360
1234393894697070592
1234393897545150464
1234393916775878657
1234393939966296065
1234393949449654272
1234393971129929728
1234393971134169088
1234393978444775425
1234393981380943872
1234393982966341633
1234394000812937216
1234394007163129856
1234394007402401797
1234394014561886208
1234394023470624768
1234394029112078341
1234394031695622144
1234394033587458050
1234394044928864256
1234394057612263424
1234394081972957184
1234394108313120769
1234394128206659584
1234394146527297536
1234394162939727874
1234394165728993280
1234394178873942017
1234394196989095936
1234394200872931329
1234394203800526848
1234394204425670656
1234394205100728320
1234394216249212930
1234394217553809408
1234394252383145986
1234394259664433152
1234394271618256901
1234394275921743877
1234394280203915266
1234394280208162816
1234394284947800064
1234394291973189632
1234394301037252608
1234394313443987456
1234394334822191104
1234394343680528384
1234394364421361664
1234394368531890176
1234394375523852288
1234394381370580992
1234394385489387520
1234394389755105280
1234394409673707520
1234394444868116482
1234394447896383488
1234394457413308417
1234394474513494017
1234394474542817281
1234394480473726976
1234394487163670528
1234394494797262848
1234394495309008898
1234394496122511361
1234394497825624064
1234394510278283264
1234394503642931200
1234394534727110656
1234394541282611201
1234394549239328770
1234394568499564544
1234394574375849987
1234394575411859456
1234394579475947521
1234394593422200832
1234394602532032512
1234394603664674817
1234394624900263936
1234394645712367616
1234394662741446656
1234394662833491969
1234394665362702340
1234394669645094913
1234394683985420288
1234394693011677187
1234394695138205698
1234394709197455360
1234394712544432130
1234394712724758528
1234394713479925760
1234394734010994688
1234394734694551552
1234394737903390720
1234394747466215424
1234394792487878658
1234399101053218816
1234399101292351489
1234399108145668096
1234399111312396288
1234399111769665538
1234399129171705856
1234399132510511104
1234399155331579904
1234399174424051712
1234399175527190528
1234399194791784449
1234399196649869312
1234399201473097729
1234399207248859136
1234399233970786304
1234399235283521537
1234399253675618304
1234399254669594627
1234399266484785152
1234399269861216256
1234399279805915136
1234399284839276546
1234399295400341504
1234399296411144192
1234399297250066433
1234399300072816641
1234399301813575682
1234399304397271041
1234399317198278656
1234399323158220801
1234399330968186880
1234399331643424769
1234399342993297408
1234399364107374594
1234399366812704768
1234399371858513920
1234399373515116546
1234399379789950976
1234399379957510144
1234399393488437249
1234399406771720193
1234399423934976000
1234399452405723136
1234399459267792896
1234399477710118912
1234399481334026247
1234399481916870657
1234399492759261185
1234399498413039616
1234399520215195648
1234399526267637760
1234399538489778176
1234399549067792384
1234399553518030849
1234399557225721857
1234399560761585670
1234399565803147266
1234399568604749824
1234399574279643137
1234399577215647744
1234399593229619201
1234399594852868096
1234399597117628419
1234399597352517632
1234399633444605952
1234399637634600961
1234399642302980096
1234399645629079552
1234399650121015297
1234399656014209024
1234399663312105472
1234399666906845190
1234399673617731588
1234399675194707968
1234399686426935296
1234399691275632641
1234399700838543361
1234399704240271360
1234399706953977856
1234399708853850112
1234399724846731264
1234399726121783304
1234399727262797825
1234399754076872704
1234399754718785543
1234399774272606209
1234399778043117568
1234399782170451969
1234399801426374657
1234399842199171072
1234399847706394624
1234399849107410944
1234399870649155584
1234399892543623168
1234399893910949889
1234399909144649728
1234399918661525504
1234399918539800576
1234399928769753088
1234399929390358528
1234399934201253889
1234399935078051840
1234399946683473922
1234399979319382017
1234399979831095296
1234399985166405633
1234399995995942913
1234399996864155654
1234400004338483206
1234400005726797824
1234400009161932800
1234400019945410562
1234400022260854786
1234400039629467648
1234400043802808321
1234400046839484416
1234400050563993600
1234400072609271808
1234400088346116097
1234400092855005184
1234400093345894400
1234400097762512896
1234400104351592448
1234400106788483072
1234400110978588673
1234400113159630848
1234400121577586689
1234400123972505601
1234400126992515073
1234400135532052481
1234400139428556800
1234400141215334401
1234400143530528769
1234400151055159296
1234400176996904961
1234400179136147456
1234400181069574144
1234400181526896640
1234400190833889281
1234400196408283138
1234400206109544448
1234400228855308288
1234400240762937344
1234400246408470528
1234400249248190465
1234400256667701249
1234400258119159808
1234400268739121152
1234400281242165248
1234400287244222464
1234400306458439680
1234400320870141952
1234400322056933376
