1242526722379206656
1242526736505593856
1242526740771213313
1242526740859109376
1242526766247415814
1242526766347870208
1242526778456973318
1242526786942107649
1242526795167129602
1242526807678767106
1242526807808782336
1242526812011298816
1242526824942276609
1242526824980041729
1242526833222000647
1242526832873730048
1242526837382639616
1242526841220538371
1242526845716893704
1242526862275993600
1242526862460571649
1242526871000137729
1242526874846314496
1242526883515756544
1242526904277581824
1242526912855097352
1242526915879145481
1242526925463015424
1242526929451921409
1242526941909078024
1242526958669398016
1242526996560633856
1242527000784523270
1242527004815220736
1242527021843902464
1242527022271750144
1242527022250786816
1242527026243919873
1242527034351464448
1242527038860333056
1242527051648770051
1242527067972894720
1242527072016310273
1242527080723746816
1242527084750213120
1242527084812972032
1242527088738996231
1242527093105229828
1242527109844807680
1242527113988591617
1242527118275174400
1242527118329819143
1242527130954526721
1242527135304220672
1242527151750025222
1242527189352042498
1242527197924978688
1242527202492796929
1242527206619971594
1242527214517866497
1242527222998523909
1242527223074238465
1242527227427926020
1242527231865319424
1242527269425491968
1242527277465899008
1242527281588781056
1242527294528401414
1242527302703071234
1242527323645149192
1242527328028086272
1242527361704382466
1242527365361807360
1242527365500030976
1242527369690259456
1242527382818283520
1242527390791872525
1242527391030919172
1242527391362105344
1242527395476918272
1242527407774588928
1242527416108503040
1242527441005969410
1242527445913407489
1242527453848969218
1242527474606641152
1242527478951956485
1242527483091537920
1242527487344758789
1242527495712378884
1242527504218365953
1242527512548331528
1242527529430286339
1242527529497288705
1242527533590917120
1242527537621807106
1242527546002100225
1242527546027184129
1242527546048237568
1242527562506657796
1242527604738895872
1242527612968284165
1242527613169606658
1242527621667323911
1242527625882603520
1242527655372533761
1242527659306950657
1242527663433977857
1242527667267698689
1242527667737579520
1242527680374980608
1242527680400175108
1242527680584536064
1242527688805330944
1242527701128359939
1242527701396795392
1242527701388398592
1242527713728086019
1242527717989519363
1242527718115291136
1242527722401869828
1242527722443661317
1242527734909358089
1242527738830954498
1242527747286556672
1242527755847098368
1242527764349100033
1242527764290420736
1242527764470738947
1242527780803235842
1242527780778258432
1242527784842510341
1242527785127723012
1242527793134686208
1242527797945368576
1242527802039115779
1242527830597980161
1242527831571042304
1242527839620128778
1242527852265738246
1242527852345655296
1242527843944366082
1242527868850233348
1242527881353453571
1242527881571467264
1242527881470840834
1242527881835790341
1242527885883252742
1242527894011854849
1242527902932946945
1242527906623938561
1242527915243450368
1242527919647404033
1242527927792816131
1242527936139464705
1242527940270645248
1242527944423202826
1242527944544849923
1242527961405947911
1242527965264711682
1242528007534886912
1242528023859138560
1242528027973582848
1242528032931360771
1242528066095775744
1242528082965278722
1242528087297929217
1242528108143616000
1242528125038313473
1242528128980807681
1242528133137543170
1242528133376544773
1242528150141243393
1242528150132793345
1242528150384508928
1242528162354991105
1242528167098712065
1242532553300508672
1242532554332241920
1242532558228926464
1242532566562996224
1242532566483288064
1242532566483288066
1242532570551726081
1242532583411453954
1242532587740057601
1242532591783292930
1242532592039219204
1242532608568971271
1242532612788424706
1242532612884901890
1242532625111289857
1242532625484562433
1242532642177708032
1242532650088202241
1242532654991290368
1242532671194095626
1242532671453949954
1242532684016033794
1242532708670156801
1242532713338408961
1242532713736929281
1242532717637644288
1242532738919473154
1242532742815875075
1242532746788028417
1242532751456251908
1242532755415527427
1242532759320645633
1242532759479844865
1242532763867070464
1242532768086519808
1242532768162201603
1242532776555003906
1242532784779997186
1242532788718440448
1242532797266513923
1242532797274902528
1242532826668584961
1242532834788757505
1242532839054290947
1242532851880546311
1242532860235579397
1242532872818495489
1242532877277028353
1242532885334114309
1242532889503371269
1242532889956417537
1242532889784352769
1242532893597085703
1242532900878286850
1242532915021570048
1242532923036839937
1242532923150123010
1242532923108098056
1242532934831099904
1242532944343900161
1242532961062453249
1242532961133776896
1242532965051179008
1242532965063802881
1242532969211817984
1242533006784573448
1242533011121246208
1242533023586881537
1242533023746146304
1242533028057866240
1242533078464991232
1242533086543446016
1242533086967013378
1242533099260477440
1242533103664586754
1242533112183246848
1242533116465442817
1242533145335005187
1242533154239287296
1242533204134965251
1242533208735879168
1242533211147833345
1242533216411516928
1242533216818532353
1242533221243518983
1242533220048142338
1242533225152430080
1242533241841745920
1242533254357561345
1242533263207358466
1242533267175333893
1242533267359674368
1242533288172048385
1242533300733972492
1242533304592711681
1242533329959817217
1242533334699278337
1242533338356858881
1242533363631771649
1242533367888916482
1242533376399159299
1242533392853471234
1242533392995848192
1242533393151262720
1242533393302077440
1242533413787140097
1242533417893445633
1242533426634375169
1242533434720911360
1242533433974415363
1242533439431008256
1242533447366672385
1242533472494931969
1242533476739375104
1242533476718587905
1242533480552181765
1242533485228761089
1242533485127979009
1242533506544099328
1242533522822307847
1242533539612176387
1242533552337625088
1242533560533254144
1242533560780591104
1242533577574711300
1242533594096111617
1242533615373819904
1242533615411425285
1242533619576389633
1242533619413012480
1242533631966527489
1242533640585859072
1242533678309408768
1242533694784462848
1242533703273725953
1242533707262693378
1242533711553466369
1242533720080494598
1242533728892735489
1242533733049065472
1242533736832552962
1242533749373440007
1242533749604130816
1242533753618137088
1242533753605566464
1242533753597157377
1242533765613793281
1242533766620426240
1242533770789560324
1242533783175380995
1242533783192178690
1242533795770834952
1242533799776399360
1242533804331470857
1242533816792756227
1242533829149147137
1242533862531571712
1242533875261353991
1242533878360924162
1242533879610826753
1242533893024161792
1242533904742928387
1242533921524457473
1242533921553879047
1242533933939658753
1242538220577054722
1242538224481972239
1242538241380823040
1242538246170652673
1242538249731670016
1242538258401095680
1242538266764738561
1242538274935189507
1242538274985586690
1242538279209033728
1242538279276359680
1242538296020000768
1242538325317234689
1242538333273821188
1242538342358454275
1242538350898229248
1242538358871638018
1242538363418300417
1242538363409891334
1242538384272343042
1242538396855209987
1242538401024208896
1242538409345851394
1242538417902235651
1242538434733805568
1242538442896130050
1242538451335024652
1242538459585220619
1242538463951372289
1242538468024233989
1242538480422604805
1242538514341924864
1242538518448136193
1242538530666090499
1242538543530020864
1242538547720196097
1242538560219201536
1242538581312372736
1242538581559840769
1242538598148255753
1242538602460057603
1242538615013609472
1242538627718053889
1242538631463649280
1242538635444051970
1242538648341491712
1242538652586184705
1242538673217953792
1242538677944946689
1242538681962885120
1242538690225766401
1242538699029712896
1242538707099553793
1242538707032387589
1242538719451758592
1242538723885146112
1242538724040290311
1242538724015161345
1242538728113033218
1242538736396775427
1242538740494536706
1242538753148760067
1242538757275840512
1242538761193431044
1242538778276687872
1242538790801092608
1242538799512440832
1242538811889872896
1242538816176619520
1242538832949477376
1242538832790261762
1242538833197088768
1242538837341097984
1242538837475119105
1242538837395595267
1242538862292934656
1242538866550157314
1242538879309074432
1242538883319042048
1242538883486814210
1242538896124076032
1242538900024963072
1242538900469383170
1242538908065333249
1242538908254187537
1242538908627451906
1242538916932210688
1242538925027201026
1242538937878544392
1242538946371956738
1242538950415257602
1242538953674285058
1242538959105708032
1242538967079280642
1242538967326773248
1242538967381282816
1242538975534952450
1242538979184070657
1242538979561439232
1242538979850846211
1242538988130320385
1242538996661514240
1242539013183082497
1242539021273911297
1242539025380106240
1242539038650716160
1242539042522234880
1242539042589286408
1242539046687178760
1242539055226556416
1242539063732666368
1242539063887810560
1242539067750973444
1242539071878111240
1242539088558817280
1242539088726700032
1242539101657718785
1242539101737418752
1242539122280947712
1242539130673942538
1242539130875252742
1242539134788546566
1242539139171483648
1242539143533559813
1242539147409141761
1242539151683092481
1242539151561560065
1242539160184987650
1242539160302424065
1242539185061474306
1242539188987269124
1242539189557657602
1242539206037176321
1242539214429921286
1242539227432325121
1242539239608406018
1242539239763513345
1242539244117204992
1242539252623134721
1242539260655403016
1242539260844085251
1242539264937570304
1242539273242501120
1242539277667520519
1242539281798889477
1242539281970839555
1242539285934477315
1242539286089609216
1242539290200084486
1242539294415360001
1242539298517405702
1242539302875279360
1242539307203588096
1242539310571827201
1242539315160383489
1242539323477688326
1242539328083025921
1242539357518663680
1242539365877891072
1242539369967296513
1242539386677444614
1242539407694893056
1242539407640576001
1242539416092114950
1242539445410304007
1242539461919092736
1242539474678173696
1242539474556538881
1242539499793629184
1242539524841930753
1242539554508140545
1242539571306475520
1242539587769114624
1242539600331116544
1242539608866533378
1242539612968345600
1242539612955951114
1242539617146081282
1242539617427087362
1242539629800239105
1242539646640406528
1242539646707535874
1242539667611947009
