1236003625018642432
1236003629632573443
1236003630525878274
1236003633277349888
1236003638193139718
1236003639199698944
1236003642370637825
1236003646896328705
1236003651749138434
1236003655997886467
1236003660250963972
1236003671315558400
1236003702609039362
1236003705947934721
1236003746536022017
1236003754803163140
1236003764240183296
1236003764756189187
1236003773425815552
1236003773497016321
1236003797870272512
1236003801770967042
1236003819936452608
1236003822520188928
1236003827137970176
1236003828224360453
1236003847509860352
1236003851221655552
1236003853126033408
1236003864199000064
1236003872956715009
1236003897535270914
1236003898323804161
1236008281539112961
1236008301625626624
1236008303035105285
1236008305711034368
1236008314200354816
1236008314783363074
1236008327798231040
1236008329018781698
1236008362292076544
1236008364708110338
1236008378192850945
1236008379086225415
1236008382886100993
1236008387441242112
1236008390591156224
1236008394345062400
1236008398346469376
1236008399508320257
1236008403518058497
1236008412615528449
1236008419213160448
1236008424309174275
1236008429136670720
1236008433998053376
1236008440650248197
1236008454432702464
1236008462359855104
1236008470199091201
1236008478638030849
1236008498435100672
1236008504080490501
1236008504160391169
1236008516252585984
1236008517120724992
1236008520652165120
1236008522007052288
1236008526037880833
1236008530454298627
1236008544874479616
1236008550217863168
1236008591842136064
1236008596049018880
1236008596971892738
1236008599631130632
1236008599513640961
1236008611928772610
1236008639347019776
1236008677032615936
1236008685085904896
1236008718266966019
1236008718707417088
1236008718765973505
1236008722192912384
1236008722742341633
1236008725799931904
1236008730518597636
1236008742539464706
1236008748130480128
1236008748503543808
1236008750319689728
1236008760855818240
1236008768107958272
1236008771668905984
1236008831618109440
1236008842867159040
1236008846830825472
1236008847787114496
1236008848382513153
1236008864727699456
1236008878661386240
1236008881999851521
1236008895841099776
1236008897212829696
1236008898173095936
1236008883061059585
1236008915646767104
1236008915680350208
1236008924245045249
1236008931115364353
1236008931115372545
1236008931383623680
1236008940875505671
1236008945422131200
1236008953131290624
1236008976623562753
1236008981711081472
1236008990796132352
1236008995137171457
1236008999797043202
1236009006251954176
1236009020592283648
1236009023402582016
1236009075768508416
1236009077723013121
1236009081686671360
1236009086761594881
1236009087134920704
1236009098799390727
1236009099348905991
1236009108270170122
1236009117510139906
1236009120588861441
1236009129073876992
1236009134018854912
1236009145649770504
1236009145645621254
1236009153421873158
1236009179610927105
1236009182316367880
1236009196686110721
1236009199928102912
1236009204898557952
1236009209478737922
1236009226046189570
1236009228915085312
1236009229330403331
1236009233122037762
1236009233562447872
1236009234199752704
1236009262905782272
1236009268366712839
1236009283227193346
1236009287513567234
1236009287585017861
1236009299882766339
1236009312918605831
1236009313702825984
1236009314097250308
1236009316286640128
1236009316852862979
1236009324998209541
1236009341725151234
1236009342744182784
1236009343360716800
1236009363669688322
1236009369646612484
1236009376114036736
1236009380916727813
1236009387946369028
1236009402852708352
1236009402085380097
1236009415414820872
1236009418334052354
1236009423010779136
1236009430115930113
1236009430199738373
1236009434440073216
1236009435861942273
1236009434939342848
1236009451095654400
1236009452840550402
1236009468133072899
1236009514840793093
1236009515767623680
1236009530963537920
1236009532414976000
1236009540556070913
1236009548642566144
1236009533992062977
1236009549833875456
1236009553793183744
1236009556674781185
1236009576702468096
1236009578569097221
1236009602707316737
1236009602761633792
1236009606532526082
1236009607069339653
1236009615629959168
1236009615902601218
1236009616447655936
1236009616590262272
1236009627487256578
1236009640435109889
1236009643744333826
1236009644339888130
1236009654490030080
1236009707493568513
1236009707392942081
1236009708814774272
1236009711062769664
1236009711302062080
1236009736912453632
1236009741115109376
1236014020408356871
1236014023218466817
1236014024216604672
1236014037386878978
1236014041077858304
1236014043632148486
1236014043741159424
1236014053266518017
1236014069083070464
1236014070354100226
1236014074380591104
1236014099106017281
1236014103069679618
1236014104021733376
1236014104470597643
1236014115396759558
1236014133922983938
1236014141594271744
1236014148846342144
1236014150062608388
1236014166152040448
1236014186917957637
1236014192437518338
1236014200331239424
1236014212889096193
1236014232497516544
1236014242681282560
1236014244925026304
1236014253888491522
1236014279171719170
1236014284368302085
1236014284544659463
1236014286905970695
1236014295814729728
1236014300096946176
1236014300180905987
1236014301720297472
1236014303951626241
1236014316291272705
1236014330937774080
1236014334402105344
1236014342463684608
1236014363967991809
1236014375212900352
1236014380598177792
1236014406934253574
1236014409434062848
1236014410239365120
1236014409979506726
1236014425829707776
1236014435870924800
1236014438798503936
1236014442023972864
1236014447275229185
1236014447681921026
1236014451054096384
1236014455328305152
1236014473191751680
1236014476736028678
1236014484948475905
1236014485799931904
1236014502367449089
1236014509594034176
1236014513641701376
1236014518670626816
1236014521648640007
1236014523229687808
1236014534491623424
1236014543232524289
1236014548362067970
1236014551897907201
1236014560718581761
1236014562501156869
1236014590540029958
1236014597779451906
1236014603961856000
1236014614623604736
1236014645992923136
1236014665001570304
1236014714624278529
1236014728578621440
1236014735683997700
1236014745033084928
1236014746265997312
1236014774636462082
1236014794873978880
1236014796065173504
1236014808106962950
1236014813005799427
1236014820035526657
1236014820782157824
1236014845109010433
1236014857566240770
1236014874125365248
1236014891250548736
1236014897772793858
1236014899240882181
1236014916168900608
1236014920967139328
1236014924545081344
1236014934636494848
1236014966685253633
1236014988042686465
1236015001732702208
1236015009269874688
1236015017868357632
1236015031742918656
1236015052253212678
1236015056485322761
1236015059350048768
1236015084024893440
1236015088672428032
1236015089121218560
1236015089720967170
1236015097224495104
1236015100823244801
1236015119458373632
1236015147443015680
1236015148550193153
1236015163372974080
1236015174500454403
1236015190069727232
1236015193878147075
1236015231245201415
1236015239776186368
1236015256176136195
1236015282910572544
1236015290762366978
1236015297594822657
1236015310315982848
1236015316632813571
1236015321229770755
1236015323578617857
1236015327302922240
1236015333472980998
1236015336664727552
1236015348316545025
1236015350057259008
1236015353379119104
1236015368977645570
1236015377487888384
1236015381644443649
1236015382206562305
1236015391018795015
1236015403006128130
1236015433087512576
1236015440398344192
1236015458156871680
1236015462867243009
1236015473822588928
1236015474451849223
1236015475928313856
1236015492051202054
1236015499479314432
1236015521579110404
1236015526859730944
1236018257682984960
1236017958196883461
1236017947987955712
1236017424136318979
1236016949202542592
1236016915627335680
1236016496410800129
1236016452538224641
1236015527325249538
1236015252224929792
1236013556266455040
1236013059040215041
1236011860211744770
1236011302520160256
1236010628571164680
1236008069840007169
1236007754566778881
1236007676498382848
1236007549142474754
1236007047541526529
1236005650842427393
1236004633916645377
