1238223241975607300
1238223246543257606
1238223250615758848
1238223254562709506
1238223258782257155
1238223275819282433
1238223275727237122
1238223284145029121
1238223284405231618
1238223284476555268
1238223288192471040
1238223298854391809
1238223309159968769
1238223326205472768
1238223330240577536
1238223330177454081
1238223334380204032
1238223334514425856
1238223342760583169
1238223363736252417
1238223372170952704
1238223385013911555
1238223397252988928
1238223430807322624
1238223430614421505
1238223443465822210
1238223447769006081
1238223447718797317
1238223455813865483
1238223460301778945
1238223468644179968
1238223477053829121
1238223481474551811
1238223502009917440
1238223510599864320
1238223527586729984
1238223544238014466
1238223548340146176
1238223548386328576
1238223569454325766
1238223573686407168
1238223590362730496
1238223611179208704
1238223615465639938
1238223615738482696
1238223632545054732
1238223636403752962
1238223636584153088
1238223640828743681
1238223661615796225
1238223661628370950
1238223674194477056
1238223687112941578
1238223690912784384
1238223695140794371
1238223699607801858
1238223699611967494
1238223711855050756
1238223716145713152
1238223720440664064
1238223724547096577
1238223753592500224
1238223754028888066
1238223766716592128
1238223770835394564
1238223804243021824
1238223825478828036
1238223829509517315
1238223842063126533
1238223842318913536
1238223858626371587
1238223858840240129
1238223867010789380
1238223879845203968
1238223917438902272
1238223921612230663
1238223921335410688
1238223921855508480
1238223925898862595
1238223925655375872
1238223934329434112
1238223947134423040
1238223950611730435
1238223963605684228
1238223972086530060
1238224005682712577
1238224013886918659
1238224017322057730
1238224018085425153
1238224026448859136
1238224038645940224
1238224043326631936
1238224043653783553
1238224060418383872
1238224064172482565
1238224064138874880
1238224064117977094
1238224068773646339
1238228338432307200
1238228346628116486
1238228359420743680
1238228367570276352
1238228371969982464
1238228380396294144
1238228392752959491
1238228392857796611
1238228401439125505
1238228405373591553
1238228409450467328
1238228422100475905
1238228434549161986
1238228443151708162
1238228468208369664
1238228480896237568
1238228485266497536
1238228531164954625
1238228539586953216
1238228543408087042
1238228581370728449
1238228581739888642
1238228581752418304
1238228594024996867
1238228606813384705
1238228606595272706
1238228610919563267
1238228648710352897
1238228652711645184
1238228652933824513
1238228660404002823
1238228686295437313
1238228686303830016
1238228690531540994
1238228719895851008
1238228728544735238
1238228732206292992
1238228745305153539
1238228749495091201
1238228749579141120
1238228753416884225
1238228766280867840
1238228770160553986
1238228774292000768
1238228774254247937
1238228787109732352
1238228791249362944
1238228799575265282
1238228816381739008
1238228820441825286
1238228820395687936
1238228820513001473
1238228824829177856
1238228828910170114
1238228858412789761
1238228866847707136
1238228887709945856
1238228891959001088
1238228895998107650
1238228900423090176
1238228912884367361
1238228917078679555
1238228925618290690
1238228929795809281
1238228933834944512
1238228938050146305
1238228946572980226
1238228950578614274
1238228958988156928
1238228963216044033
1238228963245375488
1238228988402774016
1238228996875313153
1238229001258315779
1238229009294655489
1238229013644152832
1238229022221443072
1238229026042531840
1238229030215786505
1238229042639372289
1238229042983305224
1238229047290847233
1238229055381680128
1238229059789881349
1238229068203667456
1238229068270706688
1238229076420243457
1238229076416045061
1238229080455155712
1238229093188907009
1238229106115981313
1238229114345185283
1238229126797983751
1238229127011991553
1238229135211802636
1238229143470383107
1238229147756957698
1238229147866062848
1238229152014180361
1238229155260571649
1238229181059784704
1238229189582557186
1238229189565845505
1238229189599178754
1238229193831350272
1238229210704916480
1238229210776457235
1238229210910556161
1238229223317397506
1238229227390087169
1238229240006541312
1238229240249794566
1238229244259569666
1238229248156057603
1238229248260931592
1238229286403944449
1238229290162020352
1238229298651283457
1238229324198744068
1238229328128872448
1238229328195919872
1238229361821716480
1238229365835493376
1238229378422669315
1238229382646431744
1238229403580026880
1238229407598284800
1238229412132208640
1238229420441206784
1238229433049284611
1238229441492455424
1238229462224900099
1238229462342393860
1238229466540920832
1238229466599456768
1238229479048306689
1238229479010467849
1238229487348637696
1238229491589115904
1238229491681353729
1238229492008726529
1238229504151126016
1238229517115809797
1238229521104601089
1238229521268191237
1238229525105905667
1238229525353377792
1238229529396641793
1238229533616193536
1238229533431644163
1238229533540655106
1238229541736321029
1238229546010361859
1238229558815490049
1238229583872307200
1238229596618788864
1238229605204492289
1238229613341552640
1238229621474316291
1238229630143860743
1238229630148116486
1238229651224395781
1238229663530586113
1238229667087294466
1238229688989990912
1238229693121343488
1238229693201088513
1238229697147940868
1238229718203355137
1238229726428303366
1238229755553513473
1238229759995154432
1238229760158949376
1238229764562980865
1238229768601993217
1238229776944553988
1238229781168168960
1238229789347123200
1238229789120630786
1238229797857382400
1238229798092062720
1238229801896497152
1238229801711927303
1238229814756155393
1238229822947672065
1238229827188068353
1238229831617142784
1238229835970985984
1238229839980576768
1238229848323211264
1238229848289656832
1238229848377696256
1238234126534262785
1238234134830596097
1238234143093227521
1238234155730731009
1238234172575137792
1238234205974179841
1238234206372630529
1238234210139287553
1238234214186745857
1238234214505394176
1238234222789382144
1238234231450537986
1238234277269123074
1238234277298528259
1238234277193678849
1238234277499801612
1238234281664626694
1238234289969471490
1238234294243467269
1238234298353844224
1238234315063988225
1238234327768600577
1238234344516399108
1238234348853301248
1238234365479530498
1238234394969509888
1238234415999967238
1238234419808342018
1238234424241795072
1238234436807909380
1238234441031483392
1238234461902258176
1238234466121891840
1238234466339950592
1238234470353952775
1238234491434471427
1238234512137617408
1238234516424142853
1238234520903544832
1238234529028100096
1238234529137070083
1238234541568995328
1238234545855422464
1238234550221881346
1238234558081966081
1238234570870456322
1238234587844747264
1238234592139784193
1238234604655566848
1238234612742205440
1238234617217417217
1238234617477562374
1238234625237037056
1238234629817225218
1238234633923375106
1238234642446245888
1238234650444775424
1238234654848831488
1238234663404986368
1238234680391946243
1238234684263284737
1238234705218191360
1238234709366358018
1238234713262874630
1238234717922775040
1238234722104418305
1238234730576871435
1238234738835566592
1238234763934212098
1238234789443801090
1238234797299941387
1238234797635330048
1238234806007164928
1238234806137298944
1238234806166548480
1238234810117742598
1238234852044025858
1238234868850491395
1238234873074257929
1238234889876582400
1238234902333730816
1238234906452471812
1238234919060615170
1238234923271675906
1238234927478554624
1238234944087953409
1238234948617883654
1238234965361545228
1238234969421594624
1238234973657677824
1238234994566410242
1238234998941106178
1238234998748127233
1238235007187124224
1238235024153096192
1238235045145477120
1238235049402777608
1238235049360871432
1238235053693579264
1238235061624995841
1238235065831903233
1238235065726824448
1238235078452482061
1238235082831233025
1238235107917365249
1238235111960776704
1238235120269701120
1238235124422057986
1238235128910012419
1238235141555867649
1238235166780329984
1238235171054186496
1238235174892195841
1238235208467406848
1238235225379016706
1238235225538379776
1238235229371764736
1238235229543976961
1238235242139451392
1238235242143588354
1238235242277806082
1238235250590920704
1238235254705381376
1238235254831357952
1238235258778202113
1238235259155517440
1238235280156626945
1238235288364777475
1238235292613500928
1238235305175470081
1238235313476075521
1238235317871640576
1238235321680236544
1238235334539804672
1238235347051520001
1238235351216345090
1238235363652407296
1238235363484852225
1238235363837194246
1238235422263857155
1238235447660285953
1238235451795877894
1238235464664068099
1238235464668233731
1238235468522639360
1238235502156759041
1238235510402932736
1238235531399639041
1238235535681785856
1238235543894396932
1238235556787687425
1238235564949856258
1238235573502070787
1238235594557440002
1238235611254972417
1238235615382118403
1238235619492384768
1238235627994447872
1238235628287885312
