1235839050633732096
1235839055188750338
1235839057558568962
1235839057743065088
1235839060557488128
1235839061744447489
1235839061929017344
1235839062499450880
1235839065502580737
1235839087690387457
1235839112835256320
1235839121886609412
1235839122045992964
1235839129440534530
1235839130019348486
1235839135987822594
1235839146721030144
1235839153692012544
1235839156472823808
1235839158389592065
1235839158892892160
1235839177637298177
1235839219177684992
1235839223208357889
1235839233786400770
1235839251570257921
1235839252052602880
1235839255089274883
1235839275138076673
1235839285061767168
1235839289671311367
1235839292817018880
1235839300370984960
1235839307291586560
1235839282188697600
1235839323494158337
1235839339797438464
1235839351507935233
1235839378515099650
1235839398068932609
1235839401575342080
1235839414804217856
1235839424593670144
1235839424866340864
1235839428221788160
1235839438808203266
1235839448413175808
1235839453400150017
1235839456654970881
1235839459066646529
1235839461415473152
1235839478553399297
1235839481141284864
1235839481296515073
1235839484601593856
1235839487508283392
1235839488095477762
1235839500179275779
1235839521243058177
1235839525638660098
1235839541342171136
1235839569435611144
1235839575613788163
1235839583796903936
1235839592839798790
1235839594391732225
1235839604294443009
1235839610275520515
1235839637433638912
1235839641892184064
1235839658258395138
1235839663719366656
1235839678323904513
1235839679582179331
1235839696325865473
1235839725681819648
1235839746468769793
1235839749501276162
1235839749639688194
1235839767226355712
1235839769378078727
1235839773819858945
1235839792471920647
1235839801204465664
1235839813128876036
1235839832351367168
1235839845848645633
1235839860746809350
1235839868632068099
1235839880447414279
1235839880392925184
1235839882389381123
1235839902408790023
1235839909375569923
1235839911636262913
1235839918384877573
1235839923007016960
1235839930108006401
1235839935472521216
1235839953193463808
1235839955047288832
1235839966585827329
1235839997372010499
1235840003135045632
1235840012643471363
1235840012580601856
1235840014614802438
1235840029395578881
1235840033740845056
1235840035032711172
1235840047909232640
1235840048446050304
1235840072852766721
1235840073246978050
1235840074270425088
1235840090733031427
1235840094310789121
1235840116305719296
1235840119594074114
1235840128192405506
1235840129492639746
1235840135490502656
1235840140431384576
1235840147138076672
1235840164791902208
1235840182944813056
1235840210962771970
1235840224418074625
1235840226838241282
1235840234811621376
1235840237089067009
1235840252402520064
1235840279065669636
1235840283683598337
1235840288557432832
1235840294186143744
1235840302880976899
1235840306760671234
1235840316705345536
1235840330928287747
1235840340428345345
1235840345943887873
1235840349945229312
1235840355423027201
1235840353799815168
1235840367712301058
1235840376117669888
1235840380349734912
1235840383671664642
1235840392710344705
1235840401417752577
1235840433663512576
1235840434212966401
1235840439623639045
1235840443620798464
1235840446829449222
1235840456820314113
1235840460645494792
1235840469570957313
1235840479939317762
1235840486033616902
1235840526315741186
1235840528500928512
1235840538777010176
1235840543705329665
1235840547165626368
1235840553222156289
1235840560696451073
1235840570137825280
1235840574856421376
1235840585023361024
1235840591868481536
1235840592896077827
1235840618766594050
1235840635191439360
1235840643072528385
1235845036073316355
1235845044516478977
1235845045011369986
1235845046122844160
1235845054154944512
1235845055614615553
1235845057955028992
1235845077076824065
1235845085087985666
1235845116968849410
1235845119183470593
1235845128218005506
1235845129157529601
1235845136367542272
1235845147385978881
1235845149713788930
1235845159205519361
1235845160543510528
1235845161998925824
1235845186673995776
1235845192134979584
1235845198640377856
1235845200838156289
1235845216487084033
1235845229158084610
1235845234442956800
1235845239845187587
1235845254802104323
1235845256618192896
1235845303292399616
1235845304336842753
1235845305267924992
1235845312255676416
1235845314038214657
1235845337056604163
1235845341095706628
1235845348800614400
1235845354051928064
1235845358023929856
1235845365615607808
1235845394770178049
1235845404253548544
1235845404932984832
1235845408301002753
1235845415515213824
1235845422603587584
1235845425434783747
1235845428018470912
1235845429553582080
1235845446813147138
1235845467067408386
1235845479700676609
1235845482695426050
1235845487283933185
1235845501657862144
1235845508742041600
1235845520414801920
1235845527842910210
1235845534935441408
1235845539427577864
1235845540174114819
1235845541071687680
1235845544578142208
1235845546167775233
1235845555386871811
1235845571081957377
1235845572394811392
1235845572268937217
1235845572730347525
1235845583962689540
1235845595446669312
1235845596214222849
1235845605114560513
1235845622244098050
1235845633862320128
1235845634780852226
1235845640300531712
1235845659317567488
1235845666045190146
1235845666284269569
1235845667840348160
1235845672118571013
1235845684709830659
1235845695220801536
1235845699578687488
1235845723318444033
1235845727080689665
1235845732025827329
1235845736379473920
1235845744650620928
1235845745548263424
1235845764804308992
1235845780901998592
1235845784857280514
1235845786409111552
1235845793451372545
1235845797675036675
1235845799210147841
1235845800350994432
1235845802175516672
1235845814112505857
1235845831598567425
1235845832970129408
1235845841132195841
1235845841878790144
1235845843674001409
1235845843627851777
1235845855334133760
1235845862682587137
1235845867573145604
1235845879858257920
1235845887689027589
1235845898606796800
1235845909038039040
1235845911265206272
1235845937211166721
1235845946719621120
1235845951366893569
1235845961156423680
1235845976939626499
1235845978726395904
1235845982136352770
1235845983226843143
1235845985286238210
1235845994413088769
1235845994668896260
1235845997890174976
1235845998523502594
1235846020765892608
1235846020744921088
1235846021210492928
1235846031998255106
1235846037597605890
1235846039858364419
1235846062507618314
1235846061391929345
1235846080161394692
1235846098268250114
1235846112411435009
1235846118556094465
1235846120347013123
1235846121043288064
1235846130975432705
1235846138722267140
1235846138957164547
1235846146926370820
1235846158276165633
1235846169143599105
1235846177980997634
1235846182066245634
1235846189490163715
1235846201854967809
1235846210415554564
1235846210600095745
1235846212730773507
1235846215272509441
1235846215671009280
1235846220532178954
1235846228056793089
1235846237091323904
1235846242262867969
1235846242573283328
1235846243047243778
1235846252484415489
1235846269165113346
1235846275804704769
1235846287406194688
1235846300391723009
1235846309732438016
1235846321904340996
1235846321942097920
1235846372533735425
1235846389826850818
1235846394264469509
1235846406578954241
1235846416301297665
1235846439751651329
1235846447146270721
1235846447221727232
1235846451390889990
1235846453039263744
1235846461037789185
1235846464816828417
1235846469166305282
1235846471934607360
1235846478985187333
1235846483909341184
1235846488065896455
1235846499247898626
1235846502985027584
1235846504004251650
1235846512061501440
1235846519623798784
1235846524283707392
1235846544420564992
1235846544835796994
1235846554063237121
1235846575668072448
1235846580424429570
1235846595372965888
1235846595750457346
1235846599965675520
1235846620513632258
1235846624863121408
1235851125993009152
1235851129512054784
1235851133551165446
1235851143286124544
1235851151548895232
1235851176513421312
1235851182632919040
1235851187154345985
1235851187569610753
1235851193600987136
1235851201826000896
1235851206439788544
1235851210587947010
1235851231165206528
1235851242598891521
1235851243546767361
1235851249628504066
1235851252707155968
1235851256653991941
1235851263004164096
1235851268217663490
1235851271073968128
1235851287905751040
1235851288773967879
1235851300216004609
1235851300354412545
1235851305194680322
1235851311997784066
1235851325847437314
1235851326568845314
1235851328661798913
1235851352053448705
1235851358244179969
1235851361398513664
1235851371674349569
1235851382004965377
1235851384827699200
1235851435155185666
1235851442625232899
1235851444336484352
1235851452838318086
1235851456294445058
1235851466314678274
1235851468793507843
1235851477333073930
1235851477702176771
1235851493581803521
1235851496735903745
1235851504403148803
1235851505405587459
1235851507125219329
1235851516734353409
1235851519435522048
1235851523327815680
1235851525865345025
1235851527115272194
1235851540503486464
1235851540935528448
1235851552251711488
1235851579338543110
1235851594370936837
1235851598741397504
1235851604588257280
1235851605917876225
1235851609617227779
1235851644065087493
1235851660133453826
1235851673244856320
1235851683105669122
1235851692794466304
1235851697265598465
1235851721433219075
1235851727808561152
1235851734552956932
1235851738336260096
1235851738709516290
1235851740450148352
1235851755339960320
1235851762608664577
1235851763938234368
1235851812445368323
1235851815532425221
1235851822960525313
1235851834171899909
1235851844192092162
1235851845790121984
1235851862642810880
1235851870041567233
1235851889658359809
1235851949141938178
1235851951335591938
1235851954674225153
1235851963729735681
1235851964522491914
1235851965025771521
1235851968242843657
1235851973812879360
1235851982419574785
1235851984550289409
1235851987284979715
1235852010211037185
1235852023305621505
1235852030473715715
1235852043824201729
1235852044558151683
1235852048609865729
1235852060739825665
1235852065684869120
1235852070734848000
1235852083904909313
1235852091224027138
1235852098887012352
1235852109582495745
1235852129488625669
1235852137868873728
1235852142415474689
1235852144294514688
1235852149663223809
1235852160866246656
1235852166599852032
1235852175084908544
1235852183666429953
1235852184719208450
1235852190280896512
1235852208702287877
1235852210279288834
1235852218961498113
1235852224850317313
1235852228218388491
1235852235461939202
1235852238158872577
1235852254227267587
1235852277304266754
1235852298699427841
1235852301924847616
1235852322804121601
1235852324209221632
1235852377648816128
1235852385819357184
1235852399069122560
1235852401959034881
1235852414965563393
1235852435316281344
1235852449736323074
1235852462495428609
1235852473648041984
1235852476156235783
1235852495772995591
1235852514043392000
1235852518799708160
1235852519252738048
1235852520469065730
1235852535509876736
1235852547392335872
1235852552861659136
1235852560549871617
1235852570129608710
1235852581693313024
1235852586705498112
1235852605030420481
1235852608704671745
1235852611695161345
1235852612278214657
1235852614132088835
1235852614471802881
1235852194491977728
1235850655937384450
1235850300239446018
1235849741491032065
1235848458054955011
1235847347810086912
1235845117585440769
1235844752815218689
1235844300379807754
1235843279196839937
1235842227718385666
1235842196600811521
1235841634719264769
1235841467689525253
1235841272838942721
1235839209090342914
1235839104157241344
1235838780319252480
