1244037769334345730
1244037772593098753
1244037772962390017
1244037789521510402
1244037789504733184
1244037797629038596
1244037801676505090
1244037818520727552
1244037826674647048
1244037831154192385
1244037839668609025
1244037844060065795
1244037856915591170
1244037881850724352
1244037886200049664
1244037890029408258
1244037893938651144
1244037902172073985
1244037919100350464
1244037919020589059
1244037957239148544
1244037961341112320
1244037965220851719
1244037965493436417
1244037973915701252
1244037981968560128
1244037986523787278
1244038003531579394
1244038011416907776
1244038024452689920
1244038028139597826
1244038032401063941
1244038041175375873
1244038057629814787
1244038069323530240
1244038070254686209
1244038074289606656
1244038074755055617
1244038078752264194
1244038083219091456
1244038137229316096
1244038141675069440
1244038146347671554
1244038162420248578
1244038162554511361
1244038166652375040
1244038166769733633
1244038196511404032
1244038204313001984
1244038208989679624
1244038221123792897
1244038221467504640
1244038225431322630
1244038225724936194
1244038233941512193
1244038238257512449
1244038242011353090
1244038246440394753
1244038251066863621
1244038271606370307
1244038284176756736
1244038284445208588
1244038296604467201
1244038300635185156
1244038301218152450
1244038301247389696
1244038321564762112
1244038326165934082
1244038326404788224
1244038334206357509
1244038364413779968
1244038368326873088
1244038376380084227
1244038384923947010
1244038385150418944
1244038388778438659
1244038393031516161
1244038393576783872
1244038397552816129
1244038401776652293
1244038409863278592
1244038414107738112
1244038431308681217
1244038435482017794
1244038443589459968
1244038443744854017
1244038447549071360
1244038447737851911
1244038460639522816
1244038464871563265
1244038472999948288
1244038481254506496
1244038481472622592
1244038485318569986
1244038485385908224
1244038502267969536
1244038506202238977
1244038536061427712
1244038539857231872
1244038552595443716
1244038560811974657
1244038561101262848
1244038565333368832
1244038565534806023
1244038569435545600
1244038573642268672
1244038586682544129
1244038598481100800
1244038598187454465
1244038602809421825
1244038606932541440
1244038615576895488
1244038623512559616
1244038632157003776
1244038644735922176
1244038649320259588
1244038678202200069
1244038682400763904
1244038687198818304
1244038690814300160
1244038694887186432
1244038699500867584
1244038700184543232
1244038703602941953
1244038720426254338
1244038720447275011
1244038724964491271
1244038729276067841
1244038732967227393
1244038733143461888
1244038740982599681
1244038750100959232
1244038762029633537
1244038795969933314
1244038800415895555
1244038820791803905
1244038837560659972
1244038842358759424
1244038842421739520
1244038850143535115
1244038850344869890
1244038888030490626
1244038892577157120
1244038900957544449
1244038908788314118
1244038921664835586
1244038921824206856
1244038925951422470
1244038925989134337
1244038930015694855
1244038930451685377
1244038955307167744
1244038971715395584
1244038972084555779
1244038989105041411
1244039022793699330
1244039030469210112
1244039030800625671
1244039035095523328
1244039039482834946
1244039051855958016
1244039051906179073
1244039055672840194
1244039059934048256
1244039064019521543
1244039065583812608
1244039072781385728
1244039072680685569
1244039093517942784
1244039110534316032
1244039118817918976
1244039119258497025
1244039123444400130
1244039131879088129
1244039135322669057
1244039156587585536
1244039165131489286
1244039165018284038
1244039169686593540
1244043472874557440
1244043476867649536
1244043485616975873
1244043489127682052
1244043489572159490
1244043501760909314
1244043506269794312
1244043510195552262
1244043526880411648
1244043560636293120
1244043572590055424
1244043573454143488
1244043577912709120
1244043581695893509
1244043582110961664
1244043593838284801
1244043594501107712
1244043598385078273
1244043615136960514
1244043619306106880
1244043628261134339
1244043635970019328
1244043636188180480
1244043644635680768
1244043656895447040
1244043661412904961
1244043661752643584
1244043665351180288
1244043695080509442
1244043699182501888
1244043699153022977
1244043699346190338
1244043703020187649
1244043702911238144
1244043703519449095
1244043707625717761
1244043711731970053
1244043720300904450
1244043724444905473
1244043740790095875
1244043757848162304
1244043758079021059
1244043770200330240
1244043770271858688
1244043774805893121
1244043778744365056
1244043783337099268
1244043795857059848
1244043799497601024
1244043807823462402
1244043807949312001
1244043816744546305
1244043820540375040
1244043820800430080
1244043824340652033
1244043824873312256
1244043825212841984
1244043828853501952
1244043829495451648
1244043833572241413
1244043846033584131
1244043862328463361
1244043866820370432
1244043875129360387
1244043917370236929
1244043915751284737
1244043926010560512
1244043929898680323
1244043934139113473
1244043938220118027
1244043954716278791
1244043955140022279
1244043967366340608
1244043971866832899
1244043988908290048
1244044001239498752
1244044013373620225
1244044026392739847
1244044030532599813
1244044034504421376
1244044042817634305
1244044042951942144
1244044043501178881
1244044047301455880
1244044055652077568
1244044080818147328
1244044088912969728
1244044106218631168
1244044106298351617
1244044114418708481
1244044127215529985
1244044131044900869
1244044131287969792
1244044131460091906
1244044139726954496
1244044143699034112
1244044168466399235
1244044168911036418
1244044169036742657
1244044172778225664
1244044177563942912
1244044181313642501
1244044197872701442
1244044198493466627
1244044198686400513
1244044198799523840
1244044206152101888
1244044215048380422
1244044219062214662
1244044235654852609
1244044248871206914
1244044261361774593
1244044261378539520
1244044265463975938
1244044281721036803
1244044286099931139
1244044294870020096
1244044303111819265
1244044307528650752
1244044319847321600
1244044323743846400
1244044336397983745
1244044340726554626
1244044348980895744
1244044349370966019
1244044357042237440
1244044370178985991
1244044374067105793
1244044382531203075
1244044382761705472
1244044408170991619
1244044420875460609
1244044432749387776
1244044433320038407
1244044436079816705
1244044445567213569
1244044454220173312
1244044458598989824
1244044470691213312
1244044470804504579
1244044491511582720
1244044491524202499
1244044504857862149
1244044508553248770
1244044517382160385
1244044554682142723
1244044554984140801
1244044567063793665
1244044567676100608
1244044579759886336
1244044580015738880
1244044583962578946
1244044592690786304
1244044596390354947
1244044589247410176
1244044600899182594
1244044604669865984
1244044613268078592
1244044664006561792
1244044672022036480
1244044688597954574
1244044693450764289
1244044705454751744
1244044714174754824
1244044738858123264
1244044739156094976
1244044738946314240
1244044798174134272
1244044806050856960
1244044810698227715
1244044815215575042
1244044835545366531
1244044840154824704
1244044852364324864
1244044868713877509
1244044869489704960
1244044869598949376
1244044873742737410
1244044890163593223
1244044898157895681
1244049176972922882
1244049185445298176
1244049188998074373
1244049198070333441
1244049202331578368
1244049206060425216
1244049206396026880
1244049214067421185
1244049214612680706
1244049214398701577
1244049218966130688
1244049222749519872
1244049243628810242
1244049286016282626
1244049297470943233
1244049307147177990
1244049314932023301
1244049323404472328
1244049327539908608
1244049328035057666
1244049332145455104
1244049336377409539
1244049340907356164
1244049344627486723
1244049352907272195
1244049356812177413
1244049365636804608
1244049370263289856
1244049407269572611
1244049407370121216
1244049419885883392
1244049420255145985
1244049428618633216
1244049428719206402
1244049436763754496
1244049436998660096
1244049449858543616
1244049453419565056
1244049457601183745
1244049457567666176
1244049465763418113
1244049474713833472
1244049474835668992
1244049474923778048
1244049491163877376
1244049503986110465
1244049516313169920
1244049520838586369
1244049529130885123
1244049542049337347
1244049545992048650
1244049550081495041
1244049562710560768
1244049562957824000
1244049566518951936
1244049583535259649
1244049584135057412
1244049587695992834
1244049588337684484
1244049591680598023
1244049591961628672
1244049591990878214
1244049600169873416
1244049601012871177
1244049617186144256
1244049629571776513
1244049646411870208
1244049651080232961
1244049655375302663
1244049663034036224
1244049671900876802
1244049675583475712
1244049675696685057
1244049679437922305
1244049697246867456
1244049705115570176
1244049717601775616
1244049734387589120
1244049751961722880
1244049759784091649
1244049767807823872
1244049768457723904
1244049772564172808
1244049797482512384
1244049814217732105
1244049831615549445
1244049835751243776
1244049843510587394
1244049847675695107
1244049848090976258
1244049848388599808
1244049873042731012
1244049873491464192
1244049873495887874
1244049877123899392
1244049880340926464
1244049898527502338
1244049910778884096
1244049919356387335
1244049931775758342
1244049931884802052
1244049953024065541
1244049961156841475
1244049974062657536
1244049978030526465
1244049982723948544
1244049998733627392
1244050003145809920
1244050007357079553
1244050011308032001
1244050015468871680
1244050020065779714
1244050037161721862
1244050040689172481
1244050041154789376
1244050049539231746
1244050053691510788
1244050066379141122
1244050069713760257
1244050070292410368
1244050078328741888
1244050086792802307
1244050095110123522
1244050107839832064
1244050116660658177
1244050133186220034
1244050149732519941
1244050150152003584
1244050153813794818
1244050162508533760
1244050162751864832
1244050175577866240
1244050183694024709
1244050187854565376
1244050199884058626
1244050217198137345
1244050217101656069
1244050225754279936
1244050229197930498
1244050229982384129
1244050250429534209
1244050250706440197
1244050255135547392
1244050271828766721
1244050275389800448
1244050284114071553
1244050284147433472
1244050292297080835
1244050292489895937
1244050292586536960
1244050305651806209
1244050313746751489
1244050317861203969
1244050321632043010
1244050322290606091
1244050325717254146
1244050334537916416
1244050338233155585
1244050347217367041
1244050384680673280
1244050397024718848
1244050401399169024
1244050414019817472
1244050413994770432
1244050422785925121
1244050422681214980
1244050426498093058
1244050426653282304
1244050426812456960
1244050435478040582
1244050439227744258
1244050460601921537
1244050472865902593
1244050473130143744
1244050476750065664
1244050489525678080
1244050489492279301
1244050489949519874
1244050527354146816
1244050531296972800
1244050531431129088
1244050565459410944
1244050573445472256
1244050577820209153
1244050582094168065
1244050590495211520
