1240446408114622465
1240446412439138304
1240446416352350209
1240446428675289088
1240446437323915265
1240446441329512451
1240446441685999616
1240446453908152324
1240446454117924865
1240446466440790019
1240446466549743617
1240446470664466433
1240446479111725056
1240446504063700992
1240446508694228993
1240446516868743169
1240446542177239043
1240446546178486277
1240446571642269702
1240446583948349443
1240446588209807360
1240446605117067265
1240446617427337220
1240446630186364928
1240446634640707589
1240446655553351681
1240446659332620288
1240446676629938180
1240446684955475971
1240446688873119744
1240446697366528001
1240446718283403266
1240446722477867010
1240446735308279808
1240446735354339330
1240446743269040135
1240446743520530433
1240446747739975683
1240446747954085889
1240446777167413255
1240446785505591298
1240446793713954816
1240446814882533378
1240446814870024192
1240446822981742593
1240446827301933056
1240446827524059137
1240446848239841286
1240446856980598784
1240446864882835456
1240446865088245762
1240446881592901632
1240446902728110080
1240446907287244800
1240446911280230400
1240446911330607106
1240446944838684672
1240446949175603200
1240446974035406848
1240446995115855872
1240446999486443522
1240447003462488064
1240447003609489411
1240447003756199936
1240447011721072640
1240447020328013824
1240447020181131264
1240447024476164097
1240447029039562754
1240447036975198208
1240447041131569154
1240447053781544960
1240447058034786304
1240447075084652545
1240447079094218753
1240447087302586368
1240447099847806976
1240447099818455040
1240447108202795009
1240447129354555392
1240447133892759552
1240447162888175616
1240447179539378182
1240447192378335232
1240447196383916032
1240447200544665600
1240447208971014145
1240447217351176192
1240447217565077504
1240447221608452097
1240447242538016770
1240447251044020224
1240447259256352768
1240447259638038528
1240447271654883328
1240447271982022660
1240447275920392193
1240447301203746816
1240447305641328641
1240447309567180812
1240447330622623749
1240447334841974784
1240447335173242881
1240447335240331264
1240447339254472704
1240447347273981952
1240447364223119363
1240447368438386688
1240447381327491073
1240447389372223488
1240447389451739139
1240447397966368768
1240447397886676993
1240447402282270720
1240447431210401794
1240447435459006464
1240447447979048960
1240447456497692672
1240447465267970048
1240447481709768705
1240447489951567874
1240447498239397888
1240447498394767360
1240447502614016001
1240447515041857536
1240447515289411585
1240447523552026624
1240447523627495424
1240447536537546752
1240447548688601091
1240447557400252418
1240447565268758529
1240447569785847811
1240447573804167168
1240447573988651009
1240447582209335297
1240447586676248576
1240447615965245443
1240447624404230145
1240447645455462401
1240447649452642305
1240447670336065536
1240447678804180992
1240447716594868224
1240447729307770880
1240447733254828038
1240447733472919554
1240452015840546816
1240452015962173440
1240452028280733699
1240452032554770432
1240452049382387712
1240452049570938880
1240452053341741058
1240452053710725120
1240452061659107329
1240452066339958785
1240452070198538240
1240452074292367361
1240452074736889858
1240452078553780224
1240452082693320704
1240452087227572224
1240452091090329600
1240452095305748480
1240452095339307009
1240452099592335361
1240452099487367168
1240452116537323520
1240452124699484161
1240452129208360962
1240452133239095297
1240452137596997643
1240452170820042753
1240452174934609932
1240452179422588929
1240452183683821568
1240452183830802432
1240452191875403776
1240452212301553664
1240452212880551936
1240452216957345794
1240452217108189184
1240452225815605249
1240452229779222529
1240452267284692992
1240452279892758528
1240452288503832576
1240452296682737664
1240452296833732608
1240452313510301697
1240452321831792642
1240452330094563332
1240452334515339268
1240452338629869568
1240452359542558720
1240452363787345920
1240452367792984064
1240452388831584258
1240452393403387909
1240452397509554177
1240452422524379137
1240452426756472833
1240452434906025984
1240452446905909260
1240452477226569729
1240452502279127040
1240452523258855424
1240452531492245504
1240452535804100615
1240452565139099655
1240452569564151810
1240452581958103040
1240452607094575104
1240452632554213378
1240452636471689216
1240452661394247680
1240452661733986307
1240452670055272449
1240452674157514755
1240452682697015296
1240452699121827841
1240452703915933697
1240452707766304768
1240452716050239489
1240452716067000320
1240452720227688448
1240452732932112385
1240452762267238400
1240452766733983744
1240452791820263426
1240452804206084097
1240452808471535616
1240452816805793798
1240452829422198791
1240452854365601792
1240452854571139072
1240452854621425664
1240452865916915719
1240452871545479171
1240452879636402178
1240452879976022016
1240452879946780672
1240452883809591296
1240452883721510918
1240452900834488320
1240452909126434816
1240452913165721605
1240452913325117442
1240452913421574144
1240452925958340614
1240452926079811584
1240452946644496384
1240452988562530304
1240452996988678145
1240452997013962752
1240452997227909126
1240453001275248640
1240453010024693768
1240453013808046081
1240453013950681105
1240453014160211968
1240453018367275010
1240453039397515271
1240453043616985088
1240453047567908866
1240453047383461889
1240453047634935808
1240453055872733184
1240453060033478657
1240453076755996672
1240453089712209922
1240453097832484864
1240453110633398272
1240453140169834502
1240453148365344768
1240453152412807168
1240453156426956800
1240453160780660736
1240453189943603200
1240453214312546306
1240453215180804097
1240453223623929856
1240453223946825729
1240453227805470721
1240453274144329734
1240453303194005505
1240453307442671616
1240453307589591041
1240453311741874177
1240453315961520128
1240453324211699719
1240453328443568128
1240453332428152832
1240453349687738368
1240453349637586944
1240453353529901061
1240453357761728512
1240453364883824646
1240453374572670977
1240453381459783681
1240453383129051138
1240453387352670215
1240453391341326337
1240453391756791813
1240457665903542272
1240457669732782081
1240457682139656203
1240457682437505026
1240457686237536256
1240457699294240768
1240457707355639808
1240457707385167872
1240457707561181184
1240457711667630080
1240457711663239168
1240457719854882816
1240457724112048128
1240457732756389888
1240457740742545410
1240457749315502081
1240457766038310913
1240457778738737152
1240457787068444673
1240457787324366855
1240457791200006148
1240457791438852096
1240457791443218434
1240457795343917056
1240457799420633088
1240457804017631232
1240457807683629056
1240457824758566919
1240457824754454528
1240457828826894336
1240457833268875264
1240457837337182209
1240457845881090050
1240457862523916288
1240457883763871744
1240457891817107461
1240457908862636038
1240457917272293376
1240457942140194816
1240457963103490060
1240457963317243905
