1226055440993140741
1226055522979180545
1226055527832137728
1226055547398520832
1226055566209904641
1226055586586021888
1226055613190410242
1226055613886545920
1226055622208061440
1226055634048684032
1226055640570892289
1226055680555008000
1226055726201655296
1226055744031776768
1226055777380700160
1226055791632777216
1226055800961011712
1226055803590840320
1226055808313679873
1226055822746107906
1226055849451413505
1226055890505207808
1226055901158625280
1226055901531922433
1226055972428427264
1226056008700698625
1226056092293058560
1226056108835590145
1226056108957036544
1226056111909941249
1226056121044983808
1226056126871089152
1226056130415222785
1226056130381541376
1226056141244788741
1226056201923956736
1226056204541100032
1226056260438708225
1226056324401643521
1226056409751658496
1226056458938220544
1226056463732207616
1226056468106866688
1226056477023985664
1226056497529946115
1226056506069512194
1226056514898546688
1226056530321137665
1226056538621497344
1226056541419249666
1226056624843841536
1226056646410948608
1226056647849730048
1226056677872619521
1226056765642403841
1226056782784667648
1226056792917938176
1226056824303968256
1226056862082072577
1226056869623582723
1226056872882511872
1226056880499220480
1226056925894197248
1226056933246980101
1226056954012827653
1226056967476609024
1226056969502494720
1226056993288273920
1226057002448588800
1226057016432455682
1226057032752480256
1226057064780378114
1226057069049966593
1226057102231298048
1226057106152816640
1226057118974763008
1226057129271996416
1226057181851721730
1226057203293003776
1226057245739360258
1226057250004967424
1226057286105300992
1226057289947238400
1226057309719322627
1226057318422368256
1226057340744556545
1226057378107281408
1226057410655051776
1226057438748717056
1226057439306371072
1226057445581053953
1226057445862187008
1226057462010302465
1226057464199761920
1226057512207581190
1226057528011718656
1226057580377587714
1226057601634320384
1226057614338883584
1226057637290098688
1226057660350390272
1226057661654781952
1226057692923469824
1226057703186931712
1226057731725025282
1226057778709647365
1226057779191910402
1226057852311109638
1226057863295983616
1226057864524914689
1226057896233857024
1226057915871657984
1226057938294444032
1226057965599367168
1226057993386680320
1226057998927163392
1226058013166821376
1226058062814941184
1226058068028346368
1226058086021988352
1226058089528537088
1226058101784272897
1226058105676369926
1226058159254458370
1226058163608117249
1226058196932087808
1226058220176842755
1226058233992761345
1226058263906656256
1226058346769211393
1226058385860120578
1226058423088959488
1226058429610909696
1226058429929807872
1226058432316428288
1226058434967166977
1226058452952322049
1226058453350744066
1226058484715806721
1226058495117553666
1226058500029255680
1226058502784745473
1226058553347043329
1226058561597341697
1226058594275274752
1226058611912302597
1226058625400991744
1226058662109753344
1226058675023777797
1226058686289739778
1226058697601884161
1226058703620562944
1226058713191989249
1226058760549879808
1226058762064031744
1226058765490774017
1226058768212848640
1226058780095533056
1226058785266909184
1226058846591832064
1226058860072300545
1226058905459077120
1226058924073209858
1226058938140880896
1226058997683249152
1226059007045099526
1226059074187464705
1226059075563048960
1226059085151428608
1226059085683908610
1226059091891507203
1226059109373399040
1226059111063838720
1226059123210489856
1226059169024946176
1226059173609140224
1226059179493859333
1226059182123687937
1226059194438225922
1226059197500006401
1226059208371535872
1226059232455217152
1226059256937320448
1226059265305001984
1226059283084840960
1226059302974173184
1226059308833443842
1226059344308920320
1226059382670155776
1226059401229811712
1226059413166882816
1226059473053085696
1226059596965564417
1226059625671249925
1226059667094159361
1226059671233908736
1226059703194652672
1226059704910012416
1226059737135042563
1226059768868982791
1226059779535261696
1226059808068993029
1226059840130252800
1226059851769376768
1226059888616341506
1226059890269003776
1226059897298706433
1226059969369427968
1226059999534694400
1226060040261578753
1226060079830650880
1226060117021470721
1226060123736563713
1226060176328777728
1226060209933692929
1226060233556070407
1226060242817032193
1226060247367852032
1226060257639596034
1226060269371166721
1226060295132471296
1226060300689997824
1226060328405876741
1226060333317414914
1226060345170681856
1226060366779756544
1226060383456239616
1226060452603580416
1226060501865517058
1226060519699668992
1226060537634508800
1226060549726691328
1226060588087828480
1226060599366340609
1226060617389355008
1226060642974457856
1226060691628593152
1226060777146077184
1226060866220634112
1226060875510890496
1226060882565836801
1226060898864791552
1226060919530086400
1226060922810179599
1226060931727319041
1226060980322521089
1226060987507318785
1226060989625290753
1226061008164122624
1226061022886342656
1226061069510004736
1226061130461782020
1226061135067176961
1226061182924185600
1226061207699738626
1226061208970620928
1226061229686427649
1226061231901085697
1226061251404615681
1226061275647676422
1226061322145673222
1226061338226692096
1226061375731929089
1226061378575687680
1226061379540381699
1226061426730635264
1226061437870714880
1226061444455620608
1226061452949278722
1226061493185253376
1226061548713627649
1226061585984245760
1226061619295330304
1226061641122533377
1226061651540996104
1226061675947790345
1226061713658798080
1226061721808199680
1226061735561326593
1226061795464491013
1226061804482310145
1226061844118429696
1226061872602009601
1226061891333607424
1226061964045979653
1226061984849747969
1226061999580295168
1226062001773797376
1226062115674447872
1226062169772445697
1226062171550949376
1226062203595431937
1226062235799183360
1226062255629983744
1226062333224476673
1226062355844521984
1226062367571623936
1226062429366259712
1226062434785472513
1226062469438824448
1226062497360179200
1226062519103475713
1226062561600245760
1226062580323639300
1226062655779201024
1226062657800802305
1226062690906300417
1226062695847387136
1226062753892360192
1226062771076435970
1226062842283032576
1226062868472369152
1226063034193457152
1226063057404792833
1226063118695952385
1226063119832584192
1226063185201029121
1226063190888308737
1226063199788847105
1226063222622392321
1226063256596471808
1226063273587544066
1226063277047701505
1226063309323034629
1226063342466293760
1226063369305640960
1226063388457013248
1226063406957858816
1226063413513613313
1226063436095750145
1226063441875496962
1226063456446578691
1226063482061238273
1226063568115683328
1226063585765404672
1226063600038502400
1226063674378522624
1226063675355611147
1226063685174493185
1226063713733632001
1226063739964809216
1226063746101108743
1226063817353777152
1226063827025842176
1226063839856353281
1226063841903202307
1226063856339951617
1226063858109861888
1226063872139956224
1226063924316950528
1226063956063772672
1226063959444336640
1226063972903899136
1226063987290206208
1226064034488676352
1226064079275491330
1226064082006151171
1226064111689224193
1226064198553214976
1226064239837634560
1226064262105378816
1226064269755609088
1226064299002449920
1226064301603115008
1226064309656178688
1226064330195554305
1226064340362465280
1226064384683675648
1226064391541526531
1226064394104299520
1226064444318314496
1226064462362349568
1226064487847006208
1226064501977600000
1226064537977315328
1226064562652356610
1226064582050926592
1226064626032480256
1226064652380995586
1226064668826927105
1226064680008941568
1226064714804928512
1226064758375190529
1226064767976136704
1226064778575085569
1226064861941182464
1226064980321226753
1226064987791036416
1226065000587911168
1226065031072296960
1226065039611719680
1226065044275896320
1226065124651413510
1226065135405608966
1226065147958980608
1226065148260937728
1226065152459472896
1226065244201607168
1226065245006966784
1226065251948474374
1226065272341180418
1226065319531122689
1226065348845174784
1226065356201984000
1226065357640695808
1226065365869817856
1226065391337689088
1226065391744516098
1226065396706533377
1226065418248507393
1226065431154302979
1226065440503259136
1226065494085492736
1226065503296217089
1226065507964469250
1226065638118117379
1226065640416477185
1226065695978524673
1226065761199849472
1226065773522714624
1226065775854620675
1226065789477801985
1226065800366305280
1226065813934731264
1226065855982604288
1226065878543790080
1226065900903600133
1226065928959299584
1226065934986727424
1226065946298605569
1226066009200553984
1226066022274420736
1226066024379772929
1226066032273477632
1226066097520050176
1226066102318399489
1226066106189787136
1226066110618824704
1226066118109990912
1226066125768683520
1226066127979024385
1226066169867702272
1226066216856489984
1226066225475837952
1226066274322669571
1226066284380639233
1226066327057596416
1226066327363870720
1226066332925325313
1226066333172813824
1226066349002129409
1226066366299430912
1226066402265591809
1226066466878914567
1226066471324995584
1226066515545350146
1226066517655216128
1226066534411321344
1226066535095029760
1226066578011086848
1226066638681837569
1226066650836824064
1226066658902429698
1226066710546878464
1226066725529014272
1226066757103652864
1226066810832736258
1226066850045399041
1226066878759501825
1226066884635897857
1226066937379082240
1226066937366695936
1226066946577268743
1226066950842769408
1226066953053274112
1226067053754363905
1226067059995369472
1226067093721882624
1226067096905248768
1226067157454393344
1226067176878215171
1226067198273314816
1226067264094425089
1226067265130385409
1226067279475027968
1226067336597127168
1226067357228912641
1226067377315569664
1226067404498751488
1226067450279661568
1226067481099370497
1226067510740451330
1226067542067875841
1226067556777283584
1226067615912800262
1226067622908661760
1226067650691915776
1226067656891125760
1226067685898772480
1226067697529708544
1226067722691391488
1226067727217053697
1226067814747955201
1226067833383112704
1226067883345825792
1226067903327293447
1226067928598171648
1226067965449297925
1226067975704399873
1226067977948352512
1226068009053229056
1226068025775800321
1226068046927687680
1226068063872663559
1226068087247495168
1226068115546468352
1226068121477435393
1226068125877252096
1226068142889172994
