1233436700132757506
1233436710748532737
1233436723834761218
1233436733355642880
1233436741396242432
1233436749449302023
1233436749638045697
1233436773738397697
1233436783125368835
1233436783276199936
1233436786409574400
1233436787860738048
1233436794970132480
1233436808438046721
1233436808727400450
1233436815689965569
1233436829027913729
1233436832601260032
1233436850091708418
1233436854197915653
1233436854436978688
1233436866692575232
1233436871767670784
1233436875022635014
1233436892823244800
1233436908082094080
1233436908417622016
1233436917250875393
1233436925492633602
1233436945780527104
1233436971474665473
1233436996430958593
1233437008435073024
1233437034079039488
1233437043100962818
1233437051342770182
1233437055679631360
1233437068182917124
1233437076844142592
1233437081415946243
1233437100986363906
1233437113913352195
1233437130636120064
1233437135417565184
1233437139565711360
1233437147102924803
1233441577156169729
1233441577390882823
1233441581656608769
1233441589852344320
1233441593555767296
1233441602288390147
1233441613847912448
1233441614531526659
1233441619191484416
1233441631199780869
1233441656625491969
1233441681246056448
1233441719020113921
1233441723159916552
1233441735537315842
1233441744097882113
1233441752473841670
1233441760996495360
1233441770291097601
1233441782727368707
1233441799185846272
1233441799361921029
1233441807943585793
1233441812016029696
1233441845264310272
1233441854043164673
1233441857629192198
1233441861710204928
1233441862935089153
1233441866877554688
1233441870983892993
1233441891477262338
1233441895851925504
1233441899912007680
1233441899903668224
1233441900318859264
1233441907742773249
1233441954765012992
1233441962755182592
1233442000944300032
1233442009022685187
1233442025405591552
1233442042526740486
1233442046959968256
1233442051661889536
1233442080699097090
1233442092799733760
1233442093281865728
1233442109086023680
1233442117806063616
1233442122403057667
1233442134746775552
1233442135241895939
1233442139377414146
1233442147610906625
1233442155932323845
1233442168066510853
1233442181714714632
1233442194180075520
1233442198122901505
1233442201880924160
1233442214996520961
1233442211846672384
1233442219186503680
1233442222533533696
1233442232063188992
1233442232415531008
1233442235670290433
1233442243131904000
1233442264975888391
1233442268259815424
1233442289483177984
1233442301806026753
1233442302363869184
1233442314967609344
1233442332206194693
1233442348387844096
1233442349511888897
1233442352410304519
1233442356852068352
1233442364800237571
1233442365031043072
1233442365370552320
1233442365471436803
1233442369241927680
1233442382760247296
1233442390951841794
1233442391350226945
1233442403643789313
1233442415119405057
1233442415568183298
1233442416163581952
1233442441962741760
1233442465673142273
1233442466348621826
1233442487282339846
1233442496073461761
1233442512007843841
1233442516093067264
1233442520635527168
1233442524385218561
1233442528533372930
1233442533415497728
1233442541267279872
1233442554353528832
1233442566751711233
1233442579309637632
1233442588377567232
1233442592148381696
1233442595516248066
1233442600541151233
1233442600591470592
1233442600683593729
1233442603854594049
1233442603795873792
1233442612599836672
1233442616567422977
1233442634179469314
1233442650629345285
1233442655331323912
1233442663057252352
1233442675300413451
1233442684104142855
1233442688248287232
1233442697047937024
1233442712956915712
1233442718204022787
1233442734234451968
1233442737980166144
1233442742417620993
1233442751196188673
1233442763410202633
1233442780338360324
1233442781093355522
1233442789339410432
1233442801175744513
1233442802622779393
1233442805546008576
1233442815146745856
1233442815385964547
1233442822457565189
1233442842913234944
1233442851503190022
1233442856632758272
1233442859686285317
1233442873455984645
1233442876580823042
1233442880762601472
1233442885762256903
1233442886206787585
1233442894612254721
1233442905580359682
1233442914207846400
1233442914635833345
1233442918553333764
1233442919362826244
1233442923628441600
1233442944348278784
1233442944495095809
1233442944088064001
1233442948739629059
1233442957476450305
1233442978355609605
1233442978699579392
1233442985737621505
1233442990783258625
1233442999293612032
1233443016154718209
1233443016003719168
1233443023935201280
1233443031652556802
1233443032172769281
1233443036069130240
1233443041681141760
1233443053001695234
1233443061189029893
1233443061222584321
1233443074283491329
1233443082189836297
1233443086514184194
1233443103400288257
1233443124556505088
1233443133683159040
1233443137781194754
1233443141136502784
1233443154063392768
1233443162548510720
1233443170274418688
1233447516110278657
1233447524226207744
1233447536943403010
1233447540814700544
1233447544597995520
1233447561547145218
1233447566555205632
1233447595621699584
1233447621374726145
1233447624667271168
1233447625543897088
1233447634473562115
1233447641402335232
1233447650726465536
1233447658678890497
1233447679096754177
1233447679692283908
1233447692740767744
1233447729956655105
1233447734088261634
1233447742007103488
1233447746352373761
1233447746553745409
1233447751112769536
1233447763767066626
1233447764052279296
1233447772910694401
1233447775922245633
1233447789545316352
1233447797170606081
1233447801130045440
1233447806142230530
1233447826345975808
1233447842531958784
1233447842691375105
1233447847351197696
1233447850958151680
1233447881794891778
1233447885469110274
1233447889503952896
1233447890078572545
1233447892666417153
1233447901977772032
1233447909544382470
1233447915416367105
1233447922504798211
1233447948392030208
1233447957292339208
1233447960324657153
1233447976678367233
1233447990737559552
1233447998845325312
1233447998862102536
1233448006525050880
1233448028263944192
1233448035784577024
1233448040616194048
1233448044718383105
1233448045318033409
1233448047742504960
1233448069112328193
1233448081636634631
1233448090968838144
1233448103321178112
1233448107741855744
1233448111126667264
1233448141350932487
1233448145972908032
1233448149001363456
1233448149513048065
1233448161492033537
1233448165577121793
1233448165820522496
1233448171121983490
1233448174498410497
1233448174397710336
1233448179472859136
1233448190633893888
1233448192273874944
1233448192009736201
1233448199299399680
1233448199869870080
1233448209030295554
1233448213241323520
1233448216399577088
1233448224729509888
1233448225056710656
1233448241246752784
1233448242073014274
1233448245642366977
1233448257633882112
1233448267016437760
1233448270871105537
1233448274939514882
1233448275509993473
1233448279616217088
1233448291880312837
1233448295814639616
1233448308653293568
1233448317092233223
1233448321706086400
1233448347228233729
1233448359563857937
1233448363980394498
1233448384264069120
1233448397908172802
1233448400735043585
1233448401318162435
1233448422109335553
1233448439590969344
1233448446905978882
1233448447849594881
1233448450877992961
1233448452249530370
1233448459228893185
1233448467495780364
1233448472365453312
1233448488911933440
1233448489486606337
1233448489830551552
1233448490208022530
1233448493777408000
1233448506263842817
1233448523468886016
1233448526585245696
1233448535787393024
1233448543337304065
1233448543597150211
1233448543656054784
1233448547275558912
1233448572936474625
1233448577994805253
1233448603076530177
1233448606452969472
1233448657858502657
1233448661591347200
1233448665097756673
1233448669153779714
1233448678012137473
1233448685872218112
1233448689773010945
1233448698937520128
1233448707154046978
1233448707665924097
1233448711709024256
1233448711897985025
1233448727614050305
1233448732298969088
1233448757032882176
1233448761159872512
1233448764960133121
1233448790406942725
1233448799374323712
1233448799567216640
1233448803048574982
1233448804382388224
1233448836619784193
1233448842605015040
1233448850502946817
1233448853975846912
1233448863060680704
1233448867401781250
1233448875324669952
1233448882778054666
1233448895549788162
1233448905502752770
1233448921457926146
1233448929422913536
1233448933994549248
1233448937815568384
1233448941884203009
1233448955121479680
1233448958812393473
1233448958833385472
1233448963136618501
1233448963732385795
1233448975698624514
1233448996049387529
1233448997391654912
1233449004601446400
1233449004723298310
1233449025900359686
1233449034490241025
1233449060109094912
1233449063917522945
1233449080912830469
1233449096729550854
1233449101158731777
1233451332192866307
1233451256598945795
1233450958283313152
1233450582842597376
1233450008957071360
1233449861141467139
1233449681293721600
1233448524290940928
1233447695328710657
1233446923396317184
1233445452353163264
1233444484022706177
1233440512914231296
1233440426482270213
1233440186475790337
1233439810930565120
1233439638297051138
1233438144000749568
1233437840337494016
1233437320059248643
