1233270949891448833
1233270953947344896
1233270966702297088
1233270970426593282
1233270971177558016
1233270974537179137
1233270978769231874
1233270990928375808
1233270993885360128
1233270999652671488
1233271002370580480
1233271007181447168
1233271017503678475
1233271024269000707
1233271027842592770
1233271045244633088
1233271049577361408
1233271057835937792
1233271064643264512
1233271070246891521
1233271074185515009
1233271082158702592
1233271082305482752
1233271087766466560
1233271087900905472
1233271105118507008
1233271113863401472
1233271121690157056
1233271133811560449
1233271140891668480
1233271142170812417
1233271163746422784
1233271170654461952
1233271176182599680
1233271178451705864
1233271179546247169
1233271180049690626
1233271184076066817
1233271189000409089
1233271196772270086
1233271216519237637
1233271218310012928
1233271228867252225
1233271233439031302
1233271255303770112
1233271262941732865
1233271279496515584
1233271288002576384
1233271305002246144
1233271325722017792
1233271330931433472
1233271333661876224
1233271340632690688
1233271343522562048
1233271350380228608
1233271351500210176
1233271381690855425
1233271385922756608
1233271397352275973
1233271403048206337
1233271405430681600
1233271439891058688
1233271447151185920
1233271454130556929
1233271466491305984
1233271478885314560
1233271485768269824
1233271497734537216
1233271522216808449
1233271523089289216
1233271531322650624
1233271546354946053
1233271549643218945
1233271553736921088
1233271560536018944
1233271561244827649
1233271568865939456
1233271577329799168
1233271577665511424
1233271582371598336
1233271595931774977
1233271613270958081
1233271625791025152
1233271636243238912
1233271636297572353
1233271636993789957
1233271636993945601
1233271646166765568
1233271649325256704
1233271666672881664
1233271667234869248
1233271671458598912
1233271675405266945
1233271682468601856
1233271683319881728
1233271683705909248
1233271713208639489
1233271720091541505
1233271725103538176
1233271769877737472
1233271778941624322
1233271784423776256
1233271795022614529
1233271808041705472
1233271809904201729
1233271810029953024
1233271825754230786
1233271832729485312
1233271837921955840
1233271846763712512
1233271847271227393
1233271851339485184
1233271854241943552
1233271870859939840
1233271871413448704
1233271893257523200
1233271895920758785
1233271901675511809
1233271934173040640
1233271947385065472
1233271955660443649
1233271958952824833
1233271964074201089
1233271969522552833
1233271981149052928
1233271981308403713
1233271981597872131
1233272021812940800
1233272028305686529
1233272064972382208
1233272065102188544
1233272069061775361
1233272073037873152
1233272078855475200
1233272081137074176
1233272089521479680
1233272112103731201
1233272119166820352
1233272128692031489
1233272136959049728
1233272139433811970
1233272151433609216
1233272151723081728
1233272161336528897
1233272169158905856
1233272177962545152
1233272181871632384
1233272191824912385
1233272195406798849
1233272197973729281
1233272198095364096
1233272207985586176
1233272220606009344
1233272231872122880
1233272237634904064
1233272237828038656
1233272247923535872
1233272250083635200
1233272253300654080
1233272261362081792
1233272277321601024
1233272281851285507
1233272289854132225
1233272300348334081
1233272334162653184
1233272334254931970
1233272338101264384
1233272340349243392
1233272349841076224
1233272370929889281
1233272401246355456
1233272403704385537
1233272411782443009
1233272416505384960
1233272424067522561
1233272437011353600
1233272437107720192
1233272437527240704
1233272438772752384
1233272450118344705
1233272453532655616
1233272492002828288
1233272495844646917
1233272504455577601
1233272510407376897
1233272512177373184
1233272521392189440
1233276783878782976
1233276791852326914
1233276795425886209
1233276800832327680
1233276809220739072
1233276813553655809
1233276822281998336
1233276833296211971
1233276833325555712
1233276837406466049
1233276850731810816
1233276851373494272
1233276862589292544
1233276866523541505
1233276866754158593
1233276870386282497
1233276871166570496
1233276883422179328
1233276901369643008
1233276909942976512
1233276910370803712
1233276912031670278
1233276913969287170
1233276934261477382
1233276942071234560
1233276954251390976
1233276963617267713
1233276967430082560
1233276967610277889
1233276971083132929
1233276972882526208
1233276980361121793
1233276984156938240
1233276997897420800
1233277014049685505
1233277022136414208
1233277030248009729
1233277030545838083
1233277037869027328
1233277038146002944
1233277039173623810
1233277051446026246
1233277052696092673
1233277056470933504
1233277058874302464
1233277059549450240
1233277064813436928
1233277069594955778
1233277076666540032
1233277078306508800
1233277081317990400
1233277081473179648
1233277085445001216
1233277096795000843
1233277096991940608
1233277110158024704
1233277115698569216
1233277119096074240
1233277123445567489
1233277126838669314
1233277131104239617
1233277148653330433
1233277152381923328
1233277161555005442
1233277167947145218
1233277178185277440
1233277194635333632
1233277219587403776
1233277222829428736
1233277236964257792
1233277240139558912
1233277243780059136
1233277269247848448
1233277274591358977
1233277277011664896
1233277277028462592
1233277277162655745
1233277282816491522
1233277306774274048
1233277307596361728
1233277320200409088
1233277337552248833
1233277346247036928
1233277358926204930
1233277387283894272
1233277394854658050
1233277388806639617
1233277396129730560
1233277404937846786
1233277445182312450
1233277450701770752
1233277461816848384
1233277472222793728
1233277490858098688
1233277495547330563
1233277497371918336
1233277504745541634
1233277514052665345
1233277518490357760
1233277528908808193
1233277538480189440
1233277551327555584
1233277551356731392
1233277556331122688
1233277571078459392
1233277571745271808
1233277581375373313
1233277583766237184
1233277583984336896
1233277600908353537
1233277609548500993
1233277617714819073
1233277646345297920
1233277667572473857
1233277676686848001
1233277681158049794
1233277684467281921
1233277685801115648
1233277697872166912
1233277713663877121
1233277717707186176
1233277739723100160
1233277755246174209
1233277756231778306
1233277768735084544
1233277772182827008
1233277777622626304
1233277780881743873
1233277784648290304
1233277789371011072
1233277799974109186
1233277801492602880
1233277810602577921
1233277831431454720
1233277834854047750
1233277836275965953
1233277839216013314
1233277848862982144
1233277860309348353
1233277895440838656
1233277902407553024
1233277929381072897
1233277943251472384
1233277948297244674
1233277958762172416
1233277966269984769
1233277973861629954
1233277982682181633
1233277986255716352
1233278006937841665
1233278008753999873
1233278021500653568
1233278028634972160
1233278045437513728
1233278058225979392
1233278062709526528
1233278071123464192
1233278074298470401
1233278086612844544
1233278091100852224
1233278092010934272
1233278100533760000
1233278101582274560
1233278104073854976
1233278109442551809
1233278116510027776
1233278121769496576
1233278133488406528
1233278137838063616
1233278145635192833
1233278150261473281
1233278162076753920
1233278163112878080
1233278174483509248
1233278179005083648
1233278187603398657
1233278196482625536
1233278205651349504
1233278213004111873
1233278212991401986
1233278229617598464
1233278243278671872
1233278256163454976
1233278256406646791
1233278258382241792
1233278263717396481
1233278264900300800
1233278280712605696
1233278280913936384
1233278281639747590
1233278293954134017
1233278297104093184
1233278310781722625
1233278314233679872
1233278315022163969
1233278342381461504
1233278359813206017
1233278360052215809
1233278363751583744
1233278376527331328
1233278386534903808
1233278390318157824
1233278390708457473
1233278394013372416
1233278406650929152
1233278415433658374
1233278416113295360
1233278418864746496
1233278422673166336
1233278423482720256
1233282732064555013
1233282734836994048
1233282734895747072
1233282765124259841
1233282793158971392
1233282797512450048
1233282802726187008
1233282809223008256
1233282818320609280
1233282835852623872
1233282840701345792
1233282847533912064
1233282855553265664
1233282860389294082
1233282877581910017
1233282882526994432
1233282893813706752
1233282902319722498
1233282902693228544
1233282910729330689
1233282911853412353
1233282914185428993
1233282915540389888
1233282918845419520
1233282936104984576
1233282936545271808
1233282941465305088
1233282945030533120
1233282952798384130
1233282956715626496
1233282961321144320
1233282977611894784
1233282978400198656
1233282981357289472
1233282981902548994
1233282982926004225
1233282986981851136
1233282987179069441
1233282991402577920
1233283003411058688
1233283003524227072
1233283014945316865
1233283041037963264
1233283041952288769
1233283044301312000
1233283045123411969
1233283061237809154
1233283066430357509
1233283086755885056
1233283107677200384
1233283111410073600
1233283113305935879
1233283119907688448
1233283126207504384
1233283153663365120
1233283157731840005
1233283175482302464
1233283182881124353
1233283184151842817
1233283187104722944
1233283191676588032
1233283204372746240
1233283209992867840
1233283213629456384
1233283235469152256
1233283247905239040
1233283254209458181
1233283255903764485
1233283264829411328
1233283271254925312
1233283305375592449
1233283306956808192
1233283315085578241
1233283333485842434
1233283334022848512
1233283338326200320
1233283348103127040
1233283363244560384
1233283364095852544
1233283380130844674
1233283383943254016
1233283384668876800
1233283385759391744
1233283389597331462
1233283393837785089
1233283401601470464
1233283401626595328
1233283408958128129
1233283414125473794
1233283417787314177
1233283423650942976
1233283434904199177
1233283440860114944
1233283443666059265
1233283448355328001
1233283465497530368
1233283477765750785
1233283485122433024
1233283509747318784
1233283516282101760
1233283519037599747
1233283526579118080
1233283527300521985
1233283527682220033
1233283549576355840
1233283573374840833
1233283574897397761
1233283590768726016
1233283597781676034
1233283607235444737
1233283616022634496
1233283616538583040
1233283624369152000
1233283653855105025
1233283658758230016
1233283661249875969
1233283682330345474
1233283682967965696
1233283699489116161
1233283704124006400
1233283706921635841
1233283716597764096
1233283725498212353
1233283736319344643
1233283750177341441
1233283774864953345
1233283775020167168
1233283776899190784
1233283779113951232
1233283786705686529
1233283834759852033
1233283836760465409
1233283837032927234
1233283854036635648
1233283854959509504
1233283859652833280
1233283862530269184
1233283866489544704
1233283867617792000
1233283871455600640
1233283875805200386
1233283879060037633
1233283892142133254
1233283892108386304
1233283910454431744
1233283913901981696
1233283919719436288
1233283927202074624
1233283946600751104
1233283955085975553
1233283967161262080
1233283976355147776
1233283979522060288
1233283985108717574
1233283994055131136
1233284013793693703
1233284032609148928
1233284033993297920
1233284036400943104
1233284046731476992
1233284056084729856
1233284074074234880
1233284080843677696
1233284082680897537
1233284086279495681
1233284089177755648
1233284098195632129
1233284123810312192
1233284147629572096
1233284149303115776
1233284165635837957
1233284177761533952
1233284180756385793
1233284181582663687
1233284183390334976
1233284191690690560
1233284191879516160
1233284218756751360
1233284219813715968
1233284228009213952
1233284233872867330
1233284244924846082
1233284259038674947
1233284265145765888
1233284278147936257
1233284278156316672
1233284279175565312
1233284283722108930
1233284290571407361
1233284291188187136
1233284291938914306
1233284305096450049
1233284315275939840
1233284316727271424
1233284325778612224
1233284327913459713
1233284327745736704
1233284335987576832
1233284341469532160
1233284344388603904
1233284348515741696
1233285704182005760
1233285694266773504
1233285692777611264
1233285691427127296
1233285671143563264
1233285669838979072
1233285650042048518
1233285621755645952
1233285620216352770
1233285600721149953
1233285573600841729
1233285555829473280
1233285544651546624
1233285537273790464
1233285501874032640
1233285500355538946
1233285490171768832
1233285479652458502
1233285450695151616
1233285429304098817
1233285419321757698
1233285401739169792
1233285368583204866
1233285342863605760
1233285328208891906
1233285302782808067
1233285297691136000
1233285295719628800
1233285289730289666
1233285280121151488
1233285264904249345
1233285264358985733
1233285251792855040
1233285230972342272
1233285225305665538
1233285216640192512
1233285216187207680
1233285214228635654
1233285205261086720
1233285186852446208
1233285167957102593
1233285165150957570
1233285164521779200
1233285162034749442
1233285140773662722
1233285139460845574
1233285137485352960
1233285133228265472
1233285124038352897
1233285119605002241
1233285114655756288
1233285112806223872
1233285112193802240
1233285110713085952
1233285108863385601
1233285106007236609
1233285104505475072
1233285066769473536
1233285065976635392
1233285052806529024
1233285051133067270
1233285044719894530
1233285042429943808
1233285033617551360
1233285032464310273
1233285019361112064
1233285016836345861
1233285001774538754
1233284996691058693
1233284975740538880
1233284972548644865
1233284966672470016
1233284952315375616
1233284949966499840
1233284877698682880
1233284875865620481
1233284864947830784
1233284859784617986
1233284847163961345
1233284846887284736
1233284838800678912
1233284835533148160
1233284832462917632
1233284824963702784
1233284814721077249
1233284812275929089
1233284800129257473
1233284796694003713
1233284776145981440
1233284775399579648
1233284775042904064
1233284763483402240
1233284757531897861
1233284756512608256
1233284743388631041
1233284739529953281
1233284730260463618
1233284715878199297
1233284708970029057
1233284704964612096
1233284701709881344
1233284689856778240
1233284660911845376
1233284648991506432
1233284639319416835
1233284632809889792
1233284621938368512
1233284616502398977
1233284606591287297
1233284603172909056
1233284593610039296
1233284575914184704
1233284571048710144
1233284569585143808
1233284565051068417
1233284563079532545
1233284541655080961
1233284525213540353
1233284509870829569
1233284507316428800
1233284485627568129
1233284473665576960
1233284471379709952
1233284422507560960
1233284330656428032
1233284297584496641
1233284255859560448
1233284226583154690
1233284170064986113
1233284137374478336
1233284099890171904
1233284095305584640
1233284075802071041
1233284070123110400
1233284066268585984
1233284037482967041
1233284016104603649
1233283970000805888
1233283953932603392
1233283874211409920
1233283793915498496
1233283763901255681
1233283760105246720
1233283723426172929
1233283697383739392
1233283668912656386
1233283600960892928
1233283563757260800
1233283492152111104
1233283457985454080
1233283442139332608
1233283441006907392
1233283437659746304
1233283433184493573
1233283428985925632
1233283428046589952
1233283411890049024
1233283383414779904
1233283373654781954
1233283357196177409
1233283345150291968
1233283315664207872
1233283290813083648
1233283257224974337
1233283207405027330
1233283185368322054
1233283182214037505
1233283148546527232
1233283122223099904
1233283093634732032
1233283030711754753
1233282984578572289
1233282921500299267
1233282900361203713
1233282899761197062
1233282812570005504
1233282709621035008
1233282705451708418
1233282683972681728
1233282681980387329
1233282680373923840
1233282673654685697
1233282664200671233
1233282657028411393
1233282649256538115
1233282643925430272
1233282635251798016
1233282631095259136
1233282618738782209
1233282595498053632
1233282595116339200
1233282582118326272
1233282571024371712
1233282567329243139
1233282559989161985
1233282533137227781
1233282524681515008
1233282512333484034
1233282511217799170
1233282510228000773
1233282510101999616
1233282501965156352
1233282494616633344
1233282493094096896
1233282489247862784
1233282478372249600
1233282454015877120
1233282452480720902
1233282444368973825
1233282438249504768
1233282429273534466
1233282428099158017
1233282427633561600
1233282401314508800
1233282397094981633
1233282395354337282
1233282393898770432
1233282379428630528
1233282349581860864
1233282339339415552
1233282331609141248
1233282326437613568
1233282289158807553
1233282286914637824
1233282251384705025
1233282247467438080
1233282237975552000
1233282230149173248
1233282215838044160
1233282189003034624
1233282187933384704
1233282168195026944
1233282162427940866
1233282151774375936
1233282149614333953
1233282143834574849
1233282137773760517
1233282123441868800
1233282111290957824
1233282079049355265
1233282078285807618
1233282073424646144
1233282073030463489
1233282066592288768
1233282066466430982
1233282060015374336
1233282030701596672
1233282003757236225
1233281994869465089
1233281993531461634
1233281989463171073
1233281986292330496
1233281982513197056
1233281968235663360
1233281962690760704
1233281940092080128
1233281933913706496
1233281919300898816
1233281917304307712
1233281903987347456
1233281902657835013
1233281898820100096
1233281858298929153
1233281849830576128
1233281848618340352
1233281844172378112
1233281842540941312
1233281835695632385
1233281831937695744
1233281815584088064
1233281807900037120
1233281791768846336
1233281774492323841
1233281756058521600
1233281726526316544
1233281709757480961
1233281699187806210
1233281682196791296
1233281677423763458
1233281669647327234
1233281663532183553
1233281660541685760
1233281650009595904
1233281649703559169
1233281643810562050
1233281641138675713
1233281636084715521
1233281635468091392
1233281632372740097
1233281627943555072
1233281624063655936
1233281623161835520
1233281615629037568
1233281615524171776
1233281611438927872
1233281603628978176
1233281602626740229
1233281596309921792
1233281571408564224
1233281540676890624
1233281507646570496
1233281491188297728
1233281483378290689
1233281474515947521
1233281455696089090
1233281452877504512
1233281444006547456
1233281436851081217
1233281432593694721
1233281431310225410
1233281426340139009
1233281424125550592
1233281422422462464
1233281393762783232
1233281368613957634
1233281367607136256
1233281337844355072
1233281333432115205
1233281331007647744
1233281330651238400
1233281288460742656
1233281273973657600
1233281268202311682
1233281266662957057
1233281262862946304
1233281241849434112
1233281225256771584
1233281225042747393
1233281223126142976
1233281214188081153
1233281210731896832
1233281202938880002
1233281199818379264
1233281199294074885
1233281186082050048
1233281150090498048
1233281147519422465
1233281147179692032
1233281139315560448
1233281131098857472
1233281116431216641
1233281115349114881
1233281111758909441
1233281110047674369
1233281107488952320
1233281106184736769
1233281072894369792
1233281064954519552
1233281043240611841
1233281038392016896
1233281036177625088
1233281035498086400
1233281024991387649
1233281018964168704
1233281009472294912
1233281002115604480
1233280992246255617
1233280969551089664
1233280964601745408
1233280957743894528
1233280953717383169
1233280950269665281
1233280925213044737
1233280922813747201
1233280913703886848
1233280912596619266
1233280908376961025
1233280906724442112
1233280877590929408
1233280873044119552
1233280840794169345
1233280821882048512
1233280819495624704
1233280817469775872
1233280806644150273
1233280802542235648
1233280793876799488
1233280777237827585
1233280774117478402
1233280770757799936
1233280770472583168
1233280766940864513
1233280766269849601
1233280722363805696
1233280713023082496
1233280707872481286
1233280701866422272
1233280688159383553
1233280683914747905
1233280678827102209
1233280674620157953
1233280673890344960
1233280672384659458
1233280646044250112
1233280642957357056
1233280634283581440
1233280612816977922
1233280586342682625
1233280567640068097
1233280536703111168
1233280534647857153
1233280513118330881
1233280510660575233
1233280505702838272
1233280500250357761
1233280494067994624
1233280483884179456
1233280475130548224
1233280468289716224
1233280466863546369
1233280439428751361
1233280438782685184
1233280426069962752
1233280426044788736
1233280425721724928
1233280421019828224
1233280416007753728
1233280412518141953
1233280396747558912
1233280383904600065
1233280375981559808
1233280363385913345
1233280358226984961
1233280346294083584
1233280344855662593
1233280342787842048
1233280318003646465
1233280300547026944
1233280296675573760
1233280292397494272
1233280274613534720
1233280269454458881
1233280269270102016
1233280269118914561
1233280261921492992
1233280259572760578
1233280241390489601
1233280218107990016
1233280203423703040
1233280201347432448
1233280200198295553
1233280184884899840
1233280168346603526
1233280159903469570
1233280157936340992
1233280150801920000
1233280144455933952
1233280143302549506
1233280141201223680
1233280124604141569
1233280123593297920
1233280122586877953
1233280094443012096
1233280091326689280
1233280081512017920
1233280072200617984
1233280065770643456
1233280050079748096
1233280047668219905
1233280046271471616
1233280033013354497
1233280028911132672
1233280019943895040
1233280019880869888
1233280014633836545
1233280010716188672
1233279993590898688
1233279988436090881
1233279969436078080
1233279962754506754
1233279952298106881
1233279950955765760
1233279936900845568
1233279913219764224
1233279900678750208
1233279898858356736
1233279889496670209
1233279888347422722
1233279866998534144
1233279861558398976
1233279859675336704
1233279857150304258
1233279856814829568
1233279849667579906
1233279828075438081
1233279820949151744
1233279811331584000
1233279795791835137
1233279789865349121
1233279789055782912
1233279779052367872
1233279767903952897
1233279759481630720
1233279744654954498
1233279726120292352
1233279711847079937
1233279702560727040
1233279686333079552
1233279681912332289
1233279674178064384
1233279660705775618
1233279646231416832
1233279626073583616
1233279609711550465
1233279588391956482
1233279579948646400
1233279553432240128
1233279549388943360
1233279547069665280
1233279543655399424
1233279527066972160
1233279524332326912
1233279519513042944
1233279518602739712
1233279501397704704
1233279500361830405
1233279484045996033
1233279478283014147
1233279476550651904
1233279431281725449
1233279429478113280
1233279428572041216
1233279427326468097
1233279421680955392
1233279416006053889
1233279406778568706
1233279391163023361
1233279387249700864
1233279379230330880
1233279370170597376
1233279358309208064
1233279346351063040
1233279322200276992
1233279280743944193
1233279270010703872
1233279268529922049
1233279261441589254
1233279249257246720
1233279247919276032
1233279225622388736
1233279222895923200
1233279222518407169
1233279213274202112
1233279205560987648
1233279198124478466
1233279176951513088
1233279151097835525
1233279137164517378
1233279128020930560
1233279126858911744
1233279089923870721
1233279082177212417
1233279059796414470
1233279046013706240
1233279042326913026
1233279042176024577
1233279025847488512
1233279020906745866
1233279017685483521
1233279017048068096
1233279000379703301
1233278981249683457
1233278956360564736
1233278940053151745
1233278917278158848
1233278916963524608
1233278915302633472
1233278913721356291
1233278904896540672
1233278877792792576
1233278869022498817
1233278868150267904
1233278863871901697
1233278841675636737
1233278836609036288
1233278831995154432
1233278828857839619
1233278823308943360
1233278817042497536
1233278801414705154
1233278786549903361
1233278786113638400
1233278765545000960
1233278755914833920
1233278753964318720
1233278748880928772
1233278735735906305
1233278729511563265
1233278715758436352
1233278715158646785
1233278703960018944
1233278695806242816
1233278694883377152
1233278688147333120
1233278687811919873
1233278671126855680
1233278666341261317
1233278664634036224
1233278655859572737
1233278640437121025
1233278624050171904
1233278600641536000
1233278589455351810
1233278585210834946
1233278572023803906
1233278564037988352
1233278555955458048
1233278527027347456
1233278485172371457
1233278461126397952
1233278456110239744
1233278455732744192
1233278449093140480
1233278445347627008
1233278440733675520
1233278433989398528
1233278430193606656
1233278407498194944
1233278365592948736
1233278354079526912
1233278350048755712
1233278316381188096
1233278316062310400
1233278294574821378
1233278286958153728
1233278283514556416
1233278269874753536
1233278232771932161
1233278214929141760
1233278195161432064
1233278157492572162
1233278132032983040
1233278131836014594
1233278110285484032
1233278098675814401
1233278077733654528
1233278073132503040
1233278064332701697
1233278038541991936
1233278010553323521
1233277946581966848
1233277933088890883
1233277917850791937
1233277904953499648
1233277883587624962
1233277796035657728
1233277783100608512
1233277714594856962
1233277707787485184
1233277682445627392
1233277678737817600
1233277673620721664
1233277670093402112
1233277665676685312
1233277661386067968
1233277595661127681
1233277540111917057
1233277531740135426
1233277527705022464
1233277489536880640
1233277485598437377
1233277467684671488
1233277460021686274
1233277431433199616
1233277419311837184
1233277418665697280
1233277410465812480
1233277372432076800
1233277365381287938
1233277364261605376
1233277363493965824
1233277338584002560
1233277326755913728
1233277325359239169
1233277313355173888
1233277308674433026
1233277305058942977
1233277289254645762
1233277288717766659
1233277107884576773
1233277083842777089
1233277074544132097
1233276999415799808
1233276964913344512
1233276949339897856
1233276927751938048
1233276915894480897
1233276915022204928
1233276886471643136
1233276869245652997
1233276856717266945
1233276848261488640
1233276848190001152
1233276806414905344
1233276797900464128
1233276797246046216
1233276790334017536
1233276790027649025
1233276789159383040
1233276782117179393
1233276776333234177
1233276773556580358
1233276771098857472
1233276760168390656
1233276753717735425
1233276729399095296
1233276708263907331
1233276706900729856
1233276684364681217
1233276674348740608
1233276653461233666
1233276651963920384
1233276650059595777
1233276640450371584
1233276623463407616
1233276621487894529
1233276597635092480
1233276597517443072
1233276585962135552
1233276562297876480
1233276554664271872
1233276549350060032
1233276548251344897
1233276538499424256
1233276537648156672
1233276537362841600
1233276534150094849
1233276523706077184
1233276518287257600
1233276516286574594
1233276479410180097
1233276464646295552
1233276453287911424
1233276443842338817
1233276418567491584
1233276411860807682
1233276403241480192
1233276394374914051
1233276394374914048
1233276384971091968
1233276377400406017
1233276375173386240
1233276371243159554
1233276347327315968
1233276340981444608
1233276332953366528
1233276328415125504
1233276328301883393
1233276327312052225
1233276317946105856
1233276315744104448
1233276314120929280
1233276301164851201
1233276295603077123
1233276275755642881
1233276273927081986
1233276268700893184
1233276247679098880
1233276226887749633
1233276218755158016
1233276211947802624
1233276196626083840
1233276196395372544
1233276187650203648
1233276172424929280
1233276152032219136
1233276137524035584
1233276117995278337
1233276116388995072
1233276104393273344
1233276100102496258
1233276097766154241
1233276093030752256
1233276092879794176
1233276077545422848
1233276076236783616
1233276070226358272
1233276045534457856
1233276039431888897
1233276025573740544
1233276015650254849
1233276010973605890
1233275999812497408
1233275999304830977
1233275966300004352
1233275960084041728
1233275953566175233
1233275941201145856
1233275917213913088
1233275908762394624
1233275902399799297
1233275901821030400
1233275899572678656
1233275888365641728
1233275887686017030
1233275872934858752
1233275872532193280
1233275855737999360
1233275852135137281
1233275823643353089
1233275821479092224
1233275820107415552
1233275810842214400
1233275796078415873
1233275792362233856
1233275791204605952
1233275762708381697
1233275760271482880
1233275753657012225
1233275720622858240
1233275716894175233
1233275714981502976
1233275711554801664
1233275711261044736
1233275689635373058
1233275677987655680
1233275624996864000
1233275601282314240
1233275600929865728
1233275599436861440
1233275595204657154
1233275592314847233
1233275569233526789
1233275558634483713
1233275554905849856
1233275529060651008
1233275506553835521
1233275506071441408
1233275506012934144
1233275495246155776
1233275494344384513
1233275492679045120
1233275488862339073
1233275484470902784
1233275470604644353
1233275466171072514
1233275460651569152
1233275454066438145
1233275447951032321
1233275445530877952
1233275436781723649
1233275424412594176
1233275422080667648
1233275414962987008
1233275412068757504
1233275412047900672
1233275400513445888
1233275399125102592
1233275398114295808
1233275398030594048
1233275395207827458
1233275378988437504
1233275373045133313
1233275353155678208
1233275343160651780
1233275335577194496
1233275313716682753
1233275313569828866
1233275302610112517
1233275292321484801
1233275283232501761
1233275272662642688
1233275269265469440
1233275266979385349
1233275259471552512
1233275256292294661
1233275245034921985
1233275225321562112
1233275216953917440
1233275212658954240
1233275210062680064
1233275208930226176
1233275205855805442
1233275199094652928
1233275197198749696
1233275194044751873
1233275193428185088
1233275192085864449
1233275183529488384
1233275172825812999
1233275165947068416
1233275160574251008
1233275151422279682
1233275138361085953
1233275133239812096
1233275132325617665
1233275126860386306
1233275124406607872
1233275113472020480
1233275111249104897
1233275093330972672
1233275089392721920
1233275075140313088
1233275054714228736
1233275050507169792
1233275045855797250
1233275027476205568
1233275013395963904
1233275010275512320
1233275009889599488
1233275004802019329
1233275000452341760
1233274971214032896
1233274967921319936
1233274963261612032
1233274953245454336
1233274951056187397
1233274942059405312
1233274941371490304
1233274925974196229
1233274909863923713
1233274894533758976
1233274893032017921
1233274889433309185
1233274874266677248
1233274870705688579
1233274855711297539
1233274854641750017
1233274854155202560
1233274853488128000
1233274846185811968
1233274836991873025
1233274831900004354
1233274824711122944
1233274819287961600
1233274812820316161
1233274775935516672
1233274763671482368
1233274762966773760
1233274757413527553
1233274742502764546
1233274718590914560
1233274713335574528
1233274703076352001
1233274701880975360
1233274699225976832
1233274692477313024
1233274677310578690
1233274676492693504
1233274668951445504
1233274660806000640
1233274648130809856
1233274623019499520
1233274608771567616
1233274592250040321
1233274587296780288
1233274580153884672
1233274575137509376
1233274572872601600
1233274559232540673
1233274556388978688
1233274536247877633
1233274530623148032
1233274523883114498
1233274522809356290
1233274458082861057
1233274449345929216
1233274443511631872
1233274427350994945
1233274403602882560
1233274401996468224
1233274399593119746
1233274397542084608
1233274397294841858
1233274391812825088
1233274379921952768
1233274349584625665
1233274345692119040
1233274326729793536
1233274318546776066
1233274314977247233
1233274310501883905
1233274298409730048
1233274298061606912
1233274282056093696
1233274256009515009
1233274251135766528
1233274241493196801
1233274231946928133
1233274228889153536
1233274228608294914
1233274220735598592
1233274217149366275
1233274213835821057
1233274199051046912
1233274198333612032
1233274197155008512
1233274192784609280
1233274188229677056
1233274177739685888
1233274140389453825
1233274138267013121
1233274121213136897
1233274120823037953
1233274118985912320
1233274101340356608
1233274085402038272
1233274080322838528
1233274070185021440
1233274055966543872
1233274049330991104
1233274030301446149
1233274021241901056
1233274006855352320
1233273992695316480
1233273967454162945
1233273964522360834
1233273928946073600
1233273917621489666
1233273911145426944
1233273910403137536
1233273890387853312
1233273871454785536
1233273856816750592
1233273855835176960
1233273848247857152
1233273847517855745
1233273829453172736
1233273823048470528
1233273815561621504
1233273796196491265
1233273792711004160
1233273791331098624
1233273790941016064
1233273789451886592
1233273735018352641
1233273734603120640
1233273731243376641
1233273711345537025
1233273711098093568
1233273702005035008
1233273692785799168
1233273685533839361
1233273684783067139
1233273679926218753
1233273669549359105
1233273651912478722
1233273644081610752
1233273621906444288
1233273617208762368
1233273609226866689
1233273585793368064
1233273566029848576
1233273553857871873
1233273547390275584
1233273546610282496
1233273543976157185
1233273523231248386
1233273519355523072
1233273515945742337
1233273513831649281
1233273510295941122
1233273490226237440
1233273482923913216
1233273468545667072
1233273467975479297
1233273458286456837
1233273437344260097
1233273432403406849
1233273424388263936
1233273423247421440
1233273422727307264
1233273419501899776
1233273412971384832
1233273398597423104
1233273391009935360
1233273383862882304
1233273373247070208
1233273368792764416
1233273362715009025
1233273358743040000
1233273329022390272
1233273313528549377
1233273306947604480
1233273268108328960
1233273240799367169
1233273230938513409
1233273224508493825
1233273204212408320
1233273199443333120
1233273197975334912
1233273195509243904
1233273184604106753
1233273168174952448
1233273165658411013
1233273159148691456
1233273157517291522
1233273151544537088
1233273148877033472
1233273148822310912
1233273145458556928
1233273134762971136
1233273120758190080
1233273114051698688
1233273109416837121
1233273099275165698
1233273088193654784
1233273062914580480
1233273037501239297
1233273030052171777
1233273025694511105
1233273005901520897
1233273002814517248
1233273001539293184
1233272991573794816
1233272983692750848
1233272982476349440
1233272976948072448
1233272971340341249
1233272970254209025
1233272964893859843
1233272963564093440
1233272959843872768
1233272924888498177
1233272913215868929
1233272899680833536
1233272890356682752
1233272888427524096
1233272885541842944
1233272876289097729
1233272874657599488
1233272866197688321
1233272865329299456
1233272859864076288
1233272846635286528
1233272845893062656
1233272843607126017
1233272842457886720
1233272835126308866
1233272821473779712
1233272820462784512
1233272810425987075
1233272810341986304
1233272802918060033
1233272795691470848
1233272789827760128
1233272787168456704
1233272787151622144
1233272784089907200
1233272781472763904
1233272779731959808
1233272777739730945
1233272772845064192
1233272763885838338
1233272759037415424
1233272730365186048
1233272728481714176
1233272722962018305
1233272717417185281
1233272701244100608
1233272689315471360
1233272677986516992
1233272677445431298
1233272668750843905
1233272660769071104
1233272659351236609
1233272645577297921
1233272639394705408
1233272631983509505
1233272631081738241
1233272622860783616
1233272610110279680
1233272592653414400
1233272591659491328
1233272590522814464
1233272587385548800
1233272586945122307
1233272586672295937
1233272585166569472
1233272581295226882
1233272566023905281
1233272559212228608
1233272558234918912
1233272555093381122
1233272553919041538
1233272547208097793
1233272511707648000
1233272503549730816
1233272474395119616
1233272457437552640
1233272448126074880
1233272444502380545
1233272406627758080
1233272401397313536
1233272401305034757
1233272388973817856
1233272372263890945
1233272364336664576
1233272359748014081
1233272247814520834
1233272203505995777
1233272187462668289
1233272183163457541
1233272179560607744
1233272096681103360
1233272096479797248
1233272096186191874
1233272092658827264
1233272045670207489
1233272033213108224
1233272016729444352
1233271987256135681
1233271986970910721
1233271975025360897
1233271957379928065
1233271924064686080
1233271886227922945
1233271885812699136
1233271881035403266
1233271785707040771
1233271772654526466
1233271751288721409
1233271740408549378
1233271727607578624
1233271677292773377
1233271668723732481
1233271639309246465
1233271602005127168
1233271517296852992
1233271470945689602
1233271449869332481
1233271437294784512
1233271422321078272
1233271417199677447
1233271336765546496
1233271329220067329
1233271274266226689
1233271272852852736
1233271248878231552
1233271223297114112
1233271181324771329
1233271178283933696
1233271151926759424
1233271144737890305
1233271134562521088
1233271122881368066
1233271048067522560
1233270988692811776
1233270985077424133
1233270985035517952
1233270941427343362
1233270936696053761
1233270935366467584
1233270895021420544
1233270890391011328
1233270881675177984
1233270876071550976
1233270865019752448
1233270854286544901
1233270851715207169
1233270843850911745
1233270838150885376
1233270835000967169
1233270831696039937
1233270830735425536
1233270809608826881
1233270805762473985
1233270804600614912
1233270804038553600
1233270780122632192
1233270772103360512
1233270765274968065
1233270763798585344
1233270748170592256
1233270747927326722
1233270744240443392
1233270740083933184
1233270731137409024
1233270722539204608
1233270709088129024
1233270682726825984
1233270632298606592
1233270623813554177
1233270616838426624
1233270616708415493
1233270606927405056
1233284726145740806
1233281781081812992
1233280287993454592
1233278125624250368
1233276681961472000
1233276591217745920
1233272741597458434
