1232550096790646784
1232550106571923457
1232550108878835712
1232550118819336192
1232550125848973312
1232550127128190976
1232550135403409408
1232550162737827845
1232550165623590912
1232550182325293056
1232550183306588160
1232550189006643201
1232550194132193280
1232550195700928512
1232550202323566592
1232550207298134020
1232550216319946752
1232550225534828545
1232550239833182208
1232550260989362178
1232550263950585862
1232550271441567744
1232550271701532672
1232550291502858240
1232550301728636934
1232550308548632576
1232550312076025856
1232550312369643520
1232550318073712641
1232550325749518336
1232550337086574592
1232550341595430912
1232550358334861312
1232550376106229761
1232550378928996352
1232550394678652928
1232550394720481280
1232550400638754816
1232550401192452097
1232550405420257281
1232550408435970048
1232550411967586400
1232550413842337793
1232550424177266688
1232550425812971520
1232550427134062593
1232550428526743552
1232550440136511488
1232550455412129792
1232550461846192129
1232550463465111552
1232550476236783616
1232550480435277824
1232550486256975872
1232550487305728001
1232550505261473793
1232550519622815750
1232550525737914368
1232550536680886273
1232550538547515392
1232550540451532801
1232550544759091200
1232550547602862080
1232550554477395968
1232550560236212225
1232550561817485313
1232550571934130177
1232550600535138305
1232550660916203520
1232550661147054081
1232550675592011776
1232550696970375171
1232550701911273472
1232550742189363200
1232550743233589248
1232550745704189952
1232550752985415685
1232550754612895744
1232550768923770881
1232550787902869504
1232550801542762498
1232550805426753538
1232550808710938624
1232550818898939904
1232550822975868928
1232550829179039744
1232550835172728832
1232550843775209473
1232550848397479936
1232550851123740672
1232550857293602819
1232550876297994240
1232550903405797376
1232550910221524993
1232550916009578496
1232550927816675328
1232550934078795779
1232550958221185026
1232550967943536640
1232550995785220096
1232551002126991361
1232551004719079425
1232551031340519424
1232551038529327104
1232551040722993153
1232551072356589568
1232551073946226688
1232551075997028353
1232551091797200896
1232551102798712832
1232551109044076545
1232551115180388353
1232551128283467778
1232551140291567616
1232551161435246597
1232551173930061824
1232551182616408064
1232551190736646144
1232551197225041921
1232551201301909506
1232551245472288768
1232551249511407616
1232551260404043776
1232551265520865280
1232551275339763712
1232551278611439617
1232551281882955776
1232551282906406912
1232551283044667393
1232551288321257472
1232551297599131650
1232551317769510912
1232551319774228480
1232551324463620096
1232551334995472386
1232551337750974467
1232551352166780928
1232551357661319168
1232551360433811456
1232551394046951424
1232551395871596549
1232551403039518720
1232551408357998592
1232551419493920769
1232551421066629120
1232551468449722368
1232551470177882112
1232551473801654272
1232551477832495104
1232551489177976832
1232551493456351232
1232551514272673793
1232551525118959616
1232551528394678272
1232551532949671937
1232551550104395776
1232551562150477824
1232551569595322368
1232551580022513665
1232551588495077376
1232551593557610497
1232551594157314048
1232551609462333443
1232551611026657280
1232551612821856257
1232551614268882944
1232551623366365184
1232551628114288641
1232551632044535812
1232551633957027840
1232551635571789824
1232551643624792067
1232551652433022976
1232551671361867778
1232551677678452737
1232551679737790465
1232551688155750401
1232551688948502528
1232551694107652098
1232551726206640128
1232551730753220609
1232551740110594048
1232551744199987202
1232551747517698048
1232551750760046592
1232551755440803840
1232551757953339395
1232551776877973509
1232551777599447040
1232551780950499328
1232551783609749504
1232551798189121536
1232551815410880513
1232551815809568770
1232551864840966145
1232551871023394817
1232551872160043009
1232551872441016320
1232551878019256320
1232551883665027072
1232551894536445953
1232551908491001858
1232551909262626816
1232551912286892032
1232551917311725568
1232551922403463169
1232551931194667009
1232556851130073089
1232556855420801024
1232556864220602368
1232556868180103169
1232556905840558080
1232556908772384770
1232556909460254720
1232556921518874624
1232556966750367746
1232556967572496386
1232556970168766464
1232556974660734977
1232557000929763329
1232557001315692544
1232557010958323712
1232557040830156800
1232557044403724294
1232557046362279937
1232557054465732608
1232557056353239042
1232557065064919040
1232557072153137152
1232557082122932224
1232557087709941765
1232557091383959553
1232557092004749312
1232557097230815233
1232557116147294208
1232557128730234886
1232557136594587655
1232557138809106432
1232557148426489856
1232557148938305536
1232557161739407360
1232557193649512451
1232557204252905473
1232557215954997248
1232557216353280000
1232557225824202752
1232557226688155648
1232557233071968257
1232557235626106880
1232557260095791104
1232557261958139904
1232557262570344449
1232557278152151040
1232557290915430400
1232557309970329602
1232557310872051712
1232557317645885441
1232557318610542593
1232557336889192448
1232557340941017093
1232557349111574528
1232557368766074880
1232557369860722688
1232557387703148547
1232557395332739073
1232557411568889856
1232557414282604545
1232557415612043265
1232557436269211650
1232557449292312576
1232557455240024066
1232557466757554177
1232557470012334082
1232557470599581697
1232557501440282624
1232557508499128326
1232557509682106369
1232557524869636098
1232557526832410624
1232557535942578178
1232557544079593477
1232557556322598912
1232557558566727688
1232557576333725696
1232557579164930048
1232557595921006594
1232557602242015232
1232557620461850625
1232557633254506496
1232557634684780544
1232557645820760064
1232557653412458496
1232557659028508673
1232557662237159424
1232557695468802048
1232557702854758402
1232557713965453313
1232557715505008641
1232557723301990402
1232557751181742080
1232557758253166592
1232557767392714752
1232557768122322950
1232557770228060162
1232557782756478978
1232557784303947776
1232557788427116545
1232557790343942144
1232557796606054401
1232557809532899333
1232557815031619584
1232557821872439296
1232557834744795138
1232557839165480961
1232557843389337601
1232557863060393985
1232557866134802434
1232557895365124096
1232557903921344513
1232557916760068096
1232557921059295233
1232557926386024449
1232557930928574464
1232557943100465152
1232557952600596481
1232557969981820928
1232557980706578433
1232557982732308485
1232557989107847173
1232557991049793536
1232557995139035138
1232557997882101761
1232558011195035648
1232558018111459328
1232558025828790272
1232558030081974272
1232558030753058816
1232558039808512000
1232558050835197952
1232558076517064705
1232558080472252416
1232558082179260417
1232558084570021888
1232558085538844673
1232558089582235649
1232558110579052544
1232558111342370816
1232558112130859010
1232558128333496320
1232558141528846341
1232558146180218880
1232558153943830528
1232558158050140161
1232558159186874368
1232558163855073280
1232558174642692096
1232558188647657474
1232558192351043587
1232558195987636231
1232558205483380738
1232558206204833793
1232558210550247426
1232558215516192768
1232558222629691392
1232558241999212544
1232558253428506624
1232558255924109312
1232558285800247296
1232558293731557376
1232558300224319489
1232558315663577088
1232558317354078208
1232558318234681344
1232558337474072582
1232558353412345856
1232558362946146306
1232558368453255168
1232558368956411905
1232558385054261248
1232558385889005569
1232558385888931840
1232558392595501057
1232558393140883456
1232558420412076032
1232558433729118208
1232558434685456384
1232558437478780929
1232558454448869376
1232558461185073152
1232558471146377216
1232558472358547456
1232558476968255488
1232558483192434688
1232558485151285253
1232558489739771906
1232558498229170176
1232558499143520258
1232558502763212800
1232558506009616384
1232558510157725696
1232558534451245056
1232558540407083009
1232558540880932865
1232558549319839751
1232558592286511104
1232558616881688577
1232558638763401216
1232558660573892608
1232558661429604353
1232558671126622208
1232558680933052416
1232558682086498305
1232558683613224960
1232558689598550016
1232558700839260160
1232558703162937345
1232558705884979203
1232558705993867264
1232558707864633350
