1225751060213571584
1225751066353917952
1225751078001631232
1225751087962943489
1225751095244275713
1225751118510080001
1225751131231596544
1225751138797932545
1225751182364356609
1225751214475755521
1225751232616202240
1225751245312360450
1225751256469319682
1225751256599318533
1225751268183986177
1225751268699836417
1225751280754159617
1225751287825780736
1225751330603651073
1225751347741376515
1225751363466006539
1225751372374528001
1225751375377846272
1225751440754429956
1225751442683781121
1225751469598691329
1225751479589462016
1225751489701769216
1225751544068476928
1225751566117937152
1225751613974949894
1225751640759787526
1225751655775272960
1225751658384195584
1225751660254789632
1225751680144244737
1225751692957962248
1225751733634260992
1225751736545087488
1225751757483053056
1225751771978530822
1225751776856563713
1225751787245723648
1225751795848400896
1225751820544417792
1225751850114256902
1225751859828273152
1225751921597833216
1225751927633391616
1225751959035973632
1225751992737378304
1225752003281702912
1225752017894666246
1225752026388164608
1225752068633300992
1225752072869441537
1225752125650558977
1225752161683935232
1225752177508937734
1225752198228955137
1225752215601721344
1225752236623450112
1225752242042458113
1225752253174308865
1225752297034190850
1225752313677012994
1225752315925323776
1225752319456940032
1225752327660793856
1225752346703138816
1225752354340794369
1225752358115627008
1225752365598486528
1225752413660946432
1225752425216106496
1225752433948688384
1225752442291097600
1225752446158270464
1225752456052658178
1225752457659211778
1225752486662664192
1225752493583409153
1225752500659195906
1225752516048162817
1225752526458195969
1225752538986766337
1225752541931200517
1225752543059419136
1225752545680855041
1225752549250211840
1225752560033660933
1225752592627593216
1225752595949477888
1225752602618585088
1225752611590041600
1225752682792615936
1225752689654419456
1225752747409993730
1225752749263835139
1225752755056336896
1225752776858312705
1225752782310789120
1225752820332351488
1225752894017654785
1225752909155053569
1225752934106923008
1225752969414500352
1225752980521181189
1225752990570745856
1225752991233400832
1225753019670650882
1225753035327979520
1225753037265948672
1225753041246314496
1225753074217738240
1225753084686561280
1225753085739274241
1225753088117673984
1225753135341359104
1225753178886504448
1225753206262763521
1225753216786337792
1225753287888003073
1225753304900284419
1225753342229569536
1225753373267365888
1225753392288583683
1225753398542241794
1225753444436213760
1225753448370593793
1225753452653006848
1225753457040207873
1225753466284527621
1225753493715247104
1225753506658820097
1225753514057633792
1225753520563007488
1225753522718769152
1225753532722184193
1225753543807819776
1225753552565325824
1225753589143851008
1225753590867775488
1225753596421165056
1225753597058531328
1225753630873014273
1225753636904427521
1225753640431955968
1225753657796374528
1225753686430736387
1225753714876485632
1225753728692580354
1225753735135191043
1225753754177163264
1225753755657764864
1225753758497271809
1225753762511368192
1225753782136516614
1225753790977961986
1225753796866789377
1225753811538440192
1225753812880646150
1225753856648368128
1225753881671426048
1225753882388680704
1225753898146816000
1225753900868747264
1225753906988421131
1225753923249745922
1225753955763810305
1225753959660433408
1225753982645129221
1225754028367372288
1225754030267392000
1225754053596106753
1225754055542214656
1225754077830799365
1225754084650733568
1225754153533575168
1225754163826450433
1225754171460243459
1225754212706983936
1225754216976789506
1225754226602672129
1225754261004283905
1225754269053280256
1225754316125982721
1225754326334918659
1225754348942221312
1225754360782573569
1225754380412080128
1225754397457645569
1225754402025160704
1225754411470749696
1225754434896039936
1225754435168669696
1225754467494031361
1225754471839477760
1225754523332796417
1225754531587186689
1225754554047832065
1225754560330899456
1225754573949681664
1225754606610919425
1225754611123752965
1225754633076797440
1225754633693327363
1225754635660595203
1225754685908213760
1225754728170184705
1225754740144799748
1225754742476828677
1225754746146914304
1225754748495765504
1225754750639116289
1225754761745453056
1225754809317367808
1225754819769569280
1225754832834682886
1225754837771595778
1225754856830513152
1225754878959423489
1225754883120357381
1225754899373314048
1225754922186047489
1225754948706525184
1225754964502421504
1225754965768982533
1225755017287589889
1225755047625183232
1225755069510930434
1225755076788019200
1225755096794963968
1225755116063428609
1225755163299909641
1225755164327456769
1225755169121542144
1225755171583676417
1225755222531702784
1225755228932198400
1225755275656695809
1225755296754274304
1225755319407538176
1225755330296131584
1225755344716083200
1225755357030633472
1225755359253389312
1225755364072685569
1225755370976632833
1225755390584844288
1225755437322194944
1225755464085803008
1225755480619773953
1225755487058169856
1225755548487802880
1225755575713226759
1225755584911302656
1225755595711614976
1225755596118343681
1225755597506670597
1225755617543049216
1225755634517278720
1225755647523815425
1225755658131132416
1225755667274850304
1225755672891052033
1225755682986655745
1225755691295662081
1225755705518514176
1225755715547140096
1225755721364410369
1225755727081267200
1225755756747796480
1225755815635816449
1225755827815862272
1225755844232581120
1225755853187215361
1225755853892079617
1225755853967568896
1225755860363857920
1225755886364381186
1225763940518334466
1225763946264530945
1225763956347658240
1225763984420298752
1225763999670833153
1225764006880776192
1225764026086457344
1225764043576745990
1225764057648705537
1225764060383211521
1225764093379825664
1225764105249681409
1225764107984556034
1225764130881097728
1225764153345724416
1225764169259069441
1225764211319431168
1225764241526919168
1225764263853273088
1225764349702131713
1225764375568490497
1225764401111805953
1225764411555618818
1225764442761093120
1225764513846157315
1225764536411664385
1225764562064039936
1225764592938172416
1225764595437957121
1225764618229948417
1225764622105563136
1225764659568967686
1225764671522734086
1225764707119689728
1225764712425512961
1225764730687459328
1225764738765860865
1225764753068281857
1225764768461377539
1225764770340454402
1225764815756578817
1225764843292176384
1225764851764559879
1225764877911785472
1225764891610537984
1225764887911026688
1225764921067102212
1225764926150430720
1225764932378980352
1225764971117600768
1225764977207922688
1225764991258652673
1225765007993884673
1225765033008943104
1225765050293661697
1225765077447593984
1225765090026065920
1225765090554568704
1225765092693856256
1225765104244813824
1225765110347595776
1225765138826964992
1225765139326099456
1225765140521521152
1225765146603249664
1225765180216397826
1225765210696192000
1225765219466645506
1225765226546630658
1225765229860130823
1225765247073439744
1225765257060274176
1225765272570613761
1225765274114088964
1225765292086829057
1225765306175557634
1225765307655942144
1225765311397236738
1225765311363731457
1225765312261279744
1225765350307848193
1225765351109152768
1225765351369003011
1225765358801342465
1225765368993468416
1225765371229036544
1225765379835777024
1225765390405505025
1225765403961499650
1225765412501061632
1225765415592218624
1225765423922106370
1225765424354275328
1225765424932876295
1225765434558803968
1225765435653574656
1225765479735873536
1225765488111734786
1225765498224283648
1225765520755978240
1225765534223855620
1225765535431962626
1225765556592099328
1225765561000452102
1225765610199666694
1225765633889095680
1225765638762893318
1225765642730713089
1225765665774166016
1225765717263282176
1225765719163514881
1225765779456417793
1225765837841293312
1225765840714375168
1225765840764596228
1225765842232762368
1225765845537718272
1225765864399679488
1225765877414531074
1225765883701678082
1225765890324451328
1225765966149234688
1225765972771889153
1225765986839617536
1225765991898124288
1225765993688883201
1225765996100759552
1225766019316228097
1225766021715283968
1225766041252352000
1225766043764711424
1225766056196743168
1225766077612818434
1225766107694292993
1225766146068172801
1225766153449922560
1225766155064733697
1225766154716749824
