1229299458451505153
1229299497030778880
1229299612994981889
1229299615654174721
1229299627821694976
1229299652953927680
1229299655877496832
1229299690836873222
1229299761020317696
1229299806419456000
1229299882025861120
1229299893186916352
1229299968097148928
1229299973872730112
1229299980705255424
1229300100217888768
1229300110938513408
1229300140692910081
1229300176096985088
1229300207231201280
1229300223362490368
1229300253058359297
1229300289984856064
1229300318162366464
1229300352748412930
1229300374328107008
1229300386554621952
1229300394305687553
1229300395089911809
1229300432675061760
1229300454317649921
1229300457362706432
1229300466992893953
1229300473686966274
1229300555337621506
1229300635817914368
1229300640049848320
1229300695565660160
1229300700133244928
1229300714968682496
1229300765467918336
1229300774158471168
1229300775991427072
1229300864398946305
1229300921517170688
1229300938608758785
1229300949379776513
1229300965712416770
1229301053289463809
1229301059857895426
1229301086839689217
1229301111342993408
1229301183057031169
1229301218129801216
1229301373092581377
1229301385184698368
1229301411499802625
1229301440503369731
1229301441766076417
1229301517783465984
1229301532903890944
1229301585576022016
1229301588478566402
1229301612566470656
1229301613292138496
1229301709429780482
1229301733794271233
1229301767759745024
1229301804589936642
1229301826891071488
1229301851750715393
1229301911871864832
1229301946600718338
1229301977017966592
1229301989806227456
1229302057523458048
1229302096035368961
1229302128088408065
1229302149303218179
1229302215321350145
1229302220820242432
1229302236657750016
1229302255184117762
1229302259512758272
1229302273001607170
1229302321181425664
1229302477473943553
1229302499493982210
1229302526312235009
1229302591340679169
1229302630981070848
1229302639621476354
1229302645598244869
1229302676577509376
1229302702707863552
1229302727974543360
1229302739584180224
1229302741572284423
1229302858627063809
1229302875093794816
1229302885353164800
1229302915057119233
1229302919704367104
1229302983730647042
1229303033248399361
1229303092908371969
1229303095814914050
1229303103314202626
1229303123606429697
1229303153574715392
1229303158133772288
1229303190325166080
1229303193869471744
1229303208478007296
1229303244972679168
1229303298231959552
1229303309367824385
1229303314245804032
1229303346026119168
1229303357438906368
1229303367236816897
1229303444747378689
1229303616801890304
1229303617124888576
1229303620396556294
1229303625467359234
1229303706555801601
1229303714894082048
1229303759257231360
1229303846188376065
1229303895857532928
1229303904023842820
1229303916883402753
1229303925578326020
1229303972856389632
1229303978246070272
1229304002665299968
1229304020377964544
1229304024714772480
1229304049750728706
1229304151617785858
1229304171645538304
1229304236430778368
1229304256118841345
1229304309411651584
1229304362536701952
1229304425811861505
1229304440139788289
1229304581231763456
1229304637632716800
1229304733212561408
1229304734621655040
1229304740476899329
1229304752162234368
1229304763059032065
1229304766766993408
1229304768604131330
1229304781086318592
1229304785230127104
1229304892705013760
1229304917829046272
1229304938368466944
1229304960761774081
1229305001492828160
1229305022263021568
1229305100801396736
1229305131570626560
1229305198192934912
1229305220137545729
1229305291847675910
1229305313871978496
1229305407002144768
1229305429076824065
1229305458801991680
1229305465932337153
1229305586912841728
1229305602305736704
1229305604163813377
1229305634996224000
1229305753875304448
1229305755020349442
1229305756173733889
1229305808120270848
1229305883210997760
1229305901829382144
1229305954706968576
1229305967600381957
1229305970645356545
1229306033253650433
1229306034696552448
1229306097162280960
1229306178670223362
1229306221619892224
1229306230075727873
1229306233074511872
1229306311352999936
1229306437165371392
1229306454068416512
1229306466080886785
1229306483818553344
1229306501573029888
1229306521021845505
1229306521202327552
1229306547735580673
1229306570770714624
1229306585085812736
1229306621194592258
1229306675372257280
1229306683177857025
1229306796382224384
1229306801314783233
1229306816636473344
1229306856721416192
1229306876917174273
1229306928419004416
1229306990062637056
1229307010430181376
1229307064175882240
1229307199643627520
1229307284465033216
1229307297098326017
1229307303830016000
1229307329746735104
1229307332972048385
1229307336684167168
1229307341616533504
1229307353419223042
1229307363997282304
1229307373187059713
1229307414861643776
1229307418326323201
1229307449292677120
1229307467789553665
1229307506159243265
1229307528154091521
1229307768437428226
1229307887035379717
1229307967549341701
1229308003016376320
1229308010947731456
1229308018291953665
1229308024109465600
1229308035186724864
1229308056342794240
1229308056594370560
1229308075850584065
1229308127645818880
1229308129097089026
1229308147711475712
1229308149838077953
1229308166891945984
1229308228699181058
1229308263130370049
1229308290099707904
1229308323683426304
1229308350535307264
1229308363097329664
1229308397029249025
1229308413856927746
1229308420609716225
1229308464523927552
1229308465748668417
1229308481544445953
1229308490839154690
1229308533524570112
1229308547168534528
1229308551878844416
1229308561005654016
1229308567733317632
1229308638654676992
1229308666970402816
1229308672226013185
1229308734377086977
1229308768879443968
1229308785069457409
1229308905764745216
1229308958646685697
1229308974429810688
1229309011331207168
1229309019757506561
1229309041807110146
1229309076347088899
1229309127177818114
1229309163945254912
1229309295474298881
1229309331511758848
1229309368148975616
1229309421991251968
1229309435509530624
1229309448738525184
1229309468355301376
1229309473795108864
1229309514681344007
1229309557601533953
1229309576815808512
1229309580531949569
1229309588710641665
1229309589310640128
1229309602635931648
1229309615524831232
1229309692767129601
1229309701826977792
1229309712685916160
1229309716393709568
1229309719606677506
1229309726380347392
1229309756696694785
1229309764049522688
1229309799139020800
1229309811927474176
1229309835440775169
1229309879984234496
1229309925379043328
1229309926503305219
1229309991766708224
1229309996292362240
1229310090026475520
1229310097739771905
1229310108959555584
1229310112797315072
1229310159467556864
1229310201783820288
1229310270960553984
1229310279038701568
1229310299121029121
1229310299649576962
1229310307882930177
1229310341202546688
1229310381065007104
1229310391311794177
1229310405471686656
1229310421804474369
1229310478159093764
1229310493505929217
1229310561977913346
1229310596711145472
1229310599827542024
1229310622715613184
1229310723496407041
1229310823702683648
1229310842103042048
1229310955538067457
1229310981936840705
1229311005907353600
1229311011611697153
1229311030926413824
1229311033258307585
1229311051629391872
1229311057249718273
1229311060466896896
1229311084999430144
1229311140162932743
1229311144675938304
1229311176992948225
1229311279011004416
1229311287525396480
1229311290377723905
1229311350918328321
1229311414944190464
1229311419746791426
1229311426751152129
1229311456103014405
1229311517859950592
1229311518975520772
1229311554882899968
1229311613913772032
1229311656238338048
1229311695752843264
1229311702627442689
1229311702790881281
1229311801692549122
1229311877450272769
1229311887856279553
1229311917317029889
1229311988615876608
1229312059172687874
1229312066642640896
1229312067187957760
1229312071591817217
1229312108506075136
1229312112016556038
1229312129200574464
1229312190240509952
1229312247765307392
1229312299107680257
1229312351221866496
1229312355277910016
1229312460408029184
1229312594965606400
1229312670584602625
1229312724204523520
1229312753631821824
1229312799660265472
1229312801639993345
1229312803132952577
1229312816848355329
1229312818077265920
1229312831100555264
1229312833915179009
1229312842404331521
1229312870120226822
1229312872569655297
1229312879217778689
1229312878991290369
1229312993369960448
1229312997614587904
1229313014131593216
1229313020653973504
1229313021744467969
1229313057798660101
1229313174396010497
1229313196432875520
1229313227399450630
1229313263306829824
1229313344441446402
1229313344676356096
1229313357548666881
1229313425634803712
1229313501455405059
1229313510447906824
1229313584900894721
1229313590382993409
1229313610826108928
1229313693877329921
1229313696838684672
1229313722482487296
1229313729440907278
1229313731621900288
1229313748294230017
1229313762303389697
1229313821933629442
1229313850249371648
1229313919610580993
1229313919971291136
1229313951151853568
1229314085151363074
1229314112699740160
1229314128054931458
1229314134866571265
1229314157272371201
1229314180358004736
1229314259877797889
1229314282023636992
1229314282929549314
1229314287857856512
1229314298582683649
1229314358330580992
1229314360259923968
1229314363921747968
1229314422381760512
1229314437972025345
1229314442120163329
1229314444259278851
1229314445362384896
1229314531240730624
