1231232176252829697
1231232186558435331
1231232193747472384
1231232211778596864
1231232217935822849
1231232223140933632
1231232230443249665
1231232234763493377
1231232255374180352
1231232277939662850
1231232279269298176
1231232301603770369
1231232338643881989
1231232347779063808
1231232357631438848
1231232364228960256
1231232381924691969
1231232389944352768
1231232390283972608
1231232402367926272
1231232451160096768
1231232486551642120
1231232488502169600
1231232549046890498
1231232552372883458
1231232558907764738
1231232590251560962
1231232622564708353
1231232625953640449
1231232628872839169
1231232633390145536
1231232640138665984
1231232655565389831
1231232666722160641
1231232685135290368
1231232696459894786
1231232704001134598
1231232725018742784
1231232764298416129
1231232782401073153
1231232786784235520
1231232791569891328
1231232803473367041
1231232824222474240
1231232826848100352
1231232887728435200
1231232909744443393
1231232914156687367
1231232920293003266
1231232939494559745
1231232940358672388
1231232960013230080
1231232971086143488
1231232977658507266
1231233036232032258
1231233063578783745
1231233076115705858
1231233100966957056
1231233107728195586
1231233125230895104
1231233164238106629
1231233208374743043
1231233216075333634
1231233221968506881
1231233236035964928
1231233292554379269
1231233305078632448
1231233307293159424
1231233319020351488
1231233355791962112
1231233404470992897
1231233432950202368
1231233460527755265
1231233494207983616
1231233495571132416
1231233501380464640
1231233568829034497
1231233573786734592
1231233608607662083
1231233643764494336
1231233659753127937
1231233663771271170
1231233676933025797
1231233691340464130
1231233719865876480
1231233720906141696
1231233763536973826
1231233770604417026
1231233781199253504
1231233802178985984
1231233827437195265
1231233829056196613
1231233829689421824
1231233871405932544
1231233898887053322
1231233915551199232
1231233918139060227
1231233934916308992
1231233943409741824
1231233971461087233
1231233976154673152
1231233979073695745
1231233979430264832
1231233999676137473
1231234005254725632
1231234009084108800
1231234055229845504
1231234077354627072
1231234098628374528
1231234103959158785
1231234104231895042
1231234156023013376
1231234189032337411
1231234209873833985
1231234217264152580
1231234223694065664
1231234250403348481
1231234264416628738
1231234271643238400
1231234289687257089
1231234317679910912
1231234321027076102
1231234330254598144
1231234386160431104
1231234396016934912
1231234451407020033
1231234474886582272
1231234475864023045
1231234477315112962
1231234486458888202
1231234488752992256
1231234488832798720
1231234502665457664
1231234503177375749
1231234527441219586
1231234549742473218
1231234554695798784
1231234557229371393
1231234583854829569
1231234599117717504
1231234636916776963
1231234647532670976
1231234654188929024
1231234657896693761
1231234662241955841
1231234661981904897
1231234663294914563
1231234684497121282
1231234690796982272
1231234691396665345
1231234702289313792
1231234751622787072
1231234759197478914
1231234785923784704
1231234826084274176
1231234838755250186
1231234844320886786
1231234874394238976
1231234930283180033
1231234941121441795
1231234941255438343
1231234943633829888
1231234943910662147
1231234952802570240
1231234962164027392
1231234996767252485
1231235012617555969
1231235032452341760
1231235048696930304
1231235072298299395
1231235073065672704
1231235086122717186
1231235114002083845
1231235117575745536
1231235146319306754
1231235149041487872
1231235159007035394
1231235201281527809
1231235233443278848
1231235237650345986
1231235240036716546
1231235243346141184
1231235265416613889
1231235285880594432
1231235288610922496
1231235311189004288
1231235312967307264
1231235330084179968
1231235332005298177
1231235341677236227
1231235346639159298
1231235346849058817
1231235352062517248
1231235384283144193
1231235400301080576
1231235411219009536
1231235429216768001
1231235484480933890
1231235484506034179
1231235497319636994
1231235508363235328
1231235512720953344
1231235520430313473
1231235530894934018
1231235581096550402
1231235587790852096
1231235602902913025
1231235618903953408
1231235651909177344
1231235663720263681
1231235669596368896
1231235700160368641
1231235703540875265
1231235708096045059
1231235715788410880
1231235726093832193
1231235807375052800
1231235811842109441
1231235817781243906
1231235818599206915
1231235822575210497
1231235844775784448
1231235864262406144
1231235875612364806
1231235883363422209
1231235933187584005
1231235951147585536
1231235957090729984
1231235982105563136
1231236018713645063
1231236021930479616
1231236026347077632
1231236030256205825
1231236072966803457
1231236098292146176
1231236107012059139
1231236108773707777
1231236114821926913
1231236138528071685
1231236145104601088
1231236184183115778
1231236216776994816
1231236245591928832
1231236328244830209
1231236386432442370
1231236389041209344
1231236396427276291
1231236399174582273
1231236409379434498
1231236415188389889
1231236443881836544
1231236525523898369
1231236553273421825
1231236553730658304
1231236564287721472
1231236566472785920
1231236569035468800
1231236597502267395
1231236610202554368
1231236645900304384
1231236685989580800
1231236694264942592
1231236698794672129
1231236705698689024
1231236708676571136
1231236729996075010
1231236737525047296
1231236754058776576
1231236765555548160
1231236804315140103
1231236806684872705
1231236817845805057
1231236824711872512
1231236825152356352
1231236826192416769
1231236855473025025
1231236863530156032
1231236872891961344
1231236876285157376
1231236896061317124
1231236909248069632
1231236932929282048
1231236983227285504
1231236992706514947
1231237011593400323
1231237054681378818
1231237069076299776
1231237070116573185
1231237078924566528
1231237116656377856
1231237127066791936
1231237185380200450
1231237187112460288
1231237282293633028
1231237286022352896
1231237347238391809
1231237347838242816
1231237357682249728
1231237362367238144
1231237372483788800
1231237386522288128
1231237395615485954
1231237423578984455
1231237427169198082
1231237439437656065
1231237477916184582
1231237479514148865
1231237494148096000
1231237494219382785
1231237505472761856
1231237525219442690
1231237526423101441
1231237592714240000
1231237609440989186
1231237610762358786
1231237680215871490
1231237697559089152
1231237719746940930
1231237732422127622
1231237790341500931
1231237859505344514
1231237867503906816
1231237869307650054
1231237872574795776
1231237877733789698
1231237879894102018
1231237921535074305
1231237927784648704
1231237941130821638
1231237952598048770
1231237965151637506
1231237999385612290
1231238011649773569
1231238023683158016
1231238077705805825
1231238082181156864
1231238102938791943
1231238105325297665
1231238119363620865
1231238131413868546
1231238138959364097
1231238146811158529
1231238174174797827
1231238179145031680
1231238179358941184
1231238183280447489
1231238207624400896
1231238216931561474
1231238272699060229
1231238289937649664
1231238309122379776
1231238337463119873
1231238346489331712
1231238368622571520
1231238373660073984
1231238378034778115
1231238395231457284
1231238413489254402
1231238419805683712
1231238425816260610
1231238428278378497
1231238436717309952
1231238442614427650
1231238466689806337
1231238475808149504
1231238476843999236
1231238491419209729
1231238511937888258
1231238558566014979
1231238562395250689
1231238570108575746
1231238595492614144
1231238628581552129
1231238633295949827
1231238637376954368
1231238656175857665
1231238663045959681
1231238680427270145
1231238708822728705
1231238777420439553
1231238779320619008
1231238790494277632
1231238811071459329
1231238811151032321
1231238812912754689
1231238831187214336
1231238832315453440
1231238857850605568
1231238928373604360
1231238941493186560
1231238955561029632
1231238978688425984
1231238979816771585
1231238986586148864
1231238989413322752
1231239013580800001
1231239014687993856
1231239015442944001
1231239023567372288
1231239101107580932
1231239151997083648
1231239176990941184
1231239183215341570
1231239190467182592
1231239212277600257
1231239223530754048
1231239284994134017
1231239302648037378
1231239316376051714
1231239342145753090
1231239353243963392
1231239406935248896
1231239419157413888
1231239462048485381
1231239488464134146
1231239497284608000
1231239497892999171
1231239501319589888
1231239511935307777
1231239551886094337
1231239564016201730
1231239595494260737
1231239603606167553
1231239651240763393
1231239651714883586
1231239658547417089
1231239682090061826
1231239687278354433
1231239688758931461
1231239748758507520
1231239758828969985
1231239796024053761
1231239808619438080
1231239828760514561
1231239835429376003
1231239836507557891
1231239840651497477
1231239854190669826
1231239855952166912
1231239858653450240
1231239858842107904
1231239876567326720
1231239969479516160
1231239978795008000
1231239998755790855
1231240028170412032
1231240047225114624
1231240052002312192
1231240059820617728
1231240069333180416
1231240072927707137
1231240083379875840
1231240124052185088
1231240131010535424
1231240213315407872
1231240224019226624
1231240224300101632
1231240243409571840
1231240250279657472
1231240265534451712
1231240279438561280
1231240293053190145
1231240305896230912
1231240331233873920
1231240363924480000
1231240363962179590
1231240382807080960
1231240405682999297
1231240408660926464
1231240419796586496
1231240422011392000
1231240447537930241
1231240465032400896
1231240471562870786
1231240486570151937
1231240494471974912
1231240511811272705
1231240554861735942
1231240585878614016
1231240586906107909
1231240605344264192
1231240617344327681
1231240633140105220
1231240657009827840
1231240670884569089
1231240683308056584
1231240710340435974
1231240725527814144
1231240745333297153
1231240756221923329
1231240768074829829
1231240840414212096
1231240846516850688
1231240845921325057
1231240853999509507
1231240870260879361
1231240918545489920
1231240956726382592
1231241020580347904
1231241020702154754
