1229133347428786176
1229133355976929281
1229133383487410177
1229133475225186304
1229133503188566016
1229133504828428288
1229133536831188992
1229133551133691904
1229133570414956545
1229133675847200773
1229133678892085248
1229133691567460356
1229133748622376962
1229133754989449216
1229133792822071297
1229133799709081600
1229133859477913601
1229133893275533312
1229133928486838274
1229133933603848192
1229133959675760646
1229134030312026112
1229134041158422528
1229134142278971393
1229134144057180160
1229134233052106752
1229134259388067842
1229134437348249600
1229134479329038336
1229134542423941120
1229134545875763201
1229134546739826688
1229134571771396097
1229134582924087296
1229134630009393154
1229134634493120514
1229134729418551296
1229134770774278144
1229134838222946310
1229134846355701772
1229134879666909185
1229134884930818049
1229134958733791234
1229134974827323394
1229134975754215424
1229134998797791233
1229135002480279559
1229135043265736704
1229135080427270145
1229135090246090752
1229135113046437897
1229135126333992963
1229135230356860928
1229135254432120832
1229135300611497987
1229135325076840448
1229135355506384898
1229135431394000897
1229135435257057281
1229135504031047680
1229135533990928384
1229135589494214657
1229135647094509573
1229135648600338438
1229135697799348224
1229135700211179521
1229135742963634176
1229135837440413697
1229135895913259009
1229135900782682112
1229135947348021250
1229135991585173504
1229135994781233153
1229136038301511691
1229136046748774402
1229136082446495749
1229136088582774784
1229136137912012800
1229136149421199361
1229136169583038464
1229136179750146048
1229136258301120514
1229136381416525825
1229136392980238336
1229136477101199360
1229136477268905985
1229136506733973504
1229136512345870336
1229136530490437633
1229136639789879298
1229136670873833472
1229136675907022848
1229136676544487430
1229136734371233792
1229136753539387392
1229136758799044611
1229136823567495168
1229136861894979586
1229136881511751682
1229136882119979008
1229136905075351552
1229136921999245313
1229136935882498048
1229136965104259077
1229136985023033346
1229137019479171080
1229137024474603521
1229137061027950592
1229137086445305856
1229137106985005056
1229137108616478720
1229137152337989632
1229137156465188869
1229137169740107778
1229137177059188736
1229137239969542145
1229137240594448395
1229137264443351054
1229137266716659712
1229137306021396480
1229137313059557377
1229137320412110848
1229137323477987331
1229137344994824192
1229137356990578696
1229137398342221830
1229137411046813702
1229137420278550529
1229137437093515264
1229137446635327489
1229137469519560706
1229137469641285632
1229137493196304384
1229137501350236160
1229137513543061504
1229137527736545280
1229137576029818880
1229137585928200192
1229137607700905984
1229137613472354305
1229137616118910977
1229137618937532418
1229137621542219779
1229137621764517889
1229137627334483969
1229137681503805440
1229137742388506625
1229137753268477952
1229137831865483274
1229137836550610945
1229137842154151936
1229137894381625346
1229137916217221121
1229137932457578497
1229137957715509248
1229137970508304385
1229137975256088576
1229138043983949824
1229138066805121024
1229138081472598016
1229138157544919041
1229138175446147074
1229138195444531202
1229138295646453762
1229138335886647299
1229138339053342722
1229138357462061056
1229138363111936012
1229138378454532097
1229138399732199425
1229138428802895872
1229138487577890816
1229138492225134597
1229138585468588032
1229138603906867207
1229138662694293504
1229138685544878080
1229138750858563588
1229138762111897601
1229138768738816003
1229138825978368000
1229138831816962052
1229138903581499394
1229138914629341184
1229138954621980677
1229139020434886658
1229139022141767685
1229139124319408128
1229139135102734336
1229139141083963392
1229139166811701253
1229139169190010885
1229139195773571072
1229139213762867200
1229139293341470728
1229139320591642624
1229139348060327937
1229139356453101570
1229139363726012416
1229139369124155392
1229139420399448065
1229139421473144833
1229139479161638912
1229139500170981378
1229139506990927879
1229139535679778816
1229139561474818049
1229139598015705088
1229139613320527872
1229139661072879616
1229139709026328582
1229139723509043201
1229139736985505792
1229139777536086016
1229139801045164038
1229139828458967040
1229139830916907011
1229139830942158853
1229139859995971584
1229139875217256449
1229139910814306304
1229139965973532673
1229139975100198912
1229140060215312385
1229140087503511552
1229140171339288577
1229140271188860930
1229140281708208128
1229140326847111168
1229140345922838529
1229140358925373440
1229140455859933184
1229140464575668225
1229140467939446785
1229140506031996928
1229140526907052032
1229140528975040517
1229140538911313922
1229140591969218568
1229140609270722561
1229140650462973953
1229140684382195712
1229140686001385475
1229140726107209729
1229140762245251073
1229140768700469248
1229140787272847360
1229140787969110019
1229140873738379266
1229140896878333954
1229140899126378496
1229140917589770241
1229140918588116992
1229140947008729088
1229141001928880130
1229141008358600705
1229141014687805440
1229141106497064966
1229141175069790209
1229141199904067584
1229141204966621184
1229141231894007809
1229141277146570755
1229141281265344513
1229141298260647944
1229141299086925826
1229141338060447751
1229141347011121154
1229141358675316736
1229141394637434883
1229141426358964233
1229141438975352832
1229141446571282438
1229141466921848832
1229141479697846273
1229141516796428289
1229141520323772416
1229141554750722053
1229141556176834560
1229141558072467459
1229141565609848832
1229141578934964224
1229141580105371648
1229141612699299841
1229141616486682624
1229141630491529216
1229141651462983680
1229141708362915841
1229141721893744641
1229141767783497729
1229141782493106176
1229141782866333698
1229141801837068288
1229141802453622784
1229141845588021248
