1298787291641425921
1298787299761807361
1298787305944002560
1298787311434358784
1298787314731118597
1298787343932022784
1298787350332559360
1298787383383658497
1298787391310827521
1298787392246222849
1298787424668127233
1298787450156912640
1298787453608763393
1298787459216666627
1298787474706063360
1298787476845350912
1298787477142925312
1298787488282992640
1298787493127639040
1298787494607990784
1298787504791973889
1298787508029980672
1298787512144412673
1298787522923974662
1298787525083852801
1298787527092969472
1298787532818259968
1298787536484130816
1298787539239624704
1298787559888257024
1298787563834978305
1298787592616386561
1298787596105945089
1298787598060535809
1298787599704875008
1298787612052926464
1298787613172797440
1298787614116294659
1298787616561729536
1298787618159824897
1298787619183063040
1298787629106728961
1298787645913526273
1298787654960644096
1298787656503930880
1298787679534854145
1298787688452038658
1298787703303974917
1298787705661190146
1298787710304481280
1298787721482301441
1298787721826250753
1298787725789876225
1298787734140534784
1298787734329294850
1298787734497107969
1298787735675731968
1298787756546625536
1298787766764032000
1298787781976694787
1298787806467313664
1298787807322923008
1298787815887532032
1298787818538442752
1298787821235236866
1298787829867319296
1298787832681639936
1298787835412197384
1298787835928096768
1298787844589322240
1298787857671299073
1298787860879798272
1298787866135408641
1298787874188521474
1298787889044692993
1298787894635540480
1298787898402242560
1298787898964180994
1298787904588861440
1298787923899252736
1298787925275086849
1298787931432218626
1298787939321692161
1298787946275811330
1298787951581650946
1298787953733337089
1298787965309718529
1298787967801200641
1298787968442753024
1298787982120497152
1298787986755076096
1298787996121157633
1298788011057049600
1298788012369772544
1298788015922438144
1298788028220088323
1298788038324228096
1298788059111194626
1298788059287367686
1298788060839251968
1298788069173334017
1298788071580860418
1298788078451130374
1298788079587778560
1298788080976101379
1298788091189108746
1298788108788531200
1298788112785477632
1298788117231542275
1298788126328938496
1298788133958541312
1298788137158623232
1298788139977203712
1298788145027256321
1298788145039839232
1298788148151951362
1298788165382270978
1298788168305528833
1298788173921898496
1298788187897298950
1298788205467242497
1298788209514741760
1298788213243273218
1298788217269911552
1298788230377156608
1298788243538731014
1298788252166557697
1298788254968410112
1298788263046545409
1298788280792756230
1298788284328534016
1298788286240927744
1298788297087516672
1298788297859149824
1298788304813318144
1298788306294054912
1298788308064112642
1298788326489587712
1298788331417939968
1298788331564797952
1298788340833980416
1298788341685444608
1298788344219013120
1298788347666550784
1298788358924181505
1298788375776829440
1298788383939014656
1298788392583430154
1298788394374443010
1298788402486054913
1298788405074067457
1298788413160783880
1298788414116962304
1298788416507740161
1298788431309549570
1298788431519256579
1298788436590108672
1298788438465032192
1298788443007234049
1298788448053219329
1298788463454674944
1298788464016715776
1298788468022276097
1298788485139177478
1298788490511958017
1298788490650370048
1298788494102482944
1298788496094756864
1298788496992284672
1298788497118162946
1298788503753560065
1298788506182053888
1298788506840555521
1298788511504633856
1298788533537329154
1298788546807988224
1298788547592249345
1298788551866413057
1298788576541409280
1298788578001117184
1298788581331341312
1298788581398454272
1298788588218277888
1298788589942255617
1298788592588709888
1298788616475471875
1298788621563113472
1298788645281976320
1298788665280409600
1298788678484013056
1298788695957479424
1298788704807342080
1298788706409746432
1298788712604561408
1298788715301662720
1298788722079563776
1298788754501578752
1298788763129090048
1298788767604637697
1298788784084049921
1298788784335708160
1298788792338247680
1298788792405553155
1298788819660148737
1298788829185191936
1298788829805998080
1298788839650033664
1298788853847711744
1298788858017067008
1298788860323926016
1298788866317524995
1298788872478961665
1298788874567778304
1298788876358578177
1298788885405659139
1298788891646816258
1298788892124958722
1298788910521364483
1298788945279381511
1298788945334067201
1298788946172874758
1298788955840798722
1298788960215240706
1298788975155408896
1298788980528422913
1298788990347358209
1298788994851852288
1298788997918064641
1298789019409506306
1298789028163092481
1298789040318078976
1298789071771381760
1298789074791268354
1298789076879970306
1298789091639689216
1298789092931637248
1298789099965419520
1298789129505976321
1298789140679417857
1298789156429025280
1298789174443737089
1298789178662981632
1298789179829170176
1298789181393690624
1298789186984706051
1298789193817227266
1298789194626523136
1298789198707777536
1298789203426373632
1298789206907670528
1298789222812270592
1298789224506945543
1298789227854004229
1298789245025505285
1298789252357005312
1298789252810133512
1298789257394307078
1298789263081865216
1298789269025284096
1298789270828679169
1298789275895463937
1298789285655707650
1298789288402968578
1298789291586281473
1298789303049388032
1298789308388777985
1298789315556892672
1298789317599522816
1298789336280969218
1298789346309320704
1298789347362246656
1298789357311217669
1298789362671517696
1298789368103084033
1298789368987967488
1298789376328114176
1298789404945739776
1298789412986327042
1298789430375968773
1298789431487455232
1298789433043333121
1298789438470991872
1298789442568810496
1298789447161352193
1298789455868948485
1298789461958983680
1298789485652725762
1298789489096167426
1298789512194281472
1298789520893259776
1298789535074066433
1298789538815455232
1298789539511595008
1298789542103719936
1298789560432852992
1298789560839622656
1298789563121496064
1298789578233516032
1298789584524980227
1298789593530023938
1298789595132420099
1298789607471906817
1298789610303164417
1298789615520952321
1298789621929672704
1298789645489254401
1298789651919114240
1298789669484875776
1298789707606888448
1298789715840135169
1298789720869212160
1298789725579481088
1298789730398564353
1298789740947406849
1298789757489537025
1298789764880125953
1298789775353229314
1298789778289287168
1298789779593547777
1298789792474423296
1298789797436235776
1298789798023442432
1298789812267372546
1298789813957492736
1298789816474230784
1298789832756531201
1298789834035789824
1298789839802957825
1298789839890976768
1298789844982935554
1298789848166346754
1298789860120170496
1298789861449662465
1298789869225938949
1298789882043813888
1298789884073779203
1298789892055617536
1298789902495121408
1298789916705533952
1298789917351264257
1298789921289797634
1298789928512315392
1298789954638807041
1298789954797973504
1298789961173475328
1298789961488109568
1298789972049309696
1298789978160263171
1298789981268271109
1298789982920994816
1298789990281998338
1298790008241913856
1298790012335554566
1298790018056511488
1298790022619881473
1298790025585471494
1298790043113357313
1298790046028320768
1298790046275956736
1298790051367673857
1298790068258103297
1298790083990970368
1298790096095723522
1298790111564328960
1298790118992556032
1298790126995243008
1298790134427652097
1298790145345363968
1298790146200842240
1298790155508240384
1298790167399092224
1298790173132505088
1298790176588787713
1298790177436045313
1298790184373420035
1298790188110540800
1298790191923187712
1298790214421417985
1298790217697169409
1298790218389127169
1298790218598936581
1298790238282821637
1298790242535608322
1298790246923014144
1298790264471838720
1298790265067462658
1298790273145876483
1298790318934917120
1298790321556516869
1298790326727921664
1298790339948371969
1298790344457252865
1298790346923692033
1298790349633015808
1298790349863755777
1298790363658780672
1298790367152812032
1298790367215652864
1298790369627234307
1298790369602072576
1298790370751512577
1298790384437358592
1298790390544252929
1298790402305093638
1298790402728878085
1298790408521121792
1298790415047557121
1298790416947478528
1298790419287875584
1298790422098178049
1298790424606150658
1298790432080572416
1298790433141727233
1298790436648243200
1298790477131468800
1298790489844580353
1298790494575747072
1298790504117817344
1298790504113397760
1298790505300422657
1298790507460661250
1298790521272492032
1298790527496671232
1298790530843906049
1298790536992587776
1298790555443441664
1298790559390236673
1298790560505966595
1298790567648862209
1298790581716619264
1298790612531994624
1298790623953203200
1298790640675721217
1298790647655092224
1298790659994730496
1298790673911623681
1298790677191340032
1298790706924810241
1298790709307346951
1298790719222624256
1298790722225635328
1298790735592820736
1298790758552666114
1298790760725327873
1298790764168859648
1298790782980231168
1298790792564297729
1298790793151279106
1298790793415516160
1298790798620672001
1298790813351251969
1298790821479800833
1298790821190406144
1298790826978480128
1298790838420385792
1298790840903643137
1298790840874172416
1298790854346371074
1298790865343623170
1298790865264095237
1298790867055063040
1298790868556578816
1298790889222025219
1298790893005213696
1298790897962717185
1298790914366812160
1298790952778313728
1298790971895721985
1298790972394999808
1298790973300973569
1298790976664805378
1298790992011653120
1298791001348243457
1298791005802639360
1298791018561712128
1298791029177540610
1298791030972530700
1298791032755294208
1298791047150080000
1298791051390578688
1298791060131307520
1298791065932062721
1298791081392451584
1298791082805714944
1298791089835565069
1298791105006202882
1298791110349860867
1298791136832569344
1298791137243668480
1298791139189747712
1298791140859224064
1298791155782606854
1298791168977797123
1298791186514112513
1298791186958888961
1298791189429223424
1298791189391577088
1298791194613424129
1298791198212194306
1298791211143233541
1298791233125519365
1298791240821911552
1298791241782419456
1298791253052661760
1298791258278653952
1298791283868209153
1298791284056915968
1298791309541548032
1298791314029453313
1298791315304480768
1298791317623812098
1298791326016630784
1298791330332717056
1298791348095643650
1298791350356160512
1298791350448476160
1298791354303156225
1298791355381149696
1298791362335248385
1298791364243738624
1298791376751132675
1298791388658761728
1298791390139289602
1298791404571828224
1298791410280173568
1298791422137643008
1298791425644134400
1298791429376864257
1298791430249316354
1298791433651064832
1298791435290980352
1298791437774053376
1298791471668109313
1298791482342535168
1298791510331125760
1298791512210366464
1298791518887718917
1298791533626318849
1298791542589739008
1298791544418336768
1298791547115274240
1298791555021574147
1298791572352495617
1298791577788317696
1298791578018906113
1298791580569083910
1298791580732661770
1298791586835427328
1298791606636535808
1298791610919120896
1298791613582303234
1298791622189051904
1298791623795580928
1298791631487995905
1298791649653542912
1298791651406733313
1298791659560411136
1298791690539380737
1298791695983796224
1298791718737903616
1298791720096690176
1298791736110702592
1298791752325718017
1298791757337919488
1298791765634363392
1298791766259167232
1298791784345026560
1298791790040891393
1298791792339349504
1298791804087816193
1298791826447466498
1298791833582137344
1298791834420944898
1298791846248771585
1298791849197477888
1298791849856032768
1298791853316177922
1298791859314188293
1298791864057892867
1298791874589855744
1298791876645056514
1298791877873868800
1298791887151734785
1298791899076190208
1298791900741132288
1298791963605348352
1298791963781545985
1298791967900471296
1298791968382824448
1298791998053326850
1298791999861133312
1298792012154630146
1298792013886664704
1298792025668583424
1298792029787365378
1298792073861234688
1298792076310654978
1298792077510299653
1298792081255792640
1298792085299003393
1298792088801292288
1298792091573772288
1298792092462977024
1298792113602256896
1298792121214939136
1298792128387133442
1298792167255793664
1298792173551394822
1298792193948184581
1298792205360848896
1298792213967785985
1298792249292140545
1298792251967934465
1298792259496939521
1298792269202391040
1298792274789380096
1298792275359731713
1298792289909665793
1298792306548637697
1298792306598744064
1298792327633403905
1298792327633342464
1298792347862351872
1298792352937459712
1298792357782081536
1298792372676030466
1298792406939103232
1298792408117805057
1298792408356802560
1298792430007980033
1298792434768531457
1298792437729509376
1298792440778731522
1298792463230935041
1298792503286607873
1298792506918928385
1298792549537075200
1298792552020074496
1298792554217918464
1298792557506433025
1298792571070709761
1298792586685997056
1298792609293402112
1298792629270794240
1298792630835322882
1298792633964191744
1298792643049250816
1298792655304851457
1298792658417065985
1298792658463326209
1298792668357701633
1298792668202520576
1298792669137612804
1298792674850295810
1298792679866871808
1298792681254957056
1298792705754107904
1298792716638343176
1298792720337498113
1298792723705626625
1298792763685769218
1298792763819872256
1298792783663292421
1298792814290120704
1298792815808442369
1298792816164904962
1298792822003257344
1298792831147020289
1298792831864143872
1298792839543889922
1298792840424693760
1298792865112489984
1298792869826711554
1298792880396480513
1298792888902582272
1298792890924138496
1298792897337270273
1298792898322931714
1298792901225394179
1298792901082664966
1298792907353227264
1298792910263992320
1298792916563918848
1298792922951954432
1298792936847671296
1298792941289271296
1298792945492131845
1298792951993303040
1298792956011347968
1298792964055941120
1298792970452262914
1298792986332090368
1298792989481828352
1298793004673699840
1298793005978091520
1298793027310252032
1298793027654148096
1298793034302271488
1298793034449145857
1298793043697504256
1298793049087238145
1298793053478703104
1298793054392983554
1298793073422536704
1298793094171697152
1298793096893870081
1298793118146482178
1298793122667704320
1298793137532309506
1298793138023170048
1298793141252878338
1298793151193395204
1298793155123458049
1298793194692452353
1298793200912683010
1298793201164316672
1298793203928387585
1298793209812975622
1298793221653315584
1298793240741650432
1298793243732312064
1298793247511175168
1298793255908278272
1298793267132157952
1298793295523479558
1298793317883359232
1298793317841264641
1298793322618777601
1298793326062247937
1298793338909462528
1298793356429004800
1298793366776352768
1298793368063840256
1298793376653946882
1298793380311265286
1298793385306853377
1298793386342744066
1298793389186592769
1298793396149063680
1298793399483424768
1298793402046263298
1298793408740253696
1298793418890645504
1298793419507224576
1298793426125807617
1298793432647790592
1298793436917596160
1298793443343425536
1298793455498518529
1298793474683215872
1298793482748911622
1298793502717943815
1298793511509209094
1298793515821019139
1298793537119625216
1298793540995002369
1298793542983340034
1298793543289450498
1298793564231667714
1298793580861861888
1298793587694542848
1298793594883514368
1298793602324324352
1298793606199812097
1298793627141971973
1298793655843647488
1298793656539680771
1298793669718183937
1298793679604404224
1298793683886587906
1298793684352331777
1298793699145523207
1298793699493605376
1298793704719880192
1298793704937926656
1298793708033175553
1298793727817854976
1298793748424298496
1298793757475831808
1298793760231288832
1298793784956903428
1298793803558432769
1298793805689184258
1298793824853131264
1298793830834229248
1298793833384288262
1298793834151698432
1298793837666725888
1298793846403239937
1298793847309217793
1298793848932454400
1298793868448604160
1298793870302605312
1298793876677775364
1298793879198740481
1298793879785750528
1298793880582676480
1298793892859580416
1298793907950673921
1298793909112381441
1298793912736403457
1298793917056507905
1298793920239988736
1298793922110595073
1298793936111177734
1298793953421135874
1298793956692688897
1298793980163837952
1298794001777201152
1298794004818145280
1298794006462320640
1298794010589270016
1298794012812423169
1298794018709499904
1298794018873073664
1298794023767994369
1298794025126891521
1298794026129383424
1298794026540208128
1298794029652606977
1298794030545895424
1298794051848876032
1298794061822918659
1298794062288269314
1298794064767258624
1298794076125515777
1298794083394215937
1298794084858028033
1298794091468136448
1298794098040672258
1298794103077994497
1298794106559365126
1298794109889581056
1298794111676293120
1298794132727631878
1298794149131542528
1298794160137416706
1298794163744526336
1298794177593929729
1298794179406036997
1298794188893544448
1298794189388304384
1298794202671853569
1298794215149916160
1298794227904548865
1298794231419432961
1298794232384192518
1298794238256263168
1298794258657206273
1298794261635268609
1298794279754584064
1298794289191886848
1298794292236828674
1298794295152054278
1298794297945468928
1298794299211931648
1298794314466619392
1298794322263969792
1298794327859056646
1298794334691749888
1298794349480665090
1298794356531490818
1298794366467739650
1298794374239866880
1298794382368419842
1298794388458483742
1298794402857574400
1298794404908597249
1298794405479014401
1298794421069025281
1298794430032482306
1298794432980975618
1298794433639579648
1298794437959540736
1298794458306277376
1298794481685336065
1298794486428991488
1298794494918135808
1298794499125186561
1298794501453107200
1298794503269232645
1298794529454206977
1298794530259341312
1298794562303926274
1298794567970455556
1298794575075532802
1298794583782912003
1298794584063918081
1298794585267695621
1298794597842161666
1298794600027394048
1298794600803467264
1298794616951578624
1298794638036414464
1298794651244277762
1298794652586344448
1298794657002876929
1298794687743045632
1298794689370390528
1298794708211249152
1298794714003460103
1298794723008749569
1298794724648792065
1298794728209747974
1298794734270345216
1298794739014283264
1298794756122664961
1298794760006598659
1298794795335213056
1298794805812592640
1298794809704853504
1298794817158123522
1298794825362411521
1298794826306064389
1298794832073297925
1298794833369210880
1298794838570070021
1298794844148686850
1298794844370989056
1298794852302360577
1298794890487357441
1298794893385633793
1298794920430501890
1298794922997362689
1298794930056212480
1298794930265968640
1298794941708226568
1298794952051142666
1298794958263144448
1298794974406942720
1298794988709576706
1298794995147616257
1298795003288813568
1298795003456761857
1298795004589150208
1298795015284523009
1298795023832678401
1298795046574133248
1298795058603401217
1298795063774863360
1298795069315706880
1298795075514769410
1298795076999675906
1298795083383189504
1298795087799910400
1298795088550793216
1298795096637243394
1298795126886510593
1298795130900553729
1298795160365494278
1298795166845874178
1298795168645120000
1298795177633406981
1298795177679740932
1298795180645064706
1298795183128051717
1298795190216355842
1298795197359198208
1298795215512371200
1298795221476610048
1298795229865222144
1298795233459625984
1298795246428581893
1298795247271637004
1298795251792936961
1298795254510911488
1298795267689414657
1298795275436331008
1298795276136787969
1298795281136394240
1298795283292319744
1298795284118425601
1298795297615892480
1298795304490172416
1298795308759932928
1298795311087751168
1298795318125846529
1298795321380700161
1298795330998337536
1298795334538268672
1298795340850761728
1298795360425570304
1298795373310304256
1298795397645832192
1298795404545359872
1298795405153652736
1298795405493202945
1298795411013013504
1298795411268947973
1298795411226820608
1298795434651971584
1298795442415841280
1298795451857031168
1298795454164013056
1298795471624839170
1298795474091040768
1298795482018443266
1298795495331188737
1298795502155296768
1298795502754885633
1298795503422001152
1298795527459336192
1298795542491746306
1298795560909058058
1298795561672351747
1298795566030258177
1298795573638647809
1298795588675231744
1298795594081693696
1298795595071737856
1298795596669546503
1298795601124102144
1298795607075819522
1298795610087149573
1298795638616981504
1298795641485905920
1298795648381317121
1298795656887197697
1298795679284776960
1298795719092920320
1298795741717168128
1298795749648416769
1298795751590563841
1298795757923794944
1298795758771146752
1298795762428436480
1298795767327531008
1298795777859506177
1298795788626063360
1298795790429716480
1298795813490040833
1298795817411571712
1298795820335202305
1298795827369070592
1298795838982877190
1298795853856079872
1298795856276197380
1298795858364903424
1298795859786608645
1298795871635636225
1298795888089993221
1298795888559771654
1298795897162280960
1298795901423685633
1298795910558650368
1298795923900960768
1298795928040726528
1298795934114082816
1298795955915878400
1298795977881587717
1298795978842087426
1298795979756515328
1298795980142280706
1298795984781111299
1298795998551191552
1298796014862823424
1298796015684931589
1298796026594316294
1298796032562728960
1298796035045822464
1298796039663624193
1298796046961782785
1298796047775473665
1298796049021231104
1298796058621796352
1298796061499232257
1298796063181213697
1298796081178968065
1298796081141219329
1298796101416480773
1298796105862447104
1298796119988801536
1298796128792719360
1298796131321655303
1298796148753395713
1298796177916215296
1298796183536758784
1298796184622989312
1298796200783572992
1298796201576456192
1298796223923716098
1298796227266568199
1298796229644541952
1298796236842176517
1298796244530233344
1298796260942462977
1298796275702337537
1298796276927127552
1298796283017166849
1298796283608608768
1298796294908063744
1298796305146355713
1298796310774943744
1298796312075395072
1298796312863834113
1298796325979533315
1298796339422208000
1298796341519421442
1298796352797913090
1298796375396712459
1298796378672562181
1298796383680356352
1298796385580584960
1298796414869180416
1298796414961582080
1298796418472312836
1298796421458485248
1298796430723694592
1298796435031257090
1298796447580684288
1298796447652077575
1298796452362190849
1298796453083652096
1298796453301809153
1298796455772053504
1298796479285538821
1298796486579359745
1298796500110184449
1298796501888569344
1298796505818693643
1298796524596613121
1298796532196618240
1298796544158818304
1298796547791085573
1298796560227028992
1298796569773441024
1298796585246052352
1298796588677189634
1298796598554583040
1298796601637560322
1298796602920927237
1298796607182381062
1298796617634480128
1298796623871569922
1298796632281153537
1298796653885788161
1298796656465342464
1298796668998082560
1298796676589793281
1298796686857449473
1298796698983170048
1298796704188125185
1298796706155421699
1298796729890770944
1298796734605340673
1298796735813300224
1298796743597985792
1298796744331997184
1298796751982395393
1298796753391628288
1298796775151525891
1298796786245566464
1298796793740832768
1298796802985070595
1298796821070802944
1298796825130958848
1298796846664437760
1298796850674270209
1298796867275362306
1298796871276572672
1298796876821602305
1298796879736696834
1298796885965254656
1298796961634684930
1298796975047888902
1298796999102345222
1298797008728162305
1298797022057762816
1298797027313283072
1298797029053915141
1298797036725297154
1298797053708038145
1298797076013252611
1298797086364889090
1298797086398443521
1298797091498496000
1298797093256130560
1298797098058514432
1298797119470358529
1298797120569225218
1298797133529788416
1298797134431453184
1298797146137858048
1298797151728746497
1298797152219607041
1298797164915818496
1298797166690029569
1298797192912789505
1298797193139232768
1298797201221550081
1298797213116583937
1298797224277704704
1298797260139003905
1298797275691520000
1298797301406695424
1298797302136659970
1298797306897027074
1298797314086117376
1298797316636315648
1298797330276257792
1298797351658643456
1298797355416854529
1298797364891746312
1298797384747683846
1298797390527442950
1298797393278898177
1298797398341193733
1298797404930609152
1298797414833418240
1298797416506941440
1298797422936756225
1298797440351469568
1298797441148506113
1298797445850292230
1298797457783115776
1298797487344451585
1298797499273150466
1298797515836358659
1298797534358495232
1298797536354893829
1298797546018496523
1298797558559420417
1298797564314161154
1298797564616216576
1298797566033879041
1298797575835979776
1298797583968505856
1298797598799781894
1298797611176980481
1298797611642548224
1298797611948834816
1298797624393310208
1298797630307405824
1298797633952243712
1298797645855698945
1298797656152694784
1298797667477266434
1298797670824210434
1298797671839227905
1298797671784816640
1298797685575684099
1298797700335378437
1298797710850441216
1298797715854262273
1298797721458012160
1298797731180359682
1298797738625179648
1298797742962216960
1298797776864546816
1298797779800616961
1298797783734861824
1298797791775469568
1298797791473475584
1298797798230433792
1298797837770055680
1298797838831423489
1298797854316785666
1298797858079084544
1298797859261693952
1298797861509844992
1298797861879111681
1298797865809125377
1298797867977474048
1298797872100581376
1298797886478651392
1298797891239239680
1298797903608188928
1298797903654330368
1298797919525638144
1298797925959479296
1298797931122786306
1298797936109707264
1298797939213520902
1298797961779056640
1298797969022607362
1298797973699141633
1298797977889210369
1298797994570125312
1298797998999089153
1298798023837798400
1298798028409757698
1298798034327928834
1298798036265644033
1298798044343918592
1298798049758773250
1298798056016498688
1298798066703761408
1298798069090320384
1298798075318693889
1298798077273235457
1298798083883634694
1298798090791669771
1298798091756359684
1298798099779878914
1298798127777026049
1298798144214331394
1298798154125438976
1298798158244347904
1298798160697909254
1298798201865207810
1298798203010084864
1298798208215375873
1298798242084225024
1298798243384643585
1298798245519400960
1298798246337404928
1298798250468634625
1298798262208598016
1298798264511279104
1298798264452435970
1298798280076337153
1298798296027271170
1298798318827343875
1298798323453722626
1298798330965712897
1298798347499773952
1298798403460235264
1298798417037209600
1298798417490124802
1298798431637581826
1298798435596939265
1298798450633371648
1298798451325636608
1298798459449819137
1298798463769907200
1298798467192508416
1298798486272516098
1298798497693462528
1298798498498764805
1298798503691517952
1298798505465610241
1298798518388236289
1298798520523255809
1298798563456032769
1298798565154680834
1298798570397564930
1298798575397281794
1298798581441277952
1298798582661869569
1298798588688990208
1298798597585031168
1298798599816577024
1298798612986638336
1298798628862136323
1298798634864193537
1298798639163138048
1298798644162830336
1298798647228928002
1298798652849348611
1298798661879689216
1298798662592663553
1298798670196826112
1298798670981156864
1298798686827237377
1298798693378859015
1298798697631952903
1298798698596622336
1298798701872177152
1298798708646125570
1298798713817706498
1298798715344486400
1298798719685390337
1298798723431043072
1298798740078288899
1298798748836003841
1298798756956196865
1298798767047618560
1298798767844425729
1298798769253875713
1298798774240698370
1298798777608876032
1298798790271545345
1298798798819352576
1298798802971877376
1298798804448280576
1298798813554057217
1298798840473149441
1298798844499484673
1298798847213305856
1298798853953654786
1298798862983933965
1298798866599276544
1298798883934474240
1298798925365653504
1298798953656328192
1298798973793243136
1298798974334365696
1298798978599759873
1298798988569837568
1298798989513555968
1298798993573654528
1298798996761251841
1298798996673253376
1298799006798159872
1298799021797105664
1298799024728715265
1298799053954842625
1298799057104785409
1298799063723196417
1298799072552390658
1298799082086043648
1298799096312942592
1298799108073775105
1298799119570436096
1298799157096992769
1298799162725556226
1298799163388432384
1298799164273430528
1298799166085148672
1298799169180663810
1298799182095020032
1298799182417997826
1298799189917413376
1298799208187793408
1298799208355573761
1298799213011230723
1298799215905132545
1298799224088338432
1298799224130138112
1298799226466578437
1298799230732177408
1298799234838339586
1298799243994361859
1298799248431968258
1298799254388047872
1298799261379727360
1298799264882200578
1298799291872555008
1298799303897624576
1298799305885487104
1298799322839080962
1298799342413705217
1298799344104153089
1298799358893330432
1298799383505514496
1298799410567163905
1298799413423493121
1298799417617608704
1298799420297760768
1298799420427956224
1298799427617017856
1298799428871098368
1298799431869820929
1298799437867888640
1298799440287928321
1298799440950484992
1298799465722068992
1298799471225167872
1298799474488139776
1298799509086994433
1298799513361149957
1298799530620489728
1298799546135322624
1298799549520187394
1298799552288313347
1298799558734934016
1298799561553727488
1298799565030567936
1298799569950707712
1298799576162287620
1298799576535773185
1298799582650884096
1298799583871434753
1298799588112044032
1298799619183448065
1298799630898036737
1298799641870426112
1298799642226896897
1298799647096532993
1298799649650769920
1298799658039275523
1298799660170182656
1298799671855509504
1298799672333676544
1298799701588873216
1298799711659294720
1298799712724758528
1298799713383194626
1298799726158987264
1298799743443836928
1298799749303328775
1298799763366858758
1298799774221529089
1298799798024200193
1298799815988514817
1298799870753624070
1298799914583875586
1298799915884310528
1298799930979389440
1298799933605253120
1298799936390279168
1298799948083998722
1298799960452763649
1298799962294083584
1298799964857004032
1298799965905358849
1298799983840202752
1298799984184184834
1298799992279388160
1298800015243182080
1298800017793114112
1298800023883325447
1298800031609352193
1298800032628568064
1298800033937014784
1298800042766000128
1298800049049284610
1298800055265243136
1298800073661386752
1298800074135306240
1298800078312943616
1298800091155828737
1298800091273125889
1298800097103355904
1298800107903692800
1298800110017495040
1298800144691818496
1298800151427821568
1298800153357418497
1298800162106748928
1298800163104780288
1298800163759312897
1298800174060380160
1298800179072716806
1298800179844243456
1298800212681453568
1298800213436624896
1298800213948211201
1298800222030553089
1298800224702304257
1298800226392829954
1298800230872371203
1298800242998095872
1298800264569401344
1298800270588219392
1298800271754031104
1298800278964252672
1298800280084131846
1298800284278218752
1298800285800751104
1298800289848283141
1298800295732944897
1298800302632534017
1298800314397716480
1298800322186534912
1298800325957054464
1298800326401654785
1298800332495941632
1298800360404815878
1298800393384873987
1298800412225658880
1298800415442534401
1298800417434935297
1298800424313651200
1298800435575156736
1298800447755616256
1298800455565352960
1298800481637195777
1298800494605987840
1298800497139290112
1298800501987971072
1298800503128821760
1298800504059854849
1298800516382830593
1298800519411109888
1298800532287401985
1298800533327818755
1298800533856284673
1298800537207537665
1298800545147375617
1298800565850271745
1298800568224317443
1298800568253788172
1298800587165892609
1298800605352398849
1298800607382269953
1298800610809180161
1298800625535217666
1298800629348020224
1298800631277219840
1298800633542316032
1298800636176347136
1298800676261199872
1298800679448973312
1298800687233617921
1298800691775967233
1298800692832985088
1298800703989784577
1298800704958668800
1298800707680776194
1298800709081731072
1298800714156826626
1298800717382156289
1298800720393707522
1298800722373296128
1298800738471227393
1298800742023622656
1298800758029275137
1298800759782469632
1298800783006330880
1298800784793100290
1298800790786605058
1298800807848996864
1298800808247656448
1298800811833561089
1298800824920006656
1298800835858587648
1298800837934772225
1298800857631268864
1298800881685602305
1298800885108105219
1298800900740452352
1298800913960841217
1298800922332520451
1298800922219474945
1298800932277420034
1298800938128302082
1298800942280654851
1298800951571054592
1298800955815677952
1298800957145231360
1298800967673143299
1298800981207953409
1298800992637669376
1298800996689182720
1298801006898282502
1298801008517304320
1298801008672493568
1298801015823544320
1298801017153302528
1298801026569404416
1298801027437793280
1298801030747115522
1298801034870087680
1298801036010967041
1298801063491928065
1298801086766161921
1298801118470901760
1298801130449915904
1298801131242455041
1298801131603128326
1298801159780438016
1298801160103636992
1298801163861598209
1298801168567734273
1298801177992208386
1298801186020003840
1298801200612151299
1298801202654633985
1298801220153376770
1298801225782222854
1298801235181678592
1298801237593165824
1298801270493286400
1298801270808076289
1298801277388894210
1298801283688792066
1298801284020080641
1298801292324884480
1298801293696413708
1298801302093398017
1298801310788210690
1298801311186468864
1298801316731314178
1298801333437435904
1298801357835710465
1298801365481742336
1298801366551408641
1298801368245792768
1298801369877422080
1298801390207164417
1298801404065112064
1298801404979552256
1298801406850347008
1298801412038631424
1298801419802140672
1298801420871729152
1298801470687637504
1298801494519681026
1298801510130708480
1298801514853437440
1298801520104706048
1298801525821779968
1298801527327358981
1298801527705006081
1298801527738585088
1298801530733293570
1298801531156926464
1298801539541336064
1298801548148047872
1298801554972200961
1298801561267830784
1298801574727356416
1298801578053447680
1298801603131125763
1298801609099669504
1298801633665703941
1298801638124261376
1298801650337972224
1298801660207288327
1298801665521451008
1298801680360726529
1298801680599965697
1298801685410660353
1298801699033776130
1298801704004132865
1298801723478355968
1298801727634919424
1298801742210109440
1298801744223383552
1298801748753166337
1298801748765749248
1298801749298262019
1298801756638453761
1298801781762404352
1298801782148280320
1298801791799181312
1298801794785718274
1298801814201151490
1298801816105177089
1298801820974940161
1298801821171949568
1298801837550731265
1298801840302284800
1298801849311596545
1298801887387570181
1298801900587036673
1298801916961361921
1298801941821231106
1298801942328737795
1298801949819785216
1298801955536596992
1298801960712364032
1298801961014308871
1298801961429499914
1298801966353539073
1298801978030596102
1298801978882043904
1298801998913921026
1298802005079740419
1298802007075983360
1298802011643682816
1298802012029513728
1298802013786931201
1298802036423749633
1298802053146386432
1298802070103814151
1298802074726158336
1298802082523148288
1298802083278344193
1298802086939750400
1298802092929212416
1298802095944945664
1298802100172804096
1298802100319563776
1298802104249679873
1298802108733566976
1298802110314803206
1298802131831533574
1298802133119184896
1298802142011162625
1298802146830254080
1298802149925613568
1298802160185094144
1298802168238092288
1298802171211739137
1298802206515359744
1298802208725544965
1298802211011534848
1298802211120611328
1298802228468252674
1298802230628438016
1298802232872189953
1298802241780973569
1298802248458399744
1298802253193592833
1298802282142679048
1298802294117588992
1298802298768908292
1298802308206211073
1298802310731227136
1298802322244374528
1298802323842650112
1298802335783641088
1298802335783825413
1298802361763332100
1298802364841971713
1298802381233238017
1298802382696931329
