1291071464603435008
1291071477526208512
1291071486065881089
1291071486132977665
1291071506198327296
1291071514901647369
1291071517992919042
1291071519712477185
1291071524024262656
1291071531934769153
1291071538310066178
1291071544802844672
1291071546346409985
1291071574033010688
1291071578088902656
1291071595671412743
1291071606937329664
1291071625849442307
1291071631918587904
1291071632648306690
1291071638109335553
1291071661291315202
1291071661391806464
1291071669818269699
1291071683512750081
1291071694959005696
1291071695541792768
1291071730790744064
1291071737170407425
1291071738529357829
1291071749518512130
1291071749979701248
1291071750290186240
1291071751846113282
1291071762264985600
1291071767046283264
1291071788332527617
1291071792275247104
1291071802853253125
1291071805373976578
1291071808293273601
1291071816547667969
1291071821475745792
1291071822184820737
1291071826223935488
1291071831634595841
1291071854925377536
1291071860071788544
1291071873015480323
1291071875699769344
1291071884310777857
1291071893181784065
1291071900362444803
1291071913557729280
1291071927348592643
1291071928090804224
1291071935959511040
1291071967982841856
1291071969073471489
1291071977021739014
1291071978334490626
1291071978439245825
1291071997326364685
1291072002023981056
1291072017962348544
1291072018113323008
1291072019820249088
1291072031233126401
1291072052980600837
1291072062455521298
1291072068780425220
1291072068646297602
1291072090712539137
1291072107598753792
1291072114850758657
1291072120840224769
1291072122790584321
1291072123499356161
1291072133192388608
1291072135658704896
1291072141161574400
1291072144374366208
1291072158899277824
1291072160547500033
1291072160719609859
1291072171209641985
1291072183356334087
1291072196438306816
1291072211189604352
1291072233419337728
1291072245075501057
1291072250511269888
1291072259327537152
1291072261928214528
1291072262414753794
1291072303787376641
1291072304294789121
1291072311479676929
1291072315518681093
1291072317171339264
1291072346539716608
1291072349144526850
1291072351417884672
1291072366131347459
1291072388126380034
1291072400961011713
1291072404001894400
1291072404232470531
1291072405465632773
1291072408586264576
1291072422406508546
1291072425497710592
1291072427741425666
1291072430438457344
1291072437589860358
1291072443059073029
1291072455436644354
1291072473614528512
1291072479742562304
1291072480241684481
1291072487598555136
1291072492753190912
1291072510361047042
1291072529575096320
1291072538269962240
1291072561435103232
1291072568942895104
1291072573149786112
1291072575817371648
1291072576328892416
1291072580011601920
1291072590862258180
1291072598181199873
1291072598751752192
1291072599288508416
1291072603021381632
1291072606519664640
1291072610009337857
1291072627084328961
1291072631945539585
1291072632385937409
1291072647090933761
1291072647682498562
1291072664740802562
1291072665885843456
1291072668045922304
1291072668184326144
1291072674261860352
1291072674941337604
1291072679190003712
1291072703571664898
1291072704246882305
1291072710781501441
1291072714422145024
1291072725251842049
1291072736425644033
1291072736777789440
1291072740301168642
1291072744885563393
1291072745560846337
1291072747641110530
1291072750136762368
1291072752640839680
1291072765601046529
1291072769753518082
1291072777102000128
1291072781938036736
1291072782659473410
1291072807078711304
1291072811444862981
1291072814913589250
1291072821100261381
1291072841178177536
1291072844466655235
1291072854054719489
1291072864901357574
1291072875475197952
1291072887311355904
1291072894605373448
1291072904491347969
1291072904961175552
1291072905137324036
1291072912989069313
1291072920249393157
1291072920744341505
1291072955603189765
1291072966579621888
1291072972749443073
1291072974620164103
1291072996459806722
1291073012670709761
1291073016005361664
1291073038906253312
1291073041238302720
1291073046896312320
1291073068186701825
1291073079666499586
1291073079741841413
1291073086075342850
1291073096128925696
1291073098154991616
1291073100235382786
1291073101845811200
1291073110725128193
1291073114315436032
1291073121496203270
1291073130539163650
1291073154438356999
1291073155352551424
1291073159656017925
1291073160058753024
1291073201020080128
1291073201817169920
1291073207252983809
1291073217923358720
1291073218930003976
1291073227746414592
1291073234805325824
1291073234771812352
1291073238349631491
1291073239276564481
1291073247312781312
1291073255047147522
1291073259396648961
1291073264064901121
1291073270289256448
1291073276152696832
1291073305814929408
1291073324190248960
1291073327428239361
1291073334898286592
1291073339620913152
1291073349200883712
1291073353927790599
1291073356494786560
1291073369434025984
1291073380993708037
1291073390527291392
1291073394302169094
1291073438648545281
1291073441576230913
1291073456927379459
1291073482365706240
1291073500497747968
1291073503073120258
1291073511562317829
1291073512120160257
1291073512652906496
1291073512833253391
1291073516289306626
1291073523956449280
1291073528335278080
1291073533146259458
1291073536711434246
1291073536883339269
1291073546811211776
1291073549449539585
1291073555308961792
1291073567040380930
1291073570295209984
1291073570525851648
1291073582316036097
1291073584798896128
1291073599537848321
1291073607590789121
1291073616033980416
1291073663375032320
1291073664343920641
1291073668039221248
1291073684531101696
1291073687211241472
1291073694002012166
1291073700066766849
1291073704307425282
1291073744530739203
1291073750692253696
1291073772225798152
1291073782711562243
1291073788872990721
1291073789242023936
1291073792136028160
1291073818606342144
1291073825849741312
1291073835173924866
1291073863237984256
1291073864013758465
1291073869172932610
1291073881596362760
1291073884423430144
1291073893797695488
1291073896871915521
1291073898210111488
1291073901783654407
1291073906695176192
1291073929029844992
1291073931772911621
1291073952341729286
1291073962009595905
1291073981227859968
1291073998433001474
1291074002048425991
1291074007660257281
1291074011531751425
1291074016451715074
1291074083225055237
1291074087461109760
1291074089835286531
1291074090552315904
1291074090841899013
1291074090900496384
1291074091345219584
1291074136111026177
1291074137474170881
1291074153450274818
1291074154029101056
1291074162966925313
1291074165680812038
1291074169791057920
1291074182919475202
1291074187428208641
1291074195732996098
1291074212153589760
1291074246328881153
1291074254788681728
1291074259113181185
1291074262925705223
1291074275651158018
1291074279853838336
1291074286946357248
1291074300276072453
1291074313228034049
1291074327098654720
1291074330424639488
1291074330487652352
1291074350947344384
1291074370945732609
1291074374989156352
1291074381829910528
1291074383402999808
1291074394119376896
1291074394157178880
1291074396644421633
1291074409046765568
1291074436590981120
1291074446992736256
1291074452449615873
1291074472041050112
1291074480471773184
1291074488340107264
1291074490726780932
1291074521949179905
1291074527129219072
1291074535370952707
1291074548071366657
1291074560679456773
1291074568732454912
1291074584847036416
1291074597295738885
1291074606426664963
1291074608393859073
1291074610042150919
1291074614374801409
1291074623879221249
1291074643995045888
1291074653658796033
1291074656540282882
1291074660994408448
1291074664937267203
1291074665746702336
1291074670742196224
1291074670888976387
1291074681378934784
1291074686470836224
1291074707656265733
1291074724366135297
1291074738094104577
1291074738564071424
1291074744662425600
1291074725599301632
1291074757987717120
1291074766527397888
1291074786916020229
1291074786924400641
1291074796961267716
1291074809619775488
1291074817769312257
1291074820256468993
1291074842213613569
1291074846642835463
1291074849125744640
1291074853873868803
1291074857988272129
1291074858042957825
1291074859288625152
1291074866238513154
1291074879907864577
1291074888757846016
1291074892964810752
1291074895900635136
1291074900690690048
1291074908609343488
1291074910408904704
1291074912946356224
1291074930398785537
1291074934115127297
1291074934714834944
1291074938523258880
1291074943250124800
1291074947343765504
1291074955652878336
1291074963752071172
1291074985558257664
1291074988586332162
1291074997599969280
1291075000288645122
1291074982399938561
1291075006177464322
1291075008400248832
1291075008425603072
1291075010401116162
1291075013874012163
1291075029430603777
1291075029866774528
1291075037949304833
1291075044177780741
1291075064432123911
1291075067762413568
1291075076113211394
1291075092458475520
1291075094320754689
1291075097235558400
1291075109755682816
1291075115656962048
1291075118500851712
1291075118794518534
1291075126876876803
1291075146967588866
1291075148347518976
1291075152923500544
1291075155792400388
1291075158380339200
1291075159621853184
1291075163677655040
1291075165506412544
1291075190034661376
1291075189992763397
1291075197550956547
1291075203204874241
1291075216605503488
1291075224042188806
1291075235933020160
1291075236801069056
1291075239351394305
1291075244476600321
1291075244585889797
1291075244703326210
1291075260775890946
1291075265846812672
1291075269135151104
1291075269256609792
1291075303750529029
1291075315582689285
1291075323635826688
1291075337523277825
1291075339712712705
1291075338307543040
1291075340740300801
1291075340811501570
1291075345366622210
1291075361191714817
1291075367227269120
1291075369999781894
1291075374076456960
1291075374370246657
1291075382574186497
1291075386911096835
1291075388018511872
1291075390350536705
1291075394339315712
1291075403860369409
1291075405336649728
1291075405512753152
1291075416011218945
1291075421581254657
1291075427767910401
1291075432725372928
1291075437121216512
1291075440921186311
1291075441311338496
1291075450425544713
1291075453898260484
1291075458617036802
1291075461691387905
1291075465906540544
1291075468301602819
1291075471065718785
1291075475218014208
1291075476140695553
1291075478833381378
1291075479936606208
1291075488992178178
1291075491915616264
1291075503890276359
1291075504452313089
1291075508952870914
1291075513264615427
1291075516330659845
1291075529181933569
1291075554792415233
1291075555127779328
1291075558588260353
1291075562111475712
1291075566980882433
1291075575642284038
1291075583246512128
1291075599386185732
1291075625877463045
1291075634626801665
1291075642197331968
1291075642751156226
1291075643434704902
1291075667551858688
1291075667769974792
1291075694139760645
1291075700439633920
1291075701291077635
1291075701450260480
1291075728331554817
1291075738335088640
1291075740155498496
1291075748669792256
1291075760736866304
1291075763647606786
1291075780303368193
1291075780240433154
1291075807419469825
1291075811676770304
1291075814126215169
1291075814935724032
1291075818773524481
1291075824704262144
1291075826314690560
1291075840797822978
1291075851853926404
1291075869901979648
1291075890504511491
1291075893524389891
1291075899153145856
1291075901359259650
1291075901879226369
1291075908040884225
1291075923933102086
1291075924629348356
1291075938147434501
1291075944954953729
1291075948046147587
1291075954425712642
1291075957634334721
1291075962357129219
1291075964743700487
1291075977787969537
1291075990681038848
1291076010943950848
1291076015318618119
1291076029356716032
1291076033161158658
1291076044376612864
1291076062743601153
1291076069802549253
1291076079982174208
1291076092657311744
1291076100555255809
1291076110499762177
1291076125263790080
1291076133421592576
1291076138341736449
1291076146797453312
1291076149297197059
1291076162630737921
1291076171002716165
1291076175780089861
1291076180616126464
1291076185292787712
1291076192938803200
1291076196197965824
1291076203877511169
1291076203831603203
1291076218448732161
1291076239059451905
1291076254209396743
1291076262954401794
1291076267232473088
1291076275126362112
1291076280662851585
1291076284999704576
1291076305753190402
1291076314674405379
1291076327601319938
1291076336384081921
1291076360736141312
1291076360614502400
1291076376196505600
1291076377941282822
1291076390503186432
1291076397608263681
1291076398447296513
1291076401257381890
1291076403073449984
1291076407410462720
1291076411273498624
1291076426637012993
1291076431892668417
1291076438704173056
1291076451379417102
1291076478147481606
1291076486724812804
1291076490629611521
1291076502340214786
1291076518341488641
1291076519717216259
1291076519964618754
1291076540994813952
1291076546007048195
1291076547667988480
1291076551828807687
1291076556346011648
1291076558342500353
1291076569964912641
1291076581843251201
1291076589740908545
1291076596028366848
1291076599811538944
1291076609215213569
1291076620242038787
1291076624381816834
1291076635840544769
1291076640584302592
1291076641393803264
1291076653880193024
1291076657814568962
1291076658347282432
1291076665234337792
1291076669999140865
1291076671093735424
1291076683810983937
1291076686432415750
1291076690920316929
1291076695198507010
1291076709530374144
1291076715503136768
1291076719609225217
1291076724386607104
1291076733140111361
1291076746679390208
1291076757995565058
1291076783383760897
1291076787083116548
1291076792506363905
1291076797006831619
1291076799049469952
1291076801284812802
1291076807781908481
1291076812953526276
1291076813670711296
1291076819857416193
1291076825700073478
1291076839843098629
1291076841248296962
1291076847065796609
1291076853806043136
1291076854460407809
1291076884583743488
1291076897615601665
1291076917060235265
1291076923393810432
1291076938665254912
1291076942125465605
1291076943450865670
1291076943572537344
1291076956289720320
1291076964648988672
1291076975541604359
1291076979794407424
1291076994000736256
1291077007011438595
1291077014779072512
1291077042960773120
1291077050275704832
1291077060518129664
1291077068302610432
1291077072446685185
1291077073516277761
1291077076376854528
1291077090104811520
1291077102050193408
1291077140184735747
1291077147985997824
1291077156823601152
1291077164989808641
1291077165769949190
1291077165862342659
1291077176876503040
1291077177270730755
1291077182278766592
1291077186288594945
1291077198334451712
1291077199886462978
1291077203384504321
1291077206421241856
1291077207012630529
1291077217540136960
1291077223538196480
1291077223999561729
1291077242655842304
1291077248078946304
1291077248359919616
1291077249303580673
1291077261903507459
1291077264868868096
1291077266383020032
1291077277535543296
1291077279003447296
1291077296405778434
1291077311916150784
1291077341062533121
1291077347785965568
1291077362533257217
1291077367633518593
1291077378425462785
1291077383706087436
1291077399816351746
1291077406581829634
1291077406720065536
1291077412805959680
1291077416929112069
1291077433727295488
1291077446591111169
1291077451171405824
1291077453532794880
1291077484671315973
1291077497333985282
1291077501586935811
1291077502002245634
1291077505680642050
1291077518401982468
1291077525058265096
1291077525947416576
1291077526262034432
1291077529504292865
1291077538966638592
1291077568804904965
1291077572516700160
1291077572932120583
1291077576723763208
1291077579944976386
1291077588107100164
1291077596487221248
1291077614212386818
1291077630633156614
1291077635607429120
1291077642662432769
1291077661125730305
1291077668629352450
1291077672467140608
1291077698836733952
1291077768499822595
1291077772886982657
1291077777286782977
1291077782257229825
1291077790155112451
1291077793351163910
1291077815329271813
1291077819611701248
1291077819687215107
1291077824422522885
1291077831221489665
1291077837622063104
1291077853774258179
1291077853866528768
1291077860606836739
1291077863295160320
1291077865052737537
1291077869314220035
1291077870618587138
1291077873181159424
1291077895012732929
1291077894412763136
1291077908526542851
1291077921352740864
1291077928965541890
1291077931679100929
1291077932048363520
1291077937182236672
1291077946111930375
1291077947130908673
1291077954043289600
1291077970413662212
1291077977908883457
1291077978143764481
1291077991003574272
1291078005465522176
1291078008300638208
1291078025401049088
1291078026734841858
1291078031147139074
1291078037874724865
1291078040970240000
1291078043226632193
1291078046427086848
1291078055260192768
1291078062986203137
1291078066169675776
1291078082888118275
1291078101913309184
1291078126341165057
1291078138055671809
1291078138148069378
1291078152144465920
1291078156355502081
1291078167315259394
1291078170968502272
1291078177155055616
1291078183572385792
1291078196780306439
1291078215155490818
1291078215826583558
1291078226773671942
1291078235007197184
1291078235996983296
1291078238354247683
1291078242523373570
1291078275767447553
1291078275503132680
1291078291051278337
1291078292653486080
1291078303411916800
1291078306058473472
1291078306218082307
1291078306218082304
1291078310630318081
1291078314942177282
1291078318415126531
1291078318452887554
1291078318859661313
1291078319518121984
1291078330918359046
1291078340519047169
1291078356608450561
1291078361956192258
1291078362299949056
1291078376384614400
1291078385364545536
1291078410442346498
1291078415358009346
1291078427924205570
1291078428855283712
1291078436270702592
1291078437461884928
1291078442004422656
1291078448312713216
1291078449860354048
1291078456382500864
1291078456827158530
1291078462699114500
1291078465677074433
1291078494789697536
1291078507762769920
1291078512619790338
1291078517258477568
1291078540146937863
1291078552704569344
1291078566071992320
1291078578113785859
1291078583759196160
1291078586426957833
1291078595411050496
1291078629804441600
1291078641640759298
1291078654743605248
1291078666257141761
1291078670740725760
1291078670908620800
1291078674335305728
1291078674767380481
1291078684049276928
1291078688424046592
1291078689958973440
1291078689988456448
1291078729716948994
1291078730299904000
1291078734049550336
1291078756363390982
1291078768413544448
1291078783265656837
1291078791574560770
1291078797983391746
1291078801594621952
1291078816761294849
1291078821865828354
1291078831890223105
1291078854816260098
1291078863964037120
1291078876282728448
1291078876538511362
1291078892653027328
1291078905110159363
1291078905521156102
1291078926408781826
1291078926907904000
1291078935506235393
1291078936533835776
1291078940786917376
1291078957257961475
1291078959719800832
1291078985682739202
1291078989671329793
1291078999779803142
1291079015432777728
1291079015755853832
1291079016045252608
1291079018566098951
1291079021917216768
1291079026501652480
1291079035993366528
1291079036878360577
1291079040388997120
1291079044205772800
1291079066376839168
1291079070382469122
1291079082365468672
1291079087008743426
1291079093576798209
1291079108156432391
1291079120806346753
1291079128951615488
1291079140846833664
1291079152930627585
1291079212015726594
1291079217522905089
1291079233817776132
1291079242416115717
1291079250938744832
1291079263181918208
1291079263832154115
1291079266529140737
1291079282584821761
1291079287785873411
1291079288977076224
1291079295067197451
1291079296916889600
1291079304072355843
1291079304277786624
1291079313866002433
1291079317343145984
1291079317695475714
1291079321520660487
1291079322111967232
1291079337165197312
1291079338398560257
1291079341061873664
1291079347059777542
1291079354521227264
1291079363266576384
1291079368110940161
1291079371038629889
1291079387912314887
1291079416676786184
1291079422049755138
1291079427032481793
1291079438378074112
1291079440563240962
1291079446435422208
1291079484670709762
1291079492774043648
1291079523228946432
1291079530224984065
1291079539213434880
1291079539733405696
1291079540270403584
1291079542329806849
1291079542191382533
1291079542925402112
1291079547555725314
1291079559371042817
1291079561007038464
1291079567965335559
1291079577025105921
1291079585887588353
1291079589863849986
1291079592837632001
1291079593059856386
1291079593861029888
1291079596453044230
1291079614303879169
1291079631622242310
1291079639851339777
1291079649817108480
1291079652136693760
1291079673296936960
1291079686303313920
1291079687326896128
1291079702145359881
1291079719350403073
1291079752283979777
1291079766519488512
1291079771322036225
1291079777298911233
1291079808546410502
1291079833091538944
1291079834358161410
1291079846383280128
1291079867409272833
1291079870584430592
1291079896874319872
1291079901148254208
1291079904679911429
1291079908689678337
1291079911281766405
1291079933519945729
1291079934899757056
1291079937575845893
1291079941937926149
1291079950070689792
1291079950301159424
1291079951278579712
1291079951123230720
1291079966554116096
1291079967997153285
1291079971172225026
1291079975521705985
1291079976796557313
1291079991405363200
1291079991908798469
1291080030949433344
1291080046040485889
1291080045239443456
1291080084246401025
1291080089174671363
1291080089665511425
1291080096934133761
1291080116961853440
1291080121231777793
1291080138952781824
1291080150675841025
1291080159622201344
1291080173685805056
1291080176701497345
1291080190542700546
1291080199078060033
1291080201938624515
1291080206296522752
1291080213900808194
1291080218275385345
1291080218732527623
1291080238798180352
1291080244322013184
1291080244728860674
1291080251729010688
1291080255562756098
1291080265570361344
1291080276681031680
1291080277532581890
1291080289272369152
1291080303327444994
1291080307018432512
1291080312181657608
1291080320071213057
1291080328359157763
1291080332083699712
1291080343542521862
1291080349804617728
1291080357253718022
1291080357798981634
1291080366015623175
1291080368913887233
1291080395887448065
1291080416728952832
1291080419144867840
1291080419727867907
1291080421279698945
1291080436177829888
1291080452963545094
1291080454624477186
1291080458835501057
1291080459523260416
1291080461884719104
1291080465844035586
1291080469380038656
1291080471284195329
1291080478573830144
1291080487180656641
1291080490213089280
1291080495003049984
1291080497108586496
1291080507577511936
1291080513533485057
1291080532508336128
1291080544973983745
1291080553442103302
1291080554541125640
1291080565920325633
1291080605178957824
1291080607649468416
1291080610220519425
1291080614326616065
1291080614414815232
1291080618575618048
1291080637030576129
1291080675953651714
1291080692827226112
1291080696543371264
1291080701266337792
1291080708539252742
1291080709193465859
1291080713148669952
1291080721008918532
1291080725458976773
1291080738717044736
1291080748020240384
1291080759076249600
1291080769348292608
1291080773286666241
1291080782103052288
1291080794308587520
1291080815099731970
1291080819537141761
1291080830220197895
1291080830572474374
1291080866400284674
1291080874197487619
1291080882380406784
1291080889523478532
1291080890815324161
1291080891452870656
1291080914534047745
1291080922356490241
1291080928618582021
1291080936298291207
1291080939255271424
1291080943747375110
1291080944980570113
1291080949082591233
1291080952777670656
1291080953574694916
1291080967709274118
1291080970867621891
1291080982406279173
1291080995081539584
1291080995173806080
1291081003675549698
1291081028946321408
1291081029822885891
1291081036877660162
1291081041080463361
1291081049674407937
1291081057652084738
1291081058868432898
1291081063645626368
1291081066682429442
1291081069739913223
1291081070406926339
1291081079189725185
1291081094234808320
1291081111045636096
1291081133309005829
1291081144666996736
1291081147003224064
1291081162253840388
1291081167031152640
1291081170873180160
1291081178687180802
1291081197007798276
1291081200015151104
1291081204553273346
1291081213638250497
1291081225776619520
1291081237545857024
1291081247138156545
1291081255442939912
1291081266301939712
1291081284119416836
1291081285356736513
1291081288842084352
1291081288917581824
1291081296567967744
1291081340507521025
1291081351047909377
1291081356273909764
1291081364255567872
1291081368403947521
1291081368756248577
1291081373495828483
1291081380458385415
1291081388737912833
1291081389673189378
1291081401287225344
1291081423974268928
1291081432295788544
1291081434317361152
1291081434468216832
1291081446774452232
1291081447076294656
1291081456882720770
1291081467548721152
1291081468513574913
1291081468958187526
1291081469067223040
1291081477157945345
1291081481838895105
1291081486360350722
1291081505838526464
1291081519482707969
1291081527497957376
1291081533563052035
1291081543235121154
1291081548532416515
1291081556233248772
1291081569931874306
1291081581378048005
1291081589817053192
1291081598310334466
1291081603263987713
1291081612738740225
1291081620330549254
1291081623694434305
1291081625074204672
1291081628266180611
1291081638349287424
1291081645492178949
1291081649040621568
1291081657160802304
1291081660671369216
1291081666421719042
1291081673761681409
1291081683324805120
1291081687061934083
1291081691763810304
1291081695563743243
1291081711695073280
1291081712169091073
1291081728166174722
1291081733287424003
1291081749016051713
1291081762320183296
1291081774999777282
1291081782553501696
1291081805093916679
1291081808704966661
1291081817496465408
1291081817886322688
1291081828460306432
1291081845128466432
1291081866779308037
1291081867756744707
1291081889147686912
1291081895393071108
1291081898299723783
1291081914162524162
1291081918746898432
1291081925990453248
1291081926649032705
1291081926976008192
1291081929140436992
1291081939030614017
1291081950632058883
1291081952229900290
1291081959221927939
1291081964863332352
1291081964833906690
1291081972664737792
1291081977211359233
1291081992499539968
1291082015543042048
1291082022346264584
1291082031875710976
1291082034430050306
1291082040310472705
1291082047650291712
1291082059172249602
1291082060363431938
1291082063530143744
1291082067627970560
1291082072786972674
1291082077773934592
1291082079019700224
1291082081297141761
1291082082375151618
1291082093372624896
1291082098250571788
1291082101459124231
1291082122585935876
1291082130261516290
1291082151509794821
1291082152742813696
1291082169050370048
1291082169994096645
1291082173286686721
1291082178777014272
1291082180504875008
1291082185139785729
1291082185911541762
1291082187127885824
1291082194241433615
1291082199203229705
1291082222930468864
1291082229221740544
1291082237581103104
1291082249044189185
1291082249857769472
1291082252097671168
1291082251980201989
1291082257659097088
1291082259278311426
1291082290471350274
1291082291733831680
1291082302689357826
1291082324977889288
1291082332842205185
1291082335870476289
1291082359085969413
1291082361522860035
1291082370121170946
1291082371844976641
1291082383517769728
1291082401574055937
1291082415675453441
1291082425590743042
1291082432519839744
1291082442976014336
1291082445870125057
1291082446386147329
1291082460424335361
1291082462135750658
1291082470486609920
1291082470960574464
1291082474148311040
1291082476358709248
1291082478988517376
1291082487175819265
1291082488958332929
1291082489176481796
1291082500073283585
1291082513134190592
1291082514149380096
1291082519497015299
1291082533648707584
1291082539180990464
1291082539470381059
1291082551298109440
1291082553059942400
1291082560035074048
1291082572991102977
1291082574928809984
1291082579802599424
1291082584655454208
1291082585456574464
1291082596558893056
1291082596835876864
1291082609624260608
1291082612933525504
1291082613386620929
1291082622211366913
1291082642167914496
1291082643266777089
1291082659058388993
1291082665379201025
1291082685906063360
1291082692910632960
1291082701752205317
1291082706378469376
1291082710186954752
1291082714334892032
1291082723830964224
1291082726779637760
1291082732508975111
1291082740713041925
1291082740763447300
1291082747176419329
1291082747470131200
1291082790138597376
1291082798359621633
1291082810409787394
1291082810984402946
1291082835542118405
1291082852117803010
1291082858019401728
1291082860514820096
1291082877258600454
1291082878558695424
1291082880957833216
1291082883231354889
1291082890663677952
1291082894455328771
1291082903909212163
1291082910725033992
1291082911572164610
1291082919205888002
1291082920065630208
1291082920736808960
1291082924830240768
1291082927892246528
1291082936108736514
1291082950151372800
1291082950268919813
1291082955243180032
1291082965238181889
1291082974444707840
1291082996481548289
1291082997148659714
1291083038735114243
1291083066509873152
1291083084365025280
1291083084281061376
1291083095647621125
1291083099481268224
1291083102089932800
1291083113796444163
1291083114400436230
1291083116518440963
1291083127016828928
1291083135418011649
1291083145824043017
1291083147803873287
1291083152035848193
1291083163314393089
1291083176970838016
1291083181135990786
1291083191948685312
1291083196591996930
1291083201990057984
1291083203726499840
1291083209976012801
1291083218834337792
1291083222789632000
1291083226145009664
1291083233917009920
1291083234160369668
1291083239168323585
1291083252405538816
1291083260299182081
1291083261599461377
1291083268817924097
1291083269778350081
1291083273133797379
1291083297011961867
1291083298438078465
1291083300908478466
1291083301847957504
1291083308953108481
1291083309011939329
1291083340091555840
1291083351470878723
1291083351416279042
1291083361310523392
1291083378134048773
1291083397276798977
1291083423390539779
1291083428553793547
1291083438976651270
1291083469204971522
1291083469620224008
1291083469754425344
1291083508023164929
1291083512808763392
1291083528785068032
1291083533536997377
1291083540780716034
1291083542315835394
1291083540566691840
1291083549895000064
1291083540277465089
1291083554605203458
1291083571587944449
1291083573878034433
1291083583931781123
1291083590701330432
1291083595117928454
1291083599647825921
1291083616961925123
1291083619784462339
1291083621386903557
1291083658678407173
1291083662444965889
1291083662549819393
1291083674897862656
1291083686776111104
1291083688323756032
1291083690567700490
1291083691742167040
1291083692199337985
1291083692908126219
1291083699635666944
1291083704006250501
1291083721852870657
1291083725082710016
1291083727146278913
1291083738022019073
1291083742912507904
1291083748658864128
1291083759702298624
1291083759706669057
1291083782880198658
1291083783211495425
1291083789960122369
1291083814861758464
1291083817860685826
1291083825179746304
1291083826383466497
1291083863209512963
1291083875888893957
1291083884361330691
1291083888715014145
1291083892774993921
1291083893605572613
1291083898156457986
1291083913188737025
1291083913859928064
1291083914648444932
1291083930725158912
1291083931819708418
1291083952149725189
1291083956855635970
1291083959393234944
1291083969241452550
1291083969648373760
1291083972324126720
1291083979765035009
1291083981086171137
1291083984932397056
1291083994260480000
1291084014066044930
1291084022475620352
1291084026304802816
1291084027709931522
1291084027924013063
1291084043782676480
1291084044944519170
1291084052099891201
1291084056357216258
1291084061436456960
1291084070189961217
1291084081317453824
1291084081816465408
1291084081908920320
1291084118739083267
1291084125001195520
1291084142159884288
1291084160342335489
1291084160921153543
1291084178121830405
1291084192126660609
1291084202516123649
1291084208274911232
1291084219553374210
1291084220845166593
1291084225073086464
1291084225127444480
1291084229762322432
1291084231754633217
1291084236452245504
1291084243003678720
1291084247327846400
1291084253778804741
1291084254491877377
1291084257260011521
1291084259764183040
1291084271751294976
1291084275941380096
1291084280383193088
1291084282648129536
1291084284405612546
1291084292634710016
1291084299819798528
1291084302944477184
1291084315745550336
1291084317863575564
1291084325849628673
1291084325744775168
1291084326017228801
1291084333458087936
1291084347949199361
1291084351371972608
1291084355654291456
1291084389087088640
1291084396439711745
1291084401644797952
1291084456716107777
1291084476576079874
1291084489016434691
1291084512571662336
1291084522394660864
1291084532381343746
1291084547241771008
1291084560122425344
1291084546008657920
1291084563570098176
1291084571472277505
1291084571287490560
1291084573053300738
1291084593463009281
1291084598458355712
1291084598219350018
1291084613897670656
1291084626203561984
1291084632553852928
1291084642611798016
1291084644318937089
1291084644662878208
1291084672076779520
1291084694042423296
1291084711067090944
1291084713990295552
1291084727399731201
1291084727789785095
1291084727601049600
1291084736098639872
1291084761910345728
1291084763000954882
1291084790377193472
1291084796488290310
1291084807586242560
1291084810639695872
1291084836057370626
1291084837219074056
1291084841988087809
1291084848556199936
1291084853497040896
1291084857322463232
1291084866474385408
1291084867439132679
1291084875919917056
1291084906962063367
1291084964423962625
1291084966307205121
1291084975123693569
1291084976444694529
1291084980530028545
1291084991690969093
1291084997676457984
1291085012650123264
1291085016777338880
1291085024738058241
1291085029372760064
1291085030798786560
1291085031683874821
1291085033613082624
1291085045428555776
1291085047731298304
1291085054215684096
1291085059517120512
1291085062969073664
1291085072033095682
1291085074859868161
1291085076139257858
1291085079008206851
1291085079251505154
1291085088294408192
1291085089053474822
1291085089137451011
1291085099874877447
1291085101103828992
1291085108326408194
1291085116626931714
1291085124793257984
1291085125988626436
1291085167390597120
1291085168279683072
1291085174206234624
1291085179575046151
1291085185191157766
1291085197304356869
1291085197908168704
1291085205126746112
1291085227268304896
1291085236542021633
1291085240727896065
1291085244452474880
1291085257198964746
1291085269349867520
1291085272415862786
1291085284415803392
1291085285883772929
1291085286148055040
1291085288975073280
1291085297300758528
1291085303327883264
1291085306700214274
1291085314749079552
1291085298701668354
1291085335628308483
1291085336605581312
1291085340724338689
1291085373465075717
1291085377852395521
1291085386161299456
1291085387700609024
1291085394759516162
1291085406713401344
1291085413466152968
1291085414594490369
1291085424459419653
1291085458131361794
1291085474682015746
1291085495829749764
1291085496836403200
1291085499441045504
1291085505115967490
1291085508479791111
1291085519804403712
1291085525198278656
1291085529543475201
1291085539005931520
1291085553547513856
1291085571973165056
1291085583104835585
1291085583591387136
1291085584488902657
1291085584744808451
1291085595314454528
1291085599365984258
1291085599185698816
1291085604499918848
1291085616906674176
1291085620576624640
1291085621889568768
1291085628692627456
1291085630294970368
1291085635130920962
1291085641724211200
1291085654160547846
1291085664809816065
1291085672242130944
1291085679724822528
1291085692366446594
1291085710716358657
1291085710678798341
1291085711253413893
1291085712935321606
1291085716752150528
1291085719008673792
1291085720677953537
1291085734468710400
1291085734422683655
1291085747144003585
1291085763854118915
1291085801720369152
1291085802353631234
1291085804614422528
1291085805587435520
1291085811774038017
1291085814060011522
1291085842904219648
1291085843235389440
1291085847526289408
1291085850709819392
1291085872327057408
1291085880787116032
1291085899267076096
1291085905982259201
1291085912206647296
1291085919173451777
1291085921870385154
1291085926148509696
1291085927872438272
1291085931592785922
1291085935094964224
1291085936147623936
1291085936789458944
1291085939695996928
1291085939993870337
1291085940790661122
1291085960533270529
1291085962169266176
1291085962169257984
1291085968544538624
1291085970843074561
1291085973321744389
1291085976929013761
1291085977251794945
1291085978501865472
1291085993236258816
1291085998840000513
1291085999980703745
1291086002765717504
1291086015390720004
1291086028900638725
1291086060580208643
1291086062601764865
1291086066921934853
1291086077558550529
1291086078489829377
1291086085515358208
1291086106595921922
1291086107136974849
1291086112035921925
1291086115290542080
1291086115303292930
1291086116599324672
1291086124753072131
1291086138120130560
1291086139957420041
1291086145787502599
1291086149889462280
1291086162333806593
1291086173734043651
1291086178930823178
1291086182986797057
1291086187545817090
1291086197503094784
1291086213869232128
1291086220680888328
1291086236564828161
1291086237239922688
1291086245569888257
1291086263139926016
1291086283528429568
1291086288406315008
1291086293225504768
1291086296249593857
1291086308719427586
1291086321721593857
1291086347399290881
1291086357087969281
1291086363190874112
1291086373026516992
1291086384334348288
1291086410393452547
1291086414910763008
1291086425614462976
1291086436016390144
1291086469382144002
1291086471793909765
1291086475916910593
1291086477170864128
1291086488613027852
1291086490974420992
1291086524264710147
1291086526936264704
1291086532879810561
1291086544456093696
1291086547412848640
