1297503861587017728
1297503878397792257
1297503887725867013
1297503905652318211
1297503908139601920
1297503909091532801
1297503918209896448
1297503922970451969
1297503928863645696
1297503938565099523
1297503955858018305
1297503957863018498
1297503958513188865
1297503959557509130
1297503962271289349
1297503963021860868
1297503972589101061
1297503979107225601
1297503979874721792
1297503992210169858
1297503992382017538
1297503993950806016
1297504012787384320
1297504015304077314
1297504042352951297
1297504047000412160
1297504048262914049
1297504055057461251
1297504075974680577
1297504077191020546
1297504096480399363
1297504096761462786
1297504099223646208
1297504101417324544
1297504107134160898
1297504117598892032
1297504135911153664
1297504163425705987
1297504169033703424
1297504181759221760
1297504210699747333
1297504210758578176
1297504214533304320
1297504215267282944
1297504215237922819
1297504216248913921
1297504233843855361
1297504239778959361
1297504256552042496
1297504265917915137
1297504289745772544
1297504290530045952
1297504304798949376
1297504306791419905
1297504315909615618
1297504317495111682
1297504322423595010
1297504331407806465
1297504350558920704
1297504357055959040
1297504358985347073
1297504365360615425
1297504385879232513
1297504394238296064
1297504395341553665
1297504412013756416
1297504421165666304
1297504425238335490
1297504436588355584
1297504449963991040
1297504453751259138
1297504462949384194
1297504462974722048
1297504486508748800
1297504505156628482
1297504508721930245
1297504511964020736
1297504516842164224
1297504525725704192
1297504529416687621
1297504537456959488
1297504550794850313
1297504555198844929
1297504568520056833
1297504584148156419
1297504591941193728
1297504598484082690
1297504605971066884
1297504608697237504
1297504610345574402
1297504614074392576
1297504614497959943
1297504618533064704
1297504626904838144
1297504638271459328
1297504643841265664
1297504644453863424
1297504652141854720
1297504652464816130
1297504652435623937
1297504654297710593
1297504661000396807
1297504661063077888
1297504667870650368
1297504674422181889
1297504681309151232
1297504685704851456
1297504689819226112
1297504709482360836
1297504717187289093
1297504723285680135
1297504724971925509
1297504736464248832
1297504746371153921
1297504755237953536
1297504760560418816
1297504761294598145
1297504761646809090
1297504763206963200
1297504764171698177
1297504765652467712
1297504767556583424
1297504767690846209
1297504770500866048
1297504773424513024
1297504777987715074
1297504781301293060
1297504793297063936
1297504802436513792
1297504817842200578
1297504836632576006
1297504854806417408
1297504869130043393
1297504870333919233
1297504872078639105
1297504876721840128
1297504887412940800
1297504893238902785
1297504897328447491
1297504902688604169
1297504920589959169
1297504921680519168
1297504929150636032
1297504936347832320
1297504936364658690
1297504940764483584
1297504948045807616
1297504962277183488
1297504974147063808
1297504975266799618
1297504981373685760
1297504982854438916
1297504986503446528
1297504987346599936
1297504989913534466
1297504993897877505
1297505002429116416
1297505010838835201
1297505013116342275
1297505018229080064
1297505035807600647
1297505037220945925
1297505045282422785
1297505061711511552
1297505065847025664
1297505076550934529
1297505080623562752
1297505086940340224
1297505090698276865
1297505094678786054
1297505096260083712
1297505099044986880
1297505103608459264
1297505103964966913
1297505113179914240
1297505119806742528
1297505128681861120
1297505129546080257
1297505136458121218
1297505146671214592
1297505161787641876
1297505170851389440
1297505178661408770
1297505180376760320
1297505197330235393
1297505201218347008
1297505205747978240
1297505216456081410
1297505225612369923
1297505233510322176
1297505236269989890
1297505254129319936
1297505259149864962
1297505260458541056
1297505263469998080
1297505279655817216
1297505280062889986
1297505294428319745
1297505304171536384
1297505305690079238
1297505317434150914
1297505331170422785
1297505334748041217
1297505361922912256
1297505373012856832
1297505384350056448
1297505385235058689
1297505393480855553
1297505394709815297
1297505400955248641
1297505418881556480
1297505421733888000
1297505422841196546
1297505438712205313
1297505439739809792
1297505448246087680
1297505460753436672
1297505466147274752
1297505468940787712
1297505469460668422
1297505473277509633
1297505493703745537
1297505495037521920
1297505508467695616
1297505514905939968
1297505552134746116
1297505590852194304
1297505594895728640
1297505596141449217
1297505600889188352
1297505623471534081
1297505624561983489
1297505635894824964
1297505644807892993
1297505652441374721
1297505652617760769
1297505653938950144
1297505655427944453
1297505658686672899
1297505667180310528
1297505669688549379
1297505672494538754
1297505685932924928
1297505716115316736
1297505735056580608
1297505741184565253
1297505742946099200
1297505771899453440
1297505771744354305
1297505778664984576
1297505797333749760
1297505797631442949
1297505805445378048
1297505807626457089
1297505813574094848
1297505817994956800
1297505835409539075
1297505839192911872
1297505858566291457
1297505863175770113
1297505868364292096
1297505879655239682
1297505885791584256
1297505897107746818
1297505903353135104
1297505904590561280
1297505904376655872
1297505906138046470
1297505908633866241
1297505915797508096
1297505922697383936
1297505931916279808
1297505935544528898
1297505941881892864
1297505946189606913
1297505950350352384
1297505951013109760
1297505955379380224
1297505967731613703
1297505973481996289
1297505994704949248
1297506003315908609
1297506016318205952
1297506024228782080
1297506052682821632
1297506065299451905
1297506068688302080
1297506069162450944
1297506111667548160
1297506122681716741
1297506139429408768
1297506141597966342
1297506145175625728
1297506204290174977
1297506214826381313
1297506215564652545
1297506222833307648
1297506225710608384
1297506231393890304
1297506244173889536
1297506244727640066
1297506251060973570
1297506254034800641
1297506257839050752
1297506260414234624
1297506263308349445
1297506270581227520
1297506274205003776
1297506279016071168
1297506291246653443
1297506324813697024
1297506324939300871
1297506329142140928
1297506348549246979
1297506362042261505
1297506365741637633
1297506370233741319
1297506379473788928
1297506379981357056
1297506391083515905
1297506400613158912
1297506410029150208
1297506422083612672
1297506433785663488
1297506437443342337
1297506455801798656
1297506467491336194
1297506476546600960
1297506478635401223
1297506493726707712
1297506495094038528
1297506509488758784
1297506514631118850
1297506522138697728
1297506526349991936
1297506533434155008
1297506534449205249
1297506546189053953
1297506556796379138
1297506563347886080
1297506564161462272
1297506564375375872
1297506565713469441
1297506568716668930
1297506569232424961
1297506586290601984
1297506586533998593
1297506624123424774
1297506632373608452
1297506642641203201
1297506656427933697
1297506659288453120
1297506672378671105
1297506675809759233
1297506696999456768
1297506702191992838
1297506710974857216
1297506711465590786
1297506719573004290
1297506724686041093
1297506727131262976
1297506727953391617
1297506740662042625
1297506747221868546
1297506761277149185
1297506761520234496
1297506761621082112
1297506769422303232
1297506769988497409
1297506778695888896
1297506794491781120
1297506796458909697
1297506805707190273
1297506806906880001
1297506813898760193
1297506814225940480
1297506822669185025
1297506827014373376
1297506835830841344
1297506837785391104
1297506846144634880
1297506869594992640
1297506879560495106
1297506898413907969
1297506907616415744
1297506912053780482
1297506917628116994
1297506923252723712
1297506950649909251
1297506965766074369
1297506987241021440
1297507003888271360
1297507016181788672
1297507017121136646
1297507029032947713
1297507032522559491
1297507038898118666
1297507068241276930
1297507071298945024
1297507072070868992
1297507092987654145
1297507113271361537
1297507123207770112
1297507130824687617
1297507133064384512
1297507138823163904
1297507139749965826
1297507147140534274
1297507179914829825
1297507217420124162
1297507217483145220
1297507222881280001
1297507225909358594
1297507252094394370
1297507260072165376
1297507265646342144
1297507267575558145
1297507306838593536
1297507336664350725
1297507348181856261
1297507348794286081
1297507351965184001
1297507356075413505
1297507359741411330
1297507382013108224
1297507382742851586
1297507392998055936
1297507395200065542
1297507399050227712
1297507401994772481
1297507404427325440
1297507405371146240
1297507407627599873
1297507414653022211
1297507419912896512
1297507420667871232
1297507426715840512
1297507439328231425
1297507440209137669
1297507443308523522
1297507444927602688
1297507445531582473
1297507458248847360
1297507470303277057
1297507472702230529
1297507477727125505
1297507482307145729
1297507495989018632
1297507507221303296
1297507508118892544
1297507513030647814
1297507515064881153
1297507517065355264
1297507521066930176
1297507524019707910
1297507524082622468
1297507561290125313
1297507563232210945
1297507570341437441
1297507571377549312
1297507578658934784
1297507615325532160
1297507615950307329
1297507621579059200
1297507626587025410
1297507632157261825
1297507641694941185
1297507646103314437
1297507654332551168
1297507676218327041
1297507683684188161
1297507684896448512
1297507709588250624
1297507715326136321
1297507721231695872
1297507735609769985
1297507737375404032
1297507747437707264
1297507758300729345
1297507767931088898
1297507776063774720
1297507815783665665
1297507834473721861
1297507842191220736
1297507842291838976
1297507842644217857
1297507843541577729
1297507853079662594
1297507890912165888
1297507904862339074
1297507910394605568
1297507917684449281
1297507923820548100
1297507930418315264
1297507934642069507
1297507935472558080
1297507939104837632
1297507942799937536
1297507967852371968
1297507993890820097
1297507994700320768
1297508017764741122
1297508035699474434
1297508040917299201
1297508044176125952
1297508044922814464
1297508047867150336
1297508065315561472
1297508068691857408
1297508086874218496
1297508115202453505
1297508115940876288
1297508133284261888
1297508133460418560
1297508136895619072
1297508139600879616
1297508144550223872
1297508166968770560
1297508178809114627
1297508183234080768
1297508188103651328
1297508195611467776
1297508199734665216
1297508213764395009
1297508229057073159
1297508232655769600
1297508238813016064
1297508239819583490
1297508242310881281
1297508253715161088
1297508263181856768
1297508275202686978
1297508282077249537
1297508291124158465
1297508292101472258
1297508311802286080
1297508337970446337
1297508363161473026
1297508363794702338
1297508379313594371
1297508414180986882
1297508439036506112
1297508446414217216
1297508452118528000
1297508459731021826
1297508461022810113
1297508463904305152
1297508472561348609
1297508481222598657
1297508489179340801
1297508500533202944
1297508501091041280
1297508513485185025
1297508518279315458
1297508525988630530
1297508530216288259
1297508574164332544
1297508584519954432
1297508586294087680
1297508586470481920
1297508592677945344
1297508593483288583
1297508598084509697
1297508610096930819
1297508615302131712
1297508640862212101
1297508649380716544
1297508684809957378
1297508714878885890
1297508718398119936
1297508757102931969
1297508758382419969
1297508762991894528
1297508770860470272
1297508774127648768
1297508784030408704
1297508791970406402
1297508794583470085
1297508794973356033
1297508795409604609
1297508795808178176
1297508812044357632
1297508820386820098
1297508827714056193
1297508840087465986
1297508857967714304
1297508874178580481
1297508877873774592
1297508891048075265
1297508900393095170
1297508900674179072
1297508911982030848
1297508920584368129
1297508926473113600
1297508935474192385
1297508938368204801
1297508946110906368
1297508956244451329
1297508957712523264
1297508962775052288
1297508963404189701
1297508968642748418
1297508970324799490
1297508972719529984
1297508974506508288
1297508979686309890
1297508984132218882
1297508992705536004
1297509017791672320
1297509025504845825
1297509027082117120
1297509028428263427
1297509040776523776
1297509043481784321
1297509055787753474
1297509077027885057
1297509084896190466
1297509087459061761
1297509118345908224
1297509123106451457
1297509140613472256
1297509142492590080
1297509159718596608
1297509160007991297
1297509160523829248
1297509161576484867
1297509174570627073
1297509176671760384
1297509180035801088
1297509197219651584
1297509222251454465
1297509224268922880
1297509231487258624
1297509233009864706
1297509242899820544
1297509268027920385
1297509270615883776
1297509294250897413
1297509304392486912
1297509322977673216
1297509348483137537
1297509356926390272
1297509371379884033
1297509373489684481
1297509399074766848
1297509407312363521
1297509420377620481
1297509431685476352
1297509451197566976
1297509451545493506
1297509457744859138
1297509465797865472
1297509468125757442
1297509469266382854
1297509490552528896
1297509491915624448
1297509492121362434
1297509500518313986
1297509513290031109
1297509518616584198
1297509519501611009
1297509520290193409
1297509526439186433
1297509528242716672
1297509539810406400
1297509545489477632
1297509547020562433
1297509548979298305
1297509549625061376
1297509553345458177
1297509555102822400
1297509566146580487
1297509574044536833
1297509576594657280
1297509602276200454
1297509608509014016
1297509630239821826
1297509634807402497
1297509642302402560
1297509643099557888
1297509655846031360
1297509664146456576
1297509666331611142
1297509668261113857
1297509668655251456
1297509675391430658
1297509702402637825
1297509706500464640
1297509717946716160
1297509721004441600
1297509730227834880
1297509743595065344
1297509751090282497
1297509762968387584
1297509777359110151
1297509781700132870
1297509812813479936
1297509816362061824
1297509820388515842
1297509827036483590
1297509859349245952
1297509865422835712
1297509877972185088
1297509886025248771
1297509903641108481
1297509909785980928
1297509911408984064
1297509915209027585
1297509927276208129
1297509929255870464
1297509939896885250
1297509949472485378
1297509953700270085
1297509954329300993
1297509954757316608
1297509961912799233
1297509973954572290
1297509974982029314
1297509978547183616
1297509982846541825
1297509985715458048
1297509986512379905
1297509991000059905
1297510011170705409
1297510029466181636
1297510052643954688
1297510054493478912
1297510059270787072
1297510067462447104
1297510076098310145
1297510078011052034
1297510084835045376
1297510087829753857
1297510102514184192
1297510111041269760
1297510115000623105
1297510119660347393
1297510124500770816
1297510129600991232
1297510131920404480
1297510141185622016
1297510146478751744
1297510149675012096
1297510153315639298
1297510157220319232
1297510176338128897
1297510178682699778
1297510182675677185
1297510187474059267
1297510194964905984
1297510207401140225
1297510213042360323
1297510214409822209
1297510215911239680
1297510226401394688
1297510238057304071
1297510240988983304
1297510242029379584
1297510243493019648
1297510267518156800
1297510271825489920
1297510274828730368
1297510287088771072
1297510304113397760
1297510317266571265
1297510318105456642
1297510319296843776
1297510327001718784
1297510331711971328
1297510346224046081
1297510356789669888
1297510358601605120
1297510383524048899
1297510390436372486
1297510393242431488
1297510405883953160
1297510422510284801
1297510423802019841
1297510444588990464
1297510467691307008
1297510470094655488
1297510489602134017
1297510498515132416
1297510506421420032
1297510506949939200
1297510532480667653
1297510535349428225
1297510543062978562
1297510551946502145
1297510565154365441
1297510576655040512
1297510582447419392
1297510585190494209
1297510594136825857
1297510615796404226
1297510620779237377
1297510624914743296
1297510643776528385
1297510644653019138
1297510645542395905
1297510652420993024
1297510653142290434
1297510666505523201
1297510675967770624
1297510678467551237
1297510692077973509
1297510699296526337
1297510717751537665
1297510719185977348
1297510723367636997
1297510757639368704
1297510767114063872
1297510771547611136
1297510779449741313
1297510792045056000
1297510801176178689
1297510806523764736
1297510817861185544
1297510824014012417
1297510826681737217
1297510830100172805
1297510845648441344
1297510846420127745
1297510849741979648
1297510851621068800
1297510866770964480
1297510874643668993
1297510882839232512
1297510888287678465
1297510889193709575
1297510895409659904
1297510900782510082
1297510913646497792
1297510922798411776
1297510926778634240
1297510952062025728
1297510953962143744
1297510955157397504
1297510967048204294
1297510967547314179
1297510967870455809
1297510971657695234
1297511004608372737
1297511008437559297
1297511014083289088
1297511014536224768
1297511022497071106
1297511026343251969
1297511036485013511
1297511048723931137
1297511051672641536
1297511062841856000
1297511064372879360
1297511074040709120
1297511096463568897
1297511097990291456
1297511107180081153
1297511124150161409
1297511143116877824
1297511145272741889
1297511153782992898
1297511161747759104
1297511169675022337
1297511172560699393
1297511186913562625
1297511218924552193
1297511228416327680
1297511237522198528
1297511241284550657
1297511250377744384
1297511261207322627
1297511265947049984
1297511266802479105
1297511281155596288
1297511303410585602
1297511307235688449
1297511308011610113
1297511312100954114
1297511319524892673
1297511323480326146
1297511326189674496
1297511329511735296
1297511342132338688
1297511348402900993
1297511353888972802
1297511357663924224
1297511360033705987
1297511411111866368
1297511428811714564
1297511434079870976
1297511440841089024
1297511459451215873
1297511465713381376
1297511483996332033
1297511484508049409
1297511491273449472
1297511492133236737
1297511495417434113
1297511500488245248
1297511505877925888
1297511514249797633
1297511521732325377
1297511521652633600
1297511529038872578
1297511530540408834
1297511530586673152
1297511541160333312
1297511542175477760
1297511552925327361
1297511559145623552
1297511566573699072
1297511573758541824
1297511576845479936
1297511584055660547
1297511588723937283
1297511591890452481
1297511602787254272
1297511616913616897
1297511616951590913
1297511621217067008
1297511622164885504
1297511626686394368
1297511629412802561
1297511642016563200
1297511642654216194
1297511651080454144
1297511664011620353
1297511664678363137
1297511667190947840
1297511667379519488
1297511668226961409
1297511669275348992
1297511677664071680
1297511677777207296
1297511681887633409
1297511692935426049
1297511700820893696
1297511715605635072
1297511721846923264
1297511725688860672
1297511736212426758
1297511741539127299
1297511761948504064
1297511768265297928
1297511782496399362
1297511782953578498
1297511785348698117
1297511789308116993
1297511799093248006
1297511806332817408
1297511814746394625
1297511830768750593
1297511862708232192
1297511874209239040
1297511879795933185
1297511883184865282
1297511887270158336
1297511890323562501
1297511896468410370
1297511898074628096
1297511907201409025
1297511907629375488
1297511916886163459
1297511927321591809
1297511933264961536
1297511954752212993
1297511957939884032
1297511958539907078
1297511959231967233
1297511961253486593
1297511969570816000
1297511984338882561
1297511991720861696
1297511993448919041
1297511995533664256
1297512003733458945
1297512015343366146
1297512016287092741
1297512024075886592
1297512030279262208
1297512034800738307
1297512049858105345
1297512054216175616
1297512054987816961
1297512066278883333
1297512080447344640
1297512084545179648
1297512092816117767
1297512104644182018
1297512112298659840
1297512120070729730
1297512126051946497
1297512138282381312
1297512168057966594
1297512176664694784
1297512179743293442
1297512183715246080
1297512198105788417
1297512197468364800
1297512200433623040
1297512201427664897
1297512232058789888
1297512234298425344
1297512239872659456
1297512249989316609
1297512254879891458
1297512259921551361
1297512265113939968
1297512271833214977
1297512273527877632
1297512276476469250
1297512292268081152
1297512294125957122
1297512297150083074
1297512301390569472
1297512314036539392
1297512314938294272
1297512327890079744
1297512344319336448
1297512344692482048
1297512351567142912
1297512367765381120
1297512372895195136
1297512377357758464
1297512377366315009
1297512381321420800
1297512394311135232
1297512405426147330
1297512407250677763
1297512409972617216
1297512416176218113
1297512427119050755
1297512427785875457
1297512435650310145
1297512445641207808
1297512452616159232
1297512452607934464
1297512453111074821
1297512453752811520
1297512456512778240
1297512464330952704
1297512464737636354
1297512471067004929
1297512473583669248
1297512501756571649
1297512515245572097
1297512531741814784
1297512536179240961
1297512544341495809
1297512560632008704
1297512570581061632
1297512579456106496
1297512584590102528
1297512598498410497
1297512604059996161
1297512606832496641
1297512608782721025
1297512611769131009
1297512619365011456
1297512621562671104
1297512653934325761
1297512659030548483
1297512670690566145
1297512670719959040
1297512683898576897
1297512699589464068
1297512732720107520
1297512733085249545
1297512754643898369
1297512757890342912
1297512763984474113
1297512766039719936
1297512770192121856
1297512781063708673
1297512784435924993
1297512801116676101
1297512812747644931
1297512818267348992
1297512825284329473
1297512826899030018
1297512829474541569
1297512835124264961
1297512846624874496
1297512847593713664
1297512853927337985
1297512871484461058
1297512892129050624
1297512902681755648
1297512912836268032
1297512917089181697
1297512917311594496
1297512918871953408
1297512921925181440
1297512938148974592
1297512947049209862
1297512947187625986
1297512951461552131
1297512957694312448
1297512959267213312
1297512963574833153
1297512972667953152
1297512980339335168
1297512981442580480
1297512984370184192
1297512997452161026
1297513001671696385
1297513002812551169
1297513013465894916
1297513014988386310
1297513039801880577
1297513041370796034
1297513043291709440
1297513052523421697
1297513053202849793
1297513060396146690
1297513064103780355
1297513077764771840
1297513101491748864
1297513111973322752
1297513114783506432
1297513119217057792
1297513123587461120
1297513140461207552
1297513165299695618
1297513174904709120
1297513181406015489
1297513196006277120
1297513203362983943
1297513208824111104
1297513210833252354
1297513213160878081
1297513215417606144
1297513225903366145
1297513236703711238
1297513245922582529
1297513251580686337
1297513253720010752
1297513257222234112
1297513265816190977
1297513272162299905
1297513274582290432
1297513277799329792
1297513287698001920
1297513300188631041
1297513315975888896
1297513316655476737
1297513336758706182
1297513341129232385
1297513345352859648
1297513358111973383
1297513382782746625
1297513383726657538
1297513408346992640
1297513420783153152
1297513425896013824
1297513438332112896
1297513449614766080
1297513449749016578
1297513462696939527
1297513467541364742
1297513479373430784
1297513488949170176
1297513495726981120
1297513498344402944
1297513500529418240
1297513504824467456
1297513512923799552
1297513517998907393
1297513527213662209
1297513534067298304
1297513534633283584
1297513539331149824
1297513554807894016
1297513556082962432
1297513559039946752
1297513572155699202
1297513572482908161
1297513575527976960
1297513575397773312
1297513588542902273
1297513601066926081
1297513601327157248
1297513601780133895
1297513609115897856
1297513621757534210
1297513627776249859
1297513635829256193
1297513638647992322
1297513640342372352
1297513643429580801
1297513648294895616
1297513651822186497
1297513652103155713
1297513655748059136
1297513661305683969
1297513661225992193
1297513667999801344
1297513690476969986
1297513697506660352
1297513718092378112
1297513718893490176
1297513720214466560
1297513723708370944
1297513730754768901
1297513739911073792
1297513748962455552
1297513756122112001
1297513761092308992
1297513774451105792
1297513778838372353
1297513780906262528
1297513791861608448
1297513797796745216
1297513798576664576
1297513829660684291
1297513841509773312
1297513864968503297
1297513882685075456
1297513886254428161
1297513891635765248
1297513911017713664
1297513920282779649
1297513920660410368
1297513936447655937
1297513957956169730
1297513958874550272
1297513965786996738
1297513986892664832
1297514001161768962
1297514020581367816
1297514021306810368
1297514025664811009
1297514028500230145
1297514029988974593
1297514030471548928
1297514050587222016
1297514063161970688
1297514064600616961
1297514072578064385
1297514076562550784
1297514076860448769
1297514083621765121
1297514087388082176
1297514095885692929
1297514097051926528
1297514108296687616
1297514112730243072
1297514125577388033
1297514126198157312
1297514130220474370
1297514130664910849
1297514133269643264
1297514134800490498
1297514155629408256
1297514156325707776
1297514160108888065
1297514166891057153
1297514167000346624
1297514171735724033
1297514171861536770
1297514190639431689
1297514196469460995
1297514198398717954
1297514200349184000
1297514214353801216
1297514218174832640
1297514225678548992
1297514256926113793
1297514267571130374
1297514268569612288
1297514269714636801
1297514273820811266
1297514280435105793
1297514285074194433
1297514290417750016
1297514290870509568
1297514292531494915
1297514293869465601
1297514297166311424
1297514301570322432
1297514305529589762
1297514305542389760
1297514326169976837
1297514326165725189
1297514344813670407
1297514357220356098
1297514372558807041
1297514382088232963
1297514390133104640
1297514397825478657
1297514402195877890
1297514402694885376
1297514405794643976
1297514408688590848
1297514432629637121
1297514434793897984
1297514440234065921
1297514440947113985
1297514446068125696
1297514457044676608
1297514479349927936
1297514490074808326
1297514491668762625
1297514494063566850
1297514499357003777
1297514501013516288
1297514506898284545
1297514521154789376
1297514527756558337
1297514527802765314
1297514536757411840
1297514549357285376
1297514554839228416
1297514558244958209
1297514571578527745
1297514591661039616
1297514612586250241
1297514615694295040
1297514615920709632
1297514624460320770
1297514632953958400
1297514639111024640
1297514646274965507
1297514652608290817
1297514670438268929
1297514670899814401
1297514691267145729
1297514713207709697
1297514724737740800
1297514725522067457
1297514733214429186
1297514737639489537
1297514754240634880
1297514754991370240
1297514775803379712
1297514784917659648
1297514792060518402
1297514818836942848
1297514821479530501
1297514842069188608
1297514844061675521
1297514844644683776
1297514846355939328
1297514847219875840
1297514857508605953
1297514864143810561
1297514864555053056
1297514873484709890
1297514887309033472
1297514893910843393
1297514897715138560
1297514918711762945
1297514933014482945
1297514938664202240
1297514939125555200
1297514944716402688
1297514956913381377
1297514957446275074
1297514968909217792
1297514974189887488
1297514985707298817
1297515010676215809
1297515011905064960
1297515030154551296
1297515031324766208
1297515036156424198
1297515048248672256
1297515050110918656
1297515110517231622
1297515120390635522
1297515121040928769
1297515124887101441
1297515136341565442
1297515141085433856
1297515148714766336
1297515154452742147
1297515157040402432
1297515178452557825
1297515178842447872
1297515191832203264
1297515212548055040
1297515217039921152
1297515230109499392
1297515241148841985
1297515253304111111
1297515271679356929
1297515291270930433
1297515308949762050
1297515309264326656
1297515320417157122
1297515322594009088
1297515331766956035
1297515345633333255
1297515350544666624
1297515363459108864
1297515394014441477
1297515400876490753
1297515405364416512
1297515405926207489
1297515427275341825
1297515429322088448
1297515430328901632
1297515430811070467
1297515431423438848
1297515434695168000
1297515435605204994
1297515436192477186
1297515455804928001
1297515471399346176
1297515485676728321
1297515509529718784
1297515515473141761
1297515525824806913
1297515527884111873
1297515529926840320
1297515531717795841
1297515531872825344
1297515543080116225
1297515548604063745
1297515560314396677
1297515560620773376
1297515568493404160
1297515581315284992
1297515593273245702
1297515607487729664
1297515631839854592
1297515639641341954
1297515649363857408
1297515662672306176
1297515670712668160
1297515681353797637
1297515686210596864
1297515702497116160
1297515718758543360
1297515729290289152
1297515742213144577
1297515744264060929
1297515750177927168
1297515779332673536
1297515779710054401
1297515789851869184
1297515791852556288
1297515795434676229
1297515799469408262
1297515804683051008
1297515807342071809
1297515825440718850
1297515836337315840
1297515837067165696
1297515844688199681
1297515848983289857
1297515859049500672
1297515872026791938
1297515884735393798
1297515890968350722
1297515892226560000
1297515892620763141
1297515904591228928
1297515913407864832
1297515918197760000
1297515921158832131
1297515930612723714
1297515937139220480
1297515941459374081
1297515959012298752
1297515971519766530
1297515977597505538
1297516004407468035
1297516005137276928
1297516025932582912
1297516034442891264
1297516034606403584
1297516036120555520
1297516037915779073
1297516047134842880
1297516075895185413
1297516090403237888
1297516094299635713
1297516110233784320
1297516125702492160
1297516139749298176
1297516140214857728
1297516147458400256
1297516155784040450
1297516163690139649
1297516177317670912
1297516188746973185
1297516205641801728
1297516231315120128
1297516243684077568
1297516249124155394
1297516249765883905
1297516264395608064
1297516269764255744
1297516274751352832
1297516282036748288
1297516310444859394
1297516311099002881
1297516318875365376
1297516319013842945
1297516324462235652
1297516342405472257
1297516348818382853
1297516371450847232
1297516381383032834
1297516396490960896
1297516400353959936
1297516407823859712
1297516408599969792
1297516410688737281
1297516423674318850
1297516424156438528
1297516437188222976
1297516440430555137
1297516448844148736
1297516453688557568
1297516488455344128
1297516496462127105
1297516504678830085
1297516524018651136
1297516529777508352
1297516532902371329
1297516533875462144
1297516538199588865
1297516554850979840
1297516567853334528
1297516574715400193
1297516580012687361
1297516609850863617
1297516642885406722
1297516645737472001
1297516655116013569
1297516660556017664
1297516662674006016
1297516672321036288
1297516675043135494
1297516676364111873
1297516677341552642
1297516680441102338
1297516692818386944
1297516692747231234
1297516693409820673
1297516704512331776
1297516705963364352
1297516717090971648
1297516717179101185
1297516725387374593
1297516738888839176
1297516750955675649
1297516769150513153
1297516773344911360
1297516780269834242
1297516780324356098
1297516795306209282
1297516798703738882
1297516815266922498
1297516818236674048
1297516827661172738
1297516851287560193
1297516860808683520
1297516864222965767
1297516879519645697
1297516880899579904
1297516884749725697
1297516880932900864
1297516889611079680
1297516912180629504
1297516925103124481
1297516929482014720
1297516931239616512
1297516936998182915
1297516940013867008
1297516943415685120
1297516951967858699
1297516952416669698
1297516961451081728
1297516962587828226
1297516978408771585
1297516983160721408
1297516990085632000
1297516996687532033
1297517002865639424
1297517007919669249
1297517013351325698
1297517014718615553
1297517024952946690
1297517035778379776
1297517045446086659
1297517051351691270
1297517079596335110
1297517088051998720
1297517099401850881
1297517112068628480
1297517115860299776
1297517118355800064
1297517128006938628
1297517128590020609
1297517133690105859
1297517141701214216
1297517150219972609
1297517162869882883
1297517175037661185
1297517188333543424
1297517201105223684
1297517205157040130
1297517207765696513
1297517208143372288
1297517230893068288
1297517246042890241
1297517251621531649
1297517252133224449
1297517263319425024
1297517264485453825
1297517266880221184
1297517271225532416
1297517280528490496
1297517288619479041
1297517293421973506
1297517295762321409
1297517297326796803
1297517298056663040
1297517300690505729
1297517304385683456
1297517314888228864
1297517335629172738
1297517335817986048
1297517339198488576
1297517354771939329
1297517355829002242
1297517363533959168
1297517367140978688
1297517380524965890
1297517385436418049
1297517397738479616
1297517404864405504
1297517406647189504
1297517419699871745
1297517421788573696
1297517436049207296
1297517443401887745
1297517451526041600
1297517463676977152
1297517466118246400
1297517476809326593
1297517483373428742
1297517507344052225
1297517519348084736
1297517527896121345
1297517531679268864
1297517535940628480
1297517544694116352
1297517561605578755
1297517582061363200
1297517582904365057
1297517590429016064
1297517600092696576
1297517604362477568
1297517606308438016
1297517607717703682
1297517610397925377
1297517616630829058
1297517624822239232
1297517627045183490
1297517627946840068
1297517652219326471
1297517656463953922
1297517657441239041
1297517692182642689
1297517703893311489
1297517710897684481
1297517715221954560
1297517715117281280
1297517715863658503
1297517744997322753
1297517754719887366
1297517765394391040
1297517775171334145
1297517780510466048
1297517799837970432
1297517830536126465
1297517832784109568
1297517842905137152
1297517853852053504
1297517858650566659
1297517859522793473
1297517868389675008
1297517871036334080
1297517879282327553
1297517887305981952
1297517913516040196
1297517921305010178
1297517921451667457
1297517931446902791
1297517952389058560
1297517965668163584
1297517971632541698
1297517972148428801
1297517972928344065
1297517980193038336
1297517984701919232
1297517988929654784
1297517992490569730
1297518000938135554
1297518006105513987
1297518009792245762
1297518013722353665
1297518018751164416
1297518027441725449
1297518039890399234
1297518043975876608
1297518047423602688
1297518051630428160
1297518060073398272
1297518060400599040
1297518063491756032
1297518078398468098
1297518080738942981
1297518084308316163
1297518086111846401
1297518089911914496
1297518118592557056
1297518123185319936
1297518127412961280
1297518127731941376
1297518160082546688
1297518172518723584
1297518182132047873
1297518185717968897
1297518189824184320
1297518191220912128
1297518193959829504
1297518197491433478
1297518197625716743
1297518206869897216
1297518215355076614
1297518219104784384
1297518253498130432
1297518257298198529
1297518273123291136
1297518273517453317
1297518273655971841
1297518294295965701
1297518303934590978
1297518307306807301
1297518311673012225
1297518315842097154
1297518316546936832
1297518327770656768
1297518337811820549
1297518340513071107
1297518409199038467
1297518409027067905
1297518416253812736
1297518417885515781
1297518451775303681
1297518462323929088
1297518468070354945
1297518480388833280
1297518487649177600
1297518488035028994
1297518505542275072
1297518505613565957
1297518513112911873
1297518522713739266
1297518526861914113
1297518542510850049
1297518546444984321
1297518548080828417
1297518556507119616
1297518558625312768
1297518561032839168
1297518563603951617
1297518568301568006
1297518579756089344
1297518581400211457
1297518592427139072
1297518601482711042
1297518610177388550
1297518611276472320
1297518614463918081
1297518626891849728
1297518651059380225
1297518660232282112
1297518661331288065
1297518668050345986
1297518679706554369
1297518686018908160
1297518689684795393
1297518693631561728
1297518711071551489
1297518744034512896
1297518756059664384
1297518757531787264
1297518773457391616
1297518776389447681
1297518789681176577
1297518798736470016
1297518803409145856
1297518815924846593
1297518824644722688
1297518837194162178
1297518839677280256
1297518840902033408
1297518843909140481
1297518860220936192
1297518862557229057
1297518868563451905
1297518874082963456
1297518879325872128
1297518894597279744
1297518915564662784
1297518916403703808
1297518921365499904
