1291690530045407237
1291690547330129920
1291690551843131392
1291690552287780864
1291690562018512897
1291690566279925760
1291690570814050304
1291690571866808321
1291690573938806785
1291690584109973506
1291690588098699265
1291690591470796801
1291690594969030656
1291690598911619073
1291690599108587520
1291690611041538049
1291690615319732224
1291690629194489856
1291690634068332545
1291690636106661889
1291690678804721665
1291690688262750208
1291690697091940352
1291690707229405185
1291690721674694659
1291690764037234688
1291690782739640320
1291690789232431104
1291690842567180288
1291690843036844033
1291690859914829824
1291690860791373829
1291690877769756678
1291690879355240448
1291690880856920065
1291690885760122880
1291690887286792192
1291690894001868800
1291690896124194817
1291690897608933376
1291690910464512000
1291690913262186496
1291690917892460544
1291690936771256320
1291690960615874563
1291690970447192064
1291690981830647813
1291690986662498304
1291690992656175104
1291690994958835715
1291691002525351937
1291691005033365506
1291691022267736066
1291691022377013249
1291691028412588033
1291691030396510215
1291691031075979266
1291691035811291137
1291691042253627393
1291691047240847360
1291691049056862208
1291691069197832192
1291691076294717440
1291691086906380289
1291691098465869829
1291691107496140803
1291691108599132160
1291691110390267905
1291691111988318208
1291691119319945217
1291691143055343617
1291691161963368450
1291691167654899712
1291691175083012096
1291691196839059462
1291691202501386240
1291691203210215424
1291691203163914241
1291691204808146944
1291691212525768705
1291691212622237696
1291691216539660289
1291691226039812097
1291691228866555909
1291691245887266816
1291691257723531264
1291691259543920642
1291691266695077888
1291691275381403648
1291691275817820162
1291691291382886400
1291691291898773504
1291691300761346048
1291691305811222530
1291691310705852417
1291691313339998208
1291691313914679296
1291691319698628610
1291691324584931331
1291691328070455296
1291691330771484672
1291691332147261440
1291691338317148160
1291691341882298370
1291691348899356672
1291691355362795520
1291691355656409094
1291691368591626243
1291691372978872322
1291691379941351424
1291691404335427585
1291691412313059328
1291691422978936833
1291691425697079296
1291691426229739521
1291691443321540611
1291691464599060480
1291691468323803138
1291691477375098880
1291691517694877696
1291691519838244864
1291691530227290113
1291691533092102144
1291691534643900416
1291691539991846912
1291691554248306689
1291691564272480257
1291691576775737345
1291691581762936832
1291691587874021376
1291691587890827264
1291691591401381888
1291691605179674624
1291691644635320320
1291691644580921344
1291691647739154433
1291691663685976064
1291691667439775745
1291691673278349312
1291691686205120513
1291691688537153539
1291691693171826689
1291691710913929218
1291691722897084417
1291691727980396545
1291691733152079879
1291691739862966272
1291691748096344071
1291691749606383616
1291691752672428037
1291691759878189056
1291691792442638337
1291691821052174339
1291691837384790018
1291691846545047556
1291691850357567488
1291691850869411842
1291691854346452994
1291691856435314691
1291691859673219072
1291691865344020482
1291691871341707264
1291691895786295296
1291691900026658816
1291691903990132736
1291691906636767232
1291691933035835392
1291691957278978048
1291691988614438912
1291691992468975618
1291691996684398592
1291692005916016640
1291692017261608960
1291692034760343554
1291692056054763520
1291692066552950784
1291692070730706944
1291692073188577281
1291692075000438784
1291692085456838656
1291692089772662786
1291692092545093634
1291692095309258752
1291692114300960768
1291692118608551936
1291692127597015040
1291692129794887681
1291692141614333952
1291692147511459840
1291692149059260417
1291692160551727108
1291692168617308167
1291692171410550786
1291692174212583430
1291692175319633920
1291692182135615493
1291692189370785796
1291692191862202368
1291692197188964352
1291692209704767489
1291692213156618240
1291692223260549121
1291692229652877312
1291692230424526848
1291692245503049729
1291692247050682368
1291692257553321984
1291692263840649217
1291692269335085062
1291692269783920640
1291692277862207488
1291692284413718528
1291692285554503680
1291692293951492096
1291692296770134016
1291692297055358976
1291692305766907909
1291692332744675328
1291692335026315265
1291692339233083393
1291692339572899841
1291692346434711553
1291692349689663488
1291692350150934528
1291692376231227393
1291692397525479424
1291692404865736704
1291692439292395520
1291692439644835840
1291692475891847170
1291692480300232705
1291692500806180864
1291692501208715264
1291692505369649152
1291692519047098368
1291692519735140353
1291692528861761546
1291692540421341184
1291692544942723072
1291692562575745024
1291692582712549377
1291692601444315137
1291692603709304833
1291692604598386695
1291692608348139520
1291692617256714241
1291692640937873408
1291692651196985346
1291692663918403591
1291692671619272705
1291692676945936385
1291692677143105536
1291692681513406465
1291692693446365190
1291692701050720259
1291692705857196032
1291692727323820032
1291692741345386496
1291692755769425922
1291692767194873857
1291692767593324544
1291692768797110275
1291692806973652992
1291692810106789888
1291692810777894913
1291692811876806662
1291692815026708480
1291692826183503874
1291692826175115266
1291692826875527168
1291692851714306059
1291692859435945984
1291692860757114882
1291692872501092352
1291692873117847554
1291692874711605250
1291692876297052161
1291692881405775873
1291692901400031232
1291692910082129920
1291692912602841088
1291692918902751232
1291692925898948610
1291692926922260481
1291692935247872002
1291692956118921216
1291692972694740992
1291692989174218754
1291692999613718530
1291693012578230273
1291693018785882114
1291693018995658753
1291693027635806208
1291693031104499712
1291693074457001987
1291693077342584832
1291693085114748928
1291693092266037249
1291693093859688448
1291693104312004608
1291693128760594433
1291693131944132608
1291693158699589633
1291693165179621376
1291693168614875143
1291693169407655936
1291693179453026305
1291693182854586369
1291693186264576000
1291693194233761792
1291693203289145344
1291693212269191174
1291693233806999552
1291693239087464448
1291693241281241088
1291693257332793345
1291693267260760064
1291693268435165185
1291693271861739520
1291693274466574336
1291693274625761280
1291693280485355520
1291693283626881024
1291693295291125760
1291693300810948608
1291693320289148928
1291693337448263686
1291693345719320576
1291693345903910913
1291693347673907200
1291693354166738949
1291693360495951872
1291693362978979842
1291693374156804096
1291693388941623298
1291693401793007616
1291693410152259584
1291693432767778818
1291693439525031936
1291693464216895489
1291693488199872512
1291693490678779905
1291693492377329664
1291693494482993153
1291693498731827203
1291693500589912064
1291693505878937602
1291693506994593794
1291693522161217538
1291693530293907458
1291693536597901313
1291693541681438721
1291693542599987202
1291693566130085890
1291693568009084928
1291693573923049473
1291693577161134083
1291693584287174657
1291693588821221377
1291693611113943048
1291693615685595136
1291693615664766976
1291693618491797504
1291693649189695488
1291693661428813825
1291693667481268229
1291693681976713216
1291693683796934656
1291693699815157760
1291693707687755776
1291693708786638849
1291693710476902400
1291693715166298112
1291693748091592711
1291693764726095877
1291693790714040323
1291693810683174914
1291693863086616580
1291693867796852736
1291693868304539648
1291693876172984320
1291693884746211328
1291693890471329792
1291693905919041536
1291693909031223296
1291693925095350273
1291693930799681536
1291693933840535552
1291693933920215041
1291693939356033024
1291693946960109569
1291693948298309632
1291693952899395584
1291693962009489409
1291693968154079233
1291694001456898048
1291694006330691586
1291694018242412544
1291694025624506368
1291694034612883456
1291694038538760192
1291694038601498624
1291694042644910081
1291694047875280896
1291694049837985793
1291694050727231489
1291694054506467328
1291694081266135042
1291694086509010944
1291694092825448449
1291694097158348805
1291694100786315265
1291694109917237249
1291694118901448704
1291694130523930624
1291694130679218176
1291694135309742080
1291694135796043776
1291694137054552065
1291694147213066241
1291694160014118912
1291694160769101826
1291694189663735808
1291694193086066689
1291694193925070849
1291694203387482112
1291694209217355777
1291694213650735105
1291694222219894785
1291694231053053952
1291694242092527616
1291694244281950208
1291694245527588865
1291694261369368576
1291694269510582272
1291694279103066112
1291694284782145538
1291694289559461888
1291694302180126720
1291694319049625600
1291694319821189124
1291694321494888449
1291694327375130626
1291694352788529153
1291694396719673347
1291694400653766656
1291694405104082945
1291694405288484865
1291694411148070912
1291694415048630272
1291694416298676226
1291694421109506049
1291694424729227264
1291694433839149056
1291694457616728066
1291694462129905664
1291694472397455360
1291694490605019136
1291694495872847874
1291694502189572096
1291694504907603971
1291694508183367681
1291694515766431745
1291694525451247616
1291694534456270851
1291694547882463233
1291694553955803136
1291694574675668997
1291694575204147203
1291694582980390912
1291694586805583874
1291694593260556289
1291694598105047040
1291694609232474112
1291694609849036800
1291694620410355712
1291694642065551360
1291694645294972930
1291694687632461827
1291694703193268226
1291694706196221954
1291694706661961733
1291694713142206465
1291694727058915328
1291694727553785856
1291694731282526208
1291694742653337601
1291694744431742976
1291694747929763840
1291694763050246147
1291694763075424257
1291694763469676546
1291694771094859776
1291694787460923393
1291694799163187200
1291694822617681927
1291694826136756224
1291694843983470597
1291694846806315011
1291694847833800704
1291694862065119232
1291694871988916227
1291694883090993152
1291694898425425921
1291694926820978688
1291694928091910144
1291694929660567552
1291694930604298240
1291694931753410561
1291694937323560962
1291694954344001536
1291694957003026432
1291694969699393536
1291694989827805186
1291694996106571778
1291695006218989568
1291695007007682560
1291695036367646720
1291695055095443461
1291695062171004930
1291695082383577088
1291695095788363776
1291695128785166336
1291695129930223617
1291695133180809216
1291695147269357570
1291695150541012995
1291695164520636416
1291695166865256448
1291695166999400448
1291695173072822277
1291695200566353921
1291695202130853888
1291695208422354945
1291695229481951232
1291695239179141121
1291695239506169856
1291695251162386434
1291695254295285765
1291695255339839488
1291695256023564288
1291695258770833411
1291695274889482240
1291695275518709761
1291695329943977984
1291695330086531072
1291695331294564354
1291695335794909185
1291695333940932609
1291695342459781120
1291695351389274113
1291695367885426689
1291695381609422849
1291695382414663681
1291695390601949184
1291695391256252416
1291695398067740672
1291695398554238976
1291695421312688128
1291695426631081985
1291695433002020865
1291695434486943744
1291695441730469889
1291695442175066112
1291695464824233984
1291695469924581376
1291695480330686465
1291695486701834240
1291695502963036161
1291695504716431361
1291695505244749825
1291695509766393856
1291695527386652672
1291695537306005508
1291695543966720000
1291695548915806209
1291695565688975360
1291695582319267841
1291695594382262273
1291695602791849984
1291695616100311040
1291695648308203522
1291695663705620486
1291695672576491520
1291695674371842053
1291695683037208577
1291695686182932480
1291695701253066752
1291695738066481152
1291695741589585921
1291695741648461824
1291695767804141568
1291695784090427392
1291695786485592064
1291695793360052229
1291695812091588608
1291695821684117504
1291695822032125953
1291695839065157637
1291695841443549186
1291695843184119808
1291695842903064576
1291695846715727873
1291695866017755136
1291695875195011072
1291695881880768512
1291695910326546433
1291695935488028672
1291695946095632385
1291695955486613504
1291695961236881408
1291695964227592196
1291695965896925185
1291695980837056513
1291695988629999616
1291695994527154178
1291696009186336771
1291696028366839808
1291696029931319302
1291696036285763585
1291696055994654722
1291696056678268929
1291696057458372608
1291696075158454272
1291696077847040000
1291696082490019842
1291696086441242629
1291696096134049792
1291696105898508289
1291696120901533699
1291696139981541376
1291696147837227009
1291696149213126658
1291696153373765632
1291696158029631488
1291696162014199808
1291696177054965761
1291696177784684545
1291696181911924738
1291696186857054208
1291696201281282048
1291696200589152256
1291696202673614848
1291696203885719552
1291696210944892928
1291696217706188801
1291696233115860992
1291696233493540864
1291696235687051264
1291696235691347968
1291696249230569475
1291696249922560005
1291696256302145538
1291696261771530243
1291696265168912384
1291696270906548225
1291696287037845504
1291696294608670721
1291696295569240064
1291696298484273152
1291696307627790336
1291696310773600257
1291696313046904832
1291696316045766657
1291696319954812930
1291696325306855424
1291696336543207429
1291696337277222912
1291696340423053312
1291696365492416512
1291696364750069766
1291696370374660097
1291696387814576130
1291696390175744000
1291696408974647296
1291696414570024962
1291696429665103872
1291696433754775552
1291696445708554241
1291696450934640640
1291696451001749507
1291696456492032001
1291696458886983684
1291696462737412097
1291696472568860673
1291696496170147841
1291696503946448898
1291696504751575041
1291696505321959425
1291696520488718336
1291696521390567425
1291696529883959298
1291696532970930176
1291696540054990848
1291696571969658880
1291696573454462984
1291696597349195777
1291696598582427648
1291696616160673793
1291696622825603075
1291696627934257152
1291696640001110016
1291696644816330752
1291696649857884161
1291696652936503300
1291696654119297024
1291696654823776257
1291696657327747072
1291696668052803586
1291696673551507458
1291696686021058560
1291696703427534849
1291696711786790914
1291696716031434757
1291696717965008896
1291696720175403010
1291696744384720898
1291696761178918913
1291696762290425857
1291696764932755456
1291696771064901632
1291696772105084929
1291696773266898949
1291696781596729344
1291696787321888769
1291696789180026885
1291696789985214466
1291696799607074816
1291696804770115586
1291696804854026240
1291696832482103303
1291696835350781953
1291696843949318145
1291696853671608320
1291696855894470661
1291696858096640000
1291696861062012928
1291696871065387008
1291696882700496896
1291696886571765760
1291696890053046273
1291696904187740160
1291696906897223680
1291696912106696706
1291696915428638724
1291696917752229888
1291696917941026817
1291696920109318146
1291696947078684672
1291696948030738433
1291696950321045506
1291697000199663616
1291697011033542657
1291697014900654080
1291697021506801664
1291697049059065856
1291697058726981632
1291697066410901508
1291697092407234560
1291697093879435264
1291697096639352835
1291697103228395522
1291697106319810560
1291697146907910144
1291697147134574592
1291697156756320258
1291697157708189696
1291697168206778368
1291697177245495297
1291697187647377408
1291697188050010112
1291697188465258497
1291697203992383489
1291697208572567552
1291697210384683009
1291697210594177025
1291697217833582593
1291697255565660161
1291697271474724864
1291697285127000064
1291697298125144064
1291697302718025728
1291697304932474881
1291697318983602176
1291697324197117952
1291697333441355777
1291697337845403648
1291697340567306240
1291697345193811971
1291697356849766401
1291697357214625793
1291697360016478209
1291697365246763009
1291697390013911040
1291697403393970176
1291697415389458433
1291697419000913920
1291697437615284224
1291697449497776128
1291697451490054145
1291697472314605568
1291697475137482758
1291697481256927233
1291697485262589953
1291697499372126208
1291697510814294016
1291697517265125376
1291697523132731392
1291697524462559232
1291697529440972801
1291697530024202240
1291697532607827969
1291697535539646465
1291697549246685184
1291697552463667202
1291697557228453891
1291697559237402625
1291697567286415362
1291697578745180161
1291697591042834433
1291697580410204160
1291697604116525056
1291697615776563201
1291697625549471745
1291697640850067457
1291697640858673152
1291697646579732480
1291697651897913350
1291697653202345986
1291697654985097234
1291697655249240064
1291697657023303680
1291697657430212608
1291697658172669952
1291697658512506885
1291697659426807812
1291697670931853312
1291697671892340740
1291697673754435584
1291697694117748737
1291697699566292992
1291697700421894144
1291697709041225729
1291697712061194241
1291697715609513984
1291697721351577607
1291697730058883072
1291697740435554306
1291697753811189762
1291697765274333189
1291697770361958402
1291697774690541568
1291697775130873856
1291697791497011202
1291697801412464641
1291697812640542720
1291697829560360961
1291697837638647814
1291697842155905027
1291697856022302720
1291697860375977984
1291697860887506944
1291697886108033026
1291697890784620544
1291697893955514368
1291697901295476740
1291697902327418887
1291697908878893059
1291697918932639745
1291697919968583682
1291697921491120128
1291697925446340610
1291697947026034688
1291697948791721985
1291697948838039552
1291697955012055041
1291697969910165508
1291697973131382784
1291697982300196865
1291697995516448772
1291698015397453824
1291698016265613312
1291698016408281089
1291698022548566019
1291698026243923971
1291698028068274176
1291698032522727425
1291698036352192517
1291698037077745666
1291698039183245313
1291698039925559296
1291698056333852672
1291698061694185474
1291698062977576960
1291698070657404928
1291698099610517505
1291698101783339010
1291698118510219267
1291698127053955072
1291698141910175744
1291698147853365249
1291698158389649408
1291698185967153154
1291698220071084041
1291698230116274176
1291698265927294977
1291698267085045762
1291698267353382912
1291698270109130752
1291698283438637056
1291698283996426246
1291698295987994624
1291698299955625984
1291698304775081985
1291698304900894724
1291698318490271744
1291698322416312320
1291698323234201603
1291698326472024066
1291698341332414464
1291698360160628736
1291698364120170497
1291698371724541953
1291698378988875777
1291698391592898563
1291698393639780354
1291698395107688450
1291698400669261825
1291698408147824641
1291698437197627392
1291698442763489281
1291698449897922562
1291698451189846016
1291698458563350533
1291698464657510400
1291698474036199426
1291698476020047872
1291698488011522048
1291698494164676608
1291698505304735744
1291698515979243526
1291698529518395392
1291698547377618949
1291698557603532801
1291698568453971968
1291698569909395457
1291698572925087744
1291698573168398337
1291698584996450307
1291698588335190016
1291698597319368712
1291698600238559233
1291698614339866624
1291698630617964544
1291698635210665990
1291698643737747461
1291698645948084226
1291698656089972737
1291698657499242499
1291698670220513280
1291698685500301313
1291698689111728128
1291698694459461632
1291698710259302400
1291698710724980736
1291698715128995841
1291698718446686209
1291698719008595968
1291698728806617089
1291698729293156360
1291698735337046016
1291698762822418432
1291698763564634112
1291698799912591360
1291698815536451584
1291698849174548481
1291698849812103175
1291698854983880704
1291698871140257792
1291698880120332289
1291698896176062465
1291698900206854146
1291698906263220225
1291698907291025409
1291698915394359296
1291698917160214536
1291698918049234945
1291698918196224001
1291698921585205248
1291698930204520449
1291698935183159302
1291698954954932224
1291698978636136449
1291698983635623937
1291698988949942272
1291698993026613248
1291698995178491904
1291699013801127936
1291699030314176512
1291699030855159811
1291699081463525378
1291699098513481728
1291699099134238720
1291699102649122818
1291699109901074432
1291699116624543744
1291699117446627328
1291699133888073728
1291699134781485056
1291699144483115009
1291699159922364416
1291699160488513536
1291699180239429633
1291699190020571140
1291699202116861952
1291699206193844224
1291699211155759106
1291699213135314945
1291699214628659202
1291699215161274370
1291699219657621504
1291699236103479298
1291699242759675904
1291699257586724865
1291699268697366534
1291699279145230337
1291699295373017090
1291699326612365312
1291699329917431809
1291699340663296000
1291699359990665217
1291699365363372032
1291699370409172993
1291699391003340803
1291699398817337345
1291699414898216962
1291699422963929088
1291699452567330817
1291699467557593089
1291699476336386048
1291699478705999872
1291699483638673409
1291699505335865344
1291699528580571136
1291699540073033728
1291699550793564161
1291699560046383104
1291699565402308613
1291699574873165825
1291699596087963649
1291699603855880193
1291699604413722626
1291699603147022337
1291699616610529280
1291699617218932736
1291699632863666176
1291699645287202816
1291699654615134212
1291699656389464065
1291699659870629890
1291699662089523202
1291699684189192193
1291699690183032832
1291699691370024960
1291699697380282369
1291699704078766085
1291699712123379713
1291699726593609728
1291699727147376640
1291699734797746176
1291699756394328070
1291699763419766784
1291699775876796417
1291699780666773505
1291699784714039297
1291699793060868097
1291699813705228288
1291699817756930048
1291699818507771908
1291699827189850115
1291699830784483335
1291699834789847040
1291699837969281025
1291699840519266304
1291699843790827525
1291699852049395712
1291699854855438336
1291699857334435841
1291699860270395392
1291699861381959681
1291699877693595654
1291699886178488324
1291699909519966208
1291699920110485506
1291699922912391168
1291699928390139904
1291699936220913666
1291699952838729731
1291699976217735168
1291699977153122304
1291699977429725185
1291699982454620162
1291699982504992771
1291699986103754758
1291699989840687104
1291699995171852289
1291699999215165440
1291700008320937985
1291700012750168070
1291700018781368321
1291700020274634758
1291700035764330496
1291700040977641474
1291700041330155524
1291700064725868545
1291700072984584194
1291700077979828224
1291700108623597568
1291700126449205249
1291700131952287745
1291700134196260865
1291700162033790976
1291700171110256641
1291700173958193153
1291700194568998913
1291700209781800962
1291700226449977345
1291700237073973248
1291700237564809217
1291700250743312384
1291700271500886016
1291700275355496448
1291700275808309249
1291700284855652352
1291700294393516033
1291700337519230979
1291700337796153350
1291700343399579649
1291700347056971778
1291700351230455808
1291700370721234944
1291700379764142083
1291700392972161025
1291700402061225985
1291700402111610880
1291700405555126272
1291700406507233282
1291700408453341187
1291700421480701954
1291700437800742912
1291700448181866497
1291700475587428352
1291700489374117894
1291700506570547200
1291700540393619456
1291700553735483393
1291700603295535104
1291700612661481472
1291700615182262272
1291700625105801219
1291700628964679686
1291700653274935303
1291700657745870853
1291700668655378434
1291700669620064256
1291700679166382080
1291700686409748480
1291700693259042816
1291700703468105728
1291700707125612544
1291700728935985154
1291700729875292160
1291700746132447232
1291700749282562048
1291700760921739264
1291700760988835845
1291700767435427842
1291700771856293889
1291700774729183234
1291700782773886976
1291700795293995008
1291700803162574849
1291700809495990273
1291700811374964736
1291700815548370944
1291700818035355649
1291700819914452992
1291700823983087616
1291700830601482240
1291700833927585792
1291700834263166976
1291700852244324354
1291700862507679744
1291700871215173636
1291700878991294471
1291700886528458754
1291700904635269124
1291700908485746690
1291700917302173696
1291700942203740160
1291700955394666497
1291700972549439488
1291700977519611904
1291700992778670084
1291700996436000768
1291701003146760192
1291701012969869313
1291701016728154114
1291701017181069315
1291701023250276358
1291701023325773824
1291701025439588353
1291701030179295233
1291701053512024065
1291701054950780928
1291701063805001730
1291701098185723906
1291701111062171649
1291701114241454083
1291701118121254912
1291701119622819841
1291701128296411136
1291701131752742912
1291701153768656903
1291701153814712320
1291701155228246018
1291701156884996101
1291701174077464576
1291701177248362496
1291701177428647937
1291701202653196289
1291701205664559105
1291701215068336128
1291701222207086592
1291701222324527104
1291701223360405505
1291701226619514881
1291701227982659586
1291701252649177090
1291701262434664448
1291701264124870660
1291701265123155969
1291701267048411137
1291701280876957697
1291701304365133824
1291701310329249797
1291701310803214337
1291701314523729921
1291701315316453382
1291701320332849153
1291701320894812161
1291701324837302273
1291701328620724224
1291701332554915841
1291701344978587648
1291701346094198785
1291701352729649152
1291701356399661056
1291701358920208385
1291701371868258305
1291701372631605248
1291701446317158400
1291701450553225216
1291701457289265154
1291701466093309954
1291701472296607750
1291701475765129217
1291701479900950530
1291701480467070976
1291701482673172483
1291701501266731009
1291701508514312192
1291701529037209601
1291701535819182080
1291701547878043648
1291701555180310529
1291701556971057153
1291701563124330498
1291701575577206784
1291701596905242625
1291701600726265863
1291701605960757248
1291701614433067008
1291701622972674048
1291701633462816768
1291701637740929024
1291701639741661185
1291701676848615424
1291701688240427011
1291701703423795200
1291701730187640832
1291701734088351749
1291701749154185217
1291701753394737152
1291701756594991105
1291701761166770176
1291701766048940032
1291701769572057088
1291701771954520064
1291701780808699905
1291701782951780353
1291701803546025985
1291701807878754304
1291701814996369410
1291701825071087616
1291701841076469761
1291701852170366976
1291701854049533954
1291701861830086657
1291701864585662471
1291701869287538689
1291701872655585287
1291701878070411274
1291701878825385986
1291701885599088643
1291701898156924928
1291701907841380354
1291701910664351749
1291701911989755905
1291701912543170561
1291701919459741697
1291701927286157312
1291701932818599937
1291701956860207104
1291701960907927554
1291701961377615874
1291701967081938945
1291701990905520129
1291701995888414721
1291701998576861185
1291702007217020929
1291702012703379456
1291702015072993280
1291702016213782530
1291702031766306816
1291702035880976385
1291702038003359744
1291702057150423040
1291702067359350788
1291702079787016193
1291702094706212866
1291702095003951104
1291702109872758788
1291702111894482946
1291702142999367681
1291702167129264133
1291702175572385792
1291702182975348736
1291702205335007232
1291702212800835585
1291702214894014464
1291702216752082945
1291702218135986176
1291702234061975553
1291702246867185667
1291702259093471232
1291702259525525507
1291702267142340608
1291702303007870977
1291702304773754882
1291702310872260610
1291702331017318402
1291702339783409664
1291702352798453760
1291702356787122184
1291702371442016258
1291702377783922694
1291702390165397518
1291702398629576705
1291702399762141185
1291702405831307265
1291702409316704259
1291702413624315910
1291702422784679943
1291702424906981377
1291702447476551680
1291702447979859968
1291702457484161026
1291702461133193217
1291702464354295813
1291702477348274178
1291702481366519808
1291702489180446721
1291702489964851201
1291702519220113411
1291702521602482180
1291702528879529984
1291702539486990338
1291702543567990785
1291702554003267585
1291702561133809664
1291702567953739783
1291702569316818947
1291702575595573250
1291702577743175682
1291702585909481475
1291702586056138752
1291702592444268544
1291702602921422849
1291702616473235456
1291702620973752320
1291702637377794050
1291702651906928645
1291702653186015234
1291702670726770689
1291702674115768320
1291702686849675267
1291702688061763584
1291702700934156288
1291702703060480001
1291702704440586240
1291702708345348096
1291702738334736384
1291702744647000064
1291702745590910982
1291702754113658886
1291702755040452611
1291702772211965955
1291702772157550594
1291702778654531584
1291702779136765952
1291702783872323585
1291702813052018689
1291702821600006145
1291702862905565184
1291702884313239553
1291702874213429254
1291702900012380164
1291702900587036673
1291702913283301377
1291702913774104576
1291702949937324032
1291702954773360641
1291702966320271360
1291702971210833921
1291702972913610752
1291702978240536578
1291702984548782084
1291702998247170048
1291703017687973888
1291703031172603910
1291703042992230400
1291703047543037952
1291703065582555136
1291703076957507584
1291703082590642176
1291703094741479427
1291703127926804480
1291703132054069254
1291703139662352386
1291703148571013120
1291703158398492672
1291703167118442496
1291703184415588353
1291703187099889665
1291703195291594752
1291703198202429440
1291703213251424257
1291703216976154628
1291703223569580038
1291703241168826368
1291703257975230467
1291703273972477952
1291703274815586306
1291703277919272964
1291703300014972928
1291703309565394947
1291703322290814976
1291703344843628550
1291703346714292224
1291703355564109825
1291703359410331648
1291703365777399810
1291703366603743233
1291703371146067970
1291703380469936130
1291703386660691970
1291703379186593794
1291703392277082112
1291703400405463040
1291703404474105857
1291703407510773760
1291703413303054337
1291703433314041856
1291703442529046530
1291703446408699904
1291703455929827329
1291703458668716033
1291703458785972224
1291703467795460096
1291703469758455808
1291703470857297920
1291703470874144770
1291703479900266497
1291703481276006400
1291703498250354688
1291703501106679808
1291703520987578373
1291703521457438720
1291703526079508480
1291703530563211264
1291703535189590017
1291703539278974977
1291703545842946048
1291703549978648578
1291703559755649024
1291703560053256192
1291703567708028930
1291703575182225408
1291703575786078208
1291703576721588225
1291703576847241221
1291703580056002560
1291703585131188225
1291703591204524033
1291703603976003585
1291703614268817408
1291703638600175616
1291703642895134722
1291703661387816961
1291703665057837060
1291703674343960579
1291703678345371648
1291703681465950209
1291703699233017856
1291703701904797696
1291703702508711942
1291703714491793409
1291703715267612673
1291703715422969856
1291703747773706242
1291703749333770241
1291703749564600320
1291703760583102465
1291703762487304192
1291703764542529536
1291703774910849026
1291703795295178753
1291703802249216001
1291703829554253824
1291703837212979200
1291703839402233857
1291703849078665216
1291703875339255809
1291703877314772992
1291703881811066880
1291703887133638657
1291703898395168768
1291703924727062529
1291703925033197568
1291703945086119936
1291703945203777536
1291703958420041729
1291703966858989569
1291703972173156357
1291703992515530752
1291703996399280128
1291704007107522561
1291704016129462273
1291704022722723840
1291704026967560193
1291704028712271872
1291704034240475136
1291704048119435265
1291704054188474368
1291704058420527104
1291704059767017480
1291704064049324032
1291704064384917504
1291704074413514752
1291704076263202817
1291704089424797698
1291704093308850177
1291704098182565888
1291704099939868673
1291704112866709504
1291704115060514816
1291704123457286144
1291704126519246859
1291704129245589504
1291704134593327105
1291704150590468097
1291704150565302272
1291704151815094273
1291704156038639616
1291704156630261760
1291704167384350723
1291704169208766464
1291704171956117504
1291704189823983616
1291704204671594499
1291704205145714689
1291704226566086658
1291704230550667264
1291704232517623814
1291704252834942977
1291704256215552000
1291704265489219586
1291704268932644865
1291704268844601346
1291704284875235330
1291704286980780033
1291704289514184704
1291704289463681027
1291704303728701441
1291704313581101057
1291704315187535873
1291704327703269376
1291704332145041409
1291704332224622592
1291704346984493064
1291704347949236226
1291704363711332352
1291704361450713088
1291704363552038915
1291704365049352194
1291704369629532168
1291704384800337920
1291704386427723781
1291704409718751232
1291704419248222208
1291704455000358912
1291704479172243462
1291704480111554560
1291704481806266368
1291704485291724800
1291704485916692481
1291704492497526784
1291704496121421824
1291704529562542081
1291704546310467584
1291704548873179136
1291704558717005831
1291704561883807745
1291704578375741441
1291704579026018304
1291704581991419905
1291704588605829122
1291704588605755399
1291704592296681474
1291704595106988039
1291704598525358082
1291704605785706504
1291704609619218433
1291704627809878016
1291704630460551168
1291704635238092800
1291704641135292419
1291704641248534529
1291704642229997569
1291704654351536132
1291704658088665088
1291704663205539841
1291704671384375297
1291704692632772608
1291704704578326528
1291704707640168448
1291704716397772802
1291704716603383808
1291704721619681281
1291704734311743488
1291704759871651841
1291704774862094337
1291704775105536001
1291704777164959745
1291704780935528449
1291704783867383808
1291704786018951169
1291704796316078080
1291704801840037894
1291704822052401152
1291704835876757505
1291704840238833664
1291704844609294336
1291704850825109504
1291704867375976448
1291704867531026433
1291704876251086849
1291704880789364737
1291704897562345472
1291704906575904769
1291704917644718085
1291704918483640321
1291704922124288001
1291704926230458368
1291704927157280769
1291704931561410561
1291704938532413441
1291704942932004864
1291704945092235265
1291704961747820544
1291704964625190912
1291704984988516353
1291704985936449542
1291704990222954497
1291704990537572353
1291704992903176195
1291705022229643264
1291705026507931649
1291705052642516993
1291705053066166272
1291705054404067329
1291705058523054081
1291705066219503618
1291705077498085377
1291705080970960896
1291705082225074178
1291705086771638273
1291705099925037058
1291705102517055488
1291705102949122048
1291705110586941441
1291705121995399170
1291705123396182021
1291705137115942914
1291705149618925578
1291705162839416833
1291705166526373892
1291705166643834880
1291705177527984133
1291705182997422080
1291705197245403137
1291705203918544902
1291705207831908353
1291705211367469056
1291705237934428160
1291705242699149312
1291705247212220416
1291705249925824514
1291705253440651270
1291705255122685952
1291705267432968198
1291705276781928450
1291705279353102338
1291705287028572161
1291705290589474818
1291705295727554561
1291705296985956353
1291705319739936770
1291705321409265664
1291705331274276870
1291705341915389952
1291705349334904832
1291705360802349057
1291705370776305665
1291705389285687301
1291705404192325632
1291705405119307776
1291705425591762945
1291705425642086400
1291705433187659776
1291705438598320131
1291705460194783232
1291705464401453058
1291705497729536000
1291705497696043011
1291705500711575556
1291705506176946178
1291705508924096512
1291705508966080513
1291705515588726785
1291705539056095238
1291705551630602245
1291705560316940291
1291705561399140354
1291705564087623681
1291705570060390400
1291705590050369536
1291705599172833282
1291705602901778432
1291705607272181761
1291705617753743360
1291705626863771651
