1298621228345745409
1298621237179154433
1298621254233018369
1298621254862139392
1298621257752117248
1298621258448490499
1298621282850938880
1298621295115096065
1298621295899430912
1298621300500566018
1298621308045991936
1298621308046061571
1298621317659361281
1298621325813198849
1298621343139848192
1298621349905215490
1298621354946822145
1298621359493271552
1298621373087199235
1298621377025421312
1298621386093551617
1298621395920773120
1298621410156277760
1298621410236014593
1298621413918748672
1298621423074902016
1298621423020318721
1298621439357198337
1298621452095090688
1298621463025467392
1298621484403961858
1298621492544991232
1298621494218522624
1298621494516318214
1298621498115194882
1298621501198020615
1298621501998903306
1298621509259362305
1298621513835384839
1298621527546527744
1298621549226807296
1298621552016134151
1298621565433712640
1298621581137031168
1298621585394249729
1298621585788723200
1298621607250767877
1298621607833792513
1298621618235871233
1298621627991617539
1298621631460454404
1298621649361743874
1298621685625692161
1298621688989409286
1298621690591752198
1298621741061808131
1298621757889417216
1298621782312620032
1298621787333328897
1298621790835675137
1298621803711959043
1298621813581176834
1298621824352362496
1298621824855683076
1298621829083529216
1298621829511147526
1298621832623353857
1298621845306974211
1298621846481326081
1298621846519255042
1298621849308475393
1298621854232477697
1298621858170966020
1298621867532541952
1298621883563143168
1298621891918233602
1298621892023029760
1298621899845644295
1298621925183430656
1298621926269583360
1298621930606493697
1298621934394052608
1298621937220976640
1298621938139639809
1298621946951806977
1298621954337972227
1298621955290038275
1298621958301650944
1298621984671019014
1298621987825127427
1298622005202300934
1298622013918121985
1298622016233385985
1298622025125117952
1298622038098300931
1298622038249279488
1298622067181408256
1298622076824231936
1298622101423828994
1298622139453513728
1298622143022825475
1298622143685689346
1298622157078110210
1298622167366729729
1298622181660692483
1298622188577325062
1298622194663264257
1298622197116760074
1298622208047230978
1298622211889102848
1298622212124049409
1298622243854057475
1298622265521733633
1298622266301800448
1298622269170704385
1298622281694904320
1298622289668382721
1298622291517902849
1298622295985004545
1298622296249303043
1298622302179823616
1298622307209019392
1298622311982141440
1298622312254566403
1298622319439548418
1298622327471579143
1298622327991738368
1298622328306368520
1298622345221939207
1298622348417888259
1298622368777211906
1298622369959878663
1298622382010073088
1298622386091114496
1298622420375539712
1298622428499922948
1298622428751355911
1298622433339904001
1298622436477415424
1298622438108827648
1298622450050236416
1298622451023134723
1298622452977643523
1298622453594415109
1298622478529507329
1298622500742414337
1298622517033066497
1298622524859846656
1298622554240954369
1298622556526637056
1298622559743877121
1298622563883466752
1298622566551166976
1298622570611134464
1298622573203410947
1298622574641975296
1298622612206022656
1298622616647995394
1298622618095046659
1298622621064417285
1298622625145593857
1298622634096234498
1298622653238923271
1298622659891277826
1298622669026402305
1298622685195276288
1298622689653882885
1298622697396736006
1298622698008977409
1298622709027540995
1298622711057457154
1298622749179432960
1298622755592642561
1298622759430488065
1298622764371378177
1298622768628543488
1298622773242130438
1298622789121867776
1298622789117591554
1298622790157897728
1298622790333939712
1298622797925629952
1298622803139330049
1298622826551767040
1298622835313778688
1298622845254275076
1298622852179009543
1298622855513546752
1298622856570388483
1298622857656713217
1298622865789448193
1298622869123948544
1298622873116925953
1298622891093786625
1298622894105403392
1298622899948003328
1298622906293837824
1298622906633785345
1298622906927374338
1298622915680837635
1298622919900311553
1298622931757461505
1298622941115097093
1298622956600344576
1298622956961239040
1298622968994684928
1298622979484483586
1298622982781308928
1298622982756147206
1298622983821389824
1298622985637593096
1298623016893476870
1298623019447922693
1298623020278276098
1298623033574383622
1298623037726588930
1298623039878205445
1298623053958504449
1298623069796184065
1298623069779632128
1298623082203090949
1298623094328659970
1298623112179662849
1298623119809159168
1298623132656373761
1298623132752846855
1298623153724301312
1298623155079012358
1298623155192430599
1298623157473927169
1298623162066694146
1298623162603704323
1298623163635568640
1298623167313969153
1298623170333696000
1298623174293065728
1298623192572006401
1298623201367355392
1298623204219670529
1298623208371785730
1298623216689254401
1298623234774990848
1298623279205359619
1298623283940581376
1298623321777541122
1298623330879074306
1298623335132209153
1298623338479157248
1298623347845206016
1298623371828240386
1298623384146780161
1298623409975447558
1298623424349310977
1298623425997467649
1298623447711600644
1298623452086251521
1298623476668854273
1298623477839204352
1298623478355156992
1298623489050517504
1298623491810504704
1298623493727109120
1298623497627992064
1298623498143727616
1298623506138226688
1298623510609195009
1298623511678853120
1298623522810531840
1298623531555721216
1298623544482336768
1298623548253061120
1298623552724189184
1298623557031862278
1298623564996722690
1298623568889208834
1298623582931746819
1298623585410588673
1298623584747892736
1298623591962030081
1298623595808260096
1298623595833253889
1298623598521802753
1298623599918497793
1298623603022405633
1298623608126763015
1298623618901897216
1298623624983846913
1298623629312188416
1298623632873316353
1298623644403343360
1298623662434770945
1298623670387003392
1298623670915563525
1298623682156273671
1298623703987580928
1298623716553891840
1298623718009253888
1298623720110481416
1298623737013522433
1298623755040616449
1298623757905469441
1298623770849091589
1298623775605313536
1298623780575760385
1298623791610966021
1298623792579850241
1298623804089016320
1298623812477411328
1298623822292287493
1298623826494918656
1298623830357954560
1298623839195152387
1298623871495606272
1298623876797067264
1298623879959777282
1298623885366239232
1298623887832276994
1298623892085448704
1298623930069143552
1298623930664726528
1298623939153760256
1298623946355548166
1298623946766655490
1298623988286054400
1298623992480194560
1298624000680222721
1298624000931672065
1298624001720410114
1298624014370451458
1298624026370125824
1298624048159588357
1298624060042219520
1298624063665868801
1298624073015140352
1298624090031312901
1298624110373806081
1298624113993568264
1298624115180535809
1298624119454355462
1298624127184433153
1298624131026636803
1298624136231542785
1298624143802298368
1298624149477261312
1298624160214716417
1298624164568293376
1298624172877283333
1298624177059094528
1298624187293151238
1298624199746101250
1298624223838179330
1298624232436436993
1298624235548495874
1298624253911326720
1298624253915467776
1298624261746241536
1298624266485760001
1298624273741824000
1298624285884313601
1298624299318697985
1298624300400939010
1298624307933962240
1298624321053573121
1298624324966821888
1298624332663578624
1298624333749854208
1298624336140656645
1298624338111979521
1298624340456386563
1298624350980120576
1298624357367832577
1298624365538418690
1298624387357110273
1298624399696957441
1298624417375944704
1298624425294618624
1298624429505871872
1298624442579312640
1298624454185160705
1298624463676641282
1298624464075264001
1298624464394035200
1298624474640789511
1298624476037427200
1298624483662667777
1298624488175816706
1298624493447856129
1298624527145013249
1298624527312838656
1298624537471287297
1298624539144986625
1298624545876774914
1298624551585161216
1298624560321839104
1298624562662461440
1298624576109383681
1298624580349652995
1298624601832923138
1298624623496425472
1298624629829820417
1298624647177609216
1298624651766181889
1298624655469826049
1298624663296278533
1298624674222374913
1298624676013289473
1298624686138494977
1298624694011092993
1298624706392797186
1298624709869928449
1298624738990993408
1298624745059975173
1298624750428839936
1298624753742368768
1298624772578910215
1298624781605101569
1298624798399107077
1298624802912051200
1298624807504879618
1298624810382233601
1298624831685038082
1298624840224526336
1298624853591961600
1298624865826566147
1298624870406733824
1298624890778447876
1298624895379820544
1298624908226891776
1298624916909170690
1298624936190377985
1298624937322848258
1298624941722673152
1298624944788484096
1298624957220413440
1298624957883338752
1298624959158214661
1298624978133422080
1298624982491320323
1298624995053142017
1298624998907748352
1298625007455596544
1298625020759957510
1298625028330672129
1298625054301806594
1298625066637447169
1298625067665039360
1298625075604795392
1298625079283154945
1298625101479387136
1298625104738316288
1298625105057050624
1298625113680748550
1298625130499694592
1298625130797477893
1298625142210191360
1298625154478637058
1298625155397226501
1298625155535704065
1298625180298883074
1298625184170115072
1298625196304281600
1298625196429959172
1298625197415768065
1298625205607100417
1298625217649160192
1298625219003740160
1298625219138129920
1298625226331152390
1298625231037140998
1298625232144683017
1298625251417321474
1298625268328718336
1298625285609279488
1298625286079045636
1298625290051055616
1298625292718792704
1298625294023249921
1298625297265364993
1298625327128870915
1298625332044607488
1298625334502395905
1298625335827640324
1298625340424716290
1298625345424433157
1298625347265544194
1298625347907391488
1298625348460883968
1298625368086261762
1298625378278203393
1298625387065376769
1298625388990603266
1298625402378883078
1298625414148038656
1298625422775787520
1298625425120194561
1298625436239515656
1298625456665550848
1298625457705963526
1298625499397337088
1298625502601715713
1298625502480130050
1298625516006776832
1298625529117990912
1298625545282785281
1298625549129199616
1298625553549819904
1298625558889115651
1298625570146676742
1298625570385702917
1298625574655496197
1298625575607836672
1298625577709006848
1298625577868394497
1298625583283404802
1298625591550390275
1298625595186663424
1298625620960845824
1298625629311709186
1298625629441720320
1298625669966962688
1298625676350820354
1298625679383134209
1298625690909065221
1298625692440068096
1298625697510981634
1298625707401187331
1298625720986394626
1298625726158008323
1298625732818751492
1298625741374988290
1298625746466770944
1298625754998112256
1298625758034722822
1298625762329792512
1298625772329021440
1298625775801905152
1298625796790087682
1298625806017548288
1298625809570131968
1298625830474588161
1298625834484285440
1298625839790264320
1298625846572244993
1298625863752155137
1298625875391524865
1298625879967375363
1298625880600612864
1298625902625140736
1298625905129070595
1298625905619697669
1298625906735546374
1298625919486054401
1298625921931448324
1298625932907945986
1298625935458160644
1298625942974337026
1298625943486042112
1298625947923443712
1298625961295052800
1298625981582802944
1298625982375567360
1298625990491480064
1298626006719377408
1298626018358333440
1298626018102652928
1298626039317291014
1298626057533177863
1298626066190401536
1298626077334609921
1298626082015457280
1298626089904996353
1298626091049877505
1298626107265052678
1298626110750633986
1298626124444921857
1298626139032756225
1298626141045977091
1298626149447340034
1298626161933725697
1298626170645356544
1298626173682032641
1298626179763785729
1298626183165173760
1298626186977914882
1298626191738441729
1298626206926024704
1298626221777928192
1298626225313705986
1298626233089941504
1298626236449796096
1298626237993119749
1298626245895360512
1298626253738725378
1298626258259996673
1298626258222436352
1298626267319685120
1298626308499550211
1298626325482283008
1298626333061206017
1298626333019381761
1298626349859512321
1298626351008591872
1298626357866442759
1298626358856126464
1298626366942871552
1298626375717281793
1298626375692226560
1298626376535351301
1298626383627747330
1298626384722571265
1298626387159457793
1298626388233134081
1298626392209448964
1298626392788103168
1298626413965213697
1298626422479691777
1298626423205310464
1298626434534014976
1298626447087607808
1298626493220700161
1298626496932614146
1298626498069487616
1298626518688595968
1298626521888890882
1298626526129184768
1298626531640504322
1298626531623919616
1298626534329077761
1298626547163648001
1298626550523244548
1298626564624711681
1298626569234046976
1298626576750383107
1298626586095149057
1298626590285295618
1298626595398311936
1298626599471009800
1298626615639932929
1298626615946223620
1298626618051657728
1298626618059972608
1298626627585236992
1298626652155441153
1298626660707819522
1298626665715703809
1298626677858357248
1298626682782388225
1298626684984471555
1298626691124862976
1298626694664916992
1298626699160989699
1298626708245889024
1298626714302644226
1298626735638896640
1298626752827330562
1298626753401745408
1298626756522520576
1298626762713100289
1298626764718178304
1298626769189134337
1298626791280705537
1298626802751954944
1298626802798166016
1298626807768457216
1298626808145776640
1298626838139305995
1298626842522529795
1298626861568851968
1298626870091681793
1298626874042732545
1298626880224944128
1298626887090991104
1298626890270494720
1298626890849083392
1298626904799555584
1298626912399523840
1298626912944902145
1298626913045491713
1298626920872058881
1298626925577949189
1298626930267361288
1298626932444143617
1298626933731684356
1298626935082237957
1298626938072948741
1298626941071826949
1298626941646442501
1298626942640553984
1298626958226530308
1298626958335639555
1298626968418758658
1298626980229681153
1298627000043573249
1298627012353916934
1298627014019219458
1298627016455884800
1298627021346488327
1298627026589450240
1298627029382946817
1298627029890408448
1298627045962813440
1298627064527040513
1298627089185280000
1298627101931659264
1298627113184944135
1298627121263153153
1298627125394767872
1298627127261052928
1298627127273717762
1298627130134106112
1298627135947644929
1298627154889134080
1298627160329072642
1298627161151229953
1298627167983673346
1298627168436707329
1298627182395297794
1298627189861003266
1298627194307059712
1298627196739883009
1298627206105591810
1298627214699880448
1298627215194636288
1298627218248290305
1298627223587639296
1298627227110776832
1298627242977878017
1298627248027828226
1298627253438488577
1298627257573847040
1298627257750020096
1298627257624272896
1298627260912631811
1298627261332168705
1298627268911267846
1298627274087043073
1298627277065003010
1298627286472654848
1298627290604216321
1298627314826260481
1298627340495355904
1298627344870014976
1298627369377263616
1298627369964470273
1298627381364752386
1298627389673607172
1298627411974787075
1298627427430694914
1298627435894906880
1298627440508461057
1298627441204711426
1298627444426104834
1298627466404257794
1298627470791499778
1298627474700603394
1298627479234437121
1298627487346225153
1298627507458117632
1298627519772602372
1298627524495319041
1298627528882413569
1298627533361954817
1298627554635644930
1298627558083305475
1298627563678584835
1298627566450946059
1298627570322284544
1298627583282679815
1298627609178312706
1298627617902538752
1298627642971828225
1298627656326340609
1298627662663970816
1298627670817660929
1298627672122236929
1298627677646184451
1298627680900808709
1298627685325963269
1298627696835125248
1298627722491633665
1298627725435924480
1298627728850030593
1298627754515034112
1298627755743965185
1298627769425854466
1298627821674418178
1298627826086625280
1298627827432972288
1298627870240038912
1298627880990081025
1298627898723581954
1298627907242340354
1298627911621148673
1298627956156149760
1298627957473206282
1298627961440985088
1298627981116452865
1298627982471331841
1298627986397319169
1298627986636193792
1298627999747592192
1298628010573271040
1298628012259368961
1298628014687891460
1298628014805102592
1298628028205920257
1298628032073064448
1298628048603025409
1298628050016321538
1298628050351882242
1298628053946392576
1298628055355850752
1298628075127627776
1298628079934476290
1298628086351581184
1298628090130829313
1298628091305234432
1298628091435200513
1298628091552714753
1298628104445816832
1298628104596926465
1298628106727514113
1298628112490680323
1298628121990762498
1298628146707738625
1298628153414422530
1298628159001309190
1298628167842717696
1298628174977220608
1298628175635906562
1298628180106833926
1298628182401101826
1298628182396948480
1298628191985242114
1298628208611299329
1298628212499644418
1298628212981989377
1298628226227544067
1298628264114761729
1298628267977535490
1298628279163912193
1298628280921317377
1298628287711846402
1298628305000620037
1298628321916235776
1298628323308961792
1298628330292490240
1298628342493544449
1298628351138070529
1298628355869347841
1298628362831683584
1298628363213406208
1298628372109701120
1298628398076633088
1298628405408051201
1298628406494420993
1298628432394203137
1298628444280897536
1298628448064139264
1298628451340034054
1298628459904696322
1298628480972861440
1298628481626984449
1298628486219943936
1298628497951391747
1298628501617160193
1298628523419107328
1298628526439051276
1298628526434922497
1298628526908874757
1298628528204914689
1298628539152031745
1298628539852288005
1298628548366802949
1298628568679735297
1298628568893861893
1298628570277871617
1298628573985726468
1298628574111395840
1298628590238666752
1298628602167205888
1298628620986888192
1298628631514583042
1298628632550629377
1298628641279086602
1298628668965543937
1298628669741703169
1298628681909313536
1298628683406569473
1298628686720114690
1298628695662292994
1298628698258788354
1298628699680468992
1298628702637563905
1298628702666805251
1298628711588286469
1298628724988891136
1298628733096452098
1298628752973295616
1298628757872357376
1298628762565738496
1298628763073339393
1298628766357282816
1298628767074652166
1298628767200366592
1298628775278555136
1298628783298228224
1298628786225909763
1298628787140210689
1298628799505092609
1298628816936599554
1298628817083277313
1298628826990354432
1298628829288648704
1298628833650720768
1298628837928968192
1298628842475708416
1298628858640506880
1298628862083907590
1298628869478649858
1298628871517089793
1298628871957491714
1298628888294092802
1298628892526247936
1298628899979526144
1298628909320339457
1298628913094995969
1298628941117190144
1298628945953222657
1298628946842591233
1298628979453317121
1298628981089067009
1298628981134995456
1298628983899279360
1298628988571713537
1298629000114458626
1298629004841439232
1298629013536047105
1298629017852162055
1298629022675619841
1298629026404343811
1298629048143421446
1298629052064882695
1298629055420551168
1298629059132497925
1298629067055329281
1298629073598648330
1298629076358397957
1298629081513304065
1298629088819572736
1298629114929152002
1298629115616980992
1298629131739906049
1298629149095911429
1298629152908685313
1298629168846913536
1298629169178464256
1298629172739182592
1298629176367493121
1298629177969717248
1298629207870799872
1298629216129486848
1298629224413171714
1298629224790552577
1298629239244292096
1298629249096544257
1298629257556447232
1298629262807719936
1298629262849843203
1298629265068564480
1298629269980028933
1298629272886751232
1298629273037742085
1298629273713082375
1298629274015014912
1298629285704601601
1298629289911320578
1298629290230255616
1298629316524179456
1298629328364740608
1298629329342078979
1298629332374454272
1298629348988157952
1298629349906821121
1298629350691143685
1298629361399144449
1298629364951560192
1298629391942115329
1298629392072159239
1298629399915294720
1298629403166093313
1298629417925632000
1298629425685200897
1298629437177700353
1298629446690193408
1298629454911229963
1298629458270838786
1298629458740629505
1298629462754459651
1298629462892969989
1298629466160271361
1298629470014918657
1298629478718070784
1298629479586308096
1298629480152305664
1298629480882163712
1298629505737785345
1298629516911210496
1298629520338169857
1298629525136343042
1298629536817479682
1298629542194675713
1298629546707689473
1298629551065505797
1298629555352219652
1298629558502031367
1298629566915895298
1298629572544434177
1298629577183498246
1298629581201604609
1298629585160949760
1298629587711164417
1298629587795152904
1298629617046216704
1298629617994039304
1298629625879248898
1298629626772807681
1298629629616390144
1298629631097151488
1298629632363765763
1298629638659416064
1298629651020107779
1298629656451657729
1298629681638330369
1298629685086171138
1298629698197520386
1298629698759647239
1298629702425296899
1298629709794705408
1298629714739773440
1298629743873425413
1298629744309817344
1298629753302159361
1298629764748414976
1298629773011423235
1298629799649275904
1298629801763311617
1298629803508211720
1298629803784970240
1298629811120885760
1298629814560014337
1298629819408646151
1298629821229150208
1298629835758149637
1298629843668668418
1298629844461289472
1298629848642936833
1298629854120890371
1298629854229741568
1298629870944161795
1298629872500137999
1298629872860897280
1298629878644977670
1298629885913513984
1298629885871693825
1298629899452854272
1298629903085113344
1298629920030109696
1298629932168421376
1298629932793229312
1298629942255554568
1298629956906483716
1298629981749284864
1298629983485689856
1298630005807702016
1298630011990290439
1298630017174384644
1298630017446850560
1298630028226330625
1298630028343889922
1298630029795119106
1298630053887180800
1298630070588674048
1298630074799763456
1298630075219402752
1298630084061024257
1298630095972601859
1298630097839239169
1298630099521003521
1298630108304072705
1298630108475846656
1298630109297930246
1298630128193413120
1298630141086560256
1298630149555081219
1298630167166935046
1298630167435198464
1298630176050298882
1298630176230834181
1298630179946979330
1298630189098897408
1298630208053030912
1298630230442008577
1298630244014972934
1298630248087552007
1298630251547750401
1298630255326851073
1298630259772805123
1298630266945142787
1298630267545018370
1298630280522141698
1298630280907915265
1298630281516048385
1298630288030015488
1298630292018667520
1298630296888320001
1298630301976068100
1298630301820878848
1298630310310170626
1298630318296104963
1298630330732228608
1298630331558440961
1298630342954250240
1298630352735358983
1298630352873766913
1298630368455622656
1298630376580100097
1298630385748779008
1298630390698008576
1298630397677449219
1298630405868916736
1298630406653259776
1298630426840489985
1298630433333100544
1298630440614412288
1298630440715202562
1298630443072331777
1298630447442751490
1298630464027201539
1298630468615585796
1298630481727102979
1298630523108102144
1298630541340741632
1298630541567307778
1298630553432756235
1298630566829490177
1298630574601461767
1298630595321499650
1298630599217942532
1298630600518057986
1298630606704660481
1298630606591537152
1298630613071736832
1298630620386664450
1298630628003348481
1298630628435402752
1298630628972343299
1298630637939826692
1298630644663107584
1298630654733811713
1298630660005953539
1298630674144825344
1298630691475935234
1298630705174413313
1298630711545679873
1298630713416318977
1298630717337817094
1298630745947176962
1298630751269916675
1298630768030359552
1298630773021511686
1298630778268549121
1298630791799291905
1298630791967248385
1298630799953031168
1298630821645971462
1298630842932031488
1298630847181000704
1298630860086878211
1298630869100314624
1298630884367708165
1298630889195347973
1298630891942617088
1298630897772703744
1298630900679192577
1298630904835956737
1298630931427844097
1298630934963474432
1298630940302774273
1298630940864868352
1298630965439463426
1298630968308269057
1298630972641091595
1298630973660303360
1298630976269058051
1298630977040728071
1298631001871126534
1298631005490774016
1298631005436248064
1298631006023569409
1298631018144964609
1298631024092442625
1298631031264645125
1298631035194941440
1298631037732478977
1298631040395870211
1298631048570343425
1298631052047667205
1298631053448343552
1298631057055420416
1298631061732122624
1298631065846726657
1298631068711440385
1298631093768331265
1298631102744031232
1298631107835916290
1298631110994341888
1298631137091375112
1298631141172240384
1298631144632705024
1298631149602975746
1298631150307405824
1298631156792008704
1298631173539639301
1298631174420672513
1298631185841586178
1298631187167141888
1298631198709821440
1298631206880387072
1298631220285169665
1298631220318937099
1298631229051244544
1298631232511762440
1298631235779145728
1298631245874597888
1298631246327808003
1298631249288769537
1298631263033548800
1298631266066022401
1298631266489827328
1298631299712847872
1298631303231877128
1298631303538106370
1298631308084686856
1298631333728550912
1298631341853020160
1298631371003502592
1298631383162773505
1298631384345411584
1298631386803212289
1298631397066776576
1298631401366061060
1298631418034061315
1298631426246508544
1298631430575198210
1298631433968332800
1298631451156480000
1298631457901027328
1298631462598488064
1298631476318273536
1298631484933316615
1298631496585093120
1298631504528998401
1298631521717428226
1298631546652569600
1298631547860348930
1298631559579238400
1298631560040550400
1298631593280512005
1298631598267437057
1298631601774002188
1298631602369527808
1298631622254714880
1298631632186941441
1298631647881920512
1298631673550999552
1298631681780281345
1298631689514622977
1298631693943762944
1298631694145269761
1298631698897342466
1298631711324921856
1298631740601163778
1298631747605639168
1298631773442789376
1298631791641853953
1298631795324444672
1298631801968173057
1298631804425887744
1298631806883954689
1298631815188680704
1298631824047058945
1298631827763200000
1298631835602366465
1298631836562849792
1298631837015662592
1298631890635808768
1298631904426590211
1298631941864947712
1298631946810142722
1298631978955075591
1298631986874064896
1298631986983194625
1298631992146145284
1298631997338923009
1298632000727707649
1298632011876311040
1298632013872848900
1298632014254370816
1298632024337469441
1298632029861343233
1298632042645725185
1298632046080692225
1298632062514102278
1298632063034232834
1298632063172710400
1298632066964258816
1298632084370620417
1298632091534536706
1298632092423725056
1298632093065457664
1298632093178540032
1298632096022396931
1298632096920068100
1298632117023211520
1298632135205687297
1298632139039289344
1298632143380402178
1298632143514599425
1298632146207174657
1298632147079696384
1298632147935297541
1298632158832209920
1298632171079397376
1298632171389886465
1298632171599491074
1298632176901058560
1298632186036453384
1298632192831164418
1298632200850571264
1298632201639063553
1298632203144966144
1298632234585321474
1298632238767017985
1298632244211326981
1298632253233192961
1298632256005771268
1298632259323310081
1298632268974641156
1298632273663676422
1298632284476600320
1298632297739059200
1298632305657880578
1298632306635051008
1298632318907813888
1298632322535718918
1298632348234260480
1298632360200515584
1298632382413709320
1298632385265893376
1298632406459588613
1298632411245240321
1298632436071333888
1298632450160164864
1298632456329924614
1298632457294553089
1298632461270814720
1298632469781061632
1298632486109343744
1298632494674321410
1298632495554994178
1298632502450372608
1298632507240243200
1298632508334997504
1298632516933312517
1298632527771566081
1298632532393484295
1298632537279991810
1298632557567803394
1298632562483408896
1298632570519814144
1298632573879382016
1298632596436336640
1298632607803088896
1298632608436256768
1298632617043152896
1298632619865681924
1298632620113375234
1298632629055639552
1298632647456034816
1298632662295277570
1298632684722245634
1298632701507973125
1298632716330524673
1298632716712370178
1298632716699799554
1298632718113099776
1298632721439260672
1298632743954182144
1298632746516877323
1298632749981396993
1298632750728126469
1298632758315692032
1298632766842703873
1298632771024367618
1298632775239479296
1298632783569403905
1298632798102867968
1298632804717088775
1298632818411450368
1298632827123060736
1298632834362429440
1298632839106191361
1298632847163559936
1298632847922733056
1298632864389627906
1298632869879873536
1298632875718381589
1298632878046183426
1298632880080465920
1298632900984934401
1298632902444376065
1298632918655315969
1298632919485800449
1298632927106998277
1298632934765854725
1298632936770514950
1298632938997706758
1298632944278437889
1298632944752504838
1298632961781194752
1298632964700422144
1298632966030217225
1298632972770455552
1298632986301042689
1298632989069455361
1298632989249638402
1298632993695768581
1298633002562592770
1298633002751328263
1298633009843908609
1298633031083634689
1298633037177999360
1298633037530505216
1298633040885932037
1298633070031994883
1298633100625432577
1298633104462983168
1298633124016820225
1298633138013442050
1298633141175762946
1298633142148849666
1298633149593731073
1298633161560252416
1298633163451666434
1298633165276315649
1298633169982246914
1298633171077136384
1298633174889750535
1298633186612846597
1298633196469395457
1298633203461304320
1298633205470253056
1298633216941674496
1298633220515217409
1298633225233891331
1298633228182593537
1298633232880218114
1298633236705411072
1298633253247754241
1298633257802702848
1298633262722502661
1298633263116955648
1298633270238879746
1298633279373942784
1298633288165273600
1298633293575856133
1298633299729014785
1298633308285235201
1298633317982408715
1298633321505669121
1298633334403334148
1298633345585123328
1298633371044720641
1298633372894470148
1298633385129246720
1298633391827550209
1298633421095342081
1298633430276755462
1298633435691524099
1298633448534376454
1298633452242128896
1298633459653541891
1298633462921023488
1298633472785948672
1298633476590067713
1298633484739555329
1298633488757751809
1298633492943822848
1298633497624666113
1298633502968160256
1298633509100294144
1298633510970953729
1298633520127127553
1298633535826296832
1298633540150550528
1298633542805655552
1298633551580221445
1298633556416180224
1298633563580104706
1298633563970183168
1298633578079825921
1298633581863084035
1298633586606776323
1298633590872272907
1298633593380409345
1298633598220693504
1298633602813632522
1298633610346369024
1298633627559956481
1298633646212100099
1298633654181277697
1298633656043479040
1298633707838873600
1298633766676467714
1298633770795331585
1298633773337030656
1298633787300077568
1298633808996995072
1298633809240313856
1298633815792013318
1298633819935903746
1298633824402735105
1298633825006870528
1298633827951280135
1298633837925117952
1298633842153197568
1298633849488973827
1298633849702760448
1298633853456850955
1298633875204251649
1298633883588517889
1298633904790929408
1298633920171270144
1298633928832462849
1298633934209789952
1298633934591295488
1298633937233862658
1298633937300754432
1298633941746950146
1298633955252592643
1298633963062194182
1298633963070783490
1298633967801966594
1298633989134131208
1298634000433664000
1298634005361782784
1298634009828884484
1298634021816217600
1298634026958323712
1298634030653542401
1298634034419920897
1298634042229882880
1298634050245029890
1298634055307735040
1298634062815465474
1298634069144514560
1298634114946469895
1298634118297608192
1298634121816702977
1298634126380105729
1298634127663652865
1298634134647009281
1298634143828516864
1298634147645153281
1298634172970475520
1298634173385592832
1298634177399619585
1298634193824555009
1298634198639673344
1298634206533345283
1298634207720116224
1298634209804787713
1298634219946758145
1298634247297622017
1298634251991240710
1298634256143581185
1298634260933480448
1298634273667325953
1298634278713077761
1298634281577832449
1298634306202607616
1298634316092669955
1298634319729176578
1298634328675672064
1298634332857405445
1298634348216737793
1298634352335691783
1298634371063316482
1298634373269422081
1298634381142011904
1298634394534473728
1298634400049975300
1298634415719890946
1298634425580871687
1298634433394810880
1298634441464528896
1298634449718874117
1298634462566035457
1298634465590349825
1298634478580047879
1298634482547924992
1298634482715488256
1298634486683324416
1298634487329222657
1298634488486875136
1298634498838597632
1298634509122846722
1298634512222392320
1298634515716308994
1298634516991315970
1298634521928065027
1298634522049695744
1298634525312987136
1298634530190852097
1298634537820237824
1298634538009202698
1298634541511385090
1298634566878593025
1298634583483863040
1298634595261456384
1298634595492143105
1298634609563807745
1298634614060265478
1298634624759808001
1298634629260308480
1298634630048780288
1298634641650388993
1298634641721692162
1298634645941243904
1298634647878766592
1298634650064216064
1298634654593871872
1298634668510765058
1298634687645020160
1298634691864662018
1298634714996264961
1298634718284398593
1298634719010185216
1298634729751744513
1298634764757479425
1298634767470956545
1298634772877647878
1298634785645039618
1298634803324100609
1298634806973157377
1298634811255468033
1298634813453238273
1298634822617903110
1298634831174094848
1298634840049217542
1298634864594362369
1298634869149507585
1298634872571871232
1298634877206556672
1298634886593617921
1298634890263638016
1298634898740150278
1298634899012947969
1298634902632566784
1298634903416967168
1298634906885599232
1298634926514827264
1298634926678474753
1298634970026651649
1298634987940409344
1298634998455640065
1298634998950625281
1298635002628857857
1298635006558892033
1298635028897857537
1298635040323141633
1298635049034641408
1298635078361391106
1298635082245300224
1298635086120681474
1298635087265767425
1298635095293796353
1298635096560304128
1298635111286677510
1298635112171667456
1298635119767347200
1298635120992235521
1298635125505368064
1298635145562533894
1298635155079397376
1298635157684006912
1298635158891814920
1298635162759110657
1298635166534062081
1298635167335165953
1298635173194543109
1298635191536226309
1298635203200589824
1298635218807476225
1298635220728467457
1298635222020325384
1298635226265145356
1298635251229405184
1298635254434009088
1298635254438096896
1298635254643568640
1298635262969356288
1298635281160179712
1298635288537976833
1298635305554251779
1298635320825720833
1298635330245947392
1298635343604965379
1298635355915157504
1298635360080203780
1298635398231588869
1298635406297243648
1298635415734411265
1298635416002678784
1298635430468956160
1298635438937313280
1298635451306106888
1298635472915374080
1298635477486931970
1298635494503387136
1298635495552036864
1298635510022148096
1298635510093512705
1298635524081582083
1298635540145856524
1298635549868097537
1298635573528158209
1298635581946126336
1298635598798807040
1298635599025442837
1298635619447369731
1298635623629238272
1298635627399974913
1298635637428559873
1298635649327693827
1298635649415884805
1298635650342817792
1298635653375238147
1298635660849553410
1298635683427426305
1298635683536355328
1298635687218929669
1298635698636029952
1298635709234937856
1298635724087070720
1298635724384800775
1298635734325370881
1298635758060929025
1298635758958411776
1298635767321952256
1298635772300374018
1298635775647653888
1298635780584165376
1298635792588378112
1298635794870083587
1298635813903912960
1298635817816997890
1298635834640367616
1298635854169202689
1298635855788040196
1298635872431157249
1298635876189130753
1298635879460868102
1298635881549570049
1298635883646615554
1298635897798361088
1298635900696453122
1298635921491759104
1298635927313580033
1298635929490358272
1298635931251924999
1298635935773384704
1298635937761636352
1298635938852085760
1298635944048893953
1298635971127316482
1298635989099769861
1298635992308432902
1298636005264642049
1298636022050222081
1298636026181750784
1298636038991224832
1298636043219075072
1298636048621170694
1298636053314711553
1298636057072644101
1298636060864348160
1298636064681111553
1298636081106243585
1298636084809732096
1298636089771667462
1298636110692667398
1298636114631307265
1298636117902872576
1298636119731400704
1298636130661752833
1298636147476836353
1298636160562946048
1298636168549015555
1298636178661441543
1298636182931161088
1298636201818300416
1298636207640006657
1298636211167416321
1298636228225650691
1298636245942247424
1298636258114244612
1298636274207612928
1298636282579554309
1298636287419842561
1298636292238897154
