1299617782074675205
1299617786273173506
1299617794565091329
1299617797266432000
1299617813389144064
1299617818103566337
1299617827473649664
1299617832284483584
1299617833433722880
1299617846088130560
1299617848248004611
1299617855693094912
1299617863540629504
1299617867042902016
1299617868280033280
1299617874852687872
1299617890472267782
1299617894976778240
1299617905403785217
1299617918859325440
1299617919199064064
1299617932608184321
1299617939449053184
1299617945220456453
1299617966221221888
1299617973192323072
1299617984873402374
1299617986484023297
1299617986890915840
1299617992263827457
1299617994793013248
1299617997468954624
1299617997728878592
1299618015789477888
1299618022274015232
1299618029916098560
1299618030016540678
1299618030608166912
1299618030981459968
1299618038644453382
1299618050644348932
1299618053945200640
1299618090817392643
1299618091597328384
1299618096257404930
1299618099742814208
1299618106390740995
1299618108999520256
1299618110379634688
1299618131757809664
1299618133733527553
1299618142763712513
1299618153169932288
1299618213915885568
1299618220849029126
1299618226314248192
1299618228222586881
1299618236716126208
1299618237139824640
1299618245872439302
1299618249559207938
1299618254776725504
1299618265430478848
1299618271235248128
1299618282803048448
1299618284195721217
1299618285655293952
1299618287190380548
1299618290063548416
1299618292898856960
1299618319495057409
1299618319629201408
1299618330043494400
1299618339057266688
1299618350876831744
1299618353070313472
1299618363535241216
1299618364554264578
1299618373240676352
1299618374704480257
1299618381050474502
1299618407105482752
1299618418136690688
1299618447014334466
1299618451082756097
1299618451384868864
1299618454077665281
1299618462902358016
1299618479285428225
1299618479604023296
1299618496519663616
1299618515209654272
1299618519798042624
1299618519995351040
1299618541495136257
1299618547480424448
1299618548512436225
1299618549854543872
1299618563502694403
1299618571287314432
1299618572197654533
1299618624181805057
1299618630221443072
1299618632155062272
1299618636961705984
1299618645698519041
1299618650626748418
1299618656205373440
1299618656406638593
1299618656989609984
1299618659594371072
1299618664103239680
1299618669757165568
1299618676874842117
1299618677449342978
1299618699159142400
1299618703848464385
1299618705555550208
1299618735733571584
1299618739617320961
1299618763499692033
1299618772207108096
1299618772341403648
1299618773775704064
1299618775638003712
1299618784337039361
1299618798576840704
1299618812497592321
1299618813072289792
1299618841362915328
1299618842990141440
1299618843556339714
1299618862040637443
1299618868453879808
1299618870274080769
1299618872778252288
1299618906890547201
1299618908203356160
1299618908849143808
1299618915794862080
1299618933822038016
1299618942248300544
1299618947663265792
1299618958979543040
1299618986204692480
1299619004873465856
1299619015690600449
1299619029422833664
1299619036465115136
1299619036863647745
1299619043087802369
1299619084221390848
1299619092534493184
1299619109261291523
1299619112130236416
1299619112411373571
1299619114026237952
1299619115435425793
1299619130715365376
1299619165360345088
1299619169340661760
1299619170942881794
1299619172666814464
1299619179012726786
1299619189053779974
1299619195949395968
1299619208230318080
1299619212185534464
1299619214102155264
1299619218707460096
1299619232171294720
1299619238039093248
1299619242652979200
1299619252731883521
1299619273938096137
1299619275427254275
1299619279726235648
1299619282955964416
1299619286479118336
1299619289725636609
1299619298613362689
1299619302400688130
1299619310621650944
1299619315239604224
1299619321925173248
1299619326836633600
1299619335829360640
1299619335959457792
1299619349406388225
1299619356062527488
1299619368758923264
1299619381635416064
1299619383791108096
1299619388262359041
1299619396181274624
1299619408059432960
1299619415055507456
1299619416896929792
1299619425092395010
1299619440682651648
1299619453718716417
1299619457480810498
1299619465160732672
1299619476321767424
1299619488183263232
1299619492167741442
1299619494709526528
1299619495498186752
1299619502984957952
1299619504381546496
1299619509335097344
1299619517652520961
1299619525068050433
1299619525084631041
1299619526263410688
1299619529249689602
1299619533490020352
1299619545121001472
1299619553857609728
1299619566616825856
1299619602016743424
1299619623604834305
1299619627736215554
1299619639752712193
1299619641208328192
1299619643800334336
1299619644693786625
1299619645083865089
1299619648124719105
1299619648837738500
1299619666940162048
1299619687941185537
1299619708044410880
1299619712020574209
1299619720832806917
1299619738486804480
1299619750050373632
1299619770006896641
1299619771743219713
1299619787702710272
1299619790760210433
1299619799706693632
1299619800201609218
1299619800700911616
1299619808623771648
1299619810158862336
1299619817423425536
1299619818015010817
1299619818195226625
1299619826344824834
1299619835102535680
1299619852399685635
1299619860524171265
1299619863703543809
1299619875430703104
1299619882292576258
1299619888563093504
1299619888793870336
1299619891352186881
1299619904237178880
1299619911921262594
1299619928689897472
1299619935950262274
1299619945907539968
1299619952673075201
1299619967722074112
1299619976614092801
1299619978560385026
1299619982976876544
1299619988555411456
1299620017152032768
1299620020851560450
1299620026937376769
1299620043387531264
1299620043664359424
1299620044675178496
1299620050815430657
1299620062480011264
1299620072424693762
1299620073758490624
1299620077411512320
1299620086056136704
1299620087138148352
1299620094419451905
1299620105035362304
1299620114363486209
1299620120453677057
1299620129790218241
1299620133049049088
1299620138912608258
1299620144893714432
1299620151365480448
1299620154322501633
1299620154347859968
1299620162350583808
1299620184525697024
1299620200904523776
1299620218663100418
1299620233070612480
1299620252976906242
1299620255359291394
1299620259981406208
1299620277001875461
1299620281527435264
1299620287437328384
1299620287697149952
1299620288494174208
1299620303660695552
1299620312439500800
1299620320693768194
1299620324825276416
1299620325001363456
1299620327316619269
1299620327979446272
1299620337987006466
1299620340868489216
1299620353702936577
1299620367162466304
1299620384556216320
1299620393737748481
1299620397395009536
1299620406777638912
1299620427954675712
1299620439749263360
1299620445751324672
1299620456211910656
1299620462314401793
1299620465640534016
1299620466194173952
1299620489304866816
1299620499220242432
1299620501698961409
1299620508934320136
1299620510347730945
1299620514013601793
1299620535165308928
1299620543331807232
1299620544417996801
1299620554274611200
1299620565347524609
1299620578207227904
1299620583521615872
1299620608947425280
1299620611489230848
1299620616799162373
1299620618141229057
1299620620884475904
1299620622373322753
1299620622457171968
1299620626546778112
1299620631227449345
1299620632636735488
1299620632796172291
1299620633379319808
1299620638781448192
1299620639527981056
1299620690186829824
1299620691935997953
1299620693689004032
1299620700261683204
1299620735225192448
1299620737158963201
1299620745358774273
1299620766200115203
1299620770008637442
1299620771862634496
1299620786039390210
1299620817597333504
1299620843304226816
1299620883980410881
1299620886794903552
1299620889365864449
1299620892595503105
1299620914905182260
1299620921171275777
1299620935239045122
1299620958492213248
1299620971922575362
1299620988091543552
1299620993938251777
1299620997516193793
1299621005804146693
1299621012523409408
1299621035285897216
1299621043196186624
1299621054072025088
1299621063622418433
1299621072854069249
1299621080060047361
1299621087689359368
1299621092940685313
1299621097902493696
1299621099429228544
1299621103199870976
1299621118479921153
1299621123026452480
1299621128722415617
1299621144018841602
1299621150025297921
1299621157679833092
1299621169063227392
1299621177669775360
1299621183403458565
1299621200499441664
1299621206702747648
1299621211316551680
1299621213430579202
1299621213652701184
1299621221261176833
1299621221961670656
1299621233835741185
1299621243637751808
1299621243931430913
1299621247358316545
1299621276286238720
1299621281550266370
1299621286218522626
1299621292765782016
1299621299908558854
1299621302345453570
1299621329201754112
1299621340274622465
1299621344552923137
1299621372428075011
1299621379143356416
1299621384553861120
1299621389331300352
1299621403701006336
1299621415986122753
1299621424584302594
1299621437859344384
1299621438375297025
1299621462714847232
1299621499234525185
1299621525369257985
1299621559418712064
1299621571812896769
1299621585112854529
1299621593623097346
1299621600220725248
1299621611717292038
1299621617824403458
1299621625151840261
1299621639903158272
1299621645561323520
1299621662539878401
1299621674833211393
1299621685268819968
1299621697536978945
1299621697960595456
1299621712313552896
1299621728105226240
1299621736552464384
1299621746039906305
1299621750758498304
1299621753380122624
1299621756223680514
1299621790491332608
1299621798678589441
1299621798770872321
1299621803464237057
1299621810246283265
1299621821516591104
1299621834359558145
1299621842315956226
1299621868861878272
1299621882233151494
1299621897429118983
1299621911429701632
1299621925447020546
1299621933965770752
1299621936461484036
1299621942945878017
1299621955319070721
1299621957453791232
1299621980174462976
1299621997958148096
1299621999292096512
1299622018388840449
1299622019634311168
1299622029130264577
1299622032187875328
1299622032645128192
1299622033261826048
1299622034863947776
1299622055504117760
1299622057987063808
1299622059308326913
1299622069542572033
1299622070440079361
1299622073115971584
1299622082955935745
1299622088957988865
1299622098206425089
1299622101528313856
1299622125423255553
1299622141428670464
1299622142011564034
1299622144293257216
1299622165663211525
1299622170507657217
1299622174643249153
1299622180188168193
1299622187784175616
1299622188564148224
1299622197766623238
1299622202531172352
1299622223880175616
1299622247435362305
1299622250308612096
1299622271544422400
1299622281090654208
1299622293254164481
1299622298153095168
1299622308798107649
1299622317081886720
1299622327160840193
1299622330839097345
1299622336866336769
1299622341857730560
1299622348522479616
1299622379447111680
1299622400691253250
1299622401618194432
1299622404197625856
1299622404524834817
1299622411457847298
1299622411860492288
1299622447289954305
1299622452692021248
1299622462745960449
1299622464171831296
1299622489174298625
1299622501975076864
1299622502289879041
1299622509604528134
1299622513027104769
1299622515019583488
1299622528168660992
1299622533336104960
1299622543473561600
1299622546644652033
1299622572611469314
1299622578324041729
1299622586020626433
1299622598649827329
1299622609177382912
1299622630987710464
1299622632145539072
1299622655205744640
1299622663946633216
1299622674512121859
1299622677557260288
1299622681516683264
1299622682837823489
1299622682988892161
1299622694904721409
1299622700143394816
1299622701686906880
1299622702790193152
1299622706879639555
1299622710469820418
1299622723329564672
1299622724193583110
1299622736260669440
1299622739037368322
1299622741008474112
1299622744368263170
1299622751775358976
1299622756452048896
1299622774303068160
1299622778836926464
1299622782326595585
1299622793626021888
1299622801884819458
1299622811342909440
1299622821757423617
1299622822675755008
1299622825968320514
1299622836319875072
1299622842988998662
1299622870084132868
1299622870729912320
1299622871765938176
1299622875901628417
1299622878216769536
1299622886982860800
1299622887075184641
1299622887578451968
1299622890833350657
1299622895526776832
1299622901352521728
1299622903864934404
1299622922160680960
1299622925297885185
1299622925624987653
1299622943127994371
1299622954318180359
1299622960135897088
1299622969648480256
1299622970130825216
1299622973146460160
1299623005451030529
1299623006701080577
1299623006994673665
1299623011369140226
1299623013646626816
1299623015102271490
1299623035922575360
1299623042310721536
1299623047180300288
1299623054855737346
1299623064594862082
1299623085981794305
1299623091631517697
1299623094349225985
1299623100598935553
1299623109226647553
1299623111545978880
1299623134190919680
1299623142239862785
1299623148980117505
1299623157851066368
1299623172283785217
1299623173760061440
1299623179233554444
1299623179456057345
1299623182723239936
1299623194848980999
1299623197546098689
1299623199282352131
1299623204495867904
1299623219939303424
1299623221113880576
1299623222443302912
1299623228718026752
1299623236263534593
1299623245486923777
1299623254567526400
1299623270329745408
1299623273907404800
1299623318656516099
1299623330031349760
1299623337606422533
1299623350088601600
1299623354316525568
1299623358817013760
1299623366652035077
1299623367302098944
1299623378240692224
1299623381499703296
1299623388739117056
1299623390450348032
1299623391251501056
1299623392983658499
1299623396536446976
1299623398658600960
1299623401238093825
1299623411292012544
1299623423145107456
1299623431982342144
1299623440383606784
1299623446188490753
1299623446603640832
1299623451003695105
1299623470263803904
1299623486416064518
1299623488685137920
1299623525486125056
1299623528443019265
1299623533283127302
1299623535053217792
1299623543500492803
1299623549662105606
1299623570524393475
1299623571560566784
1299623581710725120
1299623581647687683
1299623586047565824
1299623590678028288
1299623597716238338
1299623620998725632
1299623631924985856
1299623644184719360
1299623660261535744
1299623672827637760
1299623676783071235
1299623683229507584
1299623684865323016
1299623684823425024
1299623692268310528
1299623693794988032
1299623727127171078
1299623736883249152
1299623753740058626
1299623759683432453
1299623777869979649
1299623780935901184
1299623781766434818
1299623782991060993
1299623785524461569
1299623794743500800
1299623815194976257
1299623824426594304
1299623828562173952
1299623828935467009
1299623855670034439
1299623860774543360
1299623868672294912
1299623872933834753
1299623877979467776
1299623878680088582
1299623879053172737
1299623894010134531
1299623909914894338
1299623915371679759
1299623941925933056
1299623959764373504
1299623972976300033
1299623983785095168
1299623988948156417
1299623992072966145
1299624000713351168
1299624011953893376
1299624015783432192
1299624017419268096
1299624023458852864
1299624036201361408
1299624054710775808
1299624068186947584
1299624072473645061
1299624075992604673
1299624081222856705
1299624109647605760
1299624111371624448
1299624126722658304
1299624127188348931
1299624137191649281
1299624138403983361
1299624139116875776
1299624155826937856
1299624164219785216
1299624165197012993
1299624170905571330
1299624179218571265
1299624184734195713
1299624200521605122
1299624201213501443
1299624209308680193
1299624210348744704
1299624215780491265
1299624222415749120
1299624224030691328
1299624247522988032
1299624269287170048
1299624271732375552
1299624275809193986
1299624278959194112
1299624290719944704
1299624296126447616
1299624301050695680
1299624319300120576
1299624324119310336
1299624326275239936
1299624337037840384
1299624342565904384
1299624370642403329
1299624375872823298
1299624375877074945
1299624384097730560
1299624423243227136
1299624424572821504
1299624430520344576
1299624466494885888
1299624473839063041
1299624478964498432
1299624486073843712
1299624508702294017
1299624511436992512
1299624517346586624
1299624518470770688
1299624523268943874
1299624525554790401
1299624526578249728
1299624529929678850
1299624529971605506
1299624546325073920
1299624549420593153
1299624557670813696
1299624566604480512
1299624567640530944
1299624570366771201
1299624574557061122
1299624580911452161
1299624583457157121
1299624588163211265
1299624592244260871
1299624609633898502
1299624622300844033
1299624633696649216
1299624651329540097
1299624663635517441
1299624664260440064
1299624673580167169
1299624687224451072
1299624687979372545
1299624694627397632
1299624702508322817
1299624713132548096
1299624714613202948
1299624735592968192
1299624744019525632
1299624747295178757
1299624758045274113
1299624762948288513
1299624769302659073
1299624769986400256
1299624781558558722
1299624781596237825
1299624784079106048
1299624785219969024
1299624788063854594
1299624793839296515
1299624800801812480
1299624803792375808
1299624809039626240
1299624814903267329
1299624822977167360
1299624830887657472
1299624838508707840
1299624849124384768
1299624859035561987
1299624858804944896
1299624869055942656
1299624873459773440
1299624888181891079
1299624898386489347
1299624904191483906
1299624905458298880
1299624912345346048
1299624920272568320
1299624924512841728
1299624935434989569
1299624939386015744
1299624952241385472
1299624958839214080
1299624972097331201
1299624975738044417
1299624980574089222
1299624987267969024
1299625017848868866
1299625022571634688
1299625028980412417
1299625031249600513
1299625031207661569
1299625031320903681
1299625039873146880
1299625051218608129
1299625055173840896
1299625106168320005
1299625108101685253
1299625109750198272
1299625124253974531
1299625130751152128
1299625132412018691
1299625138867130368
1299625141232701440
1299625141496950784
1299625168596275201
1299625173306540032
1299625181498007552
1299625185763418112
1299625202469482497
1299625217715732484
1299625218999283713
1299625229556342784
1299625269683200005
1299625272715571200
1299625279657332736
1299625286540107776
1299625302780309504
1299625323248705537
1299625330253033472
1299625342345392128
1299625343129726977
1299625347336400896
1299625351413293057
1299625354836013057
1299625359629930497
1299625361093931009
1299625367146291203
1299625388264615936
1299625394081943558
1299625396414173184
1299625401770147840
1299625401824796672
1299625402588160002
1299625422867496960
1299625426885566464
1299625443654500356
1299625453393793024
1299625457776766976
1299625459261431808
1299625473622843393
1299625477947023362
1299625481348632577
1299625497928675328
1299625505738698753
1299625514945007616
1299625521995812864
1299625537615273984
1299625548679913474
1299625556426788867
1299625608343728128
1299625611845988353
1299625615872589830
1299625621669187584
1299625625767084032
1299625631941111814
1299625632779792384
1299625648772636673
1299625653277528065
1299625656959946754
1299625666288054273
1299625667567345664
1299625688643715073
1299625702233223169
1299625709296525313
1299625718628798465
1299625768171876352
1299625770374107137
1299625778309668866
1299625782545772544
1299625788405354496
1299625798622539777
1299625801319677952
1299625808361713665
1299625816410779657
1299625847230353408
1299625850934042624
1299625856323575809
1299625866771591168
1299625868147306496
1299625877181923328
1299625882307436545
1299625900816752640
1299625908081483777
1299625924921446400
1299625941711433729
1299625945003896832
1299625945247092736
1299625967296458753
1299625967489490945
1299625967770451968
1299625971889434626
1299625974850621440
1299625979426504705
1299625986196082688
1299625993280266241
1299625994349764608
1299626001492660225
1299626008283435009
1299626038989791232
1299626054194270209
1299626057436246017
1299626058883399680
1299626069788631040
1299626079439601664
1299626090470674433
1299626091888422912
1299626092098011137
1299626095189389313
1299626104899031040
1299626116232216577
1299626124813762565
1299626130681589760
1299626132493434881
1299626138797584386
1299626149580910592
1299626166513356801
1299626175820640256
1299626198444646401
1299626202173452288
1299626204534681600
1299626208485806080
1299626223727976451
1299626225686650881
1299626278430158849
1299626285019394048
1299626288441827329
1299626294263472129
1299626299355471872
1299626306502500353
1299626317919465472
1299626331622129664
1299626360491724800
1299626361280057345
1299626367064174592
1299626379743383552
1299626388786307072
1299626389503500294
1299626391323815937
1299626392653627397
1299626403629948933
1299626410915618816
1299626426585415680
1299626436458807296
1299626446005002241
1299626457891614725
1299626470411706370
1299626489005121536
1299626498085842946
1299626512161730560
1299626517777981442
1299626528238641153
1299626530134347776
1299626539156348928
1299626539189821440
1299626584559824896
1299626591102926848
1299626616017113088
1299626626393812994
1299626628666941440
1299626644823572480
1299626651588861953
1299626655451930625
1299626655720251392
1299626657452568577
1299626657746018304
1299626658308042753
1299626678818189314
1299626695310282752
1299626700322615302
1299626714343944193
1299626717829640192
1299626719750488064
1299626724422901761
1299626729640800257
1299626732748668929
1299626734183239680
1299626748414513152
1299626752604622848
1299626793888960512
1299626800809566208
1299626828945068033
1299626844178837504
1299626869541810176
1299626872049860608
1299626893847572482
1299626899640143872
1299626905864466432
1299626918770212869
1299626920552927232
1299626927175557122
1299626936768040960
1299626955118002177
1299626959434067968
1299626984440438790
1299627011409874946
1299627019291054080
1299627028803543040
1299627045849149440
1299627050400059394
1299627078711758849
1299627097250344961
1299627108919017472
1299627109732605953
1299627119149043715
1299627139055058950
1299627140367826944
1299627142251073536
1299627163797221376
1299627187788709889
1299627202078633984
1299627217937477632
1299627225613041666
1299627233871630337
1299627247288999936
1299627257346969600
1299627280541548546
1299627287160135681
1299627294172954626
1299627299587813377
1299627331489685505
1299627339484020736
1299627341191077888
1299627343447695360
1299627352817717249
1299627373277650944
1299627378302476289
1299627379019587584
1299627380055707648
1299627405422755846
1299627406139912192
1299627406668435456
1299627410606837762
1299627412519628801
1299627417707790336
1299627418345332737
1299627428604674048
1299627434875129856
1299627441133096962
1299627448020000769
1299627455121108992
1299627464310710272
1299627469079797761
1299627477875273728
1299627479859159040
1299627479951437824
1299627486125289473
1299627495994650624
1299627497559142400
1299627499522084864
1299627513786765314
1299627521344897027
1299627539929993216
1299627543046352897
1299627547496341504
1299627552974176256
1299627557504114689
1299627560209440768
1299627562700693505
1299627563006832640
1299627572091707393
1299627591339446272
1299627612537585664
1299627627309944832
1299627632305332224
1299627633974620161
1299627635878682625
1299627637946683392
1299627644149923841
1299627653830385671
1299627658553298944
1299627672830697472
1299627675254837248
1299627682796195840
1299627686734843904
1299627687200333824
1299627709891514368
1299627711300866048
1299627733866209280
1299627737678663680
1299627757765238784
1299627762882359296
1299627780913745922
1299627782855630849
1299627792607346689
1299627799117004800
1299627801499312129
1299627805672570883
1299627816124735488
1299627828468543490
1299627829970300935
1299627835817103360
1299627851256344578
1299627854812950528
1299627858529316864
1299627881132429313
1299627924971286529
1299627939475095552
1299627950019612677
1299627954453057536
1299627971872010240
1299627997742338049
1299628012254756865
1299628032114618368
1299628057544790016
1299628093829767168
1299628098925654017
1299628107092185088
1299628110556561409
1299628116709580801
1299628128386588673
1299628130320089089
1299628143913742336
1299628145990086656
1299628157641920512
1299628167087366144
1299628186985263104
1299628215170985984
1299628216110297092
1299628219897847809
1299628228651356160
1299628236108947456
1299628255855570946
1299628263912816640
1299628277301157889
1299628294250409984
1299628314504704007
1299628318988349440
1299628330103250944
1299628337917235200
1299628339443965955
1299628353612374016
1299628353729818625
1299628362244198400
1299628365922566144
1299628374734692352
1299628378216038402
1299628387053568001
1299628398419963904
1299628413460725761
1299628429369733121
1299628431160770560
1299628447338176512
1299628452757123072
1299628498957590529
1299628501956468738
1299628514002350080
1299628518217637890
1299628518905581569
1299628524345720832
1299628534399340546
1299628558306947072
1299628559070306304
1299628566578171904
1299628566737571840
1299628568453025793
1299628570722140160
1299628572387291137
1299628578754174978
1299628587356762120
1299628601059483648
1299628604003774464
1299628610874036224
1299628612102926338
1299628617702551555
1299628629245276160
1299628630805413888
1299628634890817536
1299628645716234240
1299628649801547776
1299628651487653888
1299628672857513986
1299628692466003968
1299628696387629056
1299628701420793857
1299628707028430848
1299628708253188096
1299628737982599169
1299628738540429312
1299628740545306624
1299628742730424322
1299628753426022401
1299628761009147904
1299628768647024640
1299628777023115264
1299628777102880769
1299628781297111040
1299628791057330177
1299628797398925315
1299628806072827905
1299628830768820229
1299628835097341952
1299628840101318656
1299628846413611010
1299628849597239296
1299628861186076672
1299628863627104257
1299628882350333952
1299628913094791168
1299628921219149825
1299628943180521473
1299628943826280449
1299628946271551489
1299628949824126978
1299628953540329473
1299628954354094080
1299628961169723393
1299628963040460800
1299628967691841536
1299628969294143489
1299628972280602624
1299628979939287041
1299628982233477120
1299628986453159939
1299628987887517696
1299629009869791232
1299629011128250368
1299629011509882880
1299629017297899520
1299629017365180417
1299629032602890240
1299629046280728576
1299629046758694912
1299629049916977153
1299629057189928960
1299629060247769089
1299629064047587328
1299629074864840704
1299629083698049025
1299629094921932801
1299629096251596802
1299629103990165504
1299629112496185345
1299629116652548096
1299629120607973379
1299629131018252289
1299629165822451713
1299629170679410690
1299629172910825472
1299629177386065925
1299629184864591872
1299629187209342976
1299629189230809090
1299629205794234368
1299629218100248576
1299629230645338112
1299629232151293952
1299629338380218368
1299629339407982593
1299629341635227658
1299629355765649409
1299629360643674112
1299629367061082112
1299629393619251201
1299629394470735872
1299629395091439616
1299629412803997696
1299629417745055745
1299629452880613376
1299629456428916736
1299629497440927745
1299629506269818880
1299629525886595072
1299629527006679040
1299629530257281024
1299629532039831552
1299629562138066944
1299629562851188736
1299629569465606146
1299629575815667712
1299629592316121088
1299629600339755008
1299629601120022528
1299629614457782273
1299629618270482434
1299629625090306048
1299629637538951168
1299629637933215744
1299629645088714753
1299629646171037697
1299629649668915203
1299629665171243008
1299629680501301248
1299629711014989825
1299629725120307201
1299629735970889730
1299629765293375488
1299629771027030018
1299629776315899904
1299629789502779393
1299629791000158208
1299629799686635520
1299629813381173248
1299629816908591107
1299629821329321984
1299629836260999168
1299629837074591746
1299629847296303106
1299629859065348097
1299629868053794816
1299629868888584193
1299629876828348417
1299629890988244992
1299629903357325312
1299629904691036160
1299629908285698049
1299629910273728512
1299629914283442176
1299629921984184321
1299629925847064578
1299629948035104769
1299629952099397635
1299629954607599616
1299629958935973889
1299629978510712832
1299629981253939202
1299629981446725632
1299629988610813958
1299629993627181061
1299629998257577984
1299630001591971841
1299630003685007361
1299630010156773377
1299630020365819905
1299630021255081984
1299630024207687680
1299630024174129157
1299630036027346944
1299630074245910528
1299630084882493440
1299630089538166784
1299630092583403521
1299630102234370050
1299630111717830656
1299630112128798722
1299630117933789185
1299630130944528384
1299630140033433600
1299630140792561664
1299630149210570752
1299630153681776641
1299630158911950848
1299630161617444865
1299630162133348353
1299630171566243840
1299630172975505408
1299630173701234689
1299630212909469698
1299630215606538240
1299630220689973248
1299630232102744071
1299630238863892487
1299630250041671682
1299630256626847749
1299630271327739904
1299630271751307264
1299630275073200129
1299630303934214146
1299630310938652674
1299630311429545984
1299630317272211463
1299630337702735872
1299630350595956736
1299630352139464704
1299630360163041283
1299630371433308160
1299630375606521856
1299630379414876162
1299630385895096320
1299630397446336513
1299630403620225026
1299630417079947266
1299630425770426371
1299630436696682496
1299630439720599552
1299630454719410176
1299630485635698688
1299630502127656960
1299630514110959618
1299630537812971522
1299630539578707970
1299630559161774080
1299630563393855489
1299630565193383937
1299630565579202560
1299630566590083072
1299630567613399041
1299630569555406850
1299630572776505344
1299630575796367361
1299630578489331717
1299630584147464192
1299630589189001216
1299630592871395328
1299630609082519558
1299630622416211969
1299630626341969921
1299630650467655681
1299630658604748800
1299630660978536449
1299630676468101121
1299630679664340992
1299630693509668865
1299630695405375488
1299630699033616384
1299630710316171266
1299630716452388864
1299630729668603905
1299630734362247168
1299630735905619968
1299630743308640256
1299630752053698560
1299630756210204673
1299630759976804352
1299630769157992449
1299630779744518144
1299630782894362624
1299630790314283008
1299630795523465217
1299630801345150976
1299630810765508609
1299630821586939904
1299630827387539458
1299630830873059329
1299630848669413376
1299630852209405952
1299630857418870785
1299630869477576704
1299630878184808448
1299630880235819008
1299630882685251585
1299630883209650178
1299630892168642560
1299630900024471552
1299630903442976769
1299630908824334337
1299630914004156416
1299630931167375360
1299630947256672257
1299630958853922816
1299630964092485632
1299630966114267136
1299630976176357379
1299630986049716224
1299630997617614849
1299630998418718721
1299631015833600000
1299631037086007296
1299631044283506688
1299631051984252929
1299631079016415232
1299631090336821250
1299631095978156032
1299631102047531008
1299631115490205696
1299631123006275584
1299631136289820675
1299631137598316544
1299631139829710848
1299631156640448516
1299631170460606464
1299631192031944704
1299631194166816768
1299631197161762816
1299631213599023104
1299631217755725831
1299631242342739968
1299631255584153600
1299631257567936512
1299631263196864512
1299631265595813888
1299631269849030656
1299631292204675072
1299631298852478977
1299631308897804289
1299631315189338117
1299631320130138115
1299631320742506496
1299631336496353280
1299631349586829312
1299631352711712768
1299631354808852480
1299631377214701568
1299631382696730624
1299631389172662277
1299631392234536961
1299631393488633856
1299631394402914308
1299631396089073664
1299631397171204099
1299631411188523008
1299631411729760256
1299631411805077504
1299631439726731265
1299631467564154880
1299631471070765057
1299631471569838082
1299631471431282691
1299631482412163073
1299631486635782144
1299631494747619328
1299631496790077440
1299631499738718208
1299631502318120960
1299631511042510848
1299631525072338944
1299631530512281601
1299631532282245125
1299631533012254720
1299631533225959425
1299631536342544384
1299631546412924928
1299631550783315969
1299631553077706752
1299631574309195776
1299631577333248000
1299631603174391808
1299631630978437120
1299631639602003968
1299631643863453696
1299631647885852672
1299631649181888512
1299631662670786560
1299631662691758080
1299631664138780672
1299631673257070592
1299631677539528705
1299631681163288581
1299631710548578305
1299631723181899777
1299631739816402948
1299631769164144641
1299631779280715776
1299631796771061760
1299631800461996035
1299631802844282880
1299631815704023040
1299631829327044608
1299631830816047106
1299631834599481345
1299631837359214593
1299631837522862080
1299631852706291712
1299631856929910784
1299631874290208768
1299631878723559427
1299631879721639937
1299631886483030017
1299631888135385088
1299631893516705792
1299631913276112897
1299631927943553024
1299631933480038401
1299631935040286720
1299631962110529536
1299631966153617409
1299631970553561088
1299631978032046082
1299631987473428481
1299632001922859009
1299632025343721472
1299632041827463169
1299632052619239424
1299632060705968128
1299632063759495169
1299632069031518209
1299632079647375360
1299632083699216384
1299632086693814274
1299632095602470912
1299632101403234304
1299632109603168256
1299632146139631618
1299632168314920960
1299632175005020161
1299632178847010816
1299632191161290752
1299632192268632065
1299632197872357376
1299632201345175552
1299632204935393280
1299632212330119169
1299632219418324994
1299632224195682305
1299632230269059074
1299632230675906562
1299632233133858816
1299632257594916867
1299632270601584641
1299632272644153345
1299632274044981249
1299632274347044864
1299632288557232128
1299632290788638720
1299632327937622017
1299632332236828673
1299632342894485504
1299632343943004165
1299632365015269377
1299632371071844352
1299632397986795521
1299632398011895809
1299632398888570880
1299632409277861888
1299632414033981441
1299632416047288321
1299632435630489600
1299632437371207686
1299632454089596928
1299632476285841408
1299632476336259072
1299632477716254720
1299632480283103232
1299632480790761472
1299632490953408513
1299632492568342528
1299632496238305283
1299632522486149123
1299632531713658880
1299632533848559616
1299632535576739845
1299632556380434432
1299632556888018944
1299632561904324610
1299632571295424512
1299632576970317828
1299632611036262400
1299632617864622081
1299632630661607425
1299632666094886912
1299632674395451392
1299632674911457282
1299632679953068032
1299632680548610049
1299632681215549440
1299632681945387008
1299632691881496577
1299632693865410561
1299632694565896193
1299632732155371520
1299632738174107650
1299632749980999682
1299632756993949698
1299632762337423360
1299632762396139520
1299632764736671744
1299632773892894720
1299632780339548160
1299632790300954624
1299632798374871041
1299632814867050499
1299632821120704513
1299632827168776193
1299632835909890050
