1290150381146660865
1290150384917336073
1290150396749475840
1290150408606945280
1290150408661250050
1290150459685007360
1290150460150755328
1290150467473829897
1290150476931973120
1290150485064740866
1290150491482021890
1290150492132106240
1290150496183840769
1290150504358481921
1290150517528723457
1290150538789548032
1290150555088834560
1290150565452959745
1290150573065424899
1290150579562405894
1290150588697571328
1290150589402292225
1290150590333349889
1290150632486125568
1290150656657862656
1290150673615425536
1290150678191435776
1290150678724096001
1290150682834563072
1290150690711457792
1290150693009948672
1290150704561061889
1290150705689292800
1290150710399635456
1290150711703949317
1290150718158954499
1290150737733799936
1290150755316375557
1290150766217486336
1290150772802453504
1290150777281904640
1290150783166459904
1290150793820045313
1290150793841016832
1290150807782842369
1290150808240058368
1290150808751751168
1290150821099757569
1290150824996462592
1290150826145701888
1290150863780999169
1290150883888488448
1290150895498473472
1290150906785275904
1290150911705337856
1290150930340487169
1290150931485655041
1290150933112868864
1290150935038005249
1290150950921961473
1290150952893210624
1290150965887131648
1290150976427458560
1290150983578746881
1290151014096543744
1290151014583144448
1290151016449470466
1290151024414486528
1290151027350544389
1290151029787385857
1290151048145858562
1290151051404800001
1290151060275830786
1290151062473596928
1290151080903417857
1290151087375171590
1290151089015156738
1290151112884936707
1290151113455316992
1290151140600905728
1290151147865440258
1290151150314876928
1290151153024434185
1290151164080615424
1290151171684839425
1290151188176896000
1290151190353678336
1290151196800348160
1290151202747891716
1290151205734244352
1290151222918311936
1290151228077309953
1290151229587300352
1290151235501166592
1290151246096027648
1290151262235713536
1290151263791804416
1290151268057374720
1290151276328566786
1290151278769651712
1290151281697230848
1290151282586476544
1290151284977176578
1290151289557602304
1290151301716705281
1290151303281168385
1290151308075442178
1290151314421243904
1290151363091943427
1290151379340636162
1290151392800198656
1290151399678857216
1290151404988858368
1290151410688917504
1290151423422824448
1290151427407409152
1290151441940635648
1290151449033244673
1290151480754712576
1290151483262922759
1290151483749498882
1290151485662060546
1290151485762748419
1290151486291210241
1290151486987460608
1290151490649169920
1290151490942668801
1290151494562373635
1290151501130801155
1290151502426775552
1290151504687464448
1290151520931942400
1290151520827084801
1290151532906848261
1290151533724618752
1290151541098156034
1290151544323633152
1290151554885079041
1290151557246271488
1290151557867221005
1290151558752083969
1290151559007891456
1290151574807826432
1290151575571202049
1290151575495700480
1290151576057700352
1290151578964393987
1290151596534333440
1290151605581385728
1290151637684649984
1290151641459695616
1290151642109743104
1290151642017349632
1290151643053318144
1290151649604853760
1290151671725662208
1290151674590322688
1290151681166995456
1290151697713475584
1290151707930841088
1290151720392118275
1290151720811520000
1290151731217625088
1290151733599952897
1290151739526504448
1290151752881364993
1290151766571417600
1290151769914277889
1290151816093560832
1290151817897115650
1290151826881499136
1290151827497869313
1290151840554848257
1290151865074802688
1290151870363664384
1290151877326204929
1290151890357911552
1290151892408922113
1290151892752805890
1290151893759483905
1290151904933281792
1290151905193103365
1290151911803351042
1290151914827476992
1290151915427422208
1290151917914451969
1290151922045919232
1290151929138434050
1290151930182791168
1290151931281682434
1290151936444870658
1290151942962835456
1290151949031989248
1290151956229455873
1290151964576083968
1290151965897433090
1290151968514637824
1290151977142214656
1290152014735843328
1290152022382018560
1290152028228837376
1290152031819141120
1290152032788078594
1290152055579918338
1290152058549669889
1290152060365631489
1290152078459846656
1290152087821512709
1290152097657151488
1290152102702886912
1290152115394887681
1290152120214155266
1290152121048809472
1290152124433612802
1290152137784086528
1290152141357584384
1290152142028697601
1290152157002395648
1290152170138959877
1290152175679598592
1290152183862669312
1290152202825134081
1290152216712679425
1290152223889006592
1290152226128662528
1290152237474357248
1290152268390494208
1290152281451593728
1290152289127276545
1290152294365839362
1290152296328785920
1290152296492359680
1290152309175934976
1290152312418103297
1290152313177296896
1290152318411739136
1290152320911589376
1290152341321080832
1290152365014659073
1290152367740956672
1290152373260754945
1290152387315773441
1290152388179841025
1290152397487009792
1290152418152349698
1290152422002667520
1290152432912146432
1290152438737981440
1290152447889956864
1290152448670052354
1290152455704064002
1290152456572121088
1290152458547683328
1290152459092934656
1290152459214569472
1290152468815286273
1290152470040084480
1290152473139634177
1290152477455609856
1290152481964474369
1290152500507447296
1290152506962538496
1290152507478437889
1290152526218584064
1290152532770160640
1290152545667526656
1290152551732502528
1290152570082791424
1290152572599152641
1290152578018422784
1290152580236972037
1290152586012581888
1290152586482507776
1290152602852786178
1290152610410967040
1290152610675097601
1290152616719028226
1290152623903916034
1290152643298353153
1290152654807564288
1290152666752925699
1290152670141902848
1290152693726449665
1290152703566512128
1290152704203866113
1290152709404758016
1290152727155154944
1290152728962859009
1290152750274076672
1290152750542594048
1290152800413003776
1290152800962265088
1290152800270209034
1290152815650680833
1290152819916324864
1290152822873481217
1290152841617838080
1290152843916189698
1290152847854538753
1290152857405018112
1290152860454236160
1290152866397618177
1290152893161435136
1290152903802527744
1290152905165508608
1290152921171017730
1290152944768151553
1290152992230891520
1290152995678588929
1290153033272238081
1290153035465801728
1290153038225608705
1290153046417137664
1290153057074872320
1290153061399158784
1290153069804695553
1290153071142555648
1290153072442761218
1290153079057330177
1290153108702556160
1290153113253367809
1290153115329560578
1290153115761537026
1290153130965884931
1290153134325522432
1290153141942583299
1290153148229640192
1290153152927473664
1290153159827116033
1290153161471062016
1290153166034489346
1290153167502610433
1290153171881349122
1290153176423751680
1290153186305564675
1290153188880916481
1290153189371793408
1290153192009814023
1290153244036079616
1290153256354603010
1290153257554210816
1290153266379214848
1290153269776601088
1290153270170673152
1290153271160532992
1290153272473522182
1290153273937158145
1290153278412484608
1290153285244968960
1290153285505052672
1290153291117019136
1290153324335861760
1290153325413969920
1290153328546996224
1290153331692716034
1290153341075378177
1290153342174261248
1290153348805439489
1290153354694234112
1290153369298853892
1290153389108551680
1290153409727721477
1290153417017417728
1290153419408199681
1290153417764085760
1290153436495745024
1290153442011357184
1290153448269180929
1290153471404998658
1290153473846124544
1290153476261965824
1290153481202933761
1290153482587123713
1290153483509870597
1290153487112835073
1290153499695562752
1290153508390526984
1290153520918757379
1290153521858273287
1290153531735805952
1290153533954826240
1290153547573518340
1290153547758100480
1290153558730448896
1290153567915880450
1290153574735831041
1290153586840592384
1290153596718260224
1290153601419997184
1290153620860624897
1290153633493864448
1290153637667364864
1290153647519567872
1290153650128592896
1290153653471285248
1290153663873179648
1290153667061063681
1290153676363857920
1290153677471100928
1290153686409179138
1290153702779547649
1290153709700177921
1290153735847477249
1290153752222146561
1290153762036752384
1290153777090031618
1290153780369960963
1290153780881657863
1290153792168554496
1290153811013640193
1290153811357495296
1290153815245651968
1290153815467941888
1290153836204589056
1290153836707889159
1290153851329421314
1290153872992931840
1290153879368282113
1290153886330675200
1290153897596563457
1290153915917402113
1290153932128309248
1290153940089049089
1290153954609975296
1290153966961963008
1290153973995855873
1290153993927237632
1290153999828746240
1290154000096956416
1290154001317670913
1290154005981626368
1290154011044151298
1290154015351693312
1290154045441630210
1290154048709103616
1290154070406074368
1290154072692015106
1290154079902031873
1290154080170459136
1290154084230668288
1290154093491580928
1290154117575446529
1290154118061756418
1290154130481152000
1290154132485988353
1290154133274714112
1290154133211602946
1290154134771924994
1290154146511781889
1290154162924032007
1290154170113089536
1290154187607511040
1290154189268463616
1290154196579295233
1290154204267388930
1290154206448349186
1290154208826515457
1290154218620215297
1290154224626495490
1290154227541487616
1290154229730914304
1290154234478907392
1290154271803994113
1290154273288777728
1290154276321255424
1290154277147574272
1290154335985217537
1290154355140722692
1290154366658400256
1290154373528485889
1290154380948148224
1290154401294741505
1290154409087758336
1290154414427103233
1290154414548717568
1290154416566198274
1290154418411696128
1290154440838615041
1290154450078687232
1290154451370573824
1290154456244350976
1290154457074790400
1290154457288695808
1290154466134564866
1290154471171829761
1290154473206108162
1290154487873585153
1290154487919841280
1290154491161935873
1290154505963745280
1290154516751372289
1290154521444802561
1290154522803728385
1290154533226569728
1290154540482715649
1290154541598543878
1290154556102385664
1290154562746105863
1290154570044157952
1290154570341965824
1290154579020013568
1290154583575027712
1290154586808827906
1290154601962848256
1290154611244847104
1290154615309139969
1290154644501495813
1290154647244673024
1290154659160760323
1290154671546523649
1290154683651125250
1290154707910946818
1290154729805291520
1290154732217016321
1290154746393706496
1290154756384550912
1290154767566532608
1290154776785825799
1290154777209212928
1290154792333975552
1290154795668389888
1290154815146754050
1290154826458775553
1290154829789057025
1290154830816632832
1290154846511751169
1290154880485605376
1290154902610538496
1290154902619131904
1290154910223228929
1290154911871590401
1290154916099444736
1290154917005410305
1290154923926016000
1290154924186062848
1290154938794831877
1290154944692023296
1290154946529132545
1290154948554973184
1290154950555660289
1290154959019757569
1290154962664620032
1290154996839772160
1290154997838049281
1290155029890887680
1290155032709496833
1290155034391453696
1290155063952867328
1290155088766361601
1290155094701350912
1290155098769776641
1290155126557011968
1290155127920185345
1290155130591952896
1290155144294862848
1290155147516153858
1290155153438343170
1290155155573182465
1290155158014267394
1290155160837136386
1290155163622096898
1290155169183698944
1290155186569134080
1290155199139463170
1290155208819924992
1290155217267245056
1290155217409867776
1290155218575867904
1290155227534958593
1290155234333822977
1290155238360375298
1290155259013160960
1290155265531117571
1290155270211956736
1290155285433049089
1290155295037984768
1290155300922695680
1290155303321784321
1290155309437259777
1290155324444303367
1290155329292914689
1290155330362421251
1290155330903531520
1290155339405352960
1290155355251474435
1290155366190219264
1290155381658808323
1290155383756070912
1290155387983978497
1290155389359546368
1290155389334380545
1290155395386769408
1290155403003666433
1290155404614197249
1290155409659949058
1290155413925634048
1290155424952459265
1290155471010066432
1290155472817811456
1290155484360536065
1290155522277031937
1290155527008182273
1290155527503089664
1290155529919016967
1290155530665594882
1290155545161109510
1290155548109729794
1290155555571429376
1290155560814260225
1290155561720324097
1290155563137945600
1290155575058132994
1290155580439449603
1290155583870443522
1290155588257636353
1290155602803482624
1290155605588508672
1290155615524814849
1290155618246864901
1290155624215371777
1290155637129715712
1290155639759441920
1290155646554234880
1290155658839392256
1290155687071236096
1290155689613103104
1290155693530464256
1290155703500288000
1290155735272194048
1290155740322136064
1290155754654011392
1290155779249471489
1290155794122412032
1290155800628011008
1290155810375364615
1290155833486004225
1290155850057670656
1290155858798637061
1290155859465498624
1290155873080233986
1290155874829254656
1290155875856814080
1290155879480795136
1290155887823216642
1290155891811971072
1290155902939496449
1290155904919195649
1290155905871310848
1290155908333363206
1290155911139360769
1290155914327023616
1290155936091213824
1290155936057761793
1290155936191930368
1290155953057222657
1290155958627233792
1290155962565660673
1290155965216518144
1290155978969583616
1290155986372632576
1290155992856973312
1290155993075077120
1290155993326694402
1290155994404675585
1290156000188813312
1290156010661789699
1290156013014802432
1290156026746953728
1290156034443493378
1290156045252231168
1290156059424776192
1290156062792966145
1290156068639653888
1290156087681773573
1290156091456667648
1290156101376208896
1290156107952881666
1290156113384464386
1290156117373353985
1290156123052335107
1290156130165854212
1290156131491278848
1290156141729603590
1290156150197850112
1290156181072179202
1290156195970338816
1290156200357695488
1290156205135011841
1290156215536779264
1290156230976004099
1290156246352277507
1290156254069952512
1290156256812916736
1290156272197615617
1290156276840833029
1290156277004414976
1290156297413775360
1290156301410942976
1290156313775767552
1290156318649507841
1290156320318865413
1290156334306832385
1290156336320147456
1290156337360285697
1290156355383259136
1290156360437338112
1290156362366767105
1290156370788941824
1290156388035907589
1290156392226070529
1290156403328335874
1290156406276988928
1290156428099952640
1290156432399065089
1290156436593364993
1290156443719540736
1290156458605031424
1290156461457383425
1290156474648260609
1290156487604486144
1290156491492605952
1290156496374792193
1290156508387217410
1290156508412444675
1290156508643090432
1290156513755987970
1290156514888413184
1290156533829873665
1290156544449896449
1290156565052428289
1290156583691804672
1290156584065261568
1290156592235569153
1290156627350282241
1290156628482781184
1290156640918855682
1290156674091634688
1290156692382969856
1290156720946384897
1290156730060386304
1290156734556725251
1290156736582529026
1290156737106857984
1290156743142420481
1290156760557207553
1290156762876715008
1290156771072344065
1290156779330916357
1290156794975645696
1290156797831966720
1290156827036983296
1290156829402521600
1290156835840770048
1290156845059829760
1290156847387873282
1290156856913010688
1290156868610830338
1290156869873524736
1290156875707584512
1290156886700875776
1290156900068335616
1290156900462419968
1290156901548740609
1290156901494214656
1290156932460732417
1290156940392243202
1290156949665796096
1290156991684308992
1290157010336374784
1290157024634761216
1290157027319148545
1290157050555580421
1290157053961318402
1290157056448589827
1290157082453463041
1290157087582871553
1290157094981603331
1290157120835293186
1290157121489649664
1290157125407186944
1290157127244214272
1290157128640954370
1290157137012957185
1290157141752295424
1290157147389489152
1290157151739027457
1290157152623984640
1290157160437911553
1290157190309752837
1290157209565794304
1290157214032773121
1290157215764996096
1290157236774268935
1290157246660239360
1290157252603572224
1290157257074700289
1290157270819454982
1290157281250746368
1290157282123116544
1290157291640107014
1290157319641169921
1290157321247629312
1290157329292247040
1290157340331655169
1290157342563037184
1290157354508365825
1290157359365369857
1290157367129018368
1290157368563597312
1290157384912916480
1290157385756024832
1290157390772318208
1290157402671570944
1290157418874195969
1290157419692138496
1290157443578699776
1290157450981789700
1290157447068430336
1290157454026616832
1290157459873529857
1290157475052879872
1290157516148506624
1290157517264179200
1290157519755649026
1290157521353601024
1290157522926460929
1290157523530444802
1290157523740135426
1290157541662453760
1290157545319956480
1290157550126551042
1290157555293933569
1290157597970976768
1290157600760184832
1290157614769332224
1290157654028029952
1290157654367539201
1290157682855305216
1290157699208843265
1290157714270646272
1290157735481413632
1290157736374595584
1290157743978852352
1290157758793150464
1290157759753682944
1290157767890616322
1290157770050682880
1290157770646237184
1290157774370770944
1290157813130354688
1290157822865371142
1290157828259250181
1290157836777881600
1290157847154655232
1290157851260772352
1290157861641711618
1290157877206761476
1290157911767838720
1290157919632203776
1290157924002668549
1290157926724722689
1290157932319895558
1290157939857043457
1290157941748666368
1290157944596623360
1290157946253398021
1290157946748329986
1290157964242890752
1290157972388114432
1290157980520812544
1290157983221993474
1290157983444344833
1290157997616820225
1290158012389187590
1290158016910696449
1290158024976293888
1290158026855452672
1290158030902837248
1290158035210399745
1290158038091882504
1290158044580417536
1290158070631301120
1290158097072156672
1290158111055962112
1290158120077934595
1290158121071984640
1290158125350137856
1290158160385171456
1290158160590671872
1290158162683674624
1290158164323659783
1290158171500109826
1290158190433247232
1290158198188580866
1290158213325656064
1290158214684712960
1290158215422808070
1290158215716577281
1290158222200823808
1290158224037957633
1290158232850243588
1290158262709436416
1290158273631461377
1290158275028123648
1290158275149860864
1290158277720850433
1290158291679498240
1290158297136472064
1290158303985590273
1290158305466150912
1290158312197992448
1290158322771886081
1290158330489352192
1290158332750098432
1290158334050365440
1290158340274663424
1290158345530171392
1290158349242077186
1290158349795786752
1290158354627563520
1290158372684103680
1290158381660090368
1290158407903784960
1290158420734214144
1290158421803765760
1290158428120260609
1290158433484734464
1290158437314072577
1290158465298685952
1290158471774576640
1290158472512774145
1290158474404302849
1290158495929470976
1290158505047990272
1290158505270210560
1290158512996196353
1290158513747099648
1290158524866076672
1290158542268186624
1290158545464430596
1290158555983560704
1290158560769216516
1290158569136852992
1290158582328000516
1290158588569120768
1290158589546385409
1290158595342872576
1290158604247416833
1290158605237272577
1290158633137963008
1290158638640709632
1290158657435398146
1290158658261618688
1290158667577221121
1290158676653871105
1290158680348848130
1290158686535467008
1290158690029285376
1290158702985584642
1290158706672328704
1290158708102635520
1290158708706512898
1290158727895556096
1290158731834007552
1290158736284082177
1290158742370058244
1290158748032315392
1290158748745392130
1290158757150781441
1290158759419899904
1290158771843604480
1290158777606447104
1290158787005788160
1290158789836943360
1290158792701882369
1290158796891815936
1290158796480770050
1290158798573731848
1290158812863688705
1290158838981652480
1290158894673563649
1290158901640355843
1290158912566484992
1290158918774136834
1290158923077435392
1290158928391675904
1290158951674200064
1290158951980384257
1290158973237129216
1290158976579956736
1290158984138240000
1290158986843414528
1290158994217041921
1290158995328524288
1290159012999200769
1290159028572569600
1290159031412121600
1290159033677094913
1290159036583747584
1290159041142861824
1290159041470009344
1290159045706256384
1290159048231329804
1290159067734765568
1290159074537922565
1290159079864729601
1290159113213751297
1290159140870922240
1290159145170083840
1290159152916914177
1290159164845506560
1290159171363655681
1290159184504217600
1290159190284140546
1290159199024844801
1290159201365319680
1290159201684086784
1290159238673649664
1290159239344709639
1290159246030643202
1290159250908446720
1290159271322112000
1290159276703375362
1290159281908506626
1290159289693171713
1290159289974153217
1290159291412832259
1290159292314562563
1290159294189428736
1290159297893027843
1290159300325736448
1290159306311163904
1290159308793974784
1290159309288951809
1290159336468017152
1290159337571115008
1290159349331972096
1290159350531502081
1290159354721705984
1290159358324555776
1290159363940708354
1290159406034739200
1290159427211976704
1290159430009384960
1290159430344966144
1290159448741175296
1290159449173184512
1290159460002873346
1290159467435237376
1290159469754646530
1290159476780068866
1290159496895926273
1290159499936845824
1290159501392322560
1290159501304385536
1290159514130321409
1290159524590964736
1290159547638779904
1290159569893756928
1290159570413744128
1290159570891886592
1290159586591166464
1290159587052515329
1290159597920034819
1290159605679443975
1290159606803570689
1290159614697148416
1290159619931811841
1290159621991104513
1290159623819993088
1290159623970762752
1290159636843081728
1290159639708008449
1290159657109950464
1290159660767383552
1290159671982972928
1290159677788102656
1290159683844546561
1290159684025036807
1290159688236113920
1290159691847184384
1290159724990799872
1290159727326842887
1290159755592310785
1290159759459418114
1290159765977325568
1290159771111194626
1290159773942349824
1290159775200587776
1290159783933140992
1290159786701361153
1290159802014928896
1290159811821150208
1290159816069926915
1290159821858119681
1290159831240699905
1290159833786642432
1290159843769122817
1290159853214654464
1290159864216342528
1290159867089391621
1290159886404186113
1290159892041363456
1290159898865664006
1290159907447037953
1290159921216884736
1290159940200304640
1290159964346957824
1290159972672626688
1290159975344607232
1290159975570890757
1290159983510740992
1290159985083596801
1290159985150713856
1290159990284509184
1290159996034932737
1290160004142571523
1290160007195947008
1290160009498595328
1290160026489823232
1290160031124471810
1290160042822385666
1290160061512183814
1290160066960605185
1290160077513486337
1290160090226601984
1290160093300850688
1290160094877900805
1290160094852784128
1290160101064491008
1290160132706275328
1290160135109636096
1290160155267457025
1290160158346108928
1290160159235301377
1290160168743788547
1290160173206523905
1290160180408119296
1290160193720918016
1290160202717655040
1290160203908997121
1290160213090172929
1290160213773832193
1290160219679580160
1290160219801022467
1290160226474237954
1290160241821151232
1290160253112287232
1290160254207098881
1290160256010448897
1290160291620065281
1290160300381990912
1290160314554572801
1290160348457205760
1290160348469669890
1290160371534303232
1290160374067499012
1290160374126219268
1290160385513807873
1290160387183304706
1290160392375681025
1290160394531737602
1290160409287237634
1290160411124224001
1290160413095559168
1290160416476336128
1290160420544602112
1290160422482579457
1290160422742458369
1290160424789278721
1290160429902094336
1290160443974021120
1290160447652429824
1290160454573133824
1290160467545997312
1290160471543132160
1290160476505006081
1290160492036595714
1290160492778942465
1290160492791635968
1290160495488413697
1290160502585225216
1290160502966894597
1290160523191836673
1290160525679050755
1290160538899513344
1290160552371556352
1290160553059442690
1290160557140537344
1290160562060406784
1290160564233072640
1290160583157772288
1290160588253872128
1290160605966426112
1290160619509882887
1290160643434262535
1290160651348766720
1290160661222178816
1290160663424143360
1290160665869479936
1290160669841485824
1290160671640834048
1290160674568634368
1290160683540193282
1290160686270619657
1290160703572041730
1290160703588798464
1290160705493069824
1290160706575151105
1290160713294581761
1290160714108162049
1290160721959952384
1290160735394267137
1290160736241463297
1290160757598908417
1290160761591877632
1290160775219171328
1290160780537544704
1290160801542803456
1290160803388116998
1290160804008869891
1290160804453421057
1290160804696739843
1290160807334961152
1290160812468785158
1290160816159780864
1290160821931094017
1290160828218372097
1290160842605047808
1290160844882337792
1290160850137829376
1290160878046687233
1290160878793433088
1290160887894958080
1290160889300099073
1290160894127702016
1290160895365009408
1290160904445636608
1290160912305815554
1290160919352209410
1290160937362550784
1290160951392575493
1290160957537361920
1290160958313123840
1290160966051586048
1290160971139358721
1290160972514988032
1290160986268164098
1290161000583372807
1290161008292450304
1290161015078838272
1290161015502417920
1290161020703408129
1290161030207766529
1290161037807742976
1290161056375910400
1290161063288168450
1290161068455546880
1290161072788262914
1290161074726039552
1290161091763347456
1290161102727163905
1290161110776049664
1290161113888423938
1290161133647667200
1290161134557777920
1290161135170142215
1290161147409203201
1290161149481279489
1290161153247567872
1290161161233551361
1290161161313202176
1290161164786139137
1290161172252000256
1290161178920939521
1290161192628084736
1290161225037303808
1290161247996936194
1290161267659874305
1290161268175900672
1290161270285508610
1290161278229479424
1290161280184016896
1290161280628609026
1290161283090624512
1290161292460711936
1290161297825439745
1290161299062546432
1290161299335208961
1290161303315611648
1290161306083815424
1290161306813816833
1290161311012143110
1290161318356373505
1290161320940068864
1290161321338523649
1290161322571644928
1290161325071450112
1290161339369836544
1290161342708502535
1290161348119126017
1290161349474111493
1290161355568242692
1290161359603154944
1290161364334305280
1290161366154674176
1290161378141978629
1290161381673562115
1290161385129705473
1290161386123796480
1290161386765484034
1290161386958532608
1290161394554253315
1290161403286806529
1290161405987938304
1290161416368820224
1290161418637946880
1290161422861623303
1290161444088983552
1290161451055771649
1290161473348440065
1290161481065967617
1290161490880688128
1290161493263097856
1290161501433499648
1290161536711839744
1290161549307338752
1290161550586597376
1290161557167472641
1290161566571098112
1290161585797730305
1290161599362154497
1290161599748149248
1290161622632153089
1290161628277694465
1290161634820812801
1290161643033251840
1290161663228837891
1290161670627536897
1290161680173813761
1290161681444696065
1290161684317782018
1290161688952504321
1290161691506823169
1290161692609933313
1290161698809282560
1290161700176461824
1290161708124606465
1290161709500346368
1290161719600230400
1290161736457154560
1290161739972059141
1290161740194492416
1290161760121454592
1290161765347516416
1290161767428038656
1290161771844644864
1290161797303898117
1290161806007099394
1290161815280734210
1290161832141844480
1290161858469486592
1290161859140624386
1290161864983244800
1290161906133553152
1290161913079435264
1290161919530172416
1290161919865757697
1290161971640205313
1290161988685819905
1290162043195023362
1290162045904547840
1290162048001744896
1290162049176109057
1290162065760387072
1290162080813920256
1290162089172951040
1290162092901666816
1290162094977908736
1290162098803113984
1290162114024243200
1290162114758234114
1290162116813438977
1290162123054518272
1290162126418374657
1290162133494243328
1290162135767453697
1290162137180995588
1290162141685743616
1290162170487926784
1290162176150315009
1290162184207491072
1290162188338921472
1290162194424897539
1290162217522827264
1290162220156870656
1290162220492447744
1290162227228495873
1290162229132718080
1290162232404217856
1290162216428158976
1290162237189967873
1290162240977399808
1290162256425046017
1290162257410719745
1290162264222216193
1290162265572823043
1290162265660903424
1290162265895796738
1290162273474895874
1290162290080329728
1290162293485969408
1290162302042267649
1290162310359605248
1290162320333709318
1290162321491279872
1290162336909729792
1290162338889252864
1290162341070491648
1290162342471380993
1290162346841628672
1290162349614088196
1290162351623176195
1290162417205272576
1290162418262265857
1290162420598493184
1290162437971419138
1290162442945933312
1290162443486785536
1290162452001300481
1290162454790418433
1290162458867322880
1290162470942720000
1290162476441464836
1290162480648339456
1290162473958481920
1290162495752036352
1290162496255324161
1290162500864897024
1290162502118993920
1290162478546948097
1290162491981312000
1290162523833081856
1290162533559496705
1290162554988384256
1290162562344996864
1290162572231151616
1290162572591689728
1290162579990437889
1290162584503685120
1290162588840366081
1290162594905378816
1290162611145695232
1290162613377101831
1290162616640274432
1290162619496595457
1290162619983241217
1290162636512870402
1290162648797949952
1290162651931111424
1290162658079997953
1290162658830774273
1290162664488878086
1290162676874612737
1290162686672531456
1290162702090813441
1290162707371405312
1290162709049139200
1290162709577658368
1290162710001250304
1290162735066411008
1290162740221210624
1290162743287271424
1290162800539480064
1290162804121464833
1290162813332107266
1290162825889890309
1290162828138094593
1290162842428030976
1290162856286011392
1290162865895141376
1290162879174307843
1290162899508289536
1290162915941715968
1290162920995688450
1290162932320354305
1290162934027448320
1290162934291640322
1290162960996818944
1290162972589846528
1290162986842230784
1290162987139870721
1290162994735808512
1290163004554674176
1290163005557075968
1290163009470382081
1290163020732088321
1290163040269213696
1290163040244183040
1290163057210007553
1290163062310408192
1290163068987736065
1290163073001504770
1290163073001517056
1290163083978002440
1290163098712645632
1290163110913835009
1290163114239901697
1290163119277215744
1290163120690696193
1290163137371492352
1290163140034887680
1290163154182266880
1290163159039262722
1290163174075817984
1290163177460600832
1290163180400865280
1290163181726216195
1290163191922614274
1290163217268764676
1290163248411500544
1290163250844205056
1290163252115234816
1290163266040168448
1290163275632525314
1290163284931485696
1290163285564641281
1290163286491762688
1290163291390537730
1290163301356199939
1290163302140538885
1290163330473062400
1290163332477943811
1290163333534949377
1290163341252427777
1290163341764071425
1290163343693451265
1290163355601125376
1290163377629589505
1290163379877945344
1290163384936275968
1290163385456185344
1290163391688871937
1290163398890491907
1290163400224301059
1290163401080090625
1290163402841546752
1290163408134901761
1290163411414732801
1290163426073776128
1290163433556439042
1290163444113498112
1290163444117680128
1290163445271207937
1290163445489270784
1290163450371481600
1290163454209269766
1290163460928487426
1290163468960583680
1290163498698199041
1290163507615293440
1290163515529953280
1290163531325698050
1290163540645404672
1290163549348614146
1290163554662756352
1290163565203054592
1290163570538242048
1290163582508756992
1290163587378380801
1290163587831357442
1290163609201451009
1290163621071224833
1290163642420215808
1290163645410762754
1290163647159795713
1290163660824903686
1290163663660343296
1290163673546158080
1290163680873574400
1290163688939245568
1290163694433742848
1290163722132971520
1290163733386481664
1290163739900051456
1290163746304749569
1290163750402588672
1290163752394878977
1290163752902385664
1290163768547131392
1290163769704734720
1290163780337504256
1290163782757412864
1290163783776649216
1290163786490552322
1290163805964533760
1290163821571497985
1290163825954627584
1290163829884645377
1290163832174686208
1290163832506081280
1290163844313227264
1290163866056323088
1290163878274281473
1290163880501612544
1290163889636651010
1290163891436060677
1290163893684391936
1290163903788232704
1290163903830212610
1290163911828705281
1290163914169176070
1290163919693074432
1290163928865988610
1290163937615388674
1290163948075982854
1290163951163015169
1290163958037413888
1290163977129844737
1290163981030756358
1290163993823162368
1290163994070679552
1290163994116775936
1290164001792389121
1290164024127062017
1290164033442594817
1290164045727666177
1290164052371464192
1290164058625212416
1290164068792164353
1290164071631732736
1290164077038202882
1290164086861262850
1290164087586828288
1290164089277186048
1290164092502605825
1290164108248014848
1290164115969683456
1290164117513240576
1290164148643364864
1290164190187929600
1290164190234238977
1290164224157560832
1290164250514558977
1290164262728429568
1290164290586988544
1290164306869227522
1290164332110606342
1290164334820114432
1290164337785487361
1290164337269604353
1290164353635766272
1290164359088414721
1290164368080953344
1290164371038011392
1290164384661041153
1290164386250633217
1290164411626389504
1290164414780280832
1290164415141015558
1290164420895625217
1290164425052188672
1290164426641793024
1290164427551956992
1290164432258117633
1290164432253800449
1290164433453330434
1290164433956687872
1290164437995761664
1290164442848571392
1290164467045728257
1290164476080082945
1290164479938850817
1290164480543010817
1290164482023587840
1290164496942563329
1290164516374765569
1290164517976989696
1290164521441476610
1290164523861569537
1290164524696268802
1290164529930723328
1290164540819116034
1290164552911396864
1290164565867507712
1290164584821784577
1290164595861024775
1290164628673179648
1290164646150889472
1290164648818302976
1290164650760384512
1290164668820942848
1290164670913888256
1290164671404597255
1290164679491219457
1290164704698961921
1290164709832814596
1290164718846349312
1290164724114452480
1290164730607280128
1290164735032213505
1290164737691406338
1290164741189431299
1290164749452247040
1290164763775754240
1290164777495351296
1290164779575676928
1290164791386845186
1290164799519612928
1290164801218387968
1290164811871825920
1290164851235381249
1290164851730288640
1290164859179474945
1290164859221340169
1290164866574057473
1290164876510363648
1290164883808350208
1290164925764050944
1290164932999184384
1290164935708745729
1290164946441867264
1290164956378275840
1290164989639065602
1290164996605804545
1290165009159319552
1290165019145932800
1290165023445118978
1290165030776782853
1290165039165579264
1290165049156227072
1290165069804756992
1290165097793380352
1290165104684740609
1290165139002363905
1290165151467884546
1290165162096250881
1290165166676426752
1290165184149913600
1290165190034563073
1290165194677727232
1290165197508812801
1290165198033047552
1290165203032662017
1290165208401371137
1290165209131180032
1290165225707065345
1290165232053051393
1290165234682847233
1290165236809363456
1290165256178868229
1290165261148909568
1290165268824461312
1290165284842741761
1290165295756136448
1290165296657887232
1290165300399284224
1290165302118948865
1290165307739316225
1290165313221189632
1290165318044745729
1290165337753653248
1290165365696151552
1290165367579398144
1290165384633622528
1290165385417768961
1290165407580672000
1290165413960011776
1290165434583375872
1290165441185247237
1290165446302343169
1290165472533417986
