1292098215010095104
1292098231984250886
1292098242742804481
1292098269628248066
1292098286279630849
1292098286262902785
1292098289387614209
1292098289115049986
1292098288859189249
1292098293317730305
1292098298233454593
1292098315337846785
1292098319704096768
1292098365140811776
1292098374217478145
1292098382606012417
1292098391762239488
1292098396224978947
1292098407859920896
1292098412121411586
1292098412431708161
1292098415929761792
1292098419486580737
1292098442014097410
1292098453997223938
1292098470312988674
1292098474977050624
1292098490659672064
1292098476612952066
1292098499505467392
1292098499685814278
1292098502441476096
1292098512637894656
1292098527674466310
1292098532455849991
1292098549820174344
1292098550088818688
1292098555759517697
1292098558183845888
1292098562923171840
1292098566849040385
1292098583974551557
1292098595123007488
1292098617101160448
1292098634788429824
1292098645467082757
1292098658750668801
1292098683706707972
1292098691512373248
1292098695782174721
1292098704309211136
1292098721883271169
1292098733715279873
1292098734252101632
1292098735325970437
1292098738119413760
1292098742586355712
1292098745727885312
1292098751104868357
1292098758969307136
1292098766669938693
1292098768523984896
1292098776673456128
1292098781509558273
1292098785171181568
1292098787964526593
1292098810374582272
1292098813814087685
1292098813709221889
1292098818520088582
1292098818868236289
1292098832285741056
1292098848328802305
1292098852942524416
1292098872114925569
1292098897796575233
1292098905551798272
1292098909154803712
1292098931237834753
1292098947155202049
1292098953811386370
1292098962783117312
1292098974573146113
1292098982915833857
1292098986900242433
1292098988183818245
1292098994991173635
1292098994982670343
1292099010082353156
1292099014406467586
1292099014800752646
1292099031875891201
1292099032744185864
1292099056043524096
1292099060334129152
1292099074900934657
1292099079015665666
1292099082098544643
1292099091367854081
1292099118970679296
1292099119331381248
1292099128189571073
1292099137886986241
1292099158124486663
1292099164961157122
1292099190680674307
1292099200151248896
1292099200738643971
1292099204962287617
1292099208351297537
1292099219155755009
1292099219357159424
1292099230677364736
1292099235534577667
1292099240626356226
1292099246943096838
1292099249895809026
1292099263522996224
1292099275875393537
1292099292346355712
1292099309354332161
1292099309496864768
1292099312864944134
1292099329285488642
1292099334280904705
1292099344431296512
1292099346759143426
1292099351980974081
1292099354359214080
1292099375121027073
1292099375259365381
1292099381559267335
1292099391755554816
1292099401003999233
1292099409367506944
1292099434290061312
1292099438614282240
1292099445815836673
1292099451939467265
1292099455806844930
1292099463222362112
1292099469572358153
1292099492725088256
1292099501700702209
1292099523792326657
1292099527617335296
1292099534328418306
1292099538799349760
1292099539718021126
1292099553097920516
1292099569191284736
1292099582609043456
1292099589672022016
1292099593614831618
1292099597494624265
1292099598954225664
1292099601910992896
1292099623000080384
1292099636878913536
1292099639378882561
1292099643719983104
1292099668646572032
1292099678239174657
1292099678805295104
1292099700582232065
1292099753069760514
1292099758912307200
1292099765036081154
1292099779594354689
1292099800347877378
1292099800473702400
1292099800779747329
1292099801039941632
1292099803476889600
1292099824410492929
1292099824557461504
1292099837169729536
1292099850893328385
1292099896087121921
1292099898222022656
1292099908560916480
1292099913711521798
1292099917758861313
1292099918379847684
1292099918593765377
1292099939430998019
1292099946888302593
1292099963380359169
1292099967843209223
1292099971647524864
1292099972582662145
1292099974822612994
1292099976705658881
1292100010088308736
1292100016862113792
1292100036285751300
1292100039750410241
1292100048776572929
1292100060281548801
1292100067009208320
1292100076903505920
1292100082175746048
1292100090774073344
1292100105588428806
1292100112391401472
1292100114656440324
1292100123506466816
1292100126966677506
1292100136282226690
1292100151444676609
1292100155022479367
1292100157136306176
1292100165181083655
1292100167613677568
1292100172407865347
1292100177596211201
1292100204599169025
1292100216318033922
1292100248727412738
1292100253194358784
1292100260920201216
1292100261201100800
1292100264015560705
1292100267173769217
1292100283284291588
1292100286245482497
1292100293308555264
1292100293333790720
1292100306596179974
1292100307426525184
1292100320772800512
1292100327840403456
1292100341857579008
1292100377987420163
1292100378062921728
1292100400762544134
1292100404629647361
1292100409289576449
1292100412766474241
1292100423868919810
1292100453929377796
1292100457473679365
1292100466503897089
1292100466927689729
1292100476847226881
1292100489681801216
1292100493250924545
1292100493288800256
1292100495843229696
1292100495843024897
1292100499718774785
1292100500205309953
1292100504466542593
1292100513639665666
1292100518630883328
1292100520287416320
1292100531025059841
1292100537635278848
1292100539107422208
1292100541099544576
1292100549874200577
1292100556408926210
1292100558082519040
1292100570870878208
1292100589246197762
1292100591531905025
1292100600906289154
1292100601233383424
1292100609261412352
1292100622984990721
1292100626059534336
1292100646729113600
1292100647559495681
1292100702639206403
1292100704664870918
1292100721022767104
1292100721366700032
1292100731340591107
1292100736537563137
1292100747736350720
1292100772642148352
1292100773522923522
1292100790207668224
1292100822692749312
1292100826442473474
1292100828250038280
1292100828602535938
1292100860567224321
1292100872571424768
1292100873334784000
1292100885854801921
1292100887536492544
1292100890619334660
1292100894654263296
1292100907396739073
1292100914099228672
1292100914401218560
1292100918805028864
1292100924509433856
1292100935934763008
1292100945933893633
1292100953039147009
1292100958256848896
1292100967463358465
1292100973775794176
1292100974803206144
1292100981673431040
1292100990783692800
1292101003655950336
1292101008978370560
1292101010677215234
1292101029928955905
1292101040670728194
1292101041199046657
1292101053647933441
1292101055308861440
1292101063722577920
1292101066461458432
1292101073721843714
1292101083674955782
1292101087588212736
1292101088573759488
1292101091757305857
1292101095343427584
1292101107108311043
1292101107880255490
1292101113139929089
1292101126481944576
1292101146195030018
1292101153342201858
1292101165979762688
1292101166541819905
1292101171449155585
1292101171834847234
1292101189169844226
1292101205506875392
1292101208497242112
1292101212960161794
1292101222569320448
1292101251644239873
1292101255591071746
1292101262964662273
1292101263728009216
1292101266433347584
1292101267666268161
1292101273442029568
1292101288814051328
1292101308879691782
1292101326084743168
1292101330568466432
1292101346770837506
1292101355629314049
1292101356157906944
1292101360025034754
1292101367952052224
1292101369336180739
1292101383999586305
1292101384465272832
1292101390005747717
1292101392698454016
1292101394187640834
1292101394745430017
1292101416639778816
1292101417868509189
1292101426668285952
1292101436050997249
1292101440006168577
1292101468955320321
1292101472331628544
1292101482292981761
1292101495324696576
1292101501918351362
1292101547950854150
1292101557576708096
1292101562127593472
1292101566724481027
1292101573372342277
1292101583057096705
1292101596130795520
1292101602246000648
1292101603055542274
1292101603395284996
1292101606658330625
1292101607245647873
1292101612958253057
1292101624064888835
1292101652628021248
1292101662211940354
1292101677701619716
1292101678464815105
1292101699260289028
1292101700275195906
1292101713395093505
1292101716343750656
1292101757418393603
1292101779237351425
1292101780403359744
1292101782404050945
1292101789349810176
1292101821750603776
1292101825835958272
1292101866306895875
1292101879992852481
1292101884686118912
1292101898187821060
1292101908589551616
1292101926218342402
1292101933495398405
1292101934082555906
1292101959672004608
1292101960259100672
1292101963169972225
1292101963652399104
1292101967070793728
1292101977598500865
1292101979481677825
1292101982380011528
1292101984644997120
1292101994707070976
1292102023110955009
1292102032724197378
1292102044573147136
1292102046900867072
1292102060737998850
1292102075942305792
1292102077582381056
1292102089796136967
1292102093587832836
1292102118111838208
1292102120217305089
1292102136092938246
1292102140593233921
1292102141507710983
1292102149447528450
1292102157660037120
1292102160281370632
1292102161258569731
1292102171769495553
1292102186164531206
1292102218884161537
1292102223678312448
1292102224139755521
1292102232771448834
1292102237343358976
1292102250698088448
1292102258847604737
1292102270264516608
1292102280121122816
1292102285665894401
1292102300853387265
1292102323800551424
1292102325146771460
1292102337654390784
1292102344931454977
1292102362484494336
1292102362690129920
1292102363604488192
1292102366573936643
1292102379228127235
1292102381245734919
1292102383087091712
1292102384479600640
1292102405195104256
1292102417702703104
1292102418101161984
1292102424245817345
1292102425701003265
1292102437235564544
1292102443476480001
1292102458039312384
1292102462913032193
1292102467031830531
1292102470781538305
1292102476125163524
1292102476913467392
1292102491807440896
1292102509063024644
1292102512342978564
1292102546002149376
1292102547373805569
1292102554596171782
1292102555821121537
1292102564482351104
1292102575035121664
1292102602058956802
1292102626025193478
1292102651036012544
1292102652407537674
1292102675862097920
1292102681935450112
1292102684762398720
1292102685211099138
1292102688986013697
1292102693482147841
1292102694015049730
1292102694274916352
1292102701418008576
1292102710183985154
1292102726826958850
1292102736503279626
1292102755952275456
1292102757818736641
1292102761379762176
1292102762822430720
1292102772255588352
1292102767960612871
1292102780543553538
1292102798725783553
1292102807651258368
1292102810524422146
1292102814265679872
1292102836335964160
1292102841285345280
1292102878652399616
1292102884138586112
1292102887217061888
1292102911141515264
1292102916069888000
1292102925007945728
1292102944201101313
1292102963624906754
1292102974832025600
1292102984743043075
1292103004397678592
1292103011305750533
1292103017823719424
1292103029727141888
1292103030796623879
1292103038941958146
1292103050920894465
1292103057854074881
1292103059577987072
1292103070009229313
1292103079572189185
1292103084504571905
1292103091228221440
1292103091823816704
1292103092457152513
1292103092494905344
1292103097112842240
1292103116763136001
1292103120294682624
1292103149843623942
1292103155111661580
1292103155837046784
1292103166528430083
1292103189760802817
1292103195636969473
1292103207011913730
1292103213794156544
1292103214469230594
1292103217124270081
1292103222300160001
1292103223080185861
1292103228071350275
1292103235998752770
1292103246530727937
1292103251731644417
1292103255938523136
1292103256886444036
1292103259801284611
1292103263169531912
1292103280756129792
1292103291027910658
1292103291653050368
1292103298858856449
1292103301073440771
1292103301467475973
1292103309839544321
1292103315539374080
1292103315673829377
1292103330630529024
1292103339111399424
1292103359705395200
1292103363862110208
1292103365753622528
1292103376428179457
1292103380400128000
1292103382304321536
1292103388872585216
1292103394136481794
1292103401745113088
1292103426961219584
1292103444258369537
1292103447714635776
1292103464722608128
1292103477842321409
1292103487980015616
1292103487891832833
1292103512529211396
1292103524856168460
1292103534125735937
1292103540345835520
1292103546872172547
1292103565247418369
1292103565402681349
1292103571127795712
1292103591554146304
1292103595610038274
1292103603100975106
1292103608327077889
1292103613502939137
1292103617239949312
1292103625624305674
1292103628518498305
1292103649162911746
1292103653625602051
1292103661552840705
1292103670713049095
1292103671392550913
1292103675209371648
1292103678518792192
1292103680078917632
1292103682515927040
1292103688962691077
1292103695186919424
1292103736723111939
1292103747837915136
1292103762971164674
1292103764451774464
1292103766494154753
1292103804997922816
1292103805597650944
1292103809129316353
1292103809381150720
1292103816784031744
1292103834022674433
1292103847431811074
1292103876011851777
1292103885406887936
1292103893829267456
1292103899105591296
1292103905904656385
1292103915044065280
1292103919271739392
1292103919737470981
1292103923906547712
1292103924250488833
1292103935092826114
1292103959818039297
1292103964796674049
1292103981229961218
1292103999416664065
1292104005326446592
1292104014234972160
1292104024230166529
1292104039098982403
1292104039614865409
1292104039891533824
1292104061521731584
1292104069520035841
1292104078382837760
1292104081822056448
1292104114718101506
1292104115779248131
1292104137279016961
1292104137316937729
1292104146481364992
1292104156371705858
1292104162163822598
1292104165011980288
1292104177922039808
1292104183693414401
1292104186885296128
1292104186298081280
1292104190228156419
1292104190769209345
1292104208871763968
1292104211434545154
1292104215054049280
1292104227905400834
1292104236164100097
1292104250068283392
1292104254547787778
1292104254744911872
1292104254786883587
1292104266480603136
1292104341445378048
1292104342464495616
1292104346402947072
1292104354003070977
1292104354967834624
1292104361880047616
1292104362240745481
1292104363570130944
1292104366443429888
1292104380293042182
1292104397221109761
1292104404263264257
1292104410202546177
1292104410554867712
1292104410928226305
1292104421854326785
1292104424769429505
1292104437624909826
1292104442553274369
1292104445736751109
1292104465428905985
1292104473737703424
1292104485393838080
1292104492599705609
1292104504989700097
1292104507493462018
1292104547272404992
1292104556344758273
1292104560564084736
1292104561738604545
1292104585641959425
1292104593468522496
1292104597314711552
1292104615580913664
1292104629375971330
1292104636246048768
1292104640381689856
1292104645700136961
1292104666155810816
1292104668072407040
1292104669779681287
1292104673583697920
1292104685755805702
1292104686707732483
1292104697545990144
1292104707331284992
1292104714926952448
1292104722900451330
1292104727858237440
1292104758526988290
1292104782338043906
1292104787555749888
1292104795222716418
1292104796296617985
1292104799614201856
1292104804324474882
1292104819847512065
1292104832585695233
1292104835970609152
1292104844220784640
1292104845089017859
1292104851069915136
1292104853477568517
1292104853787901952
1292104856912539648
1292104871492165634
1292104874935693314
1292104880396668929
1292104883534016513
1292104892312686592
1292104892329254912
1292104892996354048
1292104911287652353
1292104915486224385
1292104930363346946
1292104975292801024
1292104987925864448
1292104995396091904
1292104997933445122
1292105000366141440
1292105017969737733
1292105027339902977
1292105030926061570
1292105054657421314
1292105063297511426
1292105088736153600
1292105088794873856
1292105092758269953
1292105104439611393
1292105126094798851
1292105131140493312
1292105131794800640
1292105136186298375
1292105139126333443
1292105142678872064
1292105146810466305
1292105164002742272
1292105164904517632
1292105172932595713
1292105188887724033
1292105193165905923
1292105193937502208
1292105205794963463
1292105221771014146
1292105226237939714
1292105230683787264
1292105234639138816
1292105239752052736
1292105247356121088
1292105255438766080
1292105257670115328
1292105261046468612
1292105263626035204
1292105265236578311
1292105285235101696
1292105275885924354
1292105290058362881
1292105307540213760
1292105309784170496
1292105323025760263
1292105323805736960
1292105326607704067
1292105335705133059
1292105348212391941
1292105378914852864
1292105384015036416
1292105395411079169
1292105404198117376
1292105407234793474
1292105410413985792
1292105433503731713
1292105435592495107
1292105435743363073
1292105442349518848
1292105444501139458
1292105475522097159
1292105478051442690
1292105488797241345
1292105490814697479
1292105507147309056
1292105517549092865
1292105520959164417
1292105529985241088
1292105533512486913
1292105546447884291
1292105550327623680
1292105557596397568
1292105561773875202
1292105562558091266
1292105567578624000
1292105598050467840
1292105603947433984
1292105621760811009
1292105625959243778
1292105639595057153
1292105643596406784
1292105664349614081
1292105668967702528
1292105688005644291
1292105693764386816
1292105704787124229
1292105704988463104
1292105710029942784
1292105714429820929
1292105742221299714
1292105752040153088
1292105760214843394
1292105765583454209
1292105788257783815
1292105786810871809
1292105797628026880
1292105798059843585
1292105827839619072
1292105855320506368
1292105863822364673
1292105866057904129
1292105869891645442
1292105881161576450
1292105884752019461
1292105890934464512
1292105898400219136
1292105914124611585
1292105919069859840
1292105931594104837
1292105932235771906
1292105936170090496
1292105948610404353
1292105952729210881
1292105955690401793
1292105956504014848
1292105961474228227
1292105969854492673
1292105979077812226
1292106002918076416
1292106003660431365
1292106015547285504
1292106016159457281
1292106024200134656
1292106025613635585
1292106041916829696
1292106049802076160
1292106052880805889
1292106057049833474
1292106066491211778
1292106067632103424
1292106086460399618
1292106095566057472
1292106096015007744
1292106102788763648
1292106103292133378
1292106150259941377
1292106159441219585
1292106196594245634
1292106209621757953
1292106211589074946
1292106218274795521
1292106220355104769
1292106221369974790
1292106236737904640
1292106245403553792
1292106247718817793
1292106255528493056
1292106266450497536
1292106276017778695
1292106280702816256
1292106283852627970
1292106286205730816
1292106288047042560
1292106309920329729
1292106317247610880
1292106321458798592
1292106329763360769
1292106337531330563
1292106343701127168
1292106354753253378
1292106355789254656
1292106358519549955
1292106377918402560
1292106385707036672
1292106388223791105
1292106407035260929
1292106408645677056
1292106414035533830
1292106417495658496
1292106430045192192
1292106447015178241
1292106455055650816
1292106456179777537
1292106473242320899
1292106476622880768
1292106498525601792
1292106521065607172
1292106540732866561
1292106562153189376
1292106568884985857
1292106574601674754
1292106597641093121
1292106628221698048
1292106644005031936
1292106645108068352
1292106646278242305
1292106677332967431
1292106698786770950
1292106704977399808
1292106712640638978
1292106723667456000
1292106728872476672
1292106733641293826
1292106744492064768
1292106744794152960
1292106756404006915
1292106770417098752
1292106781225881600
1292106783310458880
1292106784535003136
1292106807591276544
1292106813500878851
1292106813517656064
1292106817456214016
1292106830177603585
1292106837232254978
1292106842357850117
1292106849995522048
1292106875304124417
1292106885181648897
1292106888448888832
1292106891959644160
1292106892278411264
1292106896338370562
1292106909818982400
1292106914512470018
1292106917775577088
1292106942991798273
1292106958984667141
1292106964281958400
1292106964290408448
1292106979301896192
1292106982174818304
1292106986256031744
1292106989208707072
1292106997500911616
1292107020947070977
1292107025929760768
1292107039078932480
1292107041411137536
1292107048876822528
1292107055411523588
1292107065532579844
1292107068908937219
1292107075607302145
1292107092728393730
1292107102270365698
1292107105671970818
1292107105948729349
1292107106586210311
1292107110579306497
1292107114899550215
1292107115838844928
1292107127180398597
1292107132226199553
1292107136365977602
1292107156729339904
1292107168876048387
1292107181257449472
1292107190396948485
1292107191047073792
1292107191210532865
1292107193626566660
1292107198458470400
1292107201948024834
1292107224194703362
1292107227533320195
1292107237729669120
1292107245493182465
1292107247967973377
1292107252011282434
1292107277588221952
1292107286362513408
1292107286605967360
1292107288635940864
1292107294608687106
1292107298173845504
1292107318759436288
1292107318885322753
1292107319745093638
1292107321632608262
1292107366721175553
1292107370194259968
1292107375357366273
1292107378180026368
1292107395855003648
1292107396731547648
1292107397276643331
1292107399667613696
1292107417451237378
1292107438313873410
1292107482727198722
1292107496409010176
1292107501119447040
1292107507670888449
1292107507754622977
1292107521318989830
1292107542760390656
1292107543745945602
1292107545427968000
1292107546262732801
1292107546711425026
1292107551945809920
1292107558522691592
1292107572464541696
1292107587861778433
1292107593838624768
1292107599828197377
1292107605968592897
1292107614487056384
1292107655528488962
1292107656107372549
1292107660129497089
1292107661257912321
1292107663451410433
1292107676919500802
1292107678865674240
1292107710566023169
1292107710809485315
1292107714047479808
1292107717637804032
1292107719546228736
1292107742908428288
1292107751620050944
1292107767839444993
1292107799405584385
1292107805823053824
1292107831580262403
1292107837087285263
1292107849544261634
1292107853650591745
1292107860722229253
1292107864224366592
1292107870507618304
1292107885573439488
1292107886651478016
1292107888111038470
1292107890702995458
1292107895186882561
1292107903592067072
1292107903994867714
1292107914413408257
1292107923737522178
1292107929319927810
1292107932163878913
1292107942574120960
1292107946671800320
1292107953105969155
1292107964959150080
1292107970810085376
1292107982076076033
1292107982642319360
1292107986014310403
1292107986937118720
1292107991605325829
1292107996068290565
1292108003357818882
1292108022160990210
1292108030004224002
1292108030478372864
1292108060811563008
1292108071469305857
1292108075923578884
1292108078838669317
1292108095569768450
1292108104927150080
1292108122480205826
1292108124493508609
1292108145741959168
1292108149718016001
1292108170379309056
1292108171004252161
1292108183167741952
1292108185147514881
1292108197084516352
1292108197986271232
1292108201173884928
1292108205372260352
1292108210250428418
1292108212661977090
1292108213157072897
1292108221759594497
1292108225005801472
1292108225970614275
1292108246598197248
1292108246950350853
1292108247764262920
1292108258325520386
1292108260938416128
1292108261345447936
1292108263790714880
1292108267196481537
1292108272925900800
1292108284435009537
1292108286448345088
1292108294732107777
1292108308875284481
1292108319314907137
1292108331432251392
1292108352479211520
1292108369134788615
1292108371840004098
1292108393226919937
1292108393960951808
1292108410750558210
1292108413829185536
1292108414496038912
1292108414651453440
1292108415842447361
1292108431248236544
1292108451699666944
1292108456107933696
1292108457722683392
1292108462374125568
1292108464370655232
1292108469093502976
1292108474139148288
1292108481902735360
1292108508993789955
1292108508977037313
1292108536412020740
1292108537099956224
1292108545295622144
1292108561233870849
1292108562840408064
1292108564753010688
1292108573527486466
1292108573938290690
1292108575599337474
1292108579026042881
1292108587645276160
1292108602291953668
1292108603902451712
1292108611297124359
1292108615449317376
1292108624836407306
1292108628682571776
1292108633010995205
1292108638119555074
1292108645275013120
1292108646101520386
1292108667358248960
1292108669925175296
1292108695002783744
1292108696835637248
1292108700648431616
1292108703383138304
1292108720189710336
1292108724673413120
1292108758408077313
1292108762594058241
1292108774900207616
1292108775713800192
1292108804650348544
1292108826355916800
1292108881368317956
1292108892361687040
1292108893217124355
1292108896425910272
1292108909398953987
1292108920123723776
1292108926721445889
1292108933943959555
1292108943469285376
1292108948426940416
1292108959000735746
1292108980504985601
1292109001526775809
1292109005549166593
1292109015611330561
1292109036398112769
1292109038927323141
1292109046900830208
1292109047609597952
1292109053225652225
1292109076621594624
1292109090458501121
1292109091163308034
1292109107143610374
1292109116081668096
1292109120020058113
1292109121265840135
1292109126810599424
1292109131357327360
1292109133165010946
1292109141188784129
1292109141113266176
1292109147736018945
1292109152848875525
1292109165993828352
1292109169944928261
1292109173686251520
1292109178702630914
1292109198277390339
1292109207337144322
1292109212131172352
1292109212441546753
1292109224118489089
1292109242216910849
1292109258805346304
1292109258650050560
1292109262798442496
1292109269450534912
1292109271077920768
1292109288249360385
1292109291240009729
1292109296952467456
1292109307241209856
1292109308600225794
1292109329861091329
1292109332654563329
1292109333694763010
1292109338165862404
1292109349876379649
1292109361918091264
1292109362274742278
1292109368033517568
1292109370063495168
1292109378489810951
1292109382579359744
1292109396332478465
1292109402128953347
1292109404850884609
1292109412946137088
1292109414464237570
1292109416242839552
1292109426548244481
1292109433649033216
1292109437633789954
1292109439244414979
1292109439454060544
1292109450086477825
1292109450849869824
1292109467769696258
1292109471171276801
1292109476321927169
1292109489114681344
1292109497507381248
1292109497658376193
1292109500418150400
1292109523004555265
1292109531682611200
1292109534031491074
1292109538708029441
1292109555036499969
1292109563571908609
1292109568315727872
1292109581578113024
1292109583675162624
1292109576293306369
1292109593225515009
1292109609101033472
1292109615287672832
1292109626989715456
1292109635701411840
1292109643033063425
1292109659386650625
1292109672456085512
1292109678160347136
1292109685244465153
1292109685860990976
1292109689073930240
1292109693125459968
1292109706635489281
1292109721063702531
1292109730874183682
1292109732464021504
1292109738877104131
1292109751946342400
1292109760787955717
1292109782325661696
1292109794325794816
1292109798759108612
1292109812608761856
1292109812763779074
1292109815292948480
1292109816597544961
1292109820275949568
1292109824411471874
1292109836922974213
1292109840664256512
1292109844405800960
1292109875342868481
1292109883999952896
1292109903117484035
1292109903096459264
1292109912722546688
1292109918145847302
1292109926261829632
1292109929537400832
1292109936793706502
1292109946985873409
1292109948810334208
1292109949892530185
1292109952958570497
1292109966111838210
1292109967051300864
1292109980292780034
1292109982209576969
1292109983732183040
1292109987586510848
1292109987586744320
1292109996617076738
1292110000647811072
1292110007484534784
1292110016296738816
1292110029064146945
1292110038362972161
1292110045732274176
1292110054343217153
1292110058445328388
1292110062413058050
1292110062476038145
1292110084726718466
1292110084789739521
1292110092356259842
1292110104641380352
1292110104775598080
1292110121015877634
1292110130201337856
1292110133762445312
1292110139026108420
1292110152305463296
1292110160907755522
1292110167576907778
1292110172479983619
1292110192683909121
1292110202431512576
1292110206101585922
1292110206311133184
1292110206470692865
1292110206567165952
1292110207762530304
1292110209461223424
1292110213693267975
1292110231338725377
1292110242763833344
1292110264884760578
1292110281636798466
1292110289308180481
1292110290130210816
1292110352222650370
1292110355775336448
1292110364587569158
1292110384325890048
1292110393624731648
1292110398179639296
1292110406228615169
1292110420870758402
1292110423953637377
1292110424960380928
1292110444728066050
1292110454882410497
1292110456430231552
1292110481902247936
1292110487627464704
1292110495713959937
1292110502353567744
1292110511941787651
1292110528815476736
1292110537967403010
1292110540236402689
1292110553343619079
1292110558276325378
1292110563347111942
1292110557617807360
1292110579595845632
1292110579935653889
1292110588164730881
1292110588496289793
1292110609140428802
1292110616732155905
1292110628316905474
1292110634209783809
1292110637477306369
1292110640866263040
1292110672583634949
1292110678875144193
1292110695706828800
1292110706515550210
1292110713096290306
1292110714069549056
1292110754468868098
1292110756155031552
1292110759976214528
1292110764216430597
1292110773821427713
1292110775922941959
1292110784378687489
1292110790372270081
1292110796227579905
1292110818159599616
1292110818511921155
1292110823301816326
1292110830830358529
1292110842700455936
1292110855858003974
1292110859523760129
1292110860228460544
1292110862556237824
1292110898992160768
1292110909675110403
1292110913776967682
1292110918990663681
1292110923180773378
1292110934907985922
1292110943850201094
1292110947201495040
1292110948124307457
1292110959469830147
1292110964112809987
1292110966084325377
1292110972358926339
1292110972962791426
1292110993326247937
1292110998799880192
1292111001949810689
1292111006215352320
1292111011613483008
1292111011634438147
1292111018219323396
1292111024246726658
1292111040273145857
1292111041716015104
1292111052193185802
1292111056341360640
1292111058530906112
1292111061915594753
1292111067171237891
1292111103472758784
1292111133357219841
1292111134099755008
1292111142316322817
1292111142341361664
1292111144346251264
1292111150428037120
1292111170522947587
1292111171877732353
1292111184259420161
1292111194887610369
1292111194057211904
1292111199291621376
1292111216056442881
1292111226605113344
1292111239309598722
1292111242216140800
1292111249937899521
1292111258276298757
1292111266366894081
1292111276529684488
1292111279633702915
1292111283488043009
1292111289162952705
1292111295286849536
1292111305869078534
1292111309916561408
1292111313779359747
1292111312995188736
1292111318112178177
1292111322172272640
1292111322444902400
1292111333555609602
1292111335119978498
1292111337280155648
1292111346339897345
1292111360692613124
1292111380401647617
1292111397900361729
1292111402648436738
1292111413910089728
1292111429580070913
1292111438371266560
1292111452342333440
1292111455794405377
1292111478452035586
1292111488983785473
1292111510744031237
1292111525830955012
1292111531736477697
1292111534416633856
1292111545229598725
1292111547976699906
1292111551629991936
1292111557455839233
1292111565244829697
1292111576229728256
1292111580591579138
1292111582013661185
1292111590125449217
1292111592843284481
1292111607690964992
1292111622635433984
1292111623973253120
1292111624573079552
1292111624879239169
1292111636078235648
1292111643216838656
1292111647377694722
1292111670018314241
1292111679388635142
1292111681011609602
1292111681913409542
1292111698694987776
1292111706223566848
1292111706869633026
1292111707859570693
1292111715027447808
1292111723600601088
1292111725118988288
1292111728394657792
1292111729011425286
1292111735676112897
1292111738205347841
1292111739014844416
1292111748883832832
1292111758409302018
1292111770073661440
1292111774485946368
1292111775429791744
1292111776192950272
1292111776427933697
1292111783423959040
1292111783608627206
1292111786427199488
1292111812196888577
1292111816315686914
1292111817037185025
1292111829385113607
1292111849215811587
1292111849790435331
1292111855456890880
1292111861559762944
1292111867947753473
1292111883890122753
1292111900910784512
1292111907508215808
1292111922666536962
1292111929985699840
1292111934045728769
1292111950172704768
1292111956158160897
1292111960142733312
1292111966224486403
1292111966379618304
1292111971140001797
1292111999980015616
1292112005197955072
1292112009991827457
1292112013871714304
1292112026752385025
1292112093282332673
1292112106028900353
1292112117999587329
1292112126299893760
1292112131907870722
1292112132075474944
1292112152128618497
1292112177445269504
1292112185888366594
1292112186287034370
1292112197997326341
1292112198731354112
1292112202200223745
1292112205165613057
1292112205614284804
1292112206725812225
1292112206927208449
1292112211821953026
1292112215638646785
1292112221955395584
1292112222798454784
1292112223406612481
1292112223934877696
1292112236773871617
1292112238799736832
1292112247746187264
1292112252804505604
1292112275512467456
1292112281573167106
1292112286438621184
1292112290649640960
1292112297574334467
1292112306835533825
1292112308504846338
1292112311679766529
1292112319997186050
1292112327391580161
1292112333666496512
1292112348417863680
1292112366541340678
1292112378964975619
1292112381380825094
1292112393749684225
1292112407708540929
1292112415035928576
1292112416579268608
1292112437676658690
1292112437823471616
1292112441992593408
1292112448384729088
1292112449144008704
1292112453023739904
1292112467062067200
1292112467968045056
1292112488398557187
1292112489715585031
1292112491766411264
1292112495314980865
1292112497185632256
1292112497357385729
1292112503011508226
1292112508241797120
1292112532942004226
1292112536830119936
1292112537777971202
1292112538604171267
1292112550792814592
1292112553414459394
1292112563984052224
1292112568501166081
1292112581008789510
1292112582942363648
1292112585270136832
1292112588004876288
1292112578479611906
1292112592010346497
1292112600688361472
1292112602026242048
1292112605948121093
1292112618149359622
1292112625434755075
1292112637996613636
1292112642992222211
1292112646192455680
1292112646360236032
1292112651741466626
1292112670833946627
1292112700227702786
1292112714001575936
1292112716858118145
1292112727586959362
1292112735883464704
1292112740169859073
1292112743374487553
1292112750538362881
1292112750567657472
1292112752375468033
1292112760206049280
1292112763393843203
1292112764417302530
1292112778413604864
1292112783400677377
1292112789922893826
1292112796629393409
1292112796772048902
1292112798302928898
1292112800827965441
1292112823267491840
1292112835938586624
1292112828774731776
1292112842859061251
1292112843324751872
1292112878758014977
1292112879576023040
1292112884806217728
1292112887117422592
1292112911637323776
1292112922961776645
1292112924920741893
1292112962660990978
1292112973004181505
1292112978804748288
1292112983087251458
1292112987348701184
1292112993581326343
1292113013055483905
1292113015798730752
1292113024040370176
1292113038838046720
1292113061365477376
1292113063597019136
1292113102784299009
1292113110682210306
1292113112208990209
1292113116596187136
1292113117971791872
1292113132970704901
1292113158912475136
1292113159445151745
1292113176276791296
1292113176398409728
1292113186909552640
1292113191128805376
1292113191393263616
1292113192819331074
1292113224704364544
1292113242572181504
1292113250079985666
1292113258497732608
1292113262411051010
1292113262688055297
1292113262251839490
1292113268463538177
1292113270636044294
1292113284565434369
1292113301615386625
