1295193632585052162
1295193642022445059
1295193651405086721
1295193652692758528
1295193653132967937
1295193665791389696
1295193665829310464
1295193668349915136
1295193670011047936
1295193691703971840
1295193705205370882
1295193716303572993
1295193723584884737
1295193734158733312
1295193735811289088
1295193735958069248
1295193738076069890
1295193747127275524
1295193753788055554
1295193761006272512
1295193763065802752
1295193782690906117
1295193792719593473
1295193794032406529
1295193801485701122
1295193831491678208
1295193840429625344
1295193849426579464
1295193851783786497
1295193863091630081
1295193868812595200
1295193873329696768
1295193883505127425
1295193883694043137
1295193888152530946
1295193890698534914
1295193895526072321
1295193896641798144
1295193896822009857
1295193897749164033
1295193900571746309
1295193907815501824
1295193918947184640
1295193921203601408
1295193931022401537
1295193938480050178
1295193942133178371
1295193945429876739
1295193946524512259
1295193946998571008
1295193948718211073
1295193950597320704
1295193966137270274
1295193977583538177
1295193984797511680
1295193988979290113
1295193995493232645
1295193997565034496
1295194014136840192
1295194025570578433
1295194038090362881
1295194054011961344
1295194055022845952
1295194062111166464
1295194087163822085
1295194089156161536
1295194108181516288
1295194110022709248
1295194121188061185
1295194125889875968
1295194136564256768
1295194155266826245
1295194157787512832
1295194174396854272
1295194182420697089
1295194185348157442
1295194185520295936
1295194194676461570
1295194206210797568
1295194207968264192
1295194208345583616
1295194215228612608
1295194221230428160
1295194256672399362
1295194260996677632
1295194269943123968
1295194289840877568
1295194300444299266
1295194308233113603
1295194309117898753
1295194309386334208
1295194325144543232
1295194327984070656
1295194331964473344
1295194336460759040
1295194338193018886
1295194370724036609
1295194392291155968
1295194399035490304
1295194400486764547
1295194406526636033
1295194412994232327
1295194419050590208
1295194421504475136
1295194422884401164
1295194437908217857
1295194441662312448
1295194461232824321
1295194462906392577
1295194469298470914
1295194480430026752
1295194484049838080
1295194497006133248
1295194503679102976
1295194503909908481
1295194510344019968
1295194517105020928
1295194536826871808
1295194543499821056
1295194552131887105
1295194578606329856
1295194581135273984
1295194605210697729
1295194628405309442
1295194631358078977
1295194663452725253
1295194667047247872
1295194688299790336
1295194690460045313
1295194700798992385
1295194703441272837
1295194718775709696
1295194723209150466
1295194753068347392
1295194780859871232
1295194788829036544
1295194797137973248
1295194800329654277
1295194811293728768
1295194832063913985
1295194845112344581
1295194860652122113
1295194864682823680
1295194871225913345
1295194874061479936
1295194890540916736
1295194940079628289
1295194947914612737
1295194948304871426
1295194957167210496
1295194980173123584
1295194980663918592
1295194992512602112
1295194995897462784
1295195000171630592
1295195009826906112
1295195029791739905
1295195034875129857
1295195036041138177
1295195055024672769
1295195057071374336
1295195057172226052
1295195077128716295
1295195085152256000
1295195116714557445
1295195121374433281
1295195135328886784
1295195156002615299
1295195156690411521
1295195171341111297
1295195175803854848
1295195191079575553
1295195194455973889
1295195200592248832
1295195206405554181
1295195213464559616
1295195225875288064
1295195232968085506
1295195243604631552
1295195247744516096
1295195248826568704
1295195249510408192
1295195254291914752
1295195255373996033
1295195255873011714
1295195260465950721
1295195275661721600
1295195281890242560
1295195289054306306
1295195307828039681
1295195310075990016
1295195313473454081
1295195320947748865
1295195334071607297
1295195335464124418
1295195359640051712
1295195365780516864
1295195374047473664
1295195393693646848
1295195403709603847
1295195409367760899
1295195416460320768
1295195431677440001
1295195437335445506
1295195445266964483
1295195448072863750
1295195449708732416
1295195461268185088
1295195462090272768
1295195473460912128
1295195495061696514
1295195501512609792
1295195508047089665
1295195513839423493
1295195513935912960
1295195541324705792
1295195544852152320
1295195556726349824
1295195557053575168
1295195557636354048
1295195563017691136
1295195570806517762
1295195573868539904
1295195583158857729
1295195587994718208
1295195594902757376
1295195617246027781
1295195628012797953
1295195629921214464
1295195630457909249
1295195640885108736
1295195642659102720
1295195647981891585
1295195659004518400
1295195669565603840
1295195684157689856
1295195687173476352
1295195694224019457
1295195703342505986
1295195704206524417
1295195707498848257
1295195707717103618
1295195708367106049
1295195719167545345
1295195725593116674
1295195762255691777
1295195774578393089
1295195799228420097
1295195801409314816
1295195802646716416
1295195811610071040
1295195835773353984
1295195840458481664
1295195848297443329
1295195853456539650
1295195855490813953
1295195863128530944
1295195878517506050
1295195882321715201
1295195909341372416
1295195913816870915
1295195921005924352
1295195932296769537
1295195946523992064
1295195971832418304
1295195976148250626
1295195980921372672
1295195981235986432
1295195982557261824
1295195985593991170
1295195987716329475
1295195988039090177
1295196004862459906
1295196017374179328
1295196049120821255
1295196059552055297
1295196065004769280
1295196066275565568
1295196068603297792
1295196079810416641
1295196104066138112
1295196103814582276
1295196107849564160
1295196114933764106
1295196139751276544
1295196160802664449
1295196163801571330
1295196165856563200
1295196187184771072
1295196196160655360
1295196205773922310
1295196214061928449
1295196237222875141
1295196247922315264
1295196251974037504
1295196253999923206
1295196268021649409
1295196271087509504
1295196280566632448
1295196290423431180
1295196293451542528
1295196303505465344
1295196303450873858
1295196309117444097
1295196310883246080
1295196316750970885
1295196318936084481
1295196335705075716
1295196335864516608
1295196336250400768
1295196341811859456
1295196346769498113
1295196347901997057
1295196367611138049
1295196376721174528
1295196384153370624
1295196391543693312
1295196393204854784
1295196403162140673
1295196413735792640
1295196415379910658
1295196430550827010
1295196434870841345
1295196442433290241
1295196457461592066
1295196469947899904
1295196472779177984
1295196502243987458
1295196516651372544
1295196525526577153
1295196544556302338
1295196547123224578
1295196552244256769
1295196587287699457
1295196587853885440
1295196595047161856
1295196610914385922
1295196611371503617
1295196625975930880
1295196629943934976
1295196631940333568
1295196638604963840
1295196640077381634
1295196649405452289
1295196663569514496
1295196688471097344
1295196692590014464
1295196709543321600
1295196722004545537
1295196723896352769
1295196730971938819
1295196735426269185
1295196739427684353
1295196743273861121
1295196746985988096
1295196749779406850
1295196757585014784
1295196778266939392
1295196778820767744
1295196795086176257
1295196798869536768
1295196800471773184
1295196803688693762
1295196807136514053
1295196811506794496
1295196825432002560
1295196827738730496
1295196833602396162
1295196844851703808
1295196854934802433
1295196861641322496
1295196885842624513
1295196899520196609
1295196910592995328
1295196925818540032
1295196927164854273
1295196937768099844
1295196957032345601
1295196966918463489
1295196970659676162
1295196975961341952
1295196976536064000
1295196989152518147
1295196993346772993
1295196998706933760
1295197002561658880
1295197023688302592
1295197029682106369
1295197030252503040
1295197037495902208
1295197041891717120
1295197042407596032
1295197047985975297
1295197050133516299
1295197056093495297
1295197066927300610
1295197073621635074
1295197091069939712
1295197092579700736
1295197107402547202
1295197115648323585
1295197131884638208
1295197133071683585
1295197137316110336
1295197143456612352
1295197147286077442
1295197148024373248
1295197150838546433
1295197157696270336
1295197179657609219
1295197193880494080
1295197197986799617
1295197199706415104
1295197208938254336
1295197218106945536
1295197235500609536
1295197237765578752
1295197243985674240
1295197252533784576
1295197258825125889
1295197262835056640
1295197269679988736
1295197292190982146
1295197307332366336
1295197317541146624
1295197322305892352
1295197330069757953
1295197338026119170
1295197352228265986
1295197356825014273
1295197359710908416
1295197361157713921
1295197364769239040
1295197373145260035
1295197373019426816
1295197393856602112
1295197394364018689
1295197394695462912
1295197395614085121
1295197400026558465
1295197418435129344
1295197446251909122
1295197446977486848
1295197447862484993
1295197449317945344
1295197458897633285
1295197491755773952
1295197511783796737
1295197514157756416
1295197517378760704
1295197519534796802
1295197523267579906
1295197536265764864
1295197536609660928
1295197537482215424
1295197538669211648
1295197552028135431
1295197558281838592
1295197563268640768
1295197571032506368
1295197572596809730
1295197582155583488
1295197586274516993
1295197586488532992
1295197604951797760
1295197636954394624
1295197637382221825
1295197654172012544
1295197655656796162
1295197677198737408
1295197700644843521
1295197711667519494
1295197717560532992
1295197722765647873
1295197742160056321
1295197749533650944
1295197751060213760
1295197762284212225
1295197776469536768
1295197777388023808
1295197783205404673
1295197791753469952
1295197797638012930
1295197825484099584
1295197825903599621
1295197830202691584
1295197834246074369
1295197841971916802
1295197856257552386
1295197903779028997
1295197927011491842
1295197932614975488
1295197933671833601
1295197950386331648
1295197952651276290
1295197965548687360
1295197968123850753
1295197968426045445
1295197994845904896
1295197995076669442
1295198002135609344
1295198013812404224
1295198018321317891
1295198037732622336
1295198042929401856
1295198043617128449
1295198049581506560
1295198064655732738
1295198079474376705
1295198120117071872
1295198136139382784
1295198161858748418
1295198168913776641
1295198187880361986
1295198190933815297
1295198193752449025
1295198215072034823
1295198215814418433
1295198221556359169
1295198225511657473
1295198229546463236
1295198246583730176
1295198259112218624
1295198268151005184
1295198273578373120
1295198284630437888
1295198287121842176
1295198300774178816
1295198302296653824
1295198307585650688
1295198322630811648
1295198331749179394
1295198333418344448
1295198339982454785
1295198352301162496
1295198356105359360
1295198358668300291
1295198359687327744
1295198367748890624
1295198376242352128
1295198398308593665
1295198403882885184
1295198405552209920
1295198413752094720
1295198434740379649
1295198437483266048
1295198444852846593
1295198447734317057
1295198451764994049
1295198452515663873
1295198457049821189
1295198465190961154
1295198468198129665
1295198492210733057
1295198495742128128
1295198507695931392
1295198509512130561
1295198515937804290
1295198528122368005
1295198532652081153
1295198560347017216
1295198561093722113
1295198561320275969
1295198574356176898
1295198579867312128
1295198580660146176
1295198580685373440
1295198595436761089
1295198596837515265
1295198627007275008
1295198645973848064
1295198646065958912
1295198651501993984
1295198674964877312
1295198677649170432
1295198698486599680
1295198700122378245
1295198709039411201
1295198712868646914
1295198732082917379
1295198734968590337
1295198737422331904
1295198738172874753
1295198739594989568
1295198759190532098
1295198781638692867
1295198781735149572
1295198804753420289
1295198807869726720
1295198812659564544
1295198819907440640
1295198826001608706
1295198838412783616
1295198841499783168
1295198863700107264
1295198873229688832
1295198888555511813
1295198890438701057
1295198891730665474
1295198893169311744
1295198896994623488
1295198920864342021
1295198924664258560
1295198927201869826
1295198937335435264
1295198937817776128
1295198939902337024
1295198946583883777
1295198952900317184
1295198952988577792
1295198961247170560
1295198966326255618
1295198969979576323
1295198979123281921
1295198986668781568
1295198991093702657
1295198995954900993
1295198996948905987
1295199000937848833
1295199005094211584
1295199005010468868
1295199014909022208
1295199031145254913
1295199054419435522
1295199055715467264
1295199058634645510
1295199085016866817
1295199117635989510
1295199118046801921
1295199139718864896
1295199156684959755
1295199163081162752
1295199163936845825
1295199177371254786
1295199180248551425
1295199201098440704
1295199204696965121
1295199214205456385
1295199220501274624
1295199222824873984
1295199239837028352
1295199247470649345
1295199253086650369
1295199260967763968
1295199268655882241
1295199276851593217
1295199279812755457
1295199309940416512
1295199310578147328
1295199312473972736
1295199312880828417
1295199322552836097
1295199330555564038
1295199333755711489
1295199354022703104
1295199366899052545
1295199371571560448
1295199384347586560
1295199400050925570
1295199400659017728
1295199402622099456
1295199403506991105
1295199405751119876
1295199407118278656
1295199409949437953
1295199415997624320
1295199428576448513
1295199455432540160
1295199472411123712
1295199483672887296
1295199500164792320
1295199506737184770
1295199509824200705
1295199515633311745
1295199516803706881
1295199562152345600
1295199562848755714
1295199577709191168
1295199609476780033
1295199616535801856
1295199616867041281
1295199628548124674
1295199646030032898
1295199646449569793
1295199646554316802
1295199647976185856
1295199650224381952
1295199661695709184
1295199680163459073
1295199691785699331
1295199696970022912
1295199701365481479
1295199708697300992
1295199712627367936
1295199720608956417
1295199721838071815
1295199725604311041
1295199731229040640
1295199740829872133
1295199753089822725
1295199759456768000
1295199761243320326
1295199778750500864
1295199786904231937
1295199792948293633
1295199794651070466
1295199800170774531
1295199815891144704
1295199816763547648
1295199822388047873
1295199828276805633
1295199850666000384
1295199881351528450
1295199882597343233
1295199892634087424
1295199901140353026
1295199905774882817
1295199911886098434
1295199913131704323
1295199923412115456
1295199927585234945
1295199975534731269
1295199981440294915
1295199988214095872
1295199994698436610
1295199996791287814
1295200003028377602
1295200012628946945
1295200015955251200
1295200021630070785
1295200022162821120
1295200035848826882
1295200044396810240
1295200048796631040
1295200063250141184
1295200074474061824
1295200100688506880
1295200103947333636
1295200124692561921
1295200134649860098
1295200138726522881
1295200146624516099
1295200154925117440
1295200165603815424
1295200176701923329
1295200177788080129
1295200183823806464
1295200187259006977
1295200188991041536
1295200193676218369
1295200201620291585
1295200209362984960
1295200212344909824
1295200216400957440
1295200218489802752
1295200244104179712
1295200252459458563
1295200263850979329
1295200291298652160
1295200316246200320
1295200330691444739
1295200339034017792
1295200339931443200
1295200340279730176
1295200372303319040
1295200385632571392
1295200389021630465
1295200401151549440
1295200406642008075
1295200419753279489
1295200427550445568
1295200449839202304
1295200451395297280
1295200451755945984
1295200471859118080
1295200481502003201
1295200500275728389
1295200514674552835
1295200518038532097
1295200520211017728
1295200527026814977
1295200534807355393
1295200548262539264
1295200552066912294
1295200555531292672
1295200555896274944
1295200558916276224
1295200559348305925
1295200562036846593
1295200562560954368
1295200571604054018
1295200578809655297
1295200588724985857
1295200593259134982
1295200605150089217
1295200618496307200
1295200638251315201
1295200641703219201
1295200665753403394
1295200669712998400
1295200678240018434
1295200683478614016
1295200695877095425
1295200700289490944
1295200705926504449
1295200720875134978
1295200723789987841
1295200733558484992
1295200736435986437
1295200741351538689
1295200744988188674
1295200770887782401
1295200790433476609
1295200799761395712
1295200811748925440
1295200812566827013
1295200817750786048
1295200827062222849
1295200836365279233
1295200849166077952
1295200853419126785
1295200855356891136
1295200858204856320
1295200893495902208
1295200913133654017
1295200916727984129
1295200916837023744
1295200917055184897
1295200928094654465
1295200931340984320
1295200942091116544
1295200944918061058
1295200953243709440
1295200961607217152
1295200962005684226
1295200964333522944
1295200966250094592
1295200968083218433
1295200992309518344
1295200993462763520
1295200996650553346
1295200998441414656
1295201008965029890
1295201034458079232
1295201055874134017
1295201062643617792
1295201079827632128
1295201081731846144
1295201084575813632
1295201095061446656
1295201101487263745
1295201106268688385
1295201113772183559
1295201114376171520
1295201127500115968
1295201138178842625
1295201138657157120
1295201143187013632
1295201153886683139
1295201157514756101
1295201176137289728
1295201178226167808
1295201206646845447
1295201212531224577
1295201220806811650
1295201239744086017
1295201266952556544
1295201276259524608
1295201277454868483
1295201279870930946
1295201294785884161
1295201299156230145
1295201303317164032
1295201308807323649
1295201315937648640
1295201315853918208
1295201316445335553
1295201316613042177
1295201354739220480
1295201384468557826
1295201395977728001
1295201398758547456
1295201419281276929
1295201431063060481
1295201432233283586
1295201437958332416
1295201440600920067
1295201440865177601
1295201446053515264
1295201447458439169
1295201448721088512
1295201495797895168
1295201512273203200
1295201525547974656
1295201526827319297
1295201535971004416
1295201538529525762
1295201544845975552
1295201546083287040
1295201555550011394
1295201559542996993
1295201570292764673
1295201572532568065
1295201575254753281
1295201589809090561
1295201597916622848
1295201599808327680
1295201611069841410
1295201622126075904
1295201649648996357
1295201650118983680
1295201658645946370
1295201694201139200
1295201694964281344
1295201696197431296
1295201697858494464
1295201705378938882
1295201710714114049
1295201715923202048
1295201734441291777
1295201762509500419
1295201772890398720
1295201779081240578
1295201781606162432
1295201791123087361
1295201800778375168
1295201805068951557
1295201807111684097
1295201812799270912
1295201813617090560
1295201814028181504
1295201815156277248
1295201822865534977
1295201823620583425
1295201827223265280
1295201841697890304
1295201845506236416
1295201865886347265
1295201873222225920
1295201883053633536
1295201889080967175
1295201896265732096
1295201911382200320
1295201931908935680
1295201935721627648
1295201949483139073
1295201956680683520
1295201961986285568
1295201997537198080
1295202024485720069
1295202052625371136
1295202053715681280
1295202059600498690
1295202076117483520
1295202093171503104
1295202096635994113
1295202112381452291
1295202113392320513
1295202121139105793
1295202132874932225
1295202138075705344
1295202143930998784
1295202154530000896
1295202159349334016
1295202161786331136
1295202164470681605
1295202165108232192
1295202165519273984
1295202178357813248
1295202187761549312
1295202187849740288
1295202203242643456
1295202220334624768
1295202221571944455
1295202226466467840
1295202227682979841
1295202231462113280
1295202252769157121
1295202269084835841
1295202269361709056
1295202272360763392
1295202298780581890
1295202316027478016
1295202330544091146
1295202335023603713
1295202348097138688
1295202380913545218
1295202384323411969
1295202387720724481
1295202390984003584
1295202430058102784
1295202440199966720
1295202452875157508
1295202463121899520
1295202465231634440
1295202469341827073
1295202476316962817
1295202477680332800
1295202494579126277
1295202495069904896
1295202496680427522
1295202498018332673
1295202500522500097
1295202519866585088
1295202523641503744
1295202531287527425
1295202540808740864
1295202561373470722
1295202572626571264
1295202596395745281
1295202621842546689
1295202637030162432
1295202638758318080
1295202651055980546
1295202653824327681
1295202661202001922
1295202672031801345
1295202674535735296
1295202674879725572
1295202686447411201
1295202687961587714
1295202691594035201
1295202694978822146
1295202696962568192
1295202700959846405
1295202722300321792
1295202735424278528
1295202738880557057
1295202742697304067
1295202754277728257
1295202768165117952
1295202789749141506
1295202794266296320
1295202808111566849
1295202817095933952
1295202821441110016
1295202830685368326
1295202839896227840
1295202849916366849
1295202853070331909
1295202865376616451
1295202900323508225
1295202909035036674
1295202912923086849
1295202945689149440
1295202948302045185
1295202972222263300
1295202972352147458
1295202974206013440
1295202985920921601
1295203003117395968
1295203010742820865
1295203014488330249
1295203037515067393
1295203040698408960
1295203063666548738
1295203064404676609
1295203070255669248
1295203083832590337
1295203093487878146
1295203094574358529
1295203098646978561
1295203103885520896
1295203108520263680
1295203111653404676
1295203114946121729
1295203140783005696
1295203142477451265
1295203145493045248
1295203149989310464
1295203169786527751
1295203174286934016
1295203191122927617
1295203193773797376
1295203207954620417
1295203247376830465
1295203248974905354
1295203250937839618
1295203261809475584
1295203264640638977
1295203267819970565
1295203273863880704
1295203275667628032
1295203290842464256
1295203301089132544
1295203305446969344
1295203308093743104
1295203307925811200
1295203308127186944
1295203321008005120
1295203326863323136
1295203331741114368
1295203377132036096
1295203388439908353
1295203390985838592
1295203392231538688
1295203404155744257
1295203434925305857
1295203437286772736
1295203444987432965
1295203447265021952
1295203449429254149
1295203459617239042
1295203473563189248
1295203485823258625
1295203497017835520
1295203500549443585
1295203518060679170
1295203521642541056
1295203527304843264
1295203543314571264
1295203547785682945
1295203562696433664
1295203569927249921
1295203590290644994
1295203595432886273
1295203608217223175
1295203649103319042
1295203655189053440
1295203670733152256
1295203677469278209
1295203687745425413
1295203718879752192
1295203718749655040
1295203735287877632
1295203736676118536
1295203742988419073
1295203753738543106
1295203768443768832
1295203769957806080
1295203771530780673
1295203773028028416
1295203775536275456
1295203801276669956
1295203803831164934
1295203814392434688
1295203818351636481
1295203826094374915
1295203837922480131
1295203839755169792
1295203853546196992
1295203886353928192
1295203893429899264
1295203896122437644
1295203908478889985
1295203913784672257
1295203919874994188
1295203933946818560
1295203936035454977
1295203940863102976
1295203945632223239
1295203948396077056
1295203952917540865
1295203959775395840
1295203961582923776
1295203969308844034
1295203970743324672
1295203982952951815
1295203986916564993
1295203999898054663
1295204015882608646
1295204017853861893
1295204018348687361
1295204018881527810
1295204052675039232
1295204053794713601
1295204083540692993
1295204083737952257
1295204102247350272
1295204132953915393
1295204135910940678
1295204139366940672
1295204143460573189
1295204147051016192
1295204149953474561
1295204154030403587
1295204170291490817
1295204185273561089
1295204190738948102
1295204193020661761
1295204226201772033
1295204226361110533
1295204247462526976
1295204272934514688
1295204276839612417
1295204279741870081
1295204280153124864
1295204280740253696
1295204292886958082
1295204297991426048
1295204298553532416
1295204302802358273
1295204308028399617
1295204327087210497
1295204336335716354
1295204340697829376
1295204349040300032
1295204372582932480
1295204373488979974
1295204376915582976
1295204391134220288
1295204415545081857
1295204445223936000
1295204446209601536
1295204460847824896
1295204468624109569
1295204470276661249
1295204477503516673
1295204515122229249
1295204521895854082
1295204522617458688
1295204543874113541
1295204556859674624
1295204558797504512
1295204562177912832
1295204562744344576
1295204573871607808
1295204581455036416
1295204584055611393
1295204592540688386
1295204597171027969
1295204608575496192
1295204622085304320
1295204628133548037
1295204639563042817
1295204670974111744
1295204679672975362
1295204680201646081
1295204685691990022
1295204725718003715
1295204727974555648
1295204733062389761
1295204745611812870
1295204748925313024
1295204757129195521
1295204758651670529
1295204764293136385
1295204767908548609
1295204794546757634
1295204798548058118
1295204804289892353
1295204808190595072
1295204830223437825
1295204834543636481
1295204842441510912
1295204856546971648
1295204872866979841
1295204877937922049
1295204880080965632
1295204880303501314
1295204884921253890
1295204888297615360
1295204898284412933
1295204904026411009
1295204905536299010
1295204932501622784
1295204950436220928
1295204952000913411
1295204953712099331
1295204968203460608
1295204974595657728
1295204980182458368
1295204996892434433
1295205000046551040
1295205008061788161
1295205009035010049
1295205010024759297
1295205011446812673
1295205036822278146
1295205039523483648
1295205043294162945
1295205079578886144
1295205081030303746
1295205097945931776
1295205109173858304
1295205115947823105
1295205116060917761
1295205131651354624
1295205133177978881
1295205152237015040
1295205153860026368
1295205157777612801
1295205160784769024
1295205162324287488
1295205163381268481
1295205176391790592
1295205181706186752
1295205188211335169
1295205193508884480
1295205196935704576
1295205197304623105
1295205212651749376
1295205241122623488
1295205247019868160
1295205247556542466
1295205263876579333
1295205267659948037
1295205276975534080
1295205279139868674
1295205297439379456
1295205328808681472
1295205352611381248
1295205353559224320
1295205388313231362
1295205398165835776
1295205400153710593
1295205414192087040
1295205429086232577
1295205458949464064
1295205461143121920
1295205463714193410
1295205490276945920
1295205507599278080
1295205514276724736
1295205518420537346
1295205526310023168
1295205539698356224
1295205545108885505
1295205555947151360
1295205579321946113
1295205584648642560
1295205597604978688
1295205599521787904
1295205604403945473
1295205610565361665
1295205617674498049
1295205625140371456
1295205677044989952
1295205690898649089
1295205697148219396
1295205699950084097
1295205704505024512
1295205727955349505
1295205735924670464
1295205752492011520
1295205759899271170
1295205767260274688
1295205775569117186
1295205790064824322
1295205804283441152
1295205815507456000
1295205815662424064
1295205817331773446
1295205828144893955
1295205833123471360
1295205837791617025
1295205853591568386
1295205867982397440
1295205884164018178
1295205889402638336
1295205901054353408
1295205901607899136
1295205910021734401
1295205915470073857
1295205937372856321
1295205943051837440
1295205944666726402
1295205957853642752
1295205970436599808
1295205977369620480
1295205978116362252
1295205982864318465
1295205987733901314
1295205989503741953
1295206018754854912
1295206026107469824
1295206031773974530
1295206045695070210
1295206047288762371
1295206048807165952
1295206058676322305
1295206062400974850
1295206064606941184
1295206075793395714
1295206098442412033
1295206106591948801
1295206131476893696
1295206136317128705
1295206140264030215
1295206140926521344
1295206155011133440
1295206163697610753
1295206174120345601
1295206189756829696
1295206195951800320
1295206204894064642
1295206205556752385
1295206206122975232
1295206211240046592
1295206221969063942
1295206222933590016
1295206249236234245
1295206257637445632
1295206273533620229
1295206288901644288
1295206289136472064
1295206289132453888
1295206289472196609
1295206302835081216
1295206304676536320
1295206309680226304
1295206312897208320
1295206315023720448
1295206319394234368
1295206333969510401
1295206339581444096
1295206343830392832
1295206348007899137
1295206355700252672
1295206363258408963
1295206363514077184
1295206365388931078
1295206372556984321
1295206377657380865
1295206382019518466
1295206382258585601
1295206384519254016
1295206384628310016
1295206385601449985
1295206385664184320
1295206390877757441
1295206402798034944
1295206414181257221
1295206418664976384
1295206422473515010
1295206429859618816
1295206438822768640
1295206443704971264
1295206461220384768
1295206479507730436
1295206491222417408
1295206498038161408
1295206505046773760
1295206518913142790
1295206555441336320
1295206563842535424
1295206576823787520
1295206588429373440
1295206618091708416
1295206618154631168
1295206638295670786
1295206639889416193
1295206648231784449
1295206649280499712
1295206651285458944
1295206660588236802
1295206680754520065
1295206685372555264
1295206699356176384
1295206722970226688
1295206729139904512
1295206734139596802
1295206752485404672
1295206757145477120
1295206766695784449
1295206767647961090
1295206769212264449
1295206772609658883
1295206791421272065
1295206793141006336
1295206793216483329
1295206793233268739
1295206793661100032
1295206800766058496
1295206827995484161
1295206829518131200
1295206838192033792
1295206840108609536
1295206844089036800
1295206849940135941
1295206853178265607
1295206875059965953
1295206901462913024
1295206910166216704
1295206912393453569
1295206935642472448
1295206947025608704
1295206947570847744
1295206953879089153
1295206965451382789
1295206975785979904
1295206977526800384
1295206979669876738
1295206991887990786
1295207005137887237
1295207011970424838
1295207016110215169
1295207045340098560
1295207045998747648
1295207046841688066
1295207052101312512
1295207061702270981
1295207086129688576
1295207101464281088
1295207110406549505
1295207131889766400
1295207154123771905
1295207155021131776
1295207155965075456
1295207167537094656
1295207170380722176
1295207241289592839
1295207256687026176
1295207258570264576
1295207265939664896
1295207277583007745
1295207281340985346
1295207285472534529
1295207297308741635
1295207308906180608
1295207313385623555
1295207329390944256
1295207330729140225
1295207342125047808
1295207354519171072
1295207359090810881
1295207364082245633
1295207367831822336
1295207368582553606
1295207371237711872
1295207377097170944
1295207389449334784
1295207398244855814
1295207399264006144
1295207408546062337
1295207428577869829
1295207428946968581
1295207429152468992
1295207434680639489
1295207441278414848
1295207470567235584
1295207475881238528
1295207478066462720
1295207486216167424
1295207507305074688
1295207530717741056
1295207540465246209
1295207547473924099
1295207557322149897
1295207560904085504
1295207560790720512
1295207562434842624
1295207569552822275
1295207585264603137
1295207590612197376
1295207595544907777
1295207600246538241
1295207615929057282
1295207624716062720
1295207645335261190
1295207677950169089
1295207679367892992
1295207686817157121
1295207707977248768
1295207713081905152
1295207713698467842
1295207724200816642
1295207731897540613
1295207732287549440
1295207738746732549
1295207740197998593
1295207739795427330
1295207760179601409
1295207762285211648
1295207771546226688
1295207784703594497
1295207786947600384
1295207792962228225
1295207832162164736
1295207835266174978
1295207838621417474
1295207852768780288
1295207863644717057
1295207875367886848
1295207917667274752
1295207918443409410
1295207923614916609
1295207924646567939
1295207955478978561
1295207970645499904
1295207988656046082
1295207990207877121
1295207993743556609
1295208015587672065
1295208021589659648
1295208025808965633
1295208044096233474
1295208050119385090
1295208061825691648
1295208071464136704
1295208075272445954
1295208086488088576
1295208096747401217
1295208099033341958
1295208117198888962
1295208117526036481
1295208119723646981
1295208131140583428
1295208135020490752
1295208135540592645
1295208163394768896
1295208172051931136
1295208174824415233
1295208180478169090
1295208200619229184
1295208210392113154
1295208229656502276
1295208237906755585
1295208246832177154
1295208252679106560
1295208261793255424
1295208265031323649
1295208272585252865
1295208273466007552
1295208280139104259
1295208297092378630
1295208299021979655
1295208300481589248
1295208302947704832
1295208320853315584
1295208322426179588
1295208325722775552
1295208335164268545
1295208339102564353
1295208349512765441
1295208350054076417
1295208362657882113
1295208377287614470
1295208380336750592
1295208382392078336
1295208403636281344
1295208417221459969
1295208425740263430
1295208437874339841
1295208441204674562
1295208445239365632
1295208451950469120
1295208452315176960
1295208460523626508
1295208460683026433
1295208490806456321
1295208498695790592
1295208514286161920
1295208526160121861
1295208536906125312
1295208542090285057
1295208552630554624
1295208562994507777
1295208562986229760
1295208564336730112
1295208572234735616
1295208572582731777
1295208593906479105
1295208595370455041
1295208606351187968
1295208606544154625
1295208617726160896
1295208623921143814
1295208627100295168
1295208640844926976
1295208641620926465
1295208650051596289
1295208673908871168
1295208693307510784
1295208694347640840
1295208700035006469
1295208708318932992
