1298304108432994304
1298304130394382336
1298304148719329281
1298304157493923840
1298304169544097792
1298304176766586880
1298304176661782528
1298304180982079488
1298304180462002177
1298304190868082688
1298304193434877953
1298304197566308352
1298304202033238016
1298304210610642944
1298304227580796929
1298304231955365890
1298304253023444992
1298304256949104640
1298304265610567681
1298304295444463616
1298304302541205504
1298304331909914626
1298304333717667847
1298304334149517312
1298304340193619969
1298304341842046976
1298304342097723392
1298304356933087236
1298304363199225857
1298304370488958977
1298304375169994754
1298304379540439040
1298304382170288128
1298304402726555648
1298304432443195392
1298304433533714432
1298304440794001412
1298304442211667970
1298304450625449986
1298304467524136960
1298304470883995650
1298304504882843648
1298304505176453121
1298304518099210240
1298304550030446592
1298304550756143106
1298304551125241856
1298304551481745408
1298304555244027905
1298304572566339585
1298304589297381376
1298304605110099970
1298304606657683457
1298304608960417793
1298304609207881735
1298304613116809216
1298304613834055681
1298304614459154432
1298304621367238658
1298304630711922688
1298304652316823552
1298304679806488576
1298304680771096577
1298304689738457088
1298304711477559297
1298304718863835136
1298304726572978182
1298304727558557698
1298304729026445312
1298304729227894786
1298304740434952193
1298304759607123969
1298304780364808194
1298304780801015808
1298304781522542592
1298304786735837185
1298304793895559168
1298304797792251904
1298304804465397760
1298304815680847874
1298304816511430657
1298304819044655105
1298304831464112128
1298304832328151040
1298304832642658305
1298304835691917319
1298304841664598021
1298304857279995904
1298304868944289793
1298304893006962688
1298304894483472384
1298304896257732615
1298304908031139848
1298304912443486218
1298304915828285446
1298304919556980737
1298304923554193408
1298304935789043719
1298304945301594113
1298304957456584704
1298304958006059009
1298304969825751040
1298304971633393664
1298304995490758656
1298305004768501760
1298305017057882112
1298305024536252417
1298305054408155137
1298305058610782208
1298305062817738752
1298305070635810816
1298305089069867011
1298305092865515526
1298305095260680192
1298305097177411587
1298305120300654594
1298305128844398599
1298305130547347461
1298305141838434305
1298305142295535618
1298305142689800192
1298305154337234944
1298305166593138689
1298305175971602433
1298305210750623745
1298305225766256645
1298305229985914881
1298305231277694976
1298305235279060992
1298305238932152320
1298305238298959873
1298305240073007104
1298305242707058688
1298305251183865856
1298305255806062592
1298305258859503616
1298305258968551424
1298305268170752000
1298305269039013888
1298305288127295488
1298305294166966272
1298305301540675585
1298305305995075592
1298305319194562567
1298305319014141955
1298305326588936192
1298305329982083072
1298305351964655622
1298305365625339904
1298305380699852801
1298305389403017217
1298305402916896768
1298305405970522113
1298305415285837824
1298305423619981312
1298305426816204800
1298305427218862080
1298305441013719040
1298305451864535047
1298305469514051584
1298305476766109696
1298305488241623043
1298305491366371329
1298305503815258113
1298305553131646977
1298305558361980928
1298305558521446407
1298305562573250560
1298305562652946433
1298305565702184960
1298305578767458304
1298305583087415296
1298305586145173504
1298305599885717508
1298305604080066560
1298305607670181888
1298305633440149506
1298305650133475329
1298305661365780482
1298305684778496008
1298305686661718019
1298305690671419393
1298305700171407360
1298305712792252418
1298305721256165377
1298305725148479489
1298305774557356032
1298305775429853185
1298305780018548736
1298305780848959489
1298305792374910983
1298305795797299200
1298305822158708739
1298305839040626688
1298305842710818818
1298305845940363264
1298305847970287617
1298305863501979648
1298305868820295681
1298305876088901636
1298305880509812738
1298305884284522497
1298305884641263617
1298305896427257857
1298305905361129472
1298305938751979521
1298305942266642432
1298305956393099269
1298305957517090817
1298305967877246976
1298305972826341376
1298305982599254016
1298305985417605120
1298305990492737537
1298306006405931009
1298306006339014656
1298306007295242241
1298306028132425728
1298306047820443649
1298306059786911745
1298306064417468418
1298306094809456640
1298306118863781894
1298306127919230976
1298306131383599106
1298306131853541377
1298306139726045185
1298306140854419457
1298306143698051072
1298306148748099585
1298306165495996417
1298306196106092549
1298306219145273344
1298306241572286464
1298306253190393856
1298306253383376898
1298306278272503808
1298306290574188544
1298306291224522755
1298306316998451205
1298306321091923968
1298306321045889024
1298306325202579459
1298306326590885899
1298306351148470275
1298306362208911362
1298306374359830530
1298306380315664386
1298306383834685443
1298306397591961600
1298306409549967360
1298306412330844160
1298306411936579586
1298306410644561920
1298306446552117248
1298306446774476801
1298306455871852544
1298306459315236865
1298306459562848256
1298306481092202496
1298306510485893121
1298306513010700289
1298306523475709952
1298306529960112131
1298306534393425920
1298306538109636610
1298306565267533825
1298306577330561029
1298306580266594306
1298306584758673408
1298306589405802496
1298306598654210048
1298306605109391361
1298306618950660097
1298306624591925249
1298306631525007360
1298306635501314048
1298306643428597762
1298306655822774273
1298306656149929986
1298306656707604486
1298306661023723530
1298306673891835904
1298306680850128897
1298306682989293568
1298306686285942790
1298306686709628932
1298306707546943489
1298306707324624897
1298306715306168321
1298306718846398464
1298306739805261825
1298306753214349312
1298306754007011328
1298306760583782400
1298306773124702208
1298306774144090115
1298306789650436101
1298306790480728064
1298306792016027648
1298306794289168384
1298306800509476865
1298306806477987849
1298306807891398656
1298306812178038785
1298306836156882952
1298306848718614528
1298306848802709510
1298306858017529856
1298306882009006084
1298306891534217218
1298306896307212288
1298306907820552195
1298306917039616000
1298306920122593284
1298306936887103488
1298306937608527872
1298306938418204673
1298306940800507905
1298306946861355009
1298306950615228418
1298306962678063104
1298306966943662080
1298306971767119874
1298306982936551424
1298307004927217664
1298307008362246145
1298307023478677508
1298307029732192256
1298307031280095233
1298307033201086464
1298307042407571456
1298307075005534208
1298307092567203840
1298307104827035653
1298307112594837504
1298307118571728897
1298307133604335616
1298307142890520577
1298307154756198400
1298307154642903046
1298307156270362625
1298307175719137281
1298307177988403203
1298307181784240128
1298307190181306368
1298307192190382080
1298307209961463809
1298307221621702661
1298307223433523200
1298307224335515649
1298307227888091136
1298307235907424256
1298307238583508999
1298307239619559424
1298307244631760896
1298307268618809345
1298307286209789959
1298307294686576640
1298307302114488322
1298307330770165763
1298307336700866561
1298307340593233921
1298307348792918016
1298307350151835648
1298307355982147586
1298307357198385164
1298307361375956994
1298307370892906496
1298307383110840321
1298307386654982144
1298307387380572160
1298307411766382592
1298307424080875520
1298307427528511497
1298307437263454208
1298307440342175752
1298307441478664197
1298307452446924801
1298307461456289794
1298307466560643072
1298307470650216455
1298307474773221376
1298307479802011648
1298307494712872962
1298307496289984512
1298307503013339137
1298307528103690240
1298307529865297920
1298307549821898752
1298307559997177858
1298307565944635394
1298307566099935232
1298307573964308481
1298307578682802183
1298307595103383552
1298307599222411268
1298307620839841800
1298307622609784840
1298307625050714112
1298307633980506112
1298307636719505409
1298307637352816641
1298307646290833413
1298307648878718976
1298307653744168961
1298307657913245699
1298307691417346051
1298307696110768135
1298307705023508480
1298307706563047424
1298307709880672257
1298307717430419457
1298307717883408384
1298307721364725762
1298307726343376897
1298307729136717825
1298307734849429509
1298307742638075905
1298307743393050624
1298307750108123136
1298307751198822401
1298307765123735553
1298307768982667266
1298307773269254147
1298307788490383361
1298307789220061184
1298307789325045762
1298307792323764224
1298307800666341377
1298307801899360257
1298307814037823488
1298307826067087366
1298307826427691009
1298307835760173056
1298307838184316928
1298307849165180928
1298307855976738819
1298307880551161858
1298307885118758914
1298307900658442241
1298307914801614849
1298307927472824321
1298307939049050112
1298307939837579265
1298307943117590532
1298307948649816064
1298307955725463552
1298307977561210883
1298307990114537473
1298307999606464512
1298308002081103875
1298308014223568899
1298308015800680450
1298308015913930752
1298308020460494848
1298308027418914817
1298308062638485506
1298308090127941632
1298308094720536579
1298308095534276608
1298308104686391305
1298308104564744192
1298308123371790337
1298308129868754944
1298308136969875456
1298308140572856320
1298308146285481990
1298308157412765696
1298308163909779456
1298308165235363842
1298308165730054144
1298308178405457925
1298308183866380288
1298308181395988483
1298308190682193924
1298308196159889409
1298308203193794560
1298308205072662528
1298308212802887683
1298308223762608129
1298308226065129472
1298308238958645251
1298308246722289664
1298308251440816132
1298308262949879808
1298308288719855617
1298308289239945217
1298308289751658497
1298308292951904259
1298308295409762313
1298308296315531265
1298308296655491072
1298308301424398336
1298308316502929412
1298308318813810690
1298308325977841665
1298308327042998273
1298308329098211330
1298308331275132928
1298308338221035521
1298308350921383937
1298308352146116609
1298308354725601280
1298308359020580864
1298308359892992002
1298308360438087681
1298308362359250947
1298308367564386304
1298308376854749184
1298308393145438209
1298308397000007680
1298308417413459968
1298308419364040711
1298308427215642624
1298308440192778240
1298308443766390784
1298308446757048323
1298308463576207360
1298308473814491137
1298308475680956417
1298308484841312256
1298308485684301825
1298308488838254592
1298308498606956545
1298308519427375104
1298308522921398272
1298308528122331136
1298308529107894274
1298308534879358977
1298308540638146563
1298308546350718976
1298308551639695363
1298308553455755270
1298308555142041600
1298308558442954752
1298308572422402048
1298308572670042113
1298308581377413123
1298308585009684482
1298308589065469952
1298308589820338176
1298308590411939840
1298308610733334531
1298308624620703747
1298308633764167685
1298308645227298821
1298308647869485058
1298308647798243329
1298308652336582657
1298308652772859909
1298308656904261632
1298308660515438594
1298308660817469440
1298308665145872384
1298308672939003910
1298308695130902528
1298308726164787208
1298308729654390784
1298308735522213888
1298308746439987203
1298308774025990145
1298308779440771073
1298308787195875329
1298308791230959617
1298308799355265024
1298308802907865088
1298308807525834752
1298308812189794306
1298308816560369665
1298308817839706113
1298308840765698050
1298308859153580036
1298308862999760896
1298308863494676480
1298308870331183104
1298308876077596672
1298308886961610753
1298308905467088896
1298308906607927306
1298308921355116544
1298308924722966528
1298308955303751680
1298308983594405889
1298308984651362305
1298308987520086017
1298308987570597888
1298308987767541760
1298309004905472000
1298309006113423360
1298309009041219586
1298309013352796160
1298309014619672576
1298309034794258433
1298309046500548609
1298309050506108928
1298309052242501634
1298309064737333249
1298309064821284868
1298309081413881857
1298309084320600065
1298309089693491200
1298309093871017984
1298309130290110465
1298309131120541696
1298309144068468739
1298309144248610818
1298309146215931905
1298309151769145344
1298309167866757121
1298309168227639303
1298309176561750018
1298309181103980544
1298309192806215680
1298309193380835328
1298309197319114752
1298309209646235648
1298309214348115973
1298309224015904768
1298309232639348737
1298309233247760384
1298309253858562049
1298309262163181571
1298309290483056643
1298309308531187712
1298309315187691520
1298309335525789697
1298309345390678017
1298309358288216064
1298309362713329666
1298309365670256641
1298309368048488452
1298309379226128385
1298309395789557760
1298309396536201217
1298309399497367558
1298309406753533953
1298309420544405507
1298309428115120130
1298309431713726464
1298309439024398336
1298309440576163840
1298309441801117698
1298309446557265922
1298309462516568064
1298309466647965698
1298309473753354242
1298309493286043648
1298309517176909824
1298309526823657472
1298309533299814400
1298309545937317888
1298309560059469825
1298309560789168129
1298309567177162756
1298309567462412288
1298309575960080385
1298309583631343616
1298309596180885505
1298309604569473030
1298309615025827841
1298309617508855815
1298309621548044291
1298309626669207555
1298309642045595648
1298309643656146945
1298309648341061632
1298309654984957953
1298309671602622464
1298309679617998849
1298309709167026177
1298309710614073348
1298309714669907968
1298309722475388928
1298309722727096321
1298309734118895619
1298309768516440071
1298309776326131715
1298309785209593856
1298309806873337865
1298309810652405762
1298309815882534912
1298309818772410368
1298309823117893632
1298309831435210760
1298309836711632963
1298309838800408576
1298309839475490821
1298309844303192066
1298309856525463552
1298309869322174464
1298309872585302016
1298309874422620164
1298309881846472713
1298309885696909314
1298309889664733189
1298309890197291013
1298309895037517825
1298309898682286081
1298309916210483206
1298309916818464768
1298309932744245250
1298309937777512450
1298309943884316673
1298309953120215040
1298309978730770434
1298309979632553984
1298309984107855872
1298309986175668225
1298310019163840515
1298310021181247500
1298310021269389312
1298310025228812288
1298310036003987457
1298310036125552640
1298310052533633029
1298310059395395584
1298310066383224835
1298310066609807364
1298310087392387072
1298310099560210432
1298310111643959302
1298310129721339904
1298310132653158400
1298310141599723527
1298310146465173505
1298310149673758720
1298310154576965632
1298310168048889857
1298310178832515073
1298310184603987969
1298310196939370496
1298310200181563396
1298310202706604033
1298310202823860224
1298310204862455809
1298310205483003905
1298310221073448961
1298310237666127872
1298310238576283648
1298310250559406080
1298310279730610176
1298310285904707589
1298310288643698690
1298310297594163200
1298310300391878656
1298310310944821248
1298310323296862208
1298310338484592640
1298310343962353671
1298310348500537345
1298310398026842112
1298310407661268993
1298310410043404289
1298310415894683655
1298310419237527553
1298310423129870337
1298310432214712321
1298310436224479234
1298310443060965376
1298310443874709505
1298310448152944645
1298310473532702726
1298310473885126656
1298310505895952386
1298310506218958849
1298310514691526656
1298310515656138754
1298310519292432391
1298310554130567169
1298310556252807169
1298310557250945024
1298310561004830721
1298310572866330629
1298310583893331968
1298310594894934017
1298310600406097925
1298310605225357312
1298310611588308994
1298310612104155136
1298310615417491457
1298310621532786689
1298310624464769024
1298310624578084864
1298310631469146112
1298310641791508480
1298310665711554560
1298310670581104640
1298310695151337472
1298310695700717568
1298310707558207490
1298310720065601538
1298310728739217408
1298310733873250304
1298310741934534657
1298310743377342464
1298310745415979008
1298310745638100992
1298310753309597702
1298310771697319942
1298310775296139264
1298310776097312769
1298310820737060864
1298310833370529792
1298310833311641601
1298310835509633027
1298310837178757120
1298310847698219009
1298310855579271168
1298310864815235074
1298310877037432832
1298310889821503488
1298310893143379968
1298310896666791937
1298310908758958082
1298310910424109057
1298310917940293635
1298310925510819840
1298310926513459200
1298310929776545792
1298310938114785280
1298310940170092545
1298310963041570816
1298310963813376000
1298310964878741505
1298310975972691968
1298310976815558657
1298310982062747649
1298310984486883329
1298310989310377984
1298311002195279879
1298311005194223616
1298311013591216128
1298311028258697218
1298311035393388544
1298311065160253441
1298311068142522368
1298311101373771776
1298311114766389248
1298311124778201089
1298311135586852865
1298311135997771776
1298311147926454274
1298311149277122560
1298311155832614912
1298311165202722823
1298311185532694528
1298311191794614273
1298311194516819971
1298311203626811392
1298311212732567553
1298311221238800390
1298311227425394690
1298311233796538370
1298311244772933632
1298311265421594629
1298311266906365952
1298311270215626755
1298311291472351233
1298311299508535296
1298311315438440449
1298311337915961344
1298311340449202180
1298311345369227270
1298311347202031617
1298311349647417344
1298311350184181760
1298311354034593799
1298311357662728192
1298311358967164928
1298311363287232519
1298311390839607302
1298311392295034887
1298311400511565824
1298311403296755713
1298311408619200513
1298311431855775745
1298311442492424192
1298311444405071878
1298311476952915968
1298311487262527490
1298311493197471746
1298311500600422411
1298311516492648448
1298311517625028614
1298311518602264576
1298311524927311874
1298311525992628224
1298311559479824384
1298311563154161666
1298311569571549184
1298311592128454656
1298311596398096384
1298311609727750144
1298311619391508482
1298311639809359872
1298311643080740865
1298311651993690112
1298311656708087808
1298311669773467654
1298311676475965441
1298311680342990848
1298311692665970689
1298311697653006338
1298311702426144768
1298311705722642433
1298311735099535360
1298311743215677446
1298311744503402498
1298311785712201729
1298311791135555584
1298311807690571788
1298311811335196672
1298311811767230464
1298311820021846016
1298311829555417089
1298311839286165507
1298311865638977536
1298311867195166722
1298311886040170496
1298311886358761472
1298311899612938242
1298311903379369984
1298311907519143936
1298311915970670599
1298311932282167296
1298311933234417666
1298311937286123521
1298311953123876868
1298311957230084096
1298311961877385216
1298311966419714048
1298311973969567744
1298311978092564480
1298312000167202816
1298312012024303616
1298312024758386691
1298312033323098115
1298312037911715841
1298312045574725634
1298312046384119808
1298312059810127884
1298312067695480839
1298312071243849730
1298312072774782984
1298312078957121542
1298312079892525058
1298312084237824000
1298312088021020673
1298312092454453251
1298312109529456640
1298312112637444096
1298312122649149441
1298312127019659265
1298312129632763904
1298312135609651204
1298312135714406400
1298312137689960451
1298312179175829505
1298312185374965760
1298312193050632194
1298312205000220676
1298312221752098817
1298312230367301632
1298312235916439554
1298312238420434944
1298312268988526594
1298312272071122944
1298312289884479489
1298312292686336002
1298312331366105088
1298312334805532674
1298312348713844736
1298312349313449985
1298312355248582656
1298312364232671233
1298312365524615168
1298312365432287234
1298312385682378762
1298312394964209664
1298312395337748480
1298312398827188224
1298312398890180613
1298312424324575233
1298312426920828934
1298312435250626560
1298312440468340742
1298312440560721920
1298312461775286273
1298312465999069186
1298312473003474944
1298312474056425472
1298312475188826113
1298312481425817600
1298312482008625152
1298312482403033088
1298312485947289600
1298312490971881472
1298312495149379585
1298312495107473409
1298312520638267393
1298312524522086401
1298312535968485377
1298312537218232321
1298312545586098181
1298312548979060737
1298312549113442305
1298312561276878848
1298312562694643714
1298312573855633408
1298312574921052161
1298312575193579520
1298312590809075714
1298312594525102080
1298312595032743937
1298312599713579010
1298312613462519809
1298312629841141761
1298312651521630209
1298312653249507328
1298312663823527940
1298312674368000000
1298312674690895874
1298312680080642048
1298312688020455430
1298312691971481602
1298312704717807617
1298312707913859072
1298312716294205442
1298312718001344512
1298312754886053888
1298312754932199425
1298312758686109697
1298312771042308096
1298312796262862850
1298312804240363521
1298312809864978432
1298312830089924610
1298312834577727493
1298312838935646210
1298312842966208512
1298312864747474944
1298312872179593217
1298312872661929984
1298312873337331714
1298312876059394051
1298312893524594692
1298312897949556744
1298312905167794177
1298312905318834176
1298312913908686848
1298312914676269056
1298312918501662720
1298312930556076042
1298312934561591297
1298312944585977856
1298312947144458241
1298312960520200193
1298312960260149262
1298312972142608384
1298312973551898631
1298312973530943491
1298312985472106497
1298312987611021313
1298313018804244481
1298313022713163776
1298313027603832832
1298313036483239936
1298313066011070464
1298313069509013504
1298313086193905664
1298313094024908802
1298313103487246343
1298313106985279490
1298313112911839232
1298313124131614721
1298313131660320770
1298313132222316546
1298313140497788928
1298313141021966342
1298313170914668545
1298313182717423616
1298313186538663937
1298313190372257792
1298313194440556544
1298313199218040833
1298313200409227265
1298313216322404353
1298313221359763456
1298313236341837825
1298313237943984128
1298313253580414981
1298313253760774146
1298313274648170496
1298313282743197697
1298313304914440192
1298313315773558784
1298313320118837257
1298313354834927616
1298313363311583232
1298313380730736640
1298313381867401221
1298313405682593793
1298313410111770625
1298313410581536773
1298313416755630081
1298313425962127362
1298313427341856771
1298313427446890502
1298313437936746497
1298313438272212992
1298313438880464897
1298313456609832960
1298313484245979137
1298313484548157440
1298313526268899329
1298313527854342150
1298313530823839751
1298313569545662466
1298313581826576385
1298313588965126144
1298313602336727040
1298313609869701123
1298313614961643525
1298313615947321344
1298313643050688513
1298313651275825153
1298313656090984448
1298313681592254471
1298313695030915072
1298313698595962880
1298313715385802755
1298313769974747136
1298313778304557056
1298313781794267141
1298313799531810817
1298313807312441346
1298313810990837760
1298313812844654592
1298313812907626501
1298313815600201728
1298313821619130370
1298313833874968578
1298313846596280323
1298313861066567680
1298313862639493124
1298313866347196416
1298313866494054406
1298313895103397888
1298313904947429376
1298313909456089089
1298313913738702849
1298313925323304966
1298313942301904896
1298313951663607808
1298313959632785410
1298313986971258887
1298313988120469508
1298313992658735112
1298314001122840578
1298314004235014144
1298314009775546370
1298314013080788994
1298314020643049472
1298314021733412864
1298314022345990144
1298314024820637698
1298314030176702469
1298314033884430336
1298314037600686084
1298314038603124737
1298314047776067586
1298314056269541377
1298314088603361283
1298314089526067203
1298314105569202176
1298314110132789248
1298314110854025216
1298314111286034432
1298314123630071809
1298314138905710594
1298314142743293952
1298314163337428996
1298314172111958018
1298314172493697030
1298314190562701318
1298314194547142656
1298314197315584000
1298314198594859010
1298314202281541632
1298314205741883393
1298314206857568258
1298314231067152384
1298314240198139905
1298314244992176129
1298314247722676224
1298314247936585729
1298314251254337541
1298314252705361926
1298314252990775297
1298314260355805185
1298314272225628161
1298314276319506432
1298314291196694528
1298314298910019587
1298314303397859329
1298314314781163521
1298314315683057665
1298314318430208000
1298314324201676800
1298314341255655424
1298314345429053442
1298314356313079808
1298314357244194822
1298314361170255877
1298314368778752002
1298314389989150720
1298314403071373312
1298314404786614273
1298314423434715141
1298314436348981249
1298314445601435648
1298314454095077378
1298314461921435648
1298314466824577024
1298314471434096640
1298314474336784384
1298314478107467778
1298314478422024192
1298314483996209152
1298314499821375488
1298314507345752064
1298314516304760832
1298314521203810306
1298314538606002177
1298314553546211335
1298314592825700352
1298314595296305154
1298314600115589120
1298314610588688385
1298314613348499458
1298314618629165057
1298314643249729536
1298314650287837186
1298314660425297920
1298314680104914944
1298314689374453763
1298314692176351242
1298314693027803136
1298314696785715201
1298314700048879617
1298314713030328321
1298314713240088576
1298314725634322435
1298314727240630274
1298314731145461760
1298314739391565824
1298314747507400704
1298314750565257216
1298314752867938310
1298314765194924035
1298314765236867074
1298314767120003072
1298314773172572160
1298314773394870272
1298314776796372994
1298314780302745600
1298314781284278272
1298314789781938181
1298314789878456321
1298314801186144256
1298314835516510210
1298314846895665153
1298314860934189056
1298314866524971008
1298314874058137607
1298314876394147840
1298314894136180739
1298314894505398273
1298314899215523841
1298314927120289793
1298314939644477440
1298314952973979648
1298314957239382016
1298314968610361347
1298314973312167937
1298314978563436546
1298315008300859393
1298315008649170944
1298315012201742348
1298315015565594624
1298315024436465666
1298315024881131521
1298315028685365248
1298315031340126208
1298315031768072193
1298315032086761472
1298315033605287938
1298315043969183745
1298315045596733442
1298315049426132995
1298315057365999616
1298315066354413570
1298315124143304710
1298315136290172929
1298315142246146048
1298315144955666432
1298315146679529473
1298315155168620545
1298315179189387265
1298315204128800771
1298315209656983552
1298315212769165313
1298315213465194496
1298315224458711042
1298315226643746816
1298315229974208512
1298315245627334664
1298315246491197440
1298315258193379328
1298315259732787200
1298315268481937413
1298315277151563776
1298315281820000259
1298315302267166725
1298315303990960128
1298315310072832002
1298315310425092105
1298315316926263296
1298315329244889090
1298315371896868867
1298315375692709890
1298315375810170881
1298315393300410376
1298315404696223747
1298315451441840134
1298315461415714816
1298315477400170497
1298315493057667072
1298315506793971716
1298315506945056776
1298315506966028289
1298315510522707971
1298315526884605952
1298315552344150018
1298315552797024256
1298315560871014400
1298315565304619009
1298315577367330818
1298315604470820864
1298315625438130177
1298315629028491264
1298315629175410689
1298315631381688325
1298315631465582594
1298315658611101702
1298315674851274759
1298315688340119562
1298315691213299712
1298315695826984960
1298315699174211584
1298315737921196033
1298315740714590214
1298315746301349893
1298315748809404416
1298315774084280320
1298315788328275969
1298315790731612163
1298315807718428672
1298315816987963395
1298315817990356993
1298315820465037314
1298315837154177025
1298315838009888769
1298315843605016582
1298315850706046977
1298315878866575360
1298315880120692740
1298315898001006595
1298315909904433152
1298315912899108866
1298315918439862275
1298315930699739136
1298315950102663169
1298315971325759492
1298315972517003267
1298315973481713666
1298315976971182080
1298315988929261569
1298315989436833792
1298315997384978434
1298316003315720192
1298316023238729733
1298316026585718787
1298316029752418304
1298316036077494279
1298316047351783426
1298316067954200576
1298316074010546176
1298316085188423680
1298316088678195205
1298316089038970883
1298316130336079873
1298316151911579653
1298316152750239744
1298316173122113543
1298316185771970561
1298316189928689665
1298316193334525952
1298316211118387200
1298316212057845760
1298316218433245184
1298316219326636032
1298316227555688448
1298316232127545350
1298316236472950785
1298316244739858436
1298316248778973185
1298316281297461255
1298316282442289152
1298316294392098816
1298316307734106112
1298316312154910720
1298316323492188166
1298316324456865793
1298316340122574848
1298316344094588931
1298316354013941760
1298316358472564737
1298316362490753024
1298316370115952640
1298316383978168320
1298316387073568768
1298316403959902208
1298316408720429056
1298316416299552772
1298316445907001344
1298316450763960320
1298316459689615361
1298316463472812037
1298316463967621121
1298316487204143105
1298316503947722752
1298316513611481091
1298316527230423043
1298316529214394370
1298316541767843840
1298316550567366656
1298316575498436612
1298316576685318144
1298316580082728960
1298316583455129600
1298316590384021504
1298316592560762881
1298316597954830342
1298316600303550464
1298316604510556161
1298316622579589121
1298316626471788544
1298316626677432325
1298316638106923011
1298316648005414912
1298316676098818055
1298316686215598085
1298316689021403136
1298316696575528962
1298316696927850496
1298316696848146432
1298316698643304448
1298316709242126336
1298316722102034433
1298316725813903367
1298316730985586690
1298316731094573056
1298316731878985736
1298316747263684609
1298316747427192833
1298316764443484160
1298316764535836675
1298316768885317633
1298316769036251138
1298316783389159424
1298316801751883777
1298316810136190982
1298316814565474311
1298316839873806339
1298316844701560832
1298316848816152577
1298316865278824465
1298316870710370304
1298316878889267203
1298316879061082112
1298316893938421761
1298316895146242048
1298316898535444480
1298316900129222660
1298316911197986819
1298316919603376129
1298316920308064256
1298316923013218304
1298316924053598215
1298316931489886209
1298316937047543808
1298316942294618113
1298316944232386560
1298316953384361986
1298316965518376963
1298316969888882695
1298316995956338688
1298317007197216772
1298317007734083585
1298317009281789952
1298317016583901184
1298317021210243072
1298317028219027457
1298317062218162177
1298317071349100552
1298317084854812672
1298317088973619217
1298317111765405703
1298317118786732033
1298317125858148352
1298317130396557316
1298317133613617153
1298317134876102660
1298317135010238464
1298317135308038149
1298317165700030465
1298317168694697985
1298317172578623492
1298317183446126594
1298317187669606400
1298317191670972416
1298317206003036170
1298317214555099136
1298317221316485122
1298317226374770688
1298317240937279490
1298317241889456128
1298317242048880642
1298317248138842113
1298317315793195012
1298317338790461448
1298317355605516288
1298317355756527618
1298317360235982852
1298317380238680065
1298317393354088449
1298317398089641991
1298317401646399488
1298317403235983360
1298317406469791746
1298317406922833924
1298317408134926338
1298317415730810882
1298317419988111362
1298317427890106368
1298317440296787968
1298317451785109504
1298317468729999366
1298317478552977408
1298317485997989890
1298317491387666438
1298317495712059392
1298317497784041473
1298317502477459458
1298317508424994817
1298317517228736514
1298317536866578433
1298317553664745474
1298317566969090050
1298317568911060992
1298317591283412992
1298317608123420672
1298317615740252160
1298317619599011842
1298317624158367744
1298317645133955073
1298317652880916483
1298317665572982785
1298317672216748032
1298317680391393284
1298317680601182212
1298317691552321536
1298317691518844928
1298317692391350280
1298317696803540992
1298317703770341376
1298317737379463170
1298317746292301824
1298317746611118086
1298317750683815943
1298317752185233409
1298317754584440832
1298317757881053184
1298317764638076929
1298317766693462018
1298317771588153344
1298317775849611265
1298317793297944580
1298317813874999297
1298317825040355328
1298317848201371648
1298317850504056835
1298317859332874240
1298317869428740097
1298317887829090306
1298317893927665664
1298317898621030400
1298317905122254852
1298317919055560704
1298317938487943171
1298317938735427584
1298317947488763904
1298317949133103110
1298317951439953925
1298317956779253762
1298317961267216384
1298317965004288009
1298317972314959878
1298317973652934656
1298317976031158273
1298317990077726720
1298317990727946241
1298318001687662594
1298318008927096832
1298318013998010370
1298318018624270336
1298318022902534144
1298318027730096131
1298318031358107648
1298318036626268166
1298318073989148672
1298318078070136836
1298318086253219851
1298318086441820160
1298318090049138688
1298318114648666113
1298318125176365061
1298318139357200384
1298318140120670209
1298318140539953152
1298318140699561989
1298318143992061956
1298318158286258178
1298318161239060481
1298318162350362631
1298318169141121024
1298318169388363776
1298318191492337664
1298318191932907526
1298318194453643268
1298318195124822016
1298318199117819905
1298318207149674496
1298318210727579650
1298318227953446914
1298318231833399304
1298318252796518400
1298318259448623107
1298318260996251649
1298318272442507265
1298318278809591816
1298318287324041216
1298318291719487488
1298318304012992512
1298318307272142848
1298318312892440577
1298318312875724805
1298318334145040384
1298318341375918080
1298318358048387082
1298318365476487168
1298318366004752384
1298318366160105479
1298318372103487489
1298318372099194882
1298318382740262916
1298318383482580992
1298318399911731202
1298318404806414338
1298318431268241408
1298318438272704515
1298318448947208193
1298318450415357952
1298318456635494404
1298318468333223936
1298318479548993548
1298318481322962945
1298318484875677696
1298318492555522048
1298318504307892226
1298318505096261632
1298318508980342790
1298318513292091393
1298318533626077186
1298318547731570688
1298318553221865472
1298318555214237697
1298318574440906752
1298318594653265927
1298318622818017280
1298318631466565637
1298318632041283585
1298318636336074753
1298318636852158464
1298318639024631809
1298318647618830336
1298318654006853632
1298318681039044608
1298318680464515072
1298318707660337161
1298318715973521410
1298318724714205187
1298318731961987072
1298318732800868352
1298318732868161536
1298318745442689024
1298318745744674818
1298318753453584384
1298318758465998849
1298318766237978624
1298318794578747392
1298318797871480835
1298318837792874497
1298318845837365248
1298318850321199104
1298318867085828096
1298318870407569409
1298318895057690626
1298318903379197958
1298318912489246722
1298318921637003264
1298318924505853958
1298318938347053056
1298318940612046848
1298318949394927616
1298318954402738176
1298318969846276097
1298318982806745089
1298318987474984960
1298318988309602308
1298318996626866176
1298318997608439808
1298319005586010113
1298319012468858880
1298319021675352066
1298319038179954690
1298319046908116993
1298319066365452288
1298319087811076101
1298319092592586754
1298319101626953728
1298319105926270980
1298319108921057283
1298319113111121922
1298319140588007434
1298319150868291584
1298319160041263105
1298319163107299335
1298319163576979456
1298319172166922240
1298319177703231488
1298319184347029507
1298319184703754240
1298319185613922305
1298319185920098306
