1299647986696294400
1299647995957383169
1299648006812102657
1299648018954813442
1299648030535118848
1299648032879898624
1299648045546569730
1299648049258606592
1299648050785390594
1299648051276120065
1299648068229492737
1299648070305669120
1299648085103181825
1299648086617157632
1299648090916315136
1299648099049144320
1299648103834890241
1299648117730549761
1299648143869358082
1299648163725242369
1299648169903419392
1299648199150505985
1299648200811466753
1299648201461555200
1299648205169197056
1299648216309301251
1299648219983486976
1299648222525349888
1299648226929377282
1299648233371729920
1299648234931908608
1299648235401883650
1299648245795368960
1299648255484145664
1299648262211858438
1299648273540620288
1299648291156701184
1299648292050137088
1299648293769744384
1299648294432382976
1299648303232155649
1299648313025798145
1299648330255851521
1299648341324828673
1299648359431512064
1299648368658927616
1299648371775475714
1299648383225917440
1299648384026935298
1299648388560945152
1299648399315140608
1299648404285521923
1299648407812943874
1299648411189350403
1299648420706045953
1299648425500258306
1299648426473172992
1299648431397494784
1299648465413328896
1299648470626729984
1299648471410946048
1299648472283361280
1299648476821753856
1299648498812542976
1299648502469931009
1299648508883013632
1299648516634021888
1299648524724760578
1299648528092856320
1299648532752797698
1299648542542233600
1299648543767044096
1299648547097210882
1299648555582279680
1299648563656482817
1299648572938424321
1299648577526992899
1299648577342337025
1299648586506960898
1299648593079554048
1299648615271428097
1299648629469315072
1299648657495523328
1299648658246217728
1299648674104930304
1299648687442984961
1299648691939270657
1299648695533621249
1299648725929930752
1299648742551887874
1299648752664244224
1299648760251740165
1299648765951971330
1299648767856054272
1299648773216448513
1299648774898364417
1299648793202356225
1299648799535759362
1299648800156463104
1299648804791226368
1299648811669749761
1299648814501048322
1299648815847231488
1299648840434245632
1299648841457827842
1299648848843829248
1299648850093842432
1299648851259740160
1299648854543994880
1299648859925221376
1299648860852310017
1299648861204488192
1299648885296566272
1299648885246156800
1299648907551453191
1299648909640437761
1299648910378635265
1299648910743437312
1299648911125090304
1299648917328424962
1299648926035845120
1299648927495585792
1299648973917962240
1299648976426283008
1299648980108763137
1299648988455604225
1299648994306555905
1299649021666037761
1299649024253886466
1299649024937455616
1299649031983919104
1299649034349502464
1299649039823187968
1299649046219350016
1299649047322595330
1299649047465205760
1299649083699793927
1299649095729111042
1299649116352339968
1299649119976337409
1299649132160712704
1299649142898130945
1299649145116921857
1299649163672645632
1299649171243167745
1299649174380584961
1299649184824545280
1299649185881391104
1299649206844633088
1299649240881340417
1299649242412314625
1299649243548995585
1299649252742836224
1299649253984415750
1299649262112833536
1299649272825159680
1299649287987630087
1299649288062943233
1299649292869595136
1299649295465889793
1299649300234997760
1299649306983620609
1299649316554907648
1299649324754841604
1299649326214508544
1299649330702241792
1299649340638593025
1299649341380947969
1299649353737408513
1299649359022235649
1299649374318985217
1299649386583076865
1299649399807709185
1299649402991120384
1299649418522767360
1299649420657594422
1299649421026775042
1299649430321324035
1299649437275283457
1299649441914400768
1299649461124321280
1299649469080895490
1299649471370817536
1299649473296175104
1299649483345592320
1299649523145256961
1299649523594047489
1299649532498640896
1299649544741883906
1299649552106975234
1299649561598799874
1299649563305807877
1299649564937342977
1299649566942273537
1299649568104001536
1299649577142939649
1299649594918236160
1299649609359216642
1299649614098968577
1299649614510010371
1299649620608520199
1299649622605000705
1299649627449368576
1299649629257039873
1299649661196800002
1299649670260559872
1299649678858829824
1299649681547382785
1299649688073842694
1299649694805655552
1299649712086069248
1299649712690270208
1299649731849670658
1299649742318706688
1299649748995944448
1299649774505746437
1299649775403401217
1299649782571347968
1299649787336286209
1299649791266156544
1299649810044039168
1299649813449814018
1299649817031970823
1299649823910645760
1299649827173695492
1299649828759068675
1299649841270644736
1299649848543555585
1299649856508588033
1299649858282889216
1299649862162460673
1299649873990627328
1299649882752299008
1299649885818380289
1299649911630094336
1299649926645776384
1299649948741296134
1299649957188767744
1299649981184462848
1299650000851472385
1299650006178095110
1299650027527127041
1299650029401989121
1299650057898061826
1299650068841205767
1299650069097000961
1299650072372629505
1299650077233942529
1299650083265413120
1299650094795378689
1299650098800934913
1299650101258772482
1299650135899553792
1299650144405659649
1299650205814370304
1299650209497088001
1299650212999376896
1299650219110330369
1299650224449757184
1299650235740778497
1299650235749281793
1299650249221378049
1299650264421392384
1299650280103927808
1299650282952036354
1299650284608729089
1299650284818444288
1299650295174180865
1299650295723507712
1299650310739197953
1299650310856728576
1299650321355075589
1299650322684694534
1299650328816750596
1299650330422964225
1299650338459246592
1299650338576793600
1299650339914657794
1299650365978222592
1299650366041067521
1299650370604380160
1299650377059414017
1299650379374682112
1299650385292951553
1299650419459846144
1299650431644323840
1299650438971547648
1299650441026981889
1299650442494980096
1299650446382915588
1299650452963770371
1299650467589427201
1299650475109703680
1299650487508033537
1299650492956471299
1299650508341342208
1299650512841781249
1299650519821029378
1299650535637897217
1299650537571471361
1299650568617627649
1299650570127585282
1299650607012130818
1299650615660945408
1299650616285749249
1299650625496645634
1299650629418340357
1299650637496348675
1299650644832391169
1299650648179314693
1299650652898033665
1299650662414848000
1299650680320335874
1299650696145297414
1299650725060857857
1299650734623875077
1299650740516864006
1299650742391775232
1299650748054110209
1299650750839103488
1299650751615119372
1299650753951219712
1299650766366539777
1299650776420114435
1299650776873099264
1299650802072641539
1299650809991323650
1299650812658974725
1299650823975182336
1299650827989037057
1299650828337319937
1299650839267557376
1299650844778954752
1299650850869182464
1299650881617629186
1299650882611613697
1299650891264536578
1299650893885902848
1299650906422738946
1299650933371146241
1299650943949049858
1299650952316645376
1299650977662935040
1299650980917600257
1299650981463031809
1299650986412134400
1299650998361714689
1299651000911851525
1299651005668155392
1299651005727084544
1299651010105946112
1299651012354080768
1299651013796933633
1299651017076858880
1299651023066353665
1299651024207056896
1299651027973537793
1299651036014161921
1299651037205209088
1299651037741998080
1299651048525705216
1299651064954642432
1299651066078920710
1299651070218641408
1299651072584105985
1299651077436964864
1299651088195481600
1299651089256591360
1299651095891865601
1299651111700307969
1299651117945630721
1299651121854787585
1299651131476303872
1299651136949907458
1299651170676486145
1299651198384050176
1299651207376461824
1299651226058067969
1299651234647781376
1299651251626487810
1299651259784282112
1299651281649188865
1299651297134616576
1299651308367077376
1299651309625319424
1299651315690217472
1299651347390791680
1299651353770364929
1299651358560190464
1299651363098505222
1299651365053005824
1299651371554213889
1299651372875423745
1299651374888689667
1299651392068612096
1299651404173246464
1299651409223323648
1299651412213727233
1299651417645314050
1299651420472238080
1299651420900274177
1299651468044242945
1299651478043254785
1299651485265850368
1299651485626699776
1299651498700201984
1299651507571355648
1299651510989709313
1299651514450014208
1299651531931824128
1299651544565063680
1299651560624988160
1299651561723838465
1299651562420097026
1299651565658279936
1299651567822438401
1299651568896290817
1299651578215968769
1299651582242553856
1299651592216510464
1299651617491279872
1299651642229489665
1299651643659767809
1299651647669497857
1299651647510056960
1299651648445440000
1299651650009718784
1299651669517631488
1299651677767704576
1299651678191329280
1299651682121453570
1299651687909666816
1299651688303747073
1299651690287824896
1299651735464615937
1299651746034192384
1299651748772995072
1299651749167292416
1299651754737299458
1299651758248071168
1299651769161539584
1299651777021620225
1299651780939317248
1299651782121943041
1299651785846476800
1299651792259620866
1299651799641718784
1299651801717731328
1299651807073964032
1299651813952696321
1299651822198468608
1299651851944513536
1299651855451074560
1299651864640679937
1299651899394650112
1299651909737943040
1299651926548717568
1299651927970545665
1299651933876244480
1299651942281547777
1299651949327986690
1299651952683302912
1299651962598809600
1299651965933113345
1299651966205919233
1299651970274340864
1299651998573301760
1299652006349385728
1299652006823354368
1299652020933025794
1299652033688068096
1299652045444505600
1299652045792669696
1299652048569368576
1299652053132808192
1299652059592044545
1299652064549765120
1299652086498390016
1299652088570540032
1299652093700079622
1299652099521875971
1299652123731214336
1299652153615814661
1299652161698181121
1299652167255511040
1299652183827210241
1299652188092989452
1299652196443676675
1299652219504123905
1299652221437538306
1299652238227525632
1299652252009807872
1299652254224379905
1299652260025241601
1299652263405854720
1299652266396323840
1299652292552073216
1299652310990159872
1299652320125358081
1299652323745116161
1299652338697687040
1299652366040535040
1299652379617488896
1299652387540475905
1299652391181058048
1299652400597397504
1299652402656817158
1299652413448577025
1299652419291234304
1299652446667640832
1299652465445535744
1299652467941142529
1299652468603858945
1299652471250235392
1299652471640522752
1299652481958379521
1299652490145665024
1299652540540186629
1299652542998040576
1299652553509081089
1299652557040685058
1299652564997242880
1299652580662890497
1299652584077250561
1299652592893489152
1299652620575846405
1299652623394504705
1299652626129141760
1299652639802753024
1299652655430742016
1299652660891656195
1299652670916120578
1299652686388707331
1299652690645938177
1299652694370521089
1299652706395541504
1299652713588887553
1299652726058614784
1299652734388404225
1299652766529454083
1299652771189121024
1299652790206201856
1299652800121581569
1299652805330833408
1299652805314060289
1299652815002927104
1299652818417209344
1299652823055958017
1299652836402196481
1299652840789430272
1299652842916020230
1299652844501569538
1299652852210524161
1299652863459815424
1299652868421554177
1299652871827333121
1299652886058741760
1299652888357109761
1299652896892628992
1299652898037604352
1299652912935776257
1299652915355725824
1299652925770301441
1299652931034247168
1299652935538733057
1299652941243187200
1299652942686019584
1299652944342720515
1299652945974263809
1299652948566441985
1299652961950408704
1299652962659172352
1299652976563204096
1299652982405955584
1299652989561507841
1299652993525133312
1299653003687886849
1299653014815465472
1299653021194948615
1299653023820472320
1299653030204170241
1299653030480998401
1299653035585466369
1299653048550207488
1299653056041119744
1299653062613700608
1299653067281895424
1299653082247245825
1299653089792651264
1299653100219904001
1299653101645824001
1299653104019730433
1299653114694258689
1299653123691036675
1299653150153027584
1299653156981399552
1299653170558169088
1299653186748203014
1299653211603701760
1299653221829488640
1299653233540038657
1299653246714339328
1299653253639143424
1299653293975777280
1299653303928672262
1299653318927507457
1299653327647506432
1299653327811219456
1299653357586452488
1299653368718204929
1299653370097987584
1299653371951947776
1299653382714597377
1299653393787490304
1299653406051766272
1299653416973676545
1299653420484182016
1299653438721138688
1299653440272920580
1299653440449241095
1299653450746204160
1299653463438176262
1299653463312273410
1299653479955267589
1299653491003138048
1299653493070815232
1299653500935299072
1299653501124050944
1299653513518161920
1299653532568690688
1299653533948497922
1299653556161581056
1299653572330618880
1299653578068381698
1299653581356834816
1299653591360253952
1299653597702033408
1299653603460870144
1299653603934773248
1299653612432437248
1299653626839801856
1299653627544395777
1299653641104547842
1299653646729146368
1299653652559400965
1299653668728258560
1299653673149112320
1299653686298279938
1299653695270014977
1299653696318513153
1299653719827427329
1299653723296272387
1299653728870436865
1299653734012600322
1299653736592150529
1299653742690623488
1299653750005604352
1299653753092661248
1299653753252073472
1299653762529648642
1299653767097352193
1299653769064480768
1299653775183867904
1299653784671457283
1299653791067918336
1299653800899145729
1299653835825115138
1299653845908414464
1299653876170272769
1299653876358864899
1299653888379744256
1299653891622080514
1299653898169352192
1299653904351674368
1299653905425592320
1299653924983582720
1299653928083218432
1299653934517071874
1299653944608784385
1299653946202451968
1299653958332420098
1299653974468038656
1299653980864147458
1299653981912752128
1299654001764585473
1299654038972182528
1299654039051710465
1299654044839866369
1299654051206844417
1299654056911212544
1299654058760957954
1299654059176194048
1299654071914201088
1299654076435759104
1299654078205767680
1299654082995478528
1299654085679804417
1299654092441243648
1299654125768986624
1299654131087323139
1299654147898179584
1299654151874379776
1299654158320975872
1299654161223483392
1299654181813329924
1299654184241823744
1299654184657190914
1299654195490951168
1299654209558794246
1299654215971864576
1299654224179937280
1299654241229967360
1299654241896878080
1299654249857515522
1299654253422747650
1299654259974209536
1299654279179964417
1299654311241068549
1299654326923780099
1299654335421460480
1299654350919348225
1299654370829582336
1299654383773208576
1299654391427936258
1299654396410843137
1299654414270001152
1299654414668455938
1299654439272361984
1299654450605436928
1299654458746572801
1299654469660090368
1299654471966846976
1299654480305086466
1299654494339264516
1299654504984576002
1299654510084870145
1299654537091919873
1299654539671289857
1299654543890812928
1299654544578748416
1299654546042613760
1299654552157814784
1299654552531218432
1299654553990766598
1299654557086158849
1299654567924297729
1299654568297414656
1299654573007626242
1299654574316433408
1299654575042056192
1299654580700147714
1299654591789690880
1299654596730580992
1299654602728648704
1299654603760447488
1299654610102022144
1299654616800354304
1299654661763342336
1299654667266269185
1299654683837886464
1299654732882030594
1299654757448118272
1299654757863190529
1299654768315564035
1299654773533147136
1299654787890253825
1299654804302487552
1299654806521311238
1299654808555728897
1299654808979341312
1299654813769183233
1299654818047254528
1299654833394405377
1299654849483739137
1299654881184231426
1299654882660691973
1299654888620613633
1299654905028849664
1299654911798411266
1299654942525919232
1299654946166456321
1299654957377888256
1299654966278324224
1299654970594136064
1299654979414884352
1299654992492625921
1299654998423293953
1299655009659957249
1299655011211804673
1299655042123743233
1299655059458859014
1299655064383090688
1299655067214045185
1299655070548660225
1299655071051984896
1299655085157486593
1299655092258377728
1299655095852781568
1299655102127538176
1299655106040922114
1299655121920425986
1299655142690689025
1299655145785966598
1299655150475317248
1299655155303014400
1299655159895777285
1299655160684306432
1299655164748414976
1299655171702689792
1299655172357058560
1299655173355139073
1299655192825098241
1299655205412315136
1299655212026781701
1299655217487773696
1299655222210580487
1299655222889820160
1299655224441925642
1299655232239153153
1299655242624139264
1299655243811057666
1299655244641710080
1299655272462462978
1299655272772677632
1299655273582399488
1299655277101436936
1299655278263250945
1299655278921613313
1299655284680425472
1299655287960473600
1299655289180807174
1299655295011115009
1299655297699512321
1299655304985051136
1299655318448865280
1299655350245830656
1299655354087862272
1299655382579777536
1299655398824181761
1299655409406361601
1299655416364904449
1299655417073561600
1299655421012082700
1299655423935549443
1299655424367616000
1299655427127422978
1299655442931490816
1299655446362550272
1299655454004453376
1299655456189755392
1299655464913965058
1299655474669850624
1299655480545955844
1299655489085726722
1299655494793977856
1299655512221511681
1299655522774380544
1299655543351517184
1299655570463567873
1299655581481857025
1299655586980728834
1299655595008507904
1299655618249109507
1299655642085552128
1299655643754835968
1299655659743580161
1299655661718966277
1299655673748348928
1299655697701900288
1299655704073117696
1299655724927127554
1299655743491039232
1299655747706339329
1299655770309525504
1299655770527731712
1299655793462124545
1299655807798333441
1299655822826500096
1299655825917575168
1299655862689161218
1299655875947360256
1299655884600045569
1299655893378834432
1299655901826052097
1299655942724882434
1299655956247310338
1299655962249359362
1299655963083857921
1299655967877918722
1299655992578203648
1299655995291918336
1299656014552334336
1299656020193693696
1299656042368835585
1299656058466566144
1299656060492369920
1299656082533560320
1299656082915123200
1299656111977619456
1299656129870528512
1299656140427415559
1299656155078168576
1299656157863305216
1299656161155670016
1299656161373941760
1299656178390249475
1299656195494486023
1299656213286748160
1299656214763118593
1299656224477069312
1299656224582119424
1299656232211550209
1299656233855533056
1299656236472836097
1299656269674897408
1299656272124538882
1299656272300716032
1299656280651501569
1299656283537072128
1299656284573179904
1299656287026925569
1299656290059218944
1299656296447303680
1299656305330671616
1299656309076303873
1299656319251542016
1299656325480185857
1299656336142151680
1299656344077819905
1299656377531596800
1299656378986803200
1299656419826757634
1299656427468980224
1299656440571928576
1299656452609421313
1299656458858950656
1299656459895091203
1299656475866992642
1299656485845295108
1299656487841693696
1299656494003220481
1299656494489710592
1299656496981200903
1299656512009154561
1299656528987906049
1299656554719961088
1299656581525770240
1299656581848559617
1299656584260472832
1299656588047777793
1299656590207995904
1299656594049859589
1299656607106621440
1299656613121396737
1299656633279184896
1299656637985304576
1299656652665225216
1299656656142426112
1299656669035737089
1299656670252019713
1299656673854799873
1299656676577079297
1299656680586670080
1299656690074300416
1299656689696735234
1299656692515381249
1299656697825210371
1299656703009415168
1299656703345127425
1299656704259489792
1299656706922893312
1299656708445233155
1299656711989374978
1299656715865124864
1299656728821207040
1299656735171387392
1299656743262265344
1299656743933235200
1299656746219302912
1299656751214518272
1299656759494107136
1299656767899602944
1299656777248567297
1299656845250818051
1299656845494284288
1299656853215879168
1299656880051027969
1299656892935938049
1299656914452717569
1299656958610411521
1299656971902095361
1299656983272812545
1299656984417894400
1299656998032531459
1299657000830337024
1299657015099142146
1299657015166291968
1299657027866820608
1299657048674631680
1299657060330737667
1299657061429424129
1299657063212048385
1299657063749091328
1299657068308172800
1299657074490724352
1299657087820197891
1299657088130449408
1299657088206098433
1299657088642068481
1299657091997732865
1299657092244975618
1299657137694543872
1299657148310392832
1299657165322371072
1299657171337129984
1299657171739709440
1299657173438476288
1299657211950505984
1299657216560115712
1299657221681209344
1299657226068557826
1299657229734498305
1299657237569310726
1299657256032665601
1299657257718702081
1299657264702267394
1299657264907743232
1299657270272364544
1299657290094530561
1299657311867342849
1299657319698124802
1299657324194394112
1299657325024870400
1299657328925569029
1299657335846195201
1299657344364752896
1299657353675943937
1299657398567591936
1299657407648403456
1299657417869922305
1299657419312836608
1299657428103909376
1299657446831554565
1299657467660361734
1299657480780177408
1299657487277125632
1299657506780708864
1299657528649879552
1299657542549884929
1299657550124724225
1299657574309146625
1299657583838539782
1299657585537118210
1299657595112710145
1299657597738311680
1299657602343686146
1299657602683428865
1299657605963419650
1299657620186443776
1299657634279297025
1299657644337225729
1299657644643287043
1299657646757367808
1299657664373428225
1299657668290723840
1299657687114932224
1299657691988725761
1299657698007568385
1299657708157546496
1299657712335159297
1299657718513512450
1299657724851105795
1299657730685194242
1299657743578492933
1299657753284182017
1299657754798325760
1299657760917741569
1299657780907905026
1299657785265795073
1299657788654788609
1299657804861583363
1299657805104701440
1299657837111582720
1299657839460282369
1299657846833856516
1299657847257681920
1299657849463803905
1299657860247433216
1299657867964813312
1299657874369654784
1299657885220298752
1299657893193551873
1299657901485649920
1299657906699333632
1299657908968456192
1299657914429444097
1299657950328492033
1299657960994623489
1299657966069710848
1299657982112743425
1299657989289172993
1299657989595361285
1299657994611822592
1299658011196174336
1299658023024033792
1299658023678353408
1299658024445976581
1299658029189812224
1299658037209313280
1299658047023992833
1299658047690862594
1299658047762169857
1299658091424702469
1299658094872412167
1299658111066619904
1299658122424967168
1299658123578204161
1299658124434046977
1299658140145737728
1299658155945721857
1299658192801206272
1299658235033669632
1299658269171093504
1299658272862068736
1299658287315660801
1299658307251007488
1299658311101378563
1299658314024914945
1299658323638104067
1299658342357323781
1299658345331200001
1299658345352228864
1299658347591929856
1299658349156343810
1299658350741815297
1299658375861395458
1299658378470256642
1299658386410070017
1299658395558043650
1299658412360425477
1299658447412232193
1299658447726673923
1299658458451517440
1299658461253263360
1299658461911961600
1299658467079270400
1299658476873027584
1299658482325561345
1299658483109900289
1299658485379063808
1299658511094345730
1299658516521717761
1299658521634512897
1299658530916569088
1299658538097102848
1299658540445917184
1299658552995389440
1299658579167698945
1299658596171513859
1299658614123171840
1299658625741332480
1299658646293565442
1299658646708727810
1299658666367426560
1299658695371038720
1299658700446031873
1299658705412198401
1299658715830812674
1299658718867529728
1299658722755706880
1299658726715072512
1299658738157211649
1299658760000909312
1299658781345841154
1299658792003612672
1299658799696039936
1299658819207823360
1299658821518995456
1299658841458700293
1299658872739762176
1299658879555514368
1299658895863017472
1299658905199546369
1299658905732161537
1299658906189217799
1299658921997729792
1299658925189595136
1299658927118979072
1299658929509724160
1299658930780422144
1299658936342269952
1299658938191769601
1299658941631258625
1299658948748943360
1299658950183399424
1299658968323756032
1299658972127875072
1299658989588877313
1299659025555091457
1299659066785050624
1299659084086390784
1299659088339509248
1299659092634542083
1299659097097166848
1299659100578611200
1299659107847340033
1299659109831122945
1299659113304006657
1299659125400494080
1299659127052890117
1299659135936376833
1299659165044858880
1299659174301913088
1299659174989770754
1299659175018946560
1299659212537114624
1299659225640001536
1299659237136756736
1299659244397121536
1299659247735758850
1299659268358959104
1299659314114842634
1299659331475038209
1299659336365547521
1299659378216308737
1299659394733551618
1299659403013099522
1299659409388441602
1299659428166283265
1299659428262801419
1299659439117676544
1299659443378876420
1299659461296975872
1299659461548740613
1299659471262756865
1299659471828942848
1299659473963814912
1299659477591846912
1299659485581983744
1299659493719109632
1299659497804267520
1299659503202217984
1299659509930090498
1299659512228577281
1299659521275711488
1299659530662547458
1299659532071661569
1299659532101013505
1299659556570697728
1299659563990265858
1299659566435774465
1299659573318483968
1299659594847776769
1299659606218555392
1299659611818033153
1299659613185273857
1299659615555125249
1299659617639837696
1299659618549817347
1299659631132778496
1299659633192103936
1299659646714732545
1299659653761175552
1299659656487346176
1299659665123373058
1299659667279241218
1299659686111834113
1299659688225763328
1299659690767527937
1299659698858151941
1299659708324704256
1299659715916390400
1299659727748517888
1299659731724890112
1299659737202450432
1299659742378430464
1299659748049027072
1299659749722554368
1299659755384975360
1299659772292001793
1299659774229970944
1299659777824288769
1299659785994936322
1299659790403145728
1299659791560830976
1299659796199727105
1299659802449121280
1299659822435098624
1299659845172367361
1299659870807957504
1299659879112556545
1299659898045648902
1299659899153113088
1299659899572453376
1299659916093857794
1299659918769876992
1299659921487585280
1299659924331356162
1299659926801805314
1299659942203281409
1299659942941556736
1299659951678382080
1299659972750405632
1299659980430364672
1299659981873127424
1299659994925801472
1299659997962473477
1299660004711170048
1299660010918535168
1299660011069726721
1299660016274808834
1299660021412884480
1299660027377184768
1299660028102807552
1299660034335485952
1299660040446586880
1299660061271355392
1299660069013827585
1299660072079908865
1299660098604871681
1299660105819009024
1299660106024583174
1299660107802800128
1299660114232778752
1299660134449373186
1299660138719186945
1299660156037455872
1299660161817116675
1299660166183505920
1299660167097667584
1299660176245448706
1299660177436631040
1299660184428503040
1299660243488706560
1299660247674630144
1299660248572022784
1299660250845458433
1299660256407035905
1299660259817119750
1299660278301298689
1299660285142159360
1299660292306006016
1299660294130720769
1299660311335755778
1299660319703269376
1299660322656190466
1299660323905925122
1299660330721705985
1299660352528019456
1299660361164107778
1299660361545646080
1299660365056348163
1299660366461448192
1299660372501237761
1299660398459748353
1299660413500563461
1299660414381244416
1299660423822741504
1299660427945676801
1299660436347015169
1299660445217849344
1299660445767393281
1299660447877038080
1299660464960409601
1299660468022317056
1299660482387865601
1299660502696632320
1299660526818127873
1299660527329775616
1299660551824519175
1299660581365047297
1299660589040652288
1299660617150849024
1299660618748682241
1299660618849374209
1299660637082128385
1299660638961229824
1299660663237816321
1299660673492942851
1299660685488525314
1299660690471432192
1299660747383992324
1299660749313318912
1299660766488850434
1299660773141237760
1299660776542670848
1299660778732019713
1299660788798554114
1299660793911279617
1299660805881896961
1299660830561140736
1299660831190396928
1299660844310040578
1299660849938862080
1299660852157706240
1299660855072653312
1299660864849473539
1299660870520373248
1299660876916559876
1299660883463987200
1299660887863648256
1299660891672195072
1299660900903788547
1299660903156051968
1299660903227502592
1299660917492207618
1299660945992683520
1299660953060020224
1299660955232563200
1299660959464652800
1299660961268162561
1299660964480991233
1299660974593433601
1299660983376523264
1299660983657467906
1299660994776571905
1299661002565271553
1299661006822572032
1299661007518720000
1299661009838374912
1299661026514726912
1299661064586526721
1299661075672043520
1299661077282721797
1299661080294125568
1299661091421802496
1299661094890299394
1299661109218082818
1299661110753267716
1299661118902800385
1299661132701917184
1299661134610350080
1299661157653975043
1299661158123741185
1299661179250520064
1299661180621840385
1299661185307025408
1299661194244943872
1299661204265336833
1299661209025695745
1299661212872040455
1299661216047083521
1299661221264728065
1299661263195312129
1299661286280540160
1299661292475756546
1299661301665402880
1299661302244073472
1299661311371075584
1299661318077677568
1299661328882085888
1299661337367281665
1299661341356154885
1299661355973308416
1299661358368083969
1299661359056117762
1299661373027221504
1299661381956898817
1299661397668716544
1299661405491212289
1299661420255211521
1299661428614402050
1299661429700583424
1299661439595151360
1299661442086395904
1299661443713789952
1299661446066905088
1299661460230909953
1299661464387702786
1299661475275997185
1299661478903988224
1299661486231629825
1299661496536846342
1299661509199454209
1299661531035119617
1299661539692236801
1299661552459476992
1299661554913349632
1299661556972740608
1299661561695436800
1299661569719066630
1299661578334216192
1299661583539474432
1299661595346219008
1299661649507278849
1299661657237581825
1299661667366776836
1299661674757017602
1299661675323371525
1299661684148023296
1299661698115100673
1299661705136406534
1299661722223915008
1299661734605500416
1299661742868369408
1299661743266828288
1299661748518166529
1299661753828159491
1299661772350201857
1299661794106056705
1299661809306218497
1299661819624128512
1299661830722207745
1299661841715441665
1299661854860611587
1299661873835630594
1299661887056023557
1299661899475439616
1299661910070026240
1299661924385402881
1299661925383647233
1299661948825395201
1299661968811327489
1299661972795842560
1299661975723614209
1299661977875251200
1299661989493395457
1299662006946013184
1299662023811305474
1299662026504122368
1299662031688097793
1299662039959306242
1299662053859381248
1299662071479504896
1299662093067661312
1299662099665231873
1299662104799059972
1299662107063980033
1299662112130727937
1299662112256487426
1299662120947257345
1299662122717069313
1299662153666887683
1299662153897504769
1299662158150606848
1299662160843268096
1299662198696886273
1299662200437714944
1299662201242910720
1299662203944132608
1299662232620429312
1299662234478678016
1299662242820927488
1299662246965116928
1299662252820164608
1299662272122347521
1299662274219536384
1299662278875373569
1299662282893357058
1299662293194612737
1299662299494400000
1299662307933458433
1299662316427005954
1299662319971164162
1299662320969240576
1299662323704041473
1299662327344635904
1299662327529185280
1299662336303620098
1299662354288799745
1299662356319010816
1299662361335275520
1299662361805172736
1299662369774284800
1299662369962954752
1299662371112140800
1299662379551252480
1299662400728178690
1299662411020947456
1299662413927677958
1299662415051681795
1299662439730962432
1299662450271215616
1299662452527902720
1299662508689686534
1299662510560141312
1299662532152627200
1299662548132790272
1299662548573327361
1299662567732895745
1299662572971581440
1299662615799422976
1299662630886559744
1299662641594429440
1299662643452686338
1299662645440569345
1299662648812933120
1299662655821578240
1299662658333847554
1299662674209501185
1299662680806940672
1299662685701890048
1299662691104161792
1299662700050554880
1299662703930216450
1299662705368985600
1299662712180486144
1299662718543118336
1299662725098934272
1299662731117821953
1299662741838409728
1299662747840413696
1299662766869901312
1299662766899253248
1299662780761505792
1299662811400826880
1299662818350952449
1299662846486224896
1299662847736193024
1299662847954358275
1299662861988397057
1299662884553871360
1299662884604059648
1299662889654063104
1299662907144196096
1299662913381298176
1299662936118497280
1299662939583139841
1299662942821064705
1299662950278471683
1299662963079557120
1299662965604573184
1299662966564872192
1299662968045658112
1299662974190333953
1299662984097288194
1299662992938807296
1299662993937100802
1299663000043794433
1299663010634428416
1299663018431623168
1299663027000676352
1299663036488220672
1299663038904233987
1299663047158575112
1299663055417012225
1299663056822251522
1299663058856534019
