1292309619373735936
1292309625405136896
1292309626952785920
1292309627430813696
1292309628571672577
1292309623785967618
1292309636385607682
1292309644178849792
1292309656728109059
1292309659173478400
1292309662193221633
1292309666572058624
1292309669453545473
1292309670762180609
1292309676105728000
1292309682413953024
1292309684825649154
1292309701552558082
1292309705780428800
1292309708099919873
1292309733899030528
1292309754837176320
1292309765528354816
1292309773434540032
1292309794829799424
1292309810302476289
1292309832469487616
1292309837234212866
1292309838693830656
1292309839163555840
1292309865046724609
1292309866782941186
1292309880024555521
1292309881408585733
1292309886559232001
1292309909648879616
1292309917362159621
1292309931480285187
1292309933623595008
1292309959825186819
1292309963134521344
1292309969019183105
1292309972009680896
1292309983527346176
1292309996613574656
1292310015215206401
1292310015278186499
1292310019292053505
1292310044701163520
1292310044818771970
1292310045409992707
1292310046605549568
1292310051575566338
1292310068961193984
1292310159788634113
1292310165044129797
1292310165757161474
1292310171717259264
1292310178210017280
1292310204583940097
1292310215950503938
1292310219222024194
1292310220127928321
1292310231553208326
1292310231725355009
1292310232849420288
1292310233155432448
1292310233625300997
1292310239304392704
1292310241934061570
1292310250867945472
1292310253783179269
1292310265837617154
1292310280664305666
1292310285898772481
1292310291498246145
1292310294346076165
1292310308552355841
1292310310632566784
1292310313002442754
1292310330106720257
1292310337950228480
1292310350482665474
1292310362142814213
1292310366303657984
1292310395382689792
1292310397278547968
1292310397563756544
1292310418011172867
1292310429490802688
1292310434494550016
1292310436625481728
1292310450101772288
1292310451079057420
1292310455151714304
1292310459136258053
1292310471765372928
1292310487896596480
1292310489909911552
1292310496901844992
1292310505537896448
1292310507962212352
1292310533169909760
1292310541311057926
1292310581089837059
1292310605974532096
1292310607006298112
1292310611896995840
1292310635569483776
1292310642200915968
1292310646919516160
1292310648588603392
1292310654788022272
1292310666217496577
1292310668406906880
1292310668591476738
1292310669501530112
1292310677164642304
1292310679702011905
1292310681786544128
1292310682713505792
1292310684395622400
1292310690284343296
1292310694067671040
1292310695070117888
1292310711356579840
1292310722765103110
1292310726078394368
1292310735222054914
1292310735201210368
1292310736962613248
1292310742520209408
1292310757481361408
1292310766360702978
1292310768684109824
1292310769497862144
1292310773428039681
1292310797398487040
1292310805736599552
1292310820039221248
1292310841774108672
1292310848258502657
1292310849671950339
1292310857024774145
1292310878658809857
1292310912112656385
1292310920551706624
1292310924079108098
1292310927140954113
1292310931800809474
1292310934308839424
1292310948473184257
1292310971550248962
1292310979112579072
1292310980123189248
1292310981251457024
1292310994316931078
1292311000063135745
1292311004412383232
1292311008921427968
1292311025333805057
1292311026050859010
1292311125594447872
1292311125778993153
1292311134935097345
1292311138105991169
1292311152190464000
1292311152794329089
1292311200328450050
1292311224940601344
1292311243697553409
1292311254367969285
1292311262676885509
1292311277973450753
1292311279470702592
1292311280162930688
1292311309963337730
1292311322261164032
1292311326233067521
1292311330733428737
1292311339734634496
1292311352300765185
1292311355958099968
1292311360446005248
1292311364057219075
1292311376539422726
1292311389210423297
1292311436610244611
1292311445980549120
1292311453693870080
1292311461788823552
1292311462401183744
1292311466326908929
1292311468948574208
1292311473222381568
1292311480881168384
1292311487638147072
1292311488041037824
1292311500938309632
1292311513324191744
1292311519749906432
1292311523860320263
1292311528247447552
1292311528230641664
1292311529174347777
1292311540951994368
1292311552431980544
1292311555464282112
1292311556714311682
1292311571415277568
1292311575538413568
1292311592827260933
1292311598472794112
1292311598732849152
1292311607679127552
1292311636888477696
1292311648980606976
1292311654399541250
1292311654881882114
1292311659478835201
1292311662427623424
1292311662494720001
1292311665396969472
1292311665564778497
1292311679158464513
1292311689044676609
1292311697852518400
1292311729284800520
1292311729964060675
1292311730345971712
1292311744635981826
1292311755310485505
1292311755365011456
1292311755788447745
1292311758951129089
1292311816333193219
1292311817599975424
1292311820766715904
1292311827234213888
1292311831755624448
1292311834620395520
1292311838760173575
1292311850068189184
1292311868170620930
1292311876919947265
1292311879965184000
1292311881642721282
1292311884910202881
1292311885123973121
1292311890211659777
1292311897933524994
1292311899233714176
1292311906460372992
1292311927075602433
1292311948743380997
1292311953109659650
1292311963150647296
1292311966069829632
1292311974290821121
1292311978980016130
1292311984495419393
1292311991428816896
1292311995098837008
1292312001641877504
1292312009426579456
1292312014136791040
1292312023007715328
1292312026203660288
1292312038706839553
1292312052896342017
1292312056453050368
1292312064417964032
1292312065437130757
1292312092591235072
1292312099583070209
1292312118746853376
1292312133414400001
1292312154004238337
1292312154264096769
1292312156906483712
1292312166289174528
1292312128951590912
1292312173960548352
1292312174854057986
1292312181879570439
1292312213122883584
1292312213508612096
1292312215853379587
1292312219615551489
1292312228625100807
1292312232383127552
1292312232777277445
1292312233360404480
1292312250804400128
1292312272316977152
1292312276561608704
1292312283520151554
1292312283683594241
1292312287395688452
1292312287819309058
1292312308044226566
1292312308711075843
1292312317003145216
1292312326545211392
1292312327962996736
1292312330387128320
1292312345910403074
1292312347818840066
1292312350310244352
1292312370006695936
1292312370123902976
1292312370757480448
1292312389765877762
1292312391624130560
1292312394597896192
1292312397680697345
1292312399677030401
1292312402835333120
1292312408065576960
1292312409449930752
1292312418610184192
1292312420493324291
1292312449719259137
1292312463103401986
1292312471030714368
1292312489745555456
1292312505016971264
1292312505805504512
1292312522209374208
1292312523589521418
1292312524826783744
1292312532162457600
1292312536520380416
1292312538244407296
1292312545072746497
1292312547077394433
1292312550739021824
1292312553326931968
1292312557206740992
1292312558951632897
1292312571480084480
1292312603285426176
1292312607945191428
1292312610600230912
1292312624303144960
1292312661703548928
1292312664325201920
1292312668863377408
1292312668859248641
1292312669895237634
1292312669974822912
1292312671950258176
1292312682624774145
1292312683794935808
1292312694410928129
1292312697405464578
1292312697992667139
1292312721048838146
1292312731094196225
1292312739491115010
1292312743824035841
1292312757900120067
1292312766850637825
1292312768486334464
1292312777894137857
1292312777697251328
1292312779357958146
1292312781425750018
1292312787474055175
1292312808177070080
1292312808932225024
1292312810030895104
1292312822098124800
1292312832906797056
1292312835540701184
1292312836362760193
1292312859574259713
1292312861503557632
1292312869242048513
1292312887495720960
1292312887986282498
1292312930608910345
1292312934622941185
1292312950036807682
1292312957737668608
1292312975479627777
1292312978931331073
1292312979996921865
1292312999252774912
1292313002264338434
1292313034736594945
1292313039719424000
1292313041380372481
1292313041606828032
1292313041900417025
1292313044266213377
1292313050985500673
1292313055192215552
1292313056211431424
1292313057927016449
1292313131499294720
1292313139883716608
1292313158510551042
1292313182325944326
1292313187891785728
1292313193642168320
1292313209517625345
1292313216115191808
1292313227288817664
1292313232548540416
1292313249967411201
1292313251989118982
1292313257550782464
1292313301381189633
1292313305873297409
1292313316916727808
1292313317499899905
1292313324261191680
1292313338341478401
1292313343630487554
1292313356368584704
1292313366145318915
1292313377889550336
1292313383878959105
1292313386592739328
1292313393941094401
1292313412316389376
1292313423141715968
1292313429332627456
1292313440590077953
1292313456536846341
1292313467181916160
1292313490128945152
1292313494973329408
1292313521846235136
1292313523394027522
1292313527835860993
1292313542000091136
1292313552980717568
1292313570034802688
1292313576452087808
1292313578377220102
1292313599868669953
1292313601622106119
1292313604192997376
1292313612627869697
1292313614125355013
1292313625906970625
1292313630231289861
1292313635545636865
1292313645666500614
1292313646249332737
1292313658538647553
1292313668898762753
1292313673042542592
1292313680646778880
1292313683159392256
1292313687739572228
1292313702478352385
1292313712691490826
1292313727853662209
1292313735235874817
1292313739119689728
1292313743393558530
1292313757516025856
1292313758895874048
1292313773705961480
1292313780408524801
1292313793616281602
1292313809516978176
1292313825778085888
1292313827522928641
1292313831344156672
1292313840839950339
1292313846296858625
1292313882258739200
1292313888978087937
1292313903473602561
1292313921383268353
1292313928026923014
1292313931034370049
1292313933634654209
1292313936532930560
1292313953268203520
1292313953612304385
1292313954492940288
1292313958674657280
1292313960251887616
1292313972473962496
1292313974382321664
1292313974508150784
1292313981567356928
1292313983362293760
1292313997631467520
1292313999204405248
1292313999443451904
1292313999682310144
1292314006573723648
1292314017478868995
1292314027083755520
1292314027339595776
1292314028837150720
1292314029432557568
1292314031752126466
1292314034172125184
1292314035661103104
1292314041218740226
1292314045916184576
1292314048638353418
1292314054133002240
1292314057840586752
1292314062362116096
1292314067567366146
1292314081811001346
1292314100106588160
1292314123720470528
1292314124995633152
1292314136269864961
1292314154418819074
1292314155098288128
1292314167869759489
1292314185343201280
1292314192196677632
1292314201155936257
1292314217161383937
1292314228087431170
1292314237251903488
1292314238682308608
1292314240880201733
1292314251000868864
1292314265895014400
1292314267061039105
1292314268717608960
1292314274790903809
1292314278431723520
1292314290184044544
1292314292193071104
1292314296886743042
1292314304692158464
1292314305635864578
1292314315534430208
1292314326569754624
1292314349638488064
1292314355044716544
1292314358899519488
1292314363856957440
1292314365073297408
1292314404214759425
1292314409667301377
1292314412024397824
1292314413353984000
1292314398279835648
1292314435256803328
1292314440143183873
1292314443074994176
1292314463933104128
1292314469209694208
1292314474267807746
1292314480895053827
1292314486020247552
1292314493859409920
1292314510913441796
1292314518689681411
1292314519230873600
1292314520224821249
1292314534959386624
1292314544799453184
1292314545285988355
1292314568018939904
1292314568140697600
1292314568925097985
1292314581080117248
1292314585408692224
1292314604828147712
1292314606329688064
1292314608204754944
1292314611652259841
1292314620796051459
1292314629071351808
1292314632426631168
1292314635413069824
1292314641654321152
1292314662277709824
1292314662575333380
1292314669030338560
1292314679449182209
1292314681928024069
1292314703046356992
1292314711728353280
1292314713208926209
1292314723531337734
1292314750718681089
1292314769186316288
1292314769433796609
1292314803197878277
1292314807543181313
1292314814283472908
1292314816179306496
1292314819639599104
1292314821036109824
1292314821967458304
1292314870734442496
1292314882495459329
1292314883694792705
1292314885020356608
1292314885301448705
1292314903357935617
1292314930184507392
1292314935503007744
1292314952334802944
1292314954763243525
1292314955472150529
1292314974656835585
1292314975860555777
1292314980008620033
1292314989257093120
1292314996433498113
1292314997121355776
1292315012275601410
1292315021792260099
1292315026032717825
1292315030990462976
1292315031757971457
1292315034828193792
1292315036585807872
1292315074938523649
1292315096304308225
1292315109558288385
1292315131578204160
1292315160317550592
1292315205620445185
1292315206240964614
1292315217603354624
1292315222682656769
1292315236423393283
1292315237547483136
1292315268182573057
1292315268484673541
1292315272402141185
1292315301237981184
1292315301837774849
1292315303032979457
1292315310683348993
1292315314777194502
1292315321437585409
1292315362952974336
1292315363028406272
1292315379004403713
1292315380543901699
1292315386025836544
1292315387132964864
1292315402047905793
1292315455391019009
1292315474475339777
1292315487745896448
1292315495161618432
1292315512861384709
1292315528153849857
1292315529122906113
1292315532515917825
1292315538786484225
1292315539055009797
1292315545233240070
1292315551604158469
1292315554426925061
1292315565378416643
1292315572051550208
1292315575956381696
1292315588493111297
1292315595644362753
1292315622307581952
1292315622945296385
1292315622898950144
1292315632134848513
1292315642033364992
1292315644617035776
1292315646672265216
1292315647909613569
1292315681183223809
1292315701445824512
1292315710710935552
1292315716465590272
1292315718550261760
1292315730327801857
1292315733729456133
1292315734236737541
1292315734920568832
1292315772732051456
1292315785394757632
1292315790193111041
1292315794395795457
1292315802016854016
1292315818538147841
1292315829225299968
1292315831460921350
1292315839580917760
1292315841531244544
1292315842101870592
1292315843662143490
1292315848674287616
1292315860799873029
1292315864113516545
1292315864121761793
1292315874896908288
1292315876637782016
1292315882572648449
1292315885428858886
1292315897923854336
1292315914562666497
1292315916810760197
1292315918585008128
1292315929146253315
1292315937245409281
1292315945357258757
1292315950071644160
1292315957319409665
1292315966735491073
1292315970581794816
1292315997123350528
1292316011245506560
1292316012076048392
1292316013766144000
1292316025124339712
1292316058079105028
1292316061291798529
1292316078186651648
1292316090249297920
1292316108561809409
1292316109966843910
1292316110474420225
1292316113217433600
1292316116803563521
1292316141352706049
1292316142384504835
1292316151041597440
1292316177838927872
1292316179684499463
1292316189901950979
1292316199326380033
1292316205978513408
1292316212886745088
1292316214132236288
1292316217479315456
1292316241777041408
1292316245421969410
1292316247980494861
1292316260542414849
1292316279878103046
1292316280590987265
1292316294016983045
1292316297615691777
1292316304666320897
1292316309955514368
1292316322966183936
1292316332671803393
1292316361411174400
1292316385306202114
1292316386711109633
1292316388086882304
1292316388309315584
1292316388741320704
1292316396890869760
1292316399365365761
1292316425520992257
1292316426297126917
1292316431724363776
1292316437550444547
1292316444215013376
1292316454440689664
1292316460509995008
1292316461436870656
1292316472102940672
1292316488616030209
1292316492302876672
1292316495201017856
1292316499927945217
1292316507842719744
1292316515132473345
1292316516436733953
1292316536141578240
1292316536292745216
1292316536573767680
1292316540516409344
1292316544685543429
1292316548955160576
1292316552918966272
1292316557553672192
1292316567384911872
1292316570119790592
1292316575203131392
1292316577434669056
1292316598125158401
1292316604102053888
1292316604764762115
1292316644505718784
1292316659479269377
1292316670871011329
1292316671944855552
1292316678441730049
1292316683994935296
1292316690253062144
1292316697119141889
1292316726282072064
1292316727993401345
1292316728865808384
1292316734100103169
1292316740836298753
1292316743730204673
1292316759349850113
1292316786814324736
1292316799414013953
1292316805986476032
1292316819798155266
1292316828409241603
1292316829512282113
1292316837468766208
1292316837812805641
1292316851272396800
1292316869894995975
1292316878862508032
1292316887980945409
1292316890707173382
1292316904636416007
1292316920902033409
1292316941885960195
1292316942926327808
1292316978598707200
1292316984483274752
1292316985389441025
1292316989197889537
1292316993241063488
1292317009959481344
1292317021728845824
1292317024060760066
1292317026296332288
1292317035855327232
1292317053811142656
1292317067320975362
1292317075604754433
1292317119011385344
1292317121242738689
1292317134895292416
1292317157179527170
1292317158693916675
1292317182072729600
1292317183482175488
1292317198061641728
1292317210170531840
1292317222279536641
1292317233864114176
1292317241124380672
1292317241757839360
1292317249412292609
1292317260279734272
1292317263488458752
1292317278629920772
1292317285798076417
1292317286494216192
1292317309198049280
1292317317674803200
1292317323580379137
1292317329146015744
1292317336515629056
1292317337803042817
1292317353108279296
1292317353741492225
1292317358703489024
1292317363598233600
1292317386763317253
1292317388009078784
1292317396926177281
1292317397769056260
1292317405901856768
1292317426122493954
1292317437904420865
1292317454316822529
1292317459546959872
1292317459987365890
1292317466006130690
1292317470838095872
1292317474378194944
1292317482976518145
1292317485182722048
1292317493189648386
1292317497518063619
1292317517306789888
1292317517755682821
1292317519219367936
1292317553180590081
1292317555449831426
1292317603441115136
1292317612307668998
1292317618066644995
1292317620293849090
1292317632004268032
1292317641160437760
1292317654875811841
1292317657979654149
1292317662920552453
1292317671451766784
1292317672714252288
1292317674060623874
1292317675192905728
1292317680393887745
1292317701692690432
1292317715802202112
1292317717458874368
1292317721900720134
1292317727831416833
1292317741333053441
1292317742364635137
1292317749193183236
1292317752733048832
1292317756382044161
1292317771309621249
1292317779723354112
1292317790133792768
1292317798270668800
1292317820517113858
1292317820869582849
1292317845460791298
1292317847864008704
1292317848233111552
1292317861701210112
1292317863378812930
1292317867275251712
1292317869275934721
1292317874548162560
1292317881695268865
1292317886426394625
1292317898250358784
1292317898472660992
1292317921331392513
1292317922161905664
1292317940046594049
1292317944177983488
1292317948736974850
1292317954886062080
1292317976956477441
1292317985219260417
1292317989828612096
1292317996136857600
1292318004265402369
1292318005909770240
1292318020119887875
1292318028319920138
1292318033168470016
1292318045613043712
1292318063111606274
1292318068736249856
1292318070514618368
1292318096519200769
1292318098318479361
1292318104874188802
1292318114684653574
1292318116677128193
1292318119738908672
1292318120707751937
1292318154132279297
1292318154434252800
1292318158993358848
1292318177506934784
1292318179973373952
1292318181487284227
1292318182401810437
1292318182628298752
1292318187644522497
1292318191830654976
1292318196633018368
1292318205567021057
1292318205634117632
1292318217554153473
1292318223187079169
1292318231299002369
1292318234901975041
1292318245756833792
1292318251951755275
1292318261485264896
1292318265574928384
1292318265767755777
1292318273065775104
1292318285514657792
1292318306448244736
1292318313389809665
1292318317030473730
1292318324424994816
1292318335023976448
1292318336169193475
1292318336252956677
1292318350245130242
1292318356595453952
1292318356847177730
1292318360621985792
1292318366825242624
1292318377260720128
1292318391911448576
1292318398567809024
1292318399909916673
1292318436115144704
1292318440133296130
1292318441081384964
1292318463013289985
1292318474258137089
1292318488548319232
1292318488980271106
1292318491811274752
1292318508034842625
1292318516419244033
1292318517333819393
1292318532454227968
1292318534211645440
1292318537269248000
1292318548858150913
1292318570811207680
1292318578084130817
1292318581120806913
1292318582869766144
1292318585960857602
1292318591103070208
1292318612275867648
1292318614683447296
1292318627400568835
1292318633415196672
1292318641871036417
1292318649248894976
1292318658409029632
1292318667015778304
1292318689002430464
1292318689812008961
1292318700951998464
1292318708648628224
1292318713803227136
1292318718685376512
1292318726549901312
1292318726575001602
1292318740693082113
1292318745486954497
1292318767679262720
1292318784032776192
1292318794220634114
1292318804144463877
1292318830010785792
1292318841406709760
1292318845063925764
1292318868015386627
1292318869307105281
1292318877246873601
1292318877636939777
1292318881021693953
1292318886377984000
1292318897178398721
1292318898855899136
1292318903733850113
1292318910679666688
1292318919441567744
1292318942778626053
1292318944536276993
1292318959900004353
1292318970163404801
1292318977662885891
1292318981185916929
1292318981957783552
1292318986017935360
1292318989599694851
1292318998068109312
1292319001415016448
1292319009786998795
1292319011670298624
1292319016355278849
1292319026874470400
1292319055957970944
1292319064711282688
1292319067139903488
1292319083325726720
1292319098676838400
1292319105706610690
1292319109061976067
1292319111616241664
1292319113055019008
1292319152263200769
1292319153756364800
1292319196660011008
1292319194101379072
1292319223662948353
1292319224736563202
1292319231397236736
1292319245372551168
1292319253568188417
1292319255900246023
1292319267627520000
1292319279338205185
1292319279711490048
1292319280776843265
1292319297906196480
1292319301865574400
1292319303618920448
1292319304038326274
1292319310342270976
1292319312414375936
1292319328658845696
1292319334572802050
1292319335302565888
1292319341782827008
1292319350485995520
1292319356513181697
1292319358342094848
1292319362959863809
1292319381096202241
1292319383096713216
1292319388045938688
1292319406228307969
1292319431213932544
1292319432241319942
1292319450998304768
1292319460314034177
1292319461081583617
1292319464332103680
1292319480878686209
1292319481696595968
1292319490697392128
1292319493415473152
1292319513636085761
1292319532678369280
1292319548834816001
1292319553049882625
1292319561912594432
1292319567918895105
1292319574566871041
1292319576219213824
1292319577846755328
1292319585874706433
1292319619735142401
1292319625515085824
1292319684964970496
1292319687137583107
1292319687376637952
1292319689578885120
1292319689985740810
1292319706196525056
1292319706859347968
1292319740568854528
1292319745690218496
1292319748458340353
1292319760168947713
1292319760705884165
1292319766431125506
1292319771078189056
1292319771451707395
1292319781559951360
1292319789969416195
1292319795262652417
1292319800719548417
1292319829890760704
1292319839923712000
1292319862677745664
1292319864707637250
1292319865383002115
1292319876040626176
1292319882088865792
1292319882189705216
1292319901827440642
1292319902544433152
1292319905484640262
1292319910526427136
1292319920093450245
1292319921251074049
1292319928696045568
1292319944206581764
1292319948786880512
1292319953417273344
1292319954331512833
1292319954830626817
1292319957666140160
1292319960732139529
1292319993661620226
1292319999177240576
1292320003610443777
1292320007221702656
1292320009159680000
1292320019674791937
1292320021910192131
1292320030085046273
1292320034270769153
1292320037538152449
1292320041023737857
1292320079820894208
1292320087576281093
1292320092647297024
1292320096031932416
1292320097688629249
1292320120052674561
1292320132241469440
1292320140478910471
1292320143096373248
1292320156014845953
1292320165544316928
1292320191368634368
1292320198465380354
1292320213690613761
1292320241293434880
1292320257412014080
1292320259572027392
1292320269093220352
1292320270007574533
1292320277595066369
1292320282825224192
1292320285375381506
1292320289284644864
1292320293286031361
1292320295626379271
1292320310436528128
1292320320171520002
1292320324877340672
1292320340840861696
1292320353662926849
1292320358750515200
1292320382175805442
1292320393844477958
1292320409107468289
1292320413469507584
1292320419421155328
1292320420226629633
1292320427537096704
1292320441571450880
1292320471631794176
1292320471724306432
1292320483006791680
1292320483627560963
1292320485502529537
1292320488270843905
1292320489096896512
1292320508499959808
1292320516330516480
1292320516729077761
1292320517446197249
1292320522991263744
1292320525264596992
1292320525717405696
1292320533787312128
1292320543601913856
1292320545472761857
1292320552552734720
1292320558525362177
1292320576602865666
1292320578750181377
1292320598631174144
1292320608257220613
1292320616482254848
1292320637025783808
1292320652762873856
1292320654251798528
1292320662338625538
1292320665165533186
1292320674967703553
1292320685490987008
1292320743921823745
1292320787643412480
1292320790126497792
1292320798116585472
1292320815850160128
1292320827581636614
1292320832656756736
1292320839711494144
1292320839594119168
1292320847722459136
1292320848775458818
1292320855645716480
1292320855993618432
1292320866294853632
1292320873727156225
1292320889426472961
1292320897655877632
1292320900130516993
1292320920787234817
1292320921131393025
1292320948968779776
1292320952177397761
1292320952496410624
1292320954123726850
1292320940534054912
1292320966048124931
1292320970196295681
1292320971286892544
1292320991260086277
1292320994745491456
1292321002513457152
1292321015779880962
1292321028484599808
1292321030220976128
1292321038689214464
1292321041868455936
1292321054510272513
1292321055177048064
1292321064752685056
1292321069785743360
1292321070721011712
1292321073585893377
1292321073615208448
1292321077348057089
1292321085967536129
1292321103080075264
1292321122948722688
1292321125742055430
1292321131978866688
1292321151897796608
1292321155978690561
1292321168138080257
1292321168985382913
1292321171447394304
1292321202162159617
1292321215881728000
1292321217148583937
1292321229781663744
1292321242016411650
1292321265114664960
1292321266934771713
1292321275185070080
1292321294839504898
1292321299663147010
1292321310656401413
1292321311557967874
1292321319099359235
1292321338368110592
1292321339198640130
1292321345427054592
1292321345947107329
1292321346014216193
1292321347599704064
1292321348803530753
1292321351429021697
1292321369116618752
1292321369745526787
1292321372065038336
1292321375848292352
1292321391035985920
1292321394286571521
1292321401425158144
1292321409595617282
1292321413366296576
1292321415035674624
1292321426158923776
1292321439161282565
1292321440742567936
1292321444551102464
1292321446564368385
1292321447055171586
1292321449252982784
1292321455313752064
1292321473562992641
1292321475077312512
1292321477782458369
1292321480034877440
1292321506081378304
1292321507868315648
1292321529024282626
1292321529200390146
1292321533956771842
1292321535546384384
1292321543628787713
1292321563069386752
1292321563774050305
1292321572456484864
1292321574155096065
1292321585441853440
1292321593268621312
1292321595118227456
1292321602135363584
1292321602424643585
1292321629897256961
1292321633819123712
1292321634020278273
1292321635530235904
1292321637333757954
1292321657118367745
1292321662675771392
1292321672327045121
1292321675204329473
1292321688194035714
1292321690916134912
1292321699753603073
1292321700789358592
1292321704870580224
1292321711539605504
1292321717675753472
1292321740765515776
1292321760302510080
1292321768342921216
1292321773162311682
1292321784419811333
1292321846503899136
1292321847024001024
1292321849226002432
1292321859132768256
1292321877633925120
1292321883376029696
1292321890002857984
1292321914111680515
1292321925931425792
1292321940498259971
1292321942373109760
1292321971309383680
1292321971783397376
1292321973842976768
1292321975872950273
1292321984039153664
1292321989424644098
1292321991043584000
1292321993203707904
1292321994617360384
1292322007397400577
1292322010119503872
1292322010299879424
1292322022182264839
1292322029727875074
1292322036308615172
1292322043128619010
1292322059683430400
1292322067497521152
1292322081690902528
1292322082785763330
1292322099630145536
1292322124804182016
1292322143460622337
1292322144026796032
1292322156802580481
1292322166701088769
1292322171260297216
1292322194715009025
1292322211370541057
1292322219188682753
1292322219628982272
1292322249345622018
1292322272988901377
1292322289145520132
1292322289665466368
1292322319420067840
1292322321873723394
1292322330207596544
1292322331566596096
1292322334062178304
1292322344552161282
1292322352529842176
1292322354060840960
1292322360402427904
1292322362596003841
1292322372293464064
1292322384985260033
1292322387954814977
1292322400885977089
1292322434050412544
1292322442476544000
1292322476400283649
1292322490652524544
1292322497900105729
1292322502744535040
1292322508369092608
1292322518951432192
1292322519513468928
1292322524378935296
1292322542930268160
1292322569832534016
1292322582432079873
1292322601642139650
1292322609086963712
1292322660211257344
1292322671322177542
1292322671791808512
1292322678569828352
1292322693337899009
1292322696114577408
1292322698727763968
1292322704947687424
1292322710366822401
1292322703538495489
1292322725936148480
1292322726753873920
1292322730767859714
1292322731845808128
1292322734089760768
1292322804520513537
1292322820605857792
1292322823130820609
1292322832018333697
1292322832869781504
1292322842449715202
1292322843921965057
1292322853614829569
1292322865895809027
1292322873969987585
1292322877572775936
1292322879313334272
1292322895436210177
1292322900108812288
1292322906618212359
1292322919821881344
1292322922745405443
1292322923806679042
1292322941091426304
1292322954253082624
1292322960141766657
1292322964147449856
1292322964340387841
1292322966387089408
1292323003712315392
1292323025933795334
1292323033756172290
1292323037165936640
1292323051598573568
1292323054316470272
1292323057512529920
1292323066534535168
1292323080396836864
1292323085182316544
1292323091822125059
1292323092702920704
1292323094858616834
1292323101536129030
1292323103557562369
1292323104300175361
1292323104488742912
1292323120645169153
1292323123837259777
1292323124747395072
1292323132305375232
1292323143567245323
1292323146083831808
1292323150294708225
1292323156422586368
1292323185942241282
1292323188320415744
1292323198898511872
1292323200391667713
1292323215830732800
1292323217902678016
1292323220570484736
1292323221941784576
1292323226610094080
1292323227117555714
1292323232218066944
1292323235418132480
1292323253080543232
1292323285070483457
1292323286169186305
1292323315756011521
1292323329928335366
1292323331077742599
1292323350614876162
1292323356969037824
1292323357816496128
1292323360794279937
1292323363633930240
1292323368759427072
1292323374148902913
1292323380360773632
1292323389063954433
1292323404305928204
1292323405983752195
1292323406877204481
1292323412740898818
1292323414343131138
1292323415878250496
1292323424665124865
1292323440976752641
1292323445867450368
1292323447981342721
1292323457473093634
1292323462174785536
1292323472727834624
1292323473436663809
1292323478129893376
1292323478461390848
1292323485612728322
1292323487810564096
1292323496983326720
1292323508874145793
1292323510422048769
1292323518823174144
1292323523411587072
1292323555686912000
1292323556412420096
1292323561256845312
1292323561940623360
1292323571809779712
1292323572329910273
1292323573239934978
1292323575567974400
1292323583369322496
1292323591120400384
1292323599349497857
1292323603116171265
1292323603535417346
1292323608484671489
1292323612452511744
1292323626448850944
1292323638335553537
1292323644421689344
1292323651463843840
1292323652990574594
1292323667020455937
1292323680744349696
1292323686796599296
1292323688294027264
1292323689770496003
1292323706656575494
1292323738692722694
1292323742228418560
1292323742614528000
1292323743205928960
1292323754274627584
1292323758909394945
1292323762935705601
1292323768694706176
1292323797505196032
1292323807873699840
1292323822448697345
1292323835975307264
1292323876119052288
1292323876764958720
1292323877649973248
1292323888584515584
1292323918028648448
1292323927742533633
1292323933702836226
1292323937821450241
1292323947082481664
1292323952522481669
1292323953390698498
1292323964094746624
1292323970109202435
1292323971409436675
1292323971074056192
1292323985171062784
1292323994926891008
1292323997900832768
1292324032818196480
1292324035800506368
1292324035875897344
1292324038447046656
1292324040439238656
1292324040829546503
1292324052229644288
1292324063914991617
1292324097905455105
1292324102699511808
1292324104419172352
1292324106952638464
1292324119455965184
1292324119778865155
1292324120059944961
1292324123008356352
1292324128804884480
1292324136954585098
1292324137097138177
1292324148769947648
1292324170605326337
1292324177119260672
1292324194894729223
1292324195997609984
1292324200858808320
1292324220194697216
1292324229925543937
1292324213139750912
1292324235667320834
1292324241640001536
1292324253006618624
1292324270681526273
1292324300439994371
1292324321407504392
1292324326881009664
1292324332136312832
1292324337651822593
1292324359105740801
1292324362754850820
1292324369889288194
1292324372263440386
1292324376466141184
1292324383562711040
1292324383503953921
1292324384028241920
1292324410309959682
1292324416806764546
1292324418941845505
1292324433898553346
1292324435026784258
1292324488374128641
1292324518715772929
1292324529692442625
1292324530526932992
1292324531441250304
1292324533752549376
1292324542749138945
1292324561485275138
1292324571631230976
1292324580162338816
1292324581710024705
1292324599888113664
1292324602249531392
1292324605097517062
1292324607102291969
1292324611846070272
1292324614702600192
1292324620314406912
1292324646990168071
1292324657144586241
1292324665302679553
1292324665495453697
1292324667747778560
1292324670587338752
1292324674815143937
1292324677054996485
1292324681299591170
1292324694549336064
1292324697397493760
1292324702552236032
