1298877889887244288
1298877890931507205
1298877905238405121
1298877916303052800
1298877930051735552
1298877933625282560
1298877934422302720
1298877939401007106
1298877955712512000
1298877973471223808
1298877974373007360
1298877974788243456
1298877974968557568
1298877995197673473
1298878004244840448
1298878005893312513
1298878010322571265
1298878018304110593
1298878030304215040
1298878037304344576
1298878037727956995
1298878038248226817
1298878038554193920
1298878038839570432
1298878053594984449
1298878055570644992
1298878058800148481
1298878084746117124
1298878089410293761
1298878111006617600
1298878121802833920
1298878123988209669
1298878144707989504
1298878147446706177
1298878152270372864
1298878165335437312
1298878180569341952
1298878184306352133
1298878199472914432
1298878205949083648
1298878210344726528
1298878222025674753
1298878239801110528
1298878245425819648
1298878260852518914
1298878278585872385
1298878282247610369
1298878302803750915
1298878308466139136
1298878309896396800
1298878316011827206
1298878318926860289
1298878321867001857
1298878327730638848
1298878330721140736
1298878332042436608
1298878335897001984
1298878345992704001
1298878357619109888
1298878358046949376
1298878363055149056
1298878377621966851
1298878378766929920
1298878390947078144
1298878397926395904
1298878411755024384
1298878422278529024
1298878437000708096
1298878437935915008
1298878440104312833
1298878441756880898
1298878442994307073
1298878444470706176
1298878450342612992
1298878450824970242
1298878451559141381
1298878452456656896
1298878485969219584
1298878488758415360
1298878491413196800
1298878498711449600
1298878504327495680
1298878517447278594
1298878533083619329
1298878535977713665
1298878554088837120
1298878553921028096
1298878562766741507
1298878567678263298
1298878569058246658
1298878571977543681
1298878580307312642
1298878588301672448
1298878605007753216
1298878607683653632
1298878622741286912
1298878629468753920
1298878642747879425
1298878642672590848
1298878649945317377
1298878668471705600
1298878681427795968
1298878687992053761
1298878702068142080
1298878718442721280
1298878722150289411
1298878767184502785
1298878773258051584
1298878777313783808
1298878785165701120
1298878804773892096
1298878805226991617
1298878820175364096
1298878826693439488
1298878831961321472
1298878835211948035
1298878839024623617
1298878851662004224
1298878869970096128
1298878870133727232
1298878878707077120
1298878889494630400
1298878898952900608
1298878913624432641
1298878918422822912
1298878924257017856
1298878947518631936
1298878960177041409
1298878965776388096
1298878975003865089
1298878989243764737
1298879002824900609
1298879016989011968
1298879024425365505
1298879044084215809
1298879054448295936
1298879060886593542
1298879062644056064
1298879077261213698
1298879081715441664
1298879082776600576
1298879091177934849
1298879096089440261
1298879100732334080
1298879111738404864
1298879115898970114
1298879120814768128
1298879131741048832
1298879157128949760
1298879159607988225
1298879159591030786
1298879164422868995
1298879166536773632
1298879173440737280
1298879184949743616
1298879193237860353
1298879203446849537
1298879204625391617
1298879209448898563
1298879225147961344
1298879268118642691
1298879297919180801
1298879309168275456
1298879309449506816
1298879310137356288
1298879315463946240
1298879331607822337
1298879365145595904
1298879368882724864
1298879386834239488
1298879389598277634
1298879394136625153
1298879394501533697
1298879417549123590
1298879419402948610
1298879422477475840
1298879429909700608
1298879436360572928
1298879452462460930
1298879456241520640
1298879459169312771
1298879484976746497
1298879486302334977
1298879490911686656
1298879491767521280
1298879498130259968
1298879500030275584
1298879511191269377
1298879526026412033
1298879534469505025
1298879564362346498
1298879568762241029
1298879581626052608
1298879591252017153
1298879597820305408
1298879600773287938
1298879624034820096
1298879631752228864
1298879652316946432
1298879670838935552
1298879675071172611
1298879675003883520
1298879683484725249
1298879717727064064
1298879723708321798
1298879730179911681
1298879746277695488
1298879755836706817
1298879762660614144
1298879771342823424
1298879788606779394
1298879793610362881
1298879828855123968
1298879945788145664
1298879951182143490
1298879954873008128
1298879955174977537
1298879955653230592
1298879960443236352
1298879971838922757
1298879983532744709
1298879987596976128
1298880006622339072
1298880017234096129
1298880033717710848
1298880046438940673
1298880059877601281
1298880065371910145
1298880071185379329
1298880080827936768
1298880081754910721
1298880082556182528
1298880099190575104
1298880101807841281
1298880117968601088
1298880132682219520
1298880140328329216
1298880151435055110
1298880165758595074
1298880177057996800
1298880186885136384
1298880187640295425
1298880193583435776
1298880198532714497
1298880208913616897
1298880213053403139
1298880214630633473
1298880217314758658
1298880224189448193
1298880246683324417
1298880251938791424
1298880252177870848
1298880257533939713
1298880262193831947
1298880266669133824
1298880268661485569
1298880268997074945
1298880269236277248
1298880270091710464
1298880274093113344
1298880277524164608
1298880278727778305
1298880279981957120
1298880342527483904
1298880358495203328
1298880362420953088
1298880369421361152
1298880371069554688
1298880372676022278
1298880375771394055
1298880383472111616
1298880386819174400
1298880387528065029
1298880392481693696
1298880413432033280
1298880425948000257
1298880428493824001
1298880432168042496
1298880433292103682
1298880449054306304
1298880449310322688
1298880459401621504
1298880463767887874
1298880465982705665
1298880474782334976
1298880487742509056
1298880488220684289
1298880497163145216
1298880499469828097
1298880507560656897
1298880524706910210
1298880531950497793
1298880554473988096
1298880556394979331
1298880561990307840
1298880563361677315
1298880568889733121
1298880572308090881
1298880575349182464
1298880576145862656
1298880595687346176
1298880596404404225
1298880605665386496
1298880611638063104
1298880623457824769
1298880642168451073
1298880643292684288
1298880644173434880
1298880648698986501
1298880657532190724
1298880672673734657
1298880677811650562
1298880688737976321
1298880702503456768
1298880707037548550
1298880717087113218
1298880718232141824
1298880738679382017
1298880748120834048
1298880755947495424
1298880756601692161
1298880773005537280
1298880805306077185
1298880812138471424
1298880836104859648
1298880843465687040
1298880845256761344
1298880849216016384
1298880860079325185
1298880881273298946
1298880887031881738
1298880913338597376
1298880913590366208
1298880924214415360
1298880933236416513
1298880949862703105
1298880954505846790
1298880962437058562
1298880965209542656
1298880965964595201
1298880977834397696
1298880984037826560
1298880985682059265
1298880990966931456
1298881008754860032
1298881010709303297
1298881016237568001
1298881019521662976
1298881028019253248
1298881031165161472
1298881037880049664
1298881041332146176
1298881044389793792
1298881049150119937
1298881050953711616
1298881052283346944
1298881062634786816
1298881061875671041
1298881067437309952
1298881075066765313
1298881078845825024
1298881102048788480
1298881114065588224
1298881128191758337
1298881135682887681
1298881154049695744
1298881157950513152
1298881162912268291
1298881163994382336
1298881170151739392
1298881169996386307
1298881175876808704
1298881177508622336
1298881178741563393
1298881196613496832
1298881209657946118
1298881211360673792
1298881216826019840
1298881230331621377
1298881234030989313
1298881239848386561
1298881244046868480
1298881250623545345
1298881254838767616
1298881268159901698
1298881287051149312
1298881313953341440
1298881319326294016
1298881354843783168
1298881384564457473
1298881396996333569
1298881411441557504
1298881423663943680
1298881424867708928
1298881440013316096
1298881440755716096
1298881444924678144
1298881451505655815
1298881462075355137
1298881469574676480
1298881470044475399
1298881473223618560
1298881481494810624
1298881485731254272
1298881486188232705
1298881493238865920
1298881508107849729
1298881523391832064
1298881523383439361
1298881532392701952
1298881571974295559
1298881598612533248
1298881607118409729
1298881608779366402
1298881615825756160
1298881654593732609
1298881658423132160
1298881663158501377
1298881665817698304
1298881673057013760
1298881690606145537
1298881693529468928
1298881698784927744
1298881704002826241
1298881725272072192
1298881725628473344
1298881732997836800
1298881733786566656
1298881735027912706
1298881747900338176
1298881759027720192
1298881759698997248
1298881771627352064
1298881783216259073
1298881788001968133
1298881793177812992
1298881809124659203
1298881812119379970
1298881830960029696
1298881831752925185
1298881838958686209
1298881851424231424
1298881856184569856
1298881859766681601
1298881879001636864
1298881881266688000
1298881891580297218
1298881896219160577
1298881897234337793
1298881902313529345
1298881910668697600
1298881911549558786
1298881919027802112
1298881922228080642
1298881936107212800
1298881946257424385
1298881946496376837
1298881956441214976
1298881986568663042
1298881992528863232
1298881992943996929
1298881992985993216
1298882011545788417
1298882032324554752
1298882056626352129
1298882057813102592
1298882061785165825
1298882063790006272
1298882079367630848
1298882087420796928
1298882094257512450
1298882098908954626
1298882101870096386
1298882114759335941
1298882119851106304
1298882130655748101
1298882151862210560
1298882159147544576
1298882162851078144
1298882166538018816
1298882173035044864
1298882181440430081
1298882182061072385
1298882194287427584
1298882200390246412
1298882207390593024
1298882208564834304
1298882208984227840
1298882228080926722
1298882232619347970
1298882245915271168
1298882249375375361
1298882250696585216
1298882257478770694
1298882267415064578
1298882268958687233
1298882281814155264
1298882287510028288
1298882298520117248
1298882300248113155
1298882300927672325
1298882321039290368
1298882322440351744
1298882330506022912
1298882332095635456
1298882336176521217
1298882359614246912
1298882382343348224
1298882415826362369
1298882423044767744
1298882424516960257
1298882425313882112
1298882425993547776
1298882434906259456
1298882440241479680
1298882454174830598
1298882459593916417
1298882468833980416
1298882476652331009
1298882491575607296
1298882492712153088
1298882492783419392
1298882513889198081
1298882514983911425
1298882521418014720
1298882522512842753
1298882533417869312
1298882536647454720
1298882558772404225
1298882597863350272
1298882601805950981
1298882626543968256
1298882646781485057
1298882650854305792
1298882661512097794
1298882666201112576
1298882679631261698
1298882682240278528
1298882687223046144
1298882699285819392
1298882703475924992
1298882718042861569
1298882722853609478
1298882723420016640
1298882744047620096
1298882747516125184
1298882773634039809
1298882773915176960
1298882777857712129
1298882782731567104
1298882785843658752
1298882790440808449
1298882791355158528
1298882793737420800
1298882804298797056
1298882820862029824
1298882862549147650
1298882869209600000
1298882875371257856
1298882919759396865
1298882927883780096
1298882941905276928
1298882959798202369
1298882971823255552
1298882980354707457
1298882999451291650
1298883017620897792
1298883036881096705
1298883069865164800
1298883074521001984
1298883076165001216
1298883086214729729
1298883096629010438
1298883134386139138
1298883149091532802
1298883166887743495
1298883176140386306
1298883176618582017
1298883184864538628
1298883187125362691
1298883196549881856
1298883197036564480
1298883197888090112
1298883198269628416
1298883202354798593
1298883222361833472
1298883227403325442
1298883227667447808
1298883239067574273
1298883247682867200
1298883251860377600
1298883255899312136
1298883265994973184
1298883269291892737
1298883272374497280
1298883272575983616
1298883278695362560
1298883279995760642
1298883285112598528
1298883288526761984
1298883291185942533
1298883298953920514
1298883299490893824
1298883314388881409
1298883321339015168
1298883328951476224
1298883329245081600
1298883331161878534
1298883338070102017
1298883340758466560
1298883361071489024
1298883364888424450
1298883366033354754
1298883368185147396
1298883369007116294
1298883386518450176
1298883406588043264
1298883416771854336
1298883426838142978
1298883441333637120
1298883444865302528
1298883445515530241
1298883454365339649
1298883455162277889
1298883469922066432
1298883473571082240
1298883488687382528
1298883492172845058
1298883503698743296
1298883508010545153
1298883510590087169
1298883520857694208
1298883531838328833
1298883539195146240
1298883542424752130
1298883544186531840
1298883553673883648
1298883570463723520
1298883571655024640
1298883573932527616
1298883574326648832
1298883587643768832
1298883611651903488
1298883616399753216
1298883630484226048
1298883633248210946
1298883642928713729
1298883644883456001
1298883649190928384
1298883653372481537
1298883664743292928
1298883666718986240
1298883667473780738
1298883674620997633
1298883680195276800
1298883681130442752
1298883695978459136
1298883704287191041
1298883710658285568
1298883712793358337
1298883714517106689
1298883716627001345
1298883722083786752
1298883722289311745
1298883746154926080
1298883772654518272
1298883775460507648
1298883776559210496
1298883783769206793
1298883789796413442
1298883794603143168
1298883795878199296
1298883821912260608
1298883830770790400
1298883844553269248
1298883863565840384
1298883896830906368
1298883896881213441
1298883907241349121
1298883907052421122
1298883911628369922
1298883915059359744
1298883923519315969
1298883931127910400
1298883942108393473
1298883952598495233
1298883953152139264
1298883965357617157
1298883970520813568
1298883973263888384
1298884000371453952
1298884011008253952
1298884011893207040
1298884035503108097
1298884039311532033
1298884043782594562
1298884046160826368
1298884059117113344
1298884060010479616
1298884067211874304
1298884073503502341
1298884081397231616
1298884082718216192
1298884086941937664
1298884093862711297
1298884094806368257
1298884096148398082
1298884120441794561
1298884125105876993
1298884133079269376
1298884133133750272
1298884141212143616
1298884147012763650
1298884150611578881
1298884152318722049
1298884154281660423
1298884157880197122
1298884165673381888
1298884167397081088
1298884169158647808
1298884176163344389
1298884207788339200
1298884211097636864
1298884221382135809
1298884226213744640
1298884228751400965
1298884254600818688
1298884267615891463
1298884275455000576
1298884276419608576
1298884287119454208
1298884296212705281
1298884304567586816
1298884306992062465
1298884322645008384
1298884325874659328
1298884326151479296
1298884332749086722
1298884334787543042
1298884345835466752
1298884359064301568
1298884362864177152
1298884370846167042
1298884377745608705
1298884380920655882
1298884381734514688
1298884384137846784
1298884388701253632
1298884398314479616
1298884399984005120
1298884403548979200
1298884413200031744
1298884426546458624
1298884439024562176
1298884448696532992
1298884459618603008
1298884462915104770
1298884470133739521
1298884527532605443
1298884530825129985
1298884532423163904
1298884539293474818
1298884542825033729
1298884544179900416
1298884553386283008
1298884555043037184
1298884557106630656
1298884559879016448
1298884562026553344
1298884588983291904
1298884601373368320
1298884614635679744
1298884614883168256
1298884677105639427
1298884689961381888
1298884695510454272
1298884701839478784
1298884743757549568
1298884744336334848
1298884749134503936
1298884750615228417
1298884762833043456
1298884763315564545
1298884770437271554
1298884772090052609
1298884773968924672
1298884794210639874
1298884800518922246
1298884805883559936
1298884824434962432
1298884824573370368
1298884825617702912
1298884847440543745
1298884859255906307
1298884863374716928
1298884870773436422
1298884875228000256
1298884912506974208
1298884912997531650
1298884945176195072
1298884949966110725
1298884953917227008
1298884959835262977
1298884964516208642
1298884966692950016
1298884988960681986
1298885000507645957
1298885016198365184
1298885029888548872
1298885052366032896
1298885054664335361
1298885068124033024
1298885069705080835
1298885070929960967
1298885073027047424
1298885073488375810
1298885077271805954
1298885086096564224
1298885088566894593
1298885089078710279
1298885094984228864
1298885106111676416
1298885109156896773
1298885129608351745
1298885130023444480
1298885132883918849
1298885138122760194
1298885141041946626
1298885144112009216
1298885160830525442
1298885164404101122
1298885169206632448
1298885175825305601
1298885193068052481
1298885193638412288
1298885194745667585
1298885202421395462
1298885212017958913
1298885213452267520
1298885215839031302
1298885217072173056
1298885245349978112
1298885251507171328
1298885255818928130
1298885281098039296
1298885294003871744
1298885298265313280
1298885313595506688
1298885329269604352
1298885347581898752
1298885351012958208
1298885354725036032
1298885368624881664
1298885369941852160
1298885370981974016
1298885426439053313
1298885431988191232
1298885441681326080
1298885452653420545
1298885462740938752
1298885479979417601
1298885491404623873
1298885504801226754
1298885508379160576
1298885508773208066
1298885512464404480
1298885513135366144
1298885516658499584
1298885537881829376
1298885542998716417
1298885544802316289
1298885547306307584
1298885574300807168
1298885583025197056
1298885590998495232
1298885600854982657
1298885606383194112
1298885613454872576
1298885621520326658
1298885622715658241
1298885623961485312
1298885643402178561
1298885645847293952
1298885651463409665
1298885655049641986
1298885661706137601
1298885664578998272
1298885667120984064
1298885670862286848
1298885671021469698
1298885671193542662
1298885700851384324
1298885701476335616
1298885706207637505
1298885707688054784
1298885720988422144
1298885734082863105
1298885736955916290
1298885740680511488
1298885759290626048
1298885760393723907
1298885767759122432
1298885768690237440
1298885796615737344
1298885803360174083
1298885806862381057
1298885811199410178
1298885811547435015
1298885835803119618
1298885843348844544
1298885849069826048
1298885859689869312
1298885868321570816
1298885873224699904
1298885873237241856
1298885875229577216
1298885875472924672
1298885883458990081
1298885886919077888
1298885886881366018
1298885888731000832
1298885895714570241
1298885898742841344
1298885903666954242
1298885906175111170
1298885908373090304
1298885914358239233
1298885918938587136
1298885922860212224
1298885928358879233
1298885931009798144
1298885962546606081
1298885969702084618
1298885974752141312
1298885978245885952
1298885984084299777
1298886014707040258
1298886014811791360
1298886037817552897
1298886038316711936
1298886040610988032
1298886045891801088
1298886046986444806
1298886047959404544
1298886049788174336
1298886052665581568
1298886054527807490
1298886064069685249
1298886067693563904
1298886087591571456
1298886098924572672
1298886104628699136
1298886104616181761
1298886107363332096
1298886121124851712
1298886135704256512
1298886138896060416
1298886146177474560
1298886152976576514
1298886159981056000
1298886174388498432
1298886175508193282
1298886176494022656
1298886176892497920
1298886196257382401
1298886211243831296
1298886212518805507
1298886222857646081
1298886224539774976
1298886225764454401
1298886237722480641
1298886243799965697
1298886245615984641
1298886246270291968
1298886256580067328
1298886263076868097
1298886266704953344
1298886280130879492
1298886299479347200
1298886300250943488
1298886301819604994
1298886312301170689
1298886330387034113
1298886335185301508
1298886346983931904
1298886358782447616
1298886362637037568
1298886365984235520
1298886366894231552
1298886383696781312
1298886386775359489
1298886386985005056
1298886415330054149
1298886419297927169
1298886420661235712
1298886425669185536
1298886436444282881
1298886440386871296
1298886451732647936
1298886454899286016
1298886455922753537
1298886458082652160
1298886461425680384
1298886462574862336
1298886467909869569
1298886468316696576
1298886468341915648
1298886474956451841
1298886490777321472
1298886498511712256
1298886500197654528
1298886502529798144
1298886506694746112
1298886519717941248
1298886520800083969
1298886533143867395
1298886538583879683
1298886540068818944
1298886540991623168
1298886567608508416
1298886576806584320
1298886586600427520
1298886590589054981
1298886608540717056
1298886610201829377
1298886620041469954
1298886625041285120
1298886640723570689
1298886644259368960
1298886650890727424
1298886655680475147
1298886657354027010
1298886673518850048
1298886674672312321
1298886680175243264
1298886705240518657
1298886708897832963
1298886717370494976
1298886719970762752
1298886727109574657
1298886729571512320
1298886746562846721
1298886753726726144
1298886755777732608
1298886758550196224
1298886758654869505
1298886765500129285
1298886768054292480
1298886787406815232
1298886800010665984
1298886824862068736
1298886830776111105
1298886840963956736
1298886842859716608
1298886866842742786
1298886869187526658
1298886893254434816
1298886899549970434
1298886938859057154
1298886944668045313
1298886965685661697
1298886975999467520
1298886985759649795
1298887006680801280
1298887003920973825
1298887013316272128
1298887014712922113
1298887019997753344
1298887029800009729
1298887048246460416
1298887064025526273
1298887076692103168
1298887078965415937
1298887080555184134
1298887106799063040
1298887112603754496
1298887135550816256
1298887139443314688
1298887177569333248
1298887177997189121
1298887185475792896
1298887188847964161
1298887220175073280
1298887232300908545
1298887233102114816
1298887238332211200
1298887250193920000
1298887252139892736
1298887256548106241
1298887265700188161
1298887276295000064
1298887279763755008
1298887280246087685
1298887290014425088
1298887291264528386
1298887303256043520
1298887303914328069
1298887320943374336
1298887344326692864
1298887350005706753
1298887380842110977
1298887407719215105
1298887409158025216
1298887421585756160
1298887422705414146
1298887425570140170
1298887436869697537
1298887439000297473
1298887439872753665
1298887441059725312
1298887455483936768
1298887464023666693
1298887465604808704
1298887467945295873
1298887480205344768
1298887482902274048
1298887495405379585
1298887509183627265
1298887524862111745
1298887533925826562
1298887534483709952
1298887535947522049
1298887538191392768
1298887546374520834
1298887546714218496
1298887548102533121
1298887555820089344
1298887561096515584
1298887568403001344
1298887579190693890
1298887588074467329
1298887607108042752
1298887631426793473
1298887646735990785
1298887656516927488
1298887661076140034
1298887678142935040
1298887687638618112
1298887694181896192
1298887695280648192
1298887711777083392
1298887718169182208
1298887737601220613
1298887740138958848
1298887741564829697
1298887747114020864
1298887747659108353
1298887751731822592
1298887753619443713
1298887766017744897
1298887775480172544
1298887786615848963
1298887795860107265
1298887797885947904
1298887810976546816
1298887814378070016
1298887825840984064
1298887831553794048
1298887836234444800
1298887855494889472
1298887880308215808
1298887886662537216
1298887887191265280
1298887891553144833
1298887894967386112
1298887898813657088
1298887906178760709
1298887909269856256
1298887923857727488
1298887925661184000
1298887928618205184
1298887940894990337
1298887948524490752
1298887963338653698
1298887966303981570
1298887966337536000
1298887992862486529
1298888013406187520
1298888018829488128
1298888028421726231
1298888039272390658
1298888040446738433
1298888048906776576
1298888048885657600
1298888049154068488
1298888058280898560
1298888068607258624
1298888076458995712
1298888095874482181
1298888120214204416
1298888120721526784
1298888122558803968
1298888131534622721
1298888139713339393
1298888145761599494
1298888168641462272
1298888180888817666
1298888184668000257
1298888186534473728
1298888189713637378
1298888190376341504
1298888210714513409
1298888220072128512
1298888219967336449
1298888228553076738
1298888229509386241
1298888231509925890
1298888234357780480
1298888240154521600
1298888252426862592
1298888256713564160
1298888260018507776
1298888265710178305
1298888279664754691
1298888285318651906
1298888288858542080
1298888302683025408
1298888314070749184
1298888321544777728
1298888325239988226
1298888345842581504
1298888357645148160
1298888368416202754
1298888372740554757
1298888374267211776
1298888377631203329
1298888380692885504
1298888381925974017
1298888390214123521
1298888390864240641
1298888392978161664
1298888394152411137
1298888398732578817
1298888408299900928
1298888432949706758
1298888437513117699
1298888452348444672
1298888468593082369
1298888470769709056
1298888477275127810
1298888521051017216
1298888532954681344
1298888543117377536
1298888558300639235
1298888580509495298
1298888605750816768
1298888624138620929
1298888637883379712
1298888641050181633
1298888641431957504
1298888644758065152
1298888646771093504
1298888669709950976
1298888672851312640
1298888686323601408
1298888699116171264
1298888700458201088
1298888721014689793
1298888727549353987
1298888742422233088
1298888746545209344
1298888757127426048
1298888759547592704
1298888762328399873
1298888764622684161
1298888780049313794
1298888782389760000
1298888787670401024
1298888791537651715
1298888798147710976
1298888798273642496
1298888809074110465
1298888810474872832
1298888814648123392
1298888814228893697
1298888816917389312
1298888826241404928
1298888831601709067
1298888840006889473
1298888847561027585
1298888882168066049
1298888887889096704
1298888887927013376
1298888892016242689
1298888897707958274
1298888903139700737
1298888904867635200
1298888907183001601
1298888909170999296
1298888913285775360
1298888953039335424
1298888954465234944
1298888955539017728
1298888967236931587
1298888968415698944
1298888977165029376
1298888985217912833
1298889007116492802
1298889009163153408
1298889015819608065
1298889030638043137
1298889052725194752
1298889055531413505
1298889064393785344
1298889083326877696
1298889085428396032
1298889086774571011
1298889087558942720
1298889089987444737
1298889095519727621
1298889101865709569
1298889119972462592
1298889121444835329
1298889131825586176
1298889137248858112
1298889150628798464
1298889152369512448
1298889157717057537
1298889158505697286
1298889163643576322
1298889167418478593
1298889181465174016
1298889196841574405
1298889200532705280
1298889216626024448
1298889217024688130
1298889262046351361
1298889265611407362
1298889275946274817
1298889283483262977
1298889284905123840
1298889286452801538
1298889288700977152
1298889308615708673
1298889318593781761
1298889322096140294
1298889332862988288
1298889338156015616
1298889343642169345
1298889358536105984
1298889362042626048
1298889368497582080
1298889385190989824
1298889387069992961
1298889387443331072
1298889391763382272
1298889397807403008
1298889421559705601
1298889427914076160
1298889434310438914
1298889445807022080
1298889450672422913
1298889450735300608
1298889458536730624
1298889463230353408
1298889465809657856
1298889473120514049
1298889479265153025
1298889492988702722
1298889493806583811
1298889507211599873
1298889514119815168
1298889527885365249
1298889528376266752
1298889543446401025
1298889563104976897
1298889565558591488
1298889568326909952
1298889569794846720
1298889574949806080
1298889586932768768
1298889598253203457
1298889600769851392
1298889602401308672
1298889605949915136
1298889607996731393
1298889610030972928
1298889614078304256
1298889621280108544
1298889636144611328
1298889639198064641
1298889643623149568
1298889644021514240
1298889670676361216
1298889676439183360
1298889682432950272
1298889689827610624
1298889691953938433
1298889699549777921
1298889705757347842
1298889711654592512
1298889713059651584
1298889716905852929
1298889720739463170
1298889737437028352
1298889740553515008
1298889743745286144
1298889747478114305
1298889749470437378
1298889756491874306
1298889764238577667
1298889767736598528
1298889770521722880
1298889775592529920
1298889783234695169
1298889799311319041
1298889828633915392
1298889834623164416
1298889844358369281
1298889848992997376
1298889849735393280
1298889856962031623
1298889875605860353
1298889887224131584
1298889888302067713
1298889905578287104
1298889907222568961
1298889914650681344
1298889915095080960
1298889915535699968
1298889919503273984
1298889927141150720
1298889932589551616
1298889934082682880
1298889941636788224
1298889946615500800
1298889951090794496
1298889963275087873
1298889969516322816
1298889974603898880
1298889978164981760
1298889983562903553
1298889984384962561
1298889986872414208
1298889994929668097
1298889999782490117
1298890004790480896
1298890006669361153
1298890007692754944
1298890034142093314
1298890041133998081
1298890042258071553
1298890052139773953
1298890088986718208
1298890097471848453
1298890097505570817
1298890100361826304
1298890108201046016
1298890108582543360
1298890112302948354
1298890126848819201
1298890129432621056
1298890146771681281
1298890161997021184
1298890166287753216
1298890166778515456
1298890183279087616
1298890210084704256
1298890210105651200
1298890218205052935
1298890218607489025
1298890218913685506
1298890229231652864
1298890232901689344
1298890239965102080
1298890249678893057
1298890253466365952
1298890254427004928
1298890256767258624
1298890257560043521
1298890269782183936
1298890277671796738
1298890299867926529
1298890302573260800
1298890305891176448
1298890310894989313
1298890316016168961
1298890343543214080
1298890355006300161
1298890356080205824
1298890363214671872
1298890369266941955
1298890386694238209
1298890398392147968
1298890413034672128
1298890418453721088
1298890440838721536
1298890440930803713
1298890447545200640
1298890462481321984
1298890471696023552
1298890473189203969
1298890492277645312
1298890495628779522
1298890502876659712
1298890525957861377
1298890528088403970
1298890552872767488
1298890565715554305
1298890578239741953
1298890588398530561
1298890598921969664
1298890605150396417
1298890630718865408
1298890634359603200
1298890655108923392
1298890662796906496
1298890664646598656
1298890665489600514
1298890667817656324
1298890668673126400
1298890672338923520
1298890672980729862
1298890680035508229
1298890685030912000
1298890695998992384
1298890698045956096
1298890699203416064
1298890704123392003
1298890732049018880
1298890738198081537
1298890773421854720
1298890779616669696
1298890780090630144
1298890784314281984
1298890795181735936
1298890798629441537
1298890818133069824
1298890831550545920
1298890869140062209
1298890869957787648
1298890884394749952
1298890897095110656
1298890899108196354
1298890901398237184
1298890901473779713
1298890908696379398
1298890909380116480
1298890912089726977
1298890923502440448
1298890927495188480
1298890927600099328
1298890986324553729
1298890995044454406
1298891008386699266
1298891010718613507
1298891023075033088
1298891024517853185
1298891029332992005
1298891032680046598
1298891033695068160
1298891046307258368
1298891048731607040
1298891050342219776
1298891052602945536
1298891052716158976
1298891065055797249
1298891081535414272
1298891095070453761
1298891104033681408
1298891120944898048
1298891130164195329
1298891152729358336
1298891157980745728
1298891160895860737
1298891172530683905
1298891176020508672
1298891190327218181
1298891201613979649
1298891212133408768
1298891215560151040
1298891220203302913
1298891242860883971
1298891251597492224
1298891271075856384
1298891271080161281
1298891274775400449
1298891278055280640
1298891288733986817
1298891293855109120
1298891295545585664
1298891322112212994
1298891325056704512
1298891330492477440
1298891331389947910
1298891335219453952
1298891344274841600
1298891363610537986
1298891368173977601
1298891386016546816
1298891402286215170
1298891402651275264
1298891407474614272
1298891413313249281
1298891423152971777
1298891428509167617
1298891438881533952
1298891450948546560
1298891456078176259
1298891458347499522
1298891464282234880
1298891486373638144
1298891493420146689
1298891496398045184
1298891501594750976
1298891512583946240
1298891516363051009
1298891540371128322
1298891551209328645
1298891571639844864
1298891605839998976
1298891611653525505
1298891615679938561
1298891623535742976
1298891631983173633
1298891637398138880
1298891641973960704
1298891642116747265
1298891643534405638
1298891649909764096
1298891657967013888
1298891675591487488
1298891676174278656
1298891679991123968
1298891697217298432
1298891714749296641
1298891719791046658
1298891729106436096
1298891745502076928
1298891746298834946
1298891769183170560
1298891773444530176
1298891787721945088
1298891789110308864
1298891805778251777
1298891807737053184
1298891812476604416
1298891816482332673
1298891826431234048
1298891862397169666
1298891893821132802
1298891895393980423
1298891903778164737
1298891909818134529
1298891921792925701
1298891926855245824
1298891927996133377
1298891936036601857
1298891937416712192
1298891957045878784
1298891974314004480
1298891983474380802
1298891984644448258
1298891994068996103
1298891994052272128
1298891994169630720
1298891999236550656
1298891999936802817
1298892002113748992
1298892007813910528
1298892012456902661
1298892012859600896
1298892035085066240
1298892063916859392
1298892098339397632
1298892104047853571
1298892111165550596
1298892118459441152
1298892130979438592
1298892136088326144
1298892139661688833
1298892145294630913
1298892177922117632
1298892215918329860
1298892220897075200
1298892225158369281
1298892226609651712
1298892249728552960
1298892252069023744
1298892257806835715
1298892261892136961
1298892269831979008
1298892274785542144
1298892281114755072
1298892290421735427
1298892303629615104
1298892303952752642
1298892347363581953
1298892369203310592
1298892374517710848
1298892387410939904
1298892388090310656
1298892395883495425
1298892404662009856
1298892409405714433
1298892411695796225
1298892417693708288
1298892426610966528
1298892429031018496
1298892443354423296
1298892447615979520
1298892450807906304
1298892452640694273
1298892455664730114
1298892460345700352
1298892460458991616
1298892465475264513
1298892466339237888
1298892467765260288
1298892482193715200
1298892484865482753
1298892492750770176
1298892495158259712
1298892495598706689
1298892497469485056
1298892497930788865
1298892500694786049
1298892502909452288
1298892504977137664
1298892524405186560
1298892543870947328
1298892552167288834
1298892565559693312
1298892567543549954
1298892572161531909
1298892576552939520
1298892594416558080
1298892600376733696
1298892602637512704
1298892614846971904
1298892617380487168
1298892621599764481
1298892632861507585
1298892635432574977
1298892638674812930
1298892663178002433
1298892667296849920
1298892671226765312
1298892676784205825
1298892681293082624
1298892693607571457
1298892704877875200
1298892706404540416
1298892725933051904
1298892743859728385
1298892754206908416
1298892756404723712
1298892760498528256
1298892766894727169
1298892772229804032
1298892781528559616
1298892787337883648
1298892820334301184
1298892824486715393
1298892827909173250
1298892838193827840
1298892852613672962
1298892864911482881
1298892877536387072
1298892878652026880
1298892889515319296
1298892892912713730
1298892896695775234
1298892909115129856
1298892913716297728
1298892918933995521
1298892924898467840
1298892955374301184
1298892957160898560
1298892959845363713
1298892966233141248
1298892967009230849
1298892975490002944
1298892976232558592
1298892978044276736
