1290497668641206279
1290497672755871749
1290497675385700352
1290497676279025665
1290497680536301569
1290497689843412992
1290497692087459843
1290497692297297920
1290497702485037057
1290497709284065287
1290497713016983552
1290497737939513344
1290497755652079616
1290497756906176515
1290497761419227142
1290497765324148736
1290497798232657920
1290497798836641793
1290497802225606659
1290497802804424704
1290497813642489858
1290497819598401543
1290497822706380805
1290497827852886022
1290497835993980932
1290497839160627200
1290497845284319233
1290497857556852737
1290497857955303425
1290497862065823750
1290497883066609665
1290497884752764930
1290497898103238656
1290497915660599297
1290497923503906818
1290497928071507968
1290497936309141504
1290497937257062411
1290497939236773888
1290497939807248390
1290497940213993472
1290497964608110600
1290497982639403008
1290497984174542861
1290497998833610752
1290498004315541504
1290498021919043584
1290498031528239105
1290498042559262722
1290498049735708674
1290498051375734790
1290498055242829828
1290498057574834178
1290498087262121984
1290498104454606852
1290498104882425856
1290498126231437313
1290498126235619333
1290498130211823616
1290498155159547904
1290498172184227842
1290498177078947840
1290498178584702982
1290498186759401472
1290498188042878977
1290498218741002241
1290498225938395137
1290498258117079040
1290498270884577282
1290498277293453315
1290498280527237120
1290498289251618816
1290498289503109122
1290498298717933571
1290498306691362819
1290498312554962945
1290498321702821890
1290498334751223808
1290498368825774081
1290498376430006278
1290498384910888960
1290498386039169025
1290498398517248005
1290498401973358593
1290498402858315778
1290498413709025280
1290498418268188672
1290498435984982016
1290498442804879362
1290498442591002625
1290498443639549954
1290498455794679810
1290498456625139712
1290498457266827264
1290498459573731330
1290498465928118277
1290498470587981824
1290498472701865986
1290498478351687680
1290498480314765312
1290498481946152961
1290498489491718146
1290498491400122370
1290498514749816836
1290498531975864321
1290498533397630978
1290498536103014402
1290498562778832896
1290498576796143617
1290498577043603460
1290498578553532417
1290498589894926336
1290498594101850113
1290498594420617218
1290498595347558400
1290498595163009026
1290498616419901440
1290498627656249344
1290498650691444737
1290498652696277000
1290498656655687680
1290498659625209858
1290498674997334016
1290498690684051457
1290498696291868674
1290498700012212226
1290498728546013185
1290498741795819523
1290498747030368257
1290498757675462658
1290498762356400128
1290498774465306630
1290498775006371841
1290498784800063489
1290498787165708290
1290498788390391808
1290498792693870592
1290498793461276684
1290498799496912896
1290498809437413377
1290498810980909056
1290498813442973697
1290498816022425606
1290498831272964096
1290498842878590979
1290498860830224386
1290498874553987072
1290498891981271041
1290498910016827394
1290498923426021378
1290498923400847367
1290498926953422849
1290498931474931712
1290498943604764675
1290498962655449088
1290498968351203339
1290498969760485377
1290498982389547008
1290498985229029378
1290499009115807745
1290499009342132229
1290499009576984576
1290499016086581248
1290499018540249088
1290499031668424704
1290499034667335687
1290499059908612097
1290499069505224710
1290499080896917505
1290499095824461824
1290499103588114437
1290499103953055744
1290499112652042247
1290499119505485832
1290499137939501056
1290499139826880513
1290499145145360387
1290499145317232640
1290499146160328705
1290499150056890370
1290499163164049408
1290499174971015171
1290499185586737152
1290499185653866496
1290499198677168134
1290499203861377025
1290499190770950145
1290499205971062795
1290499190624198656
1290499219782918144
1290499222685405184
1290499238137274369
1290499244017643521
1290499250233589762
1290499253102448640
1290499272027201537
1290499282789793792
1290499292331831298
1290499366445133824
1290499374301114373
1290499378352762886
1290499382626803716
1290499386326171648
1290499388079403009
1290499388200980486
1290499400729374723
1290499407633211392
1290499407960403968
1290499417389203458
1290499421830930432
1290499447353311232
1290499458887585793
1290499461500637188
1290499467091705858
1290499468886814720
1290499478886027264
1290499499564048388
1290499507143114752
1290499510318161921
1290499511203164160
1290499514193739779
1290499516332773381
1290499522024452110
1290499530518011905
1290499533734998017
1290499551313276930
1290499554299777024
1290499570800054279
1290499573178236935
1290499574017265666
1290499577787932672
1290499587447246849
1290499588466462724
1290499589280280576
1290499602760654849
1290499609924718592
1290499627628675073
1290499633022562309
1290499639561527296
1290499642753392640
1290499651326550022
1290499652538703872
1290499660784652293
1290499667768365056
1290499669202591744
1290499674000912386
1290499675330674688
1290499677557624832
1290499684683767813
1290499693173018624
1290499697627414529
1290499706922000386
1290499714425556992
1290499732305920001
1290499735145443329
1290499738773499904
1290499749582266368
1290499754661732352
1290499764518178817
1290499774144106503
1290499781698224128
1290499786597007362
1290499791256981504
1290499793253306368
1290499801604227072
1290499801910398977
1290499810701635585
1290499811800526849
1290499833002774528
1290499835301224450
1290499837515898881
1290499841710149632
1290499857019355136
1290499880016732160
1290499892444426240
1290499892570292225
1290499893782409222
1290499902817017856
1290499905379880960
1290499940649598980
1290499942176272386
1290499965416910853
1290499966562050048
1290499970303266817
1290499974686339074
1290499981091078147
1290499995850797058
1290500000661663744
1290500011759812611
1290500012405792770
1290500017849917442
1290500028218241033
1290500028574752770
1290500042193739776
1290500045582684161
1290500047520448517
1290500055162478593
1290500071713202178
1290500073730658308
1290500075186077703
1290500076146589696
1290500079686578176
1290500091132821504
1290500110158163975
1290500116533534722
1290500124452388866
1290500127128350721
1290500129548451842
1290500130802524160
1290500140629807106
1290500143674843137
1290500147068022787
1290500173718786048
1290500180475654147
1290500189849939970
1290500200876969989
1290500238013276161
1290500266056245248
1290500268803543043
1290500269147471872
1290500306371919874
1290500311258476544
1290500316404752387
1290500323195228160
1290500326370336769
1290500328014647296
1290500334289379328
1290500340752642048
1290500351565602816
1290500353570422786
1290500383249375232
1290500392912994304
1290500397887496192
1290500402429886466
1290500414551384064
1290500419387453440
1290500427193057288
1290500439423631364
1290500445710893061
1290500457849184257
1290500463511576577
1290500478468382721
1290500486190084097
1290500491147751425
1290500491819077632
1290500494251552770
1290500507773984777
1290500508030054400
1290500517274234880
1290500532650483712
1290500538681810944
1290500544730038272
1290500544138600448
1290500545967357952
1290500551277449216
1290500552569303040
1290500557006725121
1290500562216132609
1290500562450956290
1290500564111912965
1290500564883660806
1290500565051424768
1290500572492136453
1290500578049572864
1290500591207120897
1290500642780323846
1290500647494836224
1290500652234227712
1290500658278219777
1290500673889476608
1290500679467847681
1290500682420633603
1290500695141974016
1290500721087938560
1290500725085057024
1290500730554470401
1290500732894842880
1290500737768632321
1290500745792385026
1290500746400747520
1290500751316234240
1290500752851386369
1290500753816031232
1290500753828667392
1290500768110243846
1290500768693235717
1290500792957378562
1290500794043621376
1290500795780206592
1290500805749964801
1290500825769369601
1290500826033606658
1290500830349598721
1290500843821817857
1290500847881711618
1290500851463725064
1290500872921690117
1290500880198852613
1290500886427361282
1290500888230891522
1290500892559466496
1290500896661487617
1290500904588906497
1290500905595318278
1290500923286941700
1290500927141552131
1290500930773774337
1290500931256225792
1290500932027834369
1290500934007574528
1290500935270019077
1290500939216904192
1290500939208482824
1290500945181151232
1290500948956049408
1290500951996903425
1290500956728070144
1290500961975205888
1290500984557322242
1290500989624049665
1290500990135865345
1290501002479546368
1290501019403784192
1290501065020907520
1290501077578551303
1290501079755440130
1290501083756806144
1290501100525637632
1290501120339718144
1290501135657078787
1290501138077245441
1290501144775516161
1290501172160155650
1290501187481952259
1290501200991752192
1290501221850189824
1290501221598584833
1290501221850079233
1290501224333283328
1290501229550792704
1290501233430544385
1290501249050189827
1290501257967394816
1290501265399492611
1290501287184752640
1290501291739942912
1290501307732697089
1290501321863204864
1290501336077803522
1290501354587410432
1290501368780697610
1290501375109951492
1290501387751587840
1290501387931906049
1290501388313587713
1290501411072073728
1290501412695216128
1290501413827678208
1290501416809766912
1290501417455812608
1290501424703578112
1290501424757919745
1290501433591132160
1290501439505170437
1290501439970713601
1290501485084553216
1290501492596600832
1290501498640760833
1290501502658740224
1290501510485413888
1290501509604614145
1290501512943337472
1290501513924624384
1290501517527703552
1290501525765328897
1290501551291871234
1290501586679205888
1290501607537418240
1290501610960031744
1290501612130062336
1290501626927747073
1290501630312378372
1290501642966781952
1290501647026622465
1290501657646645249
1290501660142313475
1290501661790617611
1290501673157189633
1290501673941516292
1290501691071008768
1290501720565379073
1290501723534942208
1290501725003145216
1290501727188168706
1290501741327167489
1290501749711581184
1290501762940469248
1290501767445327872
1290501808461406209
1290501810600333312
1290501820935110656
1290501853227044866
1290501855294840832
1290501859443191809
1290501865591812096
1290501872944418817
1290501884856287234
1290501895463874564
1290501904133312514
1290501911330734083
1290501913146880006
1290501916569600010
1290501934839783425
1290501936672911361
1290501945233297412
1290501949540798464
1290501959020027904
1290501973817659392
1290501991924301830
1290501998203138050
1290501999553703936
1290502000145309696
1290502004251402242
1290502008181383171
1290502014200238080
1290502026430787584
1290502033229795330
1290502035737997312
1290502055010869249
1290502073444970497
1290502079501545477
1290502079862075393
1290502080306663424
1290502081372131330
1290502087604805638
1290502098258243592
1290502114280710145
1290502133687685120
1290502155263188992
1290502171688144896
1290502178050801664
1290502180768591873
1290502185558605825
1290502186841956357
1290502212666433536
1290502212670693376
1290502224066392064
1290502228348825605
1290502230941085696
1290502235219099656
1290502248196382720
1290502262045831171
1290502265485193219
1290502280601407491
1290502280827944966
1290502281595502592
1290502282908327936
1290502294119698433
1290502298553053184
1290502305792458754
1290502313904418818
1290502316555149312
1290502326491312129
1290502336549236738
1290502336763240449
1290502344908529664
1290502345332146176
1290502353305481217
1290502359999639552
1290502366752411648
1290502370372333568
1290502399916990466
1290502409429479426
1290502411560222720
1290502415637127168
1290502416035708929
1290502419185508352
1290502421215494145
1290502449082572801
1290502484142653441
1290502495643394048
1290502505185468417
1290502509052727296
1290502517667721216
1290502518586441728
1290502526467313666
1290502532691894272
1290502546763677696
1290502555777327104
1290502568473313280
1290502572135063552
1290502572806029318
1290502589017014273
1290502590816370693
1290502605643427841
1290502611666427905
1290502612173959168
1290502623649345538
1290502634193985536
1290502645757566977
1290502650836840449
1290502651688312832
1290502654053855233
1290502656994074625
1290502662052438017
1290502668192948224
1290502673947484161
1290502677319815168
1290502680666808321
1290502696546385922
1290502697137983488
1290502700778450951
1290502706885468160
1290502721183744000
1290502746743873537
1290502751084875776
1290502755216322560
1290502759272214528
1290502766146859008
1290502772324958208
1290502773470048256
1290502781481021446
1290502791140524038
1290502804692320259
1290502806919450624
1290502809389957120
1290502809415086080
1290502826255253505
1290502865191084032
1290502865937739777
1290502873772695557
1290502877295804416
1290502881003569152
1290502882014330880
1290502885499789313
1290502890407079938
1290502892747546624
1290502907079675904
1290502922049134592
1290502936292810752
1290502940629901317
1290502943821582337
1290502957025247233
1290502967011848192
1290502974251380736
1290502976495222784
1290502993612124160
1290503019683966977
1290503023190581249
1290503025337839616
1290503028164894722
1290503037224660992
1290503054731558917
1290503077729099776
1290503084020584448
1290503091389968384
1290503093088661506
1290503101992984576
1290503103595257858
1290503113615593472
1290503144401776640
1290503155092877312
1290503164748107776
1290503175095672832
1290503177997914113
1290503202136154113
1290503204447432704
1290503230447923200
1290503243802349568
1290503247644381184
1290503251314573313
1290503255311577089
1290503264165752833
1290503272634122240
1290503274743832577
1290503278116003840
1290503291424526338
1290503294234898432
1290503316313706496
1290503339478781952
1290503340464517120
1290503342398021634
1290503346353184768
1290503354221826048
1290503365256818689
1290503367957942273
1290503374337486848
1290503384768757761
1290503389269200896
1290503389843877888
1290503398496714752
1290503401235574784
1290503417090121729
1290503418369449984
1290503431468101633
1290503447243034624
1290503448354594819
1290503467706941441
1290503486983954433
1290503490662408193
1290503521981337604
1290503522740559872
1290503544173404162
1290503547906400256
1290503549483327489
1290503553706897410
1290503565996199936
1290503576817733632
1290503582630817792
1290503593615691776
1290503604369989632
1290503623114285056
1290503626993987584
1290503632526299137
1290503648347222016
1290503650092040192
1290503653808193536
1290503654965833731
1290503657100677126
1290503658094735361
1290503661093699585
1290503670065291265
1290503674641309696
1290503678315634688
1290503695700865025
1290503695826706432
1290503698981027840
1290503707340107776
1290503717012217857
1290503749161680896
1290503749140541440
1290503754324664320
1290503770841812993
1290503778848972803
1290503788026093569
1290503792069419008
1290503812218855425
1290503820292829184
1290503828077330432
1290503839183863809
1290503842245771264
1290503847174012930
1290503850491891712
1290503865910075392
1290503867852099584
1290503876110499841
1290503883408707585
1290503883450494977
1290503884054523904
1290503889880518656
1290503892208246786
1290503900261318657
1290503910726148097
1290503920922406912
1290503930837741568
1290503931747921921
1290503933031378944
1290503935380389889
1290503945933279232
1290503947615178752
1290503952321011712
1290503969031282688
1290503971522715648
1290503984847806465
1290504000031268876
1290504013209903104
1290504027118219265
1290504029882081280
1290504051956817920
1290504062178340864
1290504073712738304
1290504078510845952
1290504082688372741
1290504098177982464
1290504105031397376
1290504115865260032
1290504119799746560
1290504123872432133
1290504127282257920
1290504147398205440
1290504148509765632
1290504156600365057
1290504163915214855
1290504167929393153
1290504172476014593
1290504190725369858
1290504193506148353
1290504199331909632
1290504210966958081
1290504214632955905
1290504220060405760
1290504232341127169
1290504240041988103
1290504258564034560
1290504268739305472
1290504273437102080
1290504276847005697
1290504289413033984
1290504290998657026
1290504299760324608
1290504309180956672
1290504320832516097
1290504327748968448
1290504339732271104
1290504340893925376
1290504341866999808
1290504346216660993
1290504354294685699
1290504358484819968
1290504379175321601
1290504403288350721
1290504426461986816
1290504431209857033
1290504457554460673
1290504461681668097
1290504492937555968
1290504493243588609
1290504499585363968
1290504482762002434
1290504541788463110
1290504541947953154
1290504550990848000
1290504558351769600
1290504565607915521
1290504571094171649
1290504579117805568
1290504583668793344
1290504585988079616
1290504589813460992
1290504589884571649
1290504616606662657
1290504618955309056
1290504625188212736
1290504635623645186
1290504652635533312
1290504653940170752
1290504658084139011
1290504658507595777
1290504668397867013
1290504688006303745
1290504689671458818
1290504701230714880
1290504705735405569
1290504715155968000
1290504728720207872
1290504732482711552
1290504742674694145
1290504748639035392
1290504753491914757
1290504753563103232
1290504755349946370
1290504761209262081
1290504774010507270
1290504805878652928
1290504818096844800
1290504824224718848
1290504830935539713
1290504831074013184
1290504835616387072
1290504839714058240
1290504841798643712
1290504854251515912
1290504865119186944
1290504878251548672
1290504901877891074
1290504908014321664
1290504909419425793
1290504915270471681
1290504920131665922
1290504945293287424
1290504950276136961
1290504953589506049
1290504959130181633
1290504977904001025
1290504978604396544
1290504979854360577
1290504984048492544
1290504991484964864
1290504999722602499
1290505003732307970
1290505010841882629
1290505028499673088
1290505031884713987
1290505040961077249
1290505058271076353
1290505072992849921
1290505076512108544
1290505099459141633
1290505108212666369
1290505108351049729
1290505110397779968
1290505114848043008
1290505142891053057
1290505151728496641
1290505153712287745
1290505159638843392
1290505159991267328
1290505206787182592
1290505208477384704
1290505209748303872
1290505233366315008
1290505233387393024
1290505247228669952
1290505250756005888
1290505255851941888
1290505259786350592
1290505268569214977
1290505285531049987
1290505288911654913
1290505289330982914
1290505301645504512
1290505302341750785
1290505303243415553
1290505314857607168
1290505317630042114
1290505343823298560
1290505344666476544
1290505347635933184
1290505361527627784
1290505372919386112
1290505382998220806
1290505389214183425
1290505399536238592
1290505427029856257
1290505427617120256
1290505466020130817
1290505471162425344
1290505474664587265
1290505481216315392
1290505485280583680
1290505506625409026
1290505518402985989
1290505528981049344
1290505533418504193
1290505543124004864
1290505544755642368
1290505555052658689
1290505564997459969
1290505571636899840
1290505576703840257
1290505579207839746
1290505582151995392
1290505585889357826
1290505616159473665
1290505616335806464
1290505620865658880
1290505637164658694
1290505641715539968
1290505649562894338
1290505653711245313
1290505661168496640
1290505672463806464
1290505672522489856
1290505683977277440
1290505684124151809
1290505687710208000
1290505697239728128
1290505704550420480
1290505723885977601
1290505736431132672
1290505749320404992
1290505754156433408
1290505759973924865
1290505766735151109
1290505775140372480
1290505779775070214
1290505796560723968
1290505798079193094
1290505828831813633
1290505834515107841
1290505839317602305
1290505850361126912
1290505862797131776
1290505864286265346
1290505866744012801
1290505866886688769
1290505882392911872
1290505886037835777
1290505895202488322
1290505919751692289
1290505923086159873
1290505963540226048
1290505967482949632
1290505986025955329
1290506001477595136
1290506011900391425
1290506012454051840
1290506016824741890
1290506024462491659
1290506028518432768
1290506032909885440
1290506038936891392
1290506042913296387
1290506064522293249
1290506066250223619
1290506068674531328
1290506078741037056
1290506103084797952
1290506111423074304
1290506115671715845
1290506120512057349
1290506124278534146
1290506126312652801
1290506169560244225
1290506173712482306
1290506191286808576
1290506199650066434
1290506217702354945
1290506221577879553
1290506222982926336
1290506228796461057
1290506229865799680
1290506231598264320
1290506245166702593
1290506266142543874
1290506272790339587
1290506273742610438
1290506274124304395
1290506288217108481
1290506293204090881
1290506294420312067
1290506301752004608
1290506310161760257
1290506326532075522
1290506336803987458
1290506352238841856
1290506364062584833
1290506366340259841
1290506369850777600
1290506378449235968
1290506378625216512
1290506384308441089
1290506384539136000
1290506387945029632
1290506391099076612
1290506399722553344
1290506406051938304
1290506408220225536
1290506413421342721
1290506418773204993
1290506420249477120
1290506422875066368
1290506437186195458
1290506439966904320
1290506444035502080
1290506452407209984
1290506458560249856
1290506466961625093
1290506468236484608
1290506471478681601
1290506477304598529
1290506480190238720
1290506493532311552
1290506495185084416
1290506512993890304
1290506514432589824
1290506516722835456
1290506516911525889
1290506524305977345
1290506529615908864
1290506536578502656
1290506537144852480
1290506543499284480
1290506552647004161
1290506554886819840
1290506563522789376
1290506565334728705
1290506567159287808
1290506568463769602
1290506571349258240
1290506578169397253
1290506594451693569
1290506597878378503
1290506602588643331
1290506614185660417
1290506622826156032
1290506640932786176
1290506647316713473
1290506647413108753
1290506659727540225
1290506665364729856
1290506669131206659
1290506672306376705
1290506674466361345
1290506676752265218
1290506695911899137
1290506701183959040
1290506713884504066
1290506732318400517
1290506735526936576
1290506744138010627
1290506746142896133
1290506754095058944
1290506756486057984
1290506761183604738
1290506761871360000
1290506783442628610
1290506790438830080
1290506815822630916
1290506817001455616
1290506818960203779
1290506820285603841
1290506820570685441
1290506833241800707
1290506842943062016
1290506845568659456
1290506852703170560
1290506856360603648
1290506863570825218
1290506869354766337
1290506869765791744
1290506870097149952
1290506881564389377
1290506890862944256
1290506891362271232
1290506891949375494
1290506893836910593
1290506900514119680
1290506907925569536
1290506917597462528
1290506927990910977
1290506934953664512
1290506951856553984
1290506954264268801
1290506973956333569
1290506984702320640
1290507002410500096
1290507003207524353
1290507004998324225
1290507021993889793
1290507022912253953
1290507039937040384
1290507043095420930
1290507054050734080
1290507055426613248
1290507056299085824
1290507070752595968
1290507080416153600
1290507084585406464
1290507104437010432
1290507116378193922
1290507121654734854
1290507128675766273
1290507139551764486
1290507151560056833
1290507160510541824
1290507167779500033
1290507187870040065
1290507196086788096
1290507197932171265
1290507198515142657
1290507209793835008
1290507219382030336
1290507226772197376
1290507228840157185
1290507231029592064
1290507234779082752
1290507238021332992
1290507255897559041
1290507242983362560
1290507259144011776
1290507267532455936
1290507274297933826
1290507285320445952
1290507315594985472
1290507327049801733
1290507328266149888
1290507330573017089
1290507348503457795
1290507362235809792
1290507370959736832
1290507379637796864
1290507400190070784
1290507406573674496
1290507408310177792
1290507424122667010
1290507430992871424
1290507447954808832
1290507465079963649
1290507491365851136
1290507507513819136
1290507514870726656
1290507515579363330
1290507572663861251
1290507572806475776
1290507596408008704
1290507607854256128
1290507611591176192
1290507613495365633
1290507614854381570
1290507638451712000
1290507638870962176
1290507639626108929
1290507639626047488
1290507659414663168
1290507666637258752
1290507672370864128
1290507676548583425
1290507683187945472
1290507701357690880
1290507729891516416
1290507747188813826
1290507754482864128
1290507756089364481
1290507759641911296
1290507774917398530
1290507780369952769
1290507783939321856
1290507785092960256
1290507785009008643
1290507796811718657
1290507805967998976
1290507813014429696
1290507818521436160
1290507822648590336
1290507830785695744
1290507838289305600
1290507842366119938
1290507852428316673
1290507877468307456
1290507879091511296
1290507892857229312
1290507897512898567
1290507899001864192
1290507901195362305
1290507906694238208
1290507922401718272
1290507940441387008
1290507940462571520
1290507940881764352
1290507948486057986
1290507948540588032
1290507953200603136
1290507956858097669
1290507969004699648
1290507970510385152
1290507973572214784
1290507974801346560
1290507986629165057
1290507992303939584
1290507994988339201
1290507995164610561
1290507995084881920
1290508016630894592
1290508026533646336
1290508032514887681
1290508044388859904
1290508064676655104
1290508070657941505
1290508071282900993
1290508077553332230
1290508090757062657
1290508106946850818
1290508112659533824
1290508115226632192
1290508117491425281
1290508131278127104
1290508152551534594
1290508175821557760
1290508188459008000
1290508217458601989
1290508221506101249
1290508244566253568
1290508247041007622
1290508253168893953
1290508271846006785
1290508280486404097
1290508283074285568
1290508284533837825
1290508297221488640
1290508300157681664
1290508303760535552
1290508309246730242
1290508313910808577
1290508320961265666
1290508333162598401
1290508336983662594
1290508339621789699
1290508342821974017
1290508345921560578
1290508350124363776
1290508353295261696
1290508356067549185
1290508359263752192
1290508359288778753
1290508366972956674
1290508367786651649
1290508383318159360
1290508388913168384
1290508392604119040
1290508395666182144
1290508404558106624
1290508405707116546
1290508416616546309
1290508421553242114
1290508430373842945
1290508435709206528
1290508437793550336
1290508438133444608
1290508452725325824
1290508460958900226
1290508466944188417
1290508488557420549
1290508510929838080
1290508531255435268
1290508536498327553
1290508539803443201
1290508539832795138
1290508540550033409
1290508560711839745
1290508566068170753
1290508567611691008
1290508569473773568
1290508574691479553
1290508581767229440
1290508582417391616
1290508591162626050
1290508599215570944
1290508602000601088
1290508623995527169
1290508625295953920
1290508629913739275
1290508638071803904
1290508668908183552
1290508675707211776
1290508683701628934
1290508687233163264
1290508695194001408
1290508695441293314
1290508712503730177
1290508722033238016
1290508725040668673
1290508725820612609
1290508728052133888
1290508731881525249
1290508732443631616
1290508770297012230
1290508779319111680
1290508800278048768
1290508804413698048
1290508807630721024
1290508818225549312
1290508836252659720
1290508861456240640
1290508867382714369
1290508892494082054
1290508893030723586
1290508913108901891
1290508922978209792
1290508942519545856
1290508948206809089
1290508950362705920
1290508955727396864
1290508959829426181
1290508963675602944
1290508966829596672
1290508968628850693
1290508985074724864
1290508989034160128
1290508993983467520
1290509000316841984
1290509006499467265
1290509012593553408
1290509031371669504
1290509043446890496
1290509046294786048
1290509052422889473
1290509060807127040
1290509071028641792
1290509087126376448
1290509093690646528
1290509111742758912
1290509113676316673
1290509117535199232
1290509126615945216
1290509138250870789
1290509149055328256
1290509151286820864
1290509162393346048
1290509167992569856
1290509176402149376
1290509176561479681
1290509185122070528
1290509188683059202
1290509207192576000
1290509207377068032
1290509215295893505
1290509218831900672
1290509235030298625
1290509235822813185
1290509237123026946
1290509289006804992
1290509307700826112
1290509310686978048
1290509319084158976
1290509321172922369
1290509321885716482
1290509327917150214
1290509343113089024
1290509347714301952
1290509387300249601
1290509391456698368
1290509396833902592
1290509401585881088
1290509411044089856
1290509415615930368
1290509417948028928
1290509424138883075
1290509428559675392
1290509431663243264
1290509446872010753
1290509454560043008
1290509465926729730
1290509476655779840
1290509482175406081
1290509489100197888
1290509523728207873
1290509531366084608
1290509533685485568
1290509538962137088
1290509549124943874
1290509552778010624
1290509557110722563
1290509559321309186
1290509571765596160
1290509600836292612
1290509614698569728
1290509622491529216
1290509623108276225
1290509634021842944
1290509640006942720
1290509644356390913
1290509646780723201
1290509647384846336
1290509655081271296
1290509668452913153
1290509672726831105
1290509681815744519
1290509686463033345
1290509688606322689
1290509690661724165
1290509701357002754
1290509704607797249
1290509722244861952
1290509738304851968
1290509740766683137
1290509748639428608
1290509754889121793
1290509760140324864
1290509789836054528
1290509794571194369
1290509813231652866
1290509826351538177
1290509847331389440
1290509847427858432
1290509856915558400
1290509859759194119
1290509860212060167
1290509860937883650
1290509867694936064
1290509872354779138
1290509892524994561
1290509898023829510
1290509902469722112
1290509905858891776
1290509906705965057
1290509907809116165
1290509929460256777
1290509935520829440
1290509950901293056
1290509953262923793
1290509988067188736
1290510026159915008
1290510027392983040
1290510028894547971
1290510032178642946
1290510039220977665
1290510042156998656
1290510052399316992
1290510084066312194
1290510087044255745
1290510105331535872
1290510106883436544
1290510120170881024
1290510130207957006
1290510145647194118
1290510146838372352
1290510147245277185
1290510156669870086
1290510158938988544
1290510162998882305
1290510172700282881
1290510175653244929
1290510179851624448
1290510183341457408
1290510227926683648
1290510234209984512
1290510236990582784
1290510237561245696
1290510244087574528
1290510268552757250
1290510270175932416
1290510279080468483
1290510280989069313
1290510281097883653
1290510293123190784
1290510293580169216
1290510318616154112
1290510326027489282
1290510330385195008
1290510353609166849
1290510378724519937
1290510380054257664
1290510382910648320
1290510385125064705
1290510397322092544
1290510401659011073
1290510421619687424
1290510446877986816
1290510452447948801
1290510498266583040
1290510511440662528
1290510548409425921
1290510573906481152
1290510586460037121
1290510588473270273
1290510607393755136
1290510621843378178
1290510628810117127
1290510632480116736
1290510633759318016
1290510640113569792
1290510640482627585
1290510662662336512
1290510687135887360
1290510691309412354
1290510695616753664
1290510702562758665
1290510728781336576
1290510735139835904
1290510735223775238
1290510746204475394
1290510746732961792
1290510775400796161
1290510776957050880
1290510791670603777
1290510800273080320
1290510800554082305
1290510803087446017
1290510803334909952
1290510813334327296
1290510813854404608
1290510822330916870
1290510822654050304
1290510828358131712
1290510830920855552
1290510836209983488
1290510841914286080
1290510854719508480
1290510859882696704
1290510863993102338
1290510867436408832
1290510872633323521
1290510883861549056
1290510884767318018
1290510887477022720
1290510894531780608
1290510906347139072
1290510913775099904
1290510917323460609
1290510918028337153
1290510919101947904
1290510926249164800
1290510929092902913
1290510933312393216
1290510933626769409
1290510934985908226
1290510935002460164
1290510960235384832
1290510965683949570
1290510988366749696
1290510997837484033
1290511004657315841
1290511005714448385
1290511013037723648
1290511031857344512
1290511038878830593
1290511039319154688
1290511045107343360
1290511047955161089
1290511078099767296
1290511085938921472
1290511092666568704
1290511151856414721
1290511170584150016
1290511173432086528
1290511173683642368
1290511215349751808
1290511220215123968
1290511239567745024
1290511250393190400
1290511256558993408
1290511264880484355
1290511271062917120
1290511275626094593
1290511277719158785
1290511282282487808
1290511291128324096
1290511294471245824
1290511305753817088
1290511308295671810
1290511311655374848
1290511316411650053
1290511325664292864
1290511327845388289
1290511333637718016
1290511334543470594
1290511344479895553
1290511357306195970
1290511358644162560
1290511358933577728
1290511380374847488
1290511380882300928
1290511387320434688
1290511399735578624
1290511404794105856
1290511421286096897
1290511421709488128
1290511437203410946
1290511441682825216
1290511476927725569
1290511478437474306
1290511481696669696
1290511489091026944
1290511494136782854
1290511496368324610
1290511496817057794
1290511501992878081
1290511508158308354
1290511510754795520
1290511515146162177
1290511520858808320
1290511525531222016
1290511529289359360
1290511543394865153
1290511564110471169
1290511570821292032
1290511573618892800
1290511593051217923
1290511600990986240
1290511617587924992
1290511617814224897
1290511628228874240
1290511634683879425
1290511638450274305
1290511661200076801
1290511678090522624
1290511688572243969
1290511691998826497
1290511699733147649
1290511707660574720
1290511724282429440
1290511733514280961
1290511750723325952
1290511774979063809
1290511779945046016
1290511803059863553
1290511821191802881
1290511831895887872
1290511840800366598
1290511853865414656
1290511878372777984
1290511879291404288
1290511888581705729
1290511890041495552
1290511907447885824
1290511910786355200
1290511917241507840
1290511925554614272
1290511927311884288
1290511928150732800
1290511935943958529
1290511953698476034
1290511978515988480
1290511979661189125
1290511996299825152
1290512011130937344
1290512012380971009
1290512025475399681
1290512030969937920
1290512076125777921
1290512088016793600
1290512089270935553
1290512112712916993
1290512112997941249
1290512124377210881
1290512131402747904
1290512133197901824
1290512134187528193
1290512135991238656
1290512183382560770
1290512188181020673
1290512188650602502
1290512189451837440
1290512190118588416
1290512209391558656
1290512213128564736
1290512222662340608
1290512225753604097
1290512230052749314
1290512239334764544
1290512244606828544
1290512245001261057
1290512246481678336
1290512257013764096
1290512268531302400
1290512279314796552
1290512284914262016
1290512293923627015
1290512312185565185
1290512319147945984
1290512319261286400
1290512323329822722
1290512342552281089
1290512342665445376
1290512344917958657
1290512346314682369
1290512348524969984
1290512356066447361
1290512363825909761
1290512377629286400
1290512389117534208
1290512389561913345
1290512392837722112
1290512401083723777
1290512402430083079
1290512410328158209
1290512413687783425
1290512423921651713
1290512426769645568
1290512426790789122
1290512427172339712
1290512437981085696
1290512441864986624
1290512445870571520
1290512446336180226
1290512447808274433
1290512448676495361
1290512452820426752
1290512474035253250
1290512498706337792
1290512509527498752
1290512511599546368
1290512515034750976
1290512515210735618
1290512519006547970
1290512525214265344
1290512539818684416
1290512541433634817
1290512571511046151
1290512579270307841
1290512582030307328
1290512583070486528
1290512583951351808
1290512595619733505
1290512611080114177
1290512611977633792
1290512619334402048
1290512622748446720
1290512632508813317
1290512652226134016
1290512654491160577
1290512679006855168
1290512687806414851
1290512705149980672
1290512706269786118
1290512719083233280
1290512722086551552
1290512755015839744
1290512764285247490
