1299013783357022211
1299013798787866629
1299013799135948802
1299013806853562368
1299013806715273222
1299013815502286848
1299013833730580481
1299013861442334727
1299013869625634816
1299013870439116800
1299013888491565059
1299013899371585537
1299013903347785728
1299013911769804800
1299013912285782020
1299013912621391873
1299013916459184128
1299013919990640640
1299013921710444545
1299013925644701698
1299013938940608518
1299013971744350208
1299013980116127744
1299013980598366208
1299013983928811523
1299013988806725633
1299014021186826241
1299014022168104961
1299014027146915840
1299014033312329728
1299014047833055232
1299014050903289857
1299014051867947008
1299014054120431623
1299014067106054145
1299014071161729025
1299014075679207424
1299014079252701190
1299014084181061633
1299014100349890560
1299014110672166912
1299014113784455170
1299014127000489986
1299014130448216065
1299014143123623936
1299014164174655488
1299014190267539456
1299014194231115776
1299014201705463810
1299014202321862657
1299014219380084737
1299014234584514566
1299014235008176128
1299014238858600448
1299014239412195328
1299014273230929921
1299014276875722754
1299014282554888197
1299014297553698816
1299014302305849349
1299014306571288578
1299014307750064129
1299014311357173760
1299014314129534977
1299014339777576961
1299014344399872000
1299014344768983041
1299014352280973313
1299014370446336005
1299014387190161410
1299014391233470465
1299014395381522432
1299014396228833283
1299014415505907713
1299014423361859584
1299014424611549186
1299014435932172289
1299014437387595777
1299014439996334080
1299014457323065344
1299014461488066561
1299014490768510981
1299014491808489474
1299014498976772096
1299014498951598088
1299014512406798336
1299014517184245760
1299014520480948224
1299014532665352194
1299014533713813511
1299014536863850496
1299014542387630081
1299014544853876737
1299014546238173184
1299014547005730818
1299014547030720513
1299014551346634753
1299014575531098112
1299014579922460673
1299014580098736128
1299014613128933377
1299014629507526656
1299014641352183808
1299014642312806401
1299014654077870080
1299014659744309251
1299014671194882048
1299014679696683015
1299014684306268160
1299014705877524481
1299014717667782662
1299014723090833408
1299014726823874561
1299014743307382791
1299014747522830342
1299014747442954241
1299014747829010432
1299014759673552896
1299014767303159808
1299014767886004224
1299014789247758337
1299014794461102080
1299014801767780353
1299014802824601600
1299014822437113856
1299014822831382529
1299014830125350912
1299014834273390592
1299014835569659904
1299014835707867137
1299014836278288390
1299014845094924288
1299014856025108482
1299014864799752192
1299014890452066310
1299014906373697542
1299014937025667072
1299014945036697600
1299014945028345858
1299014945129062402
1299014965924306944
1299014970445881349
1299014973801353219
1299014977236262912
1299014987248267264
1299014991237046283
1299014997964550146
1299015006986665985
1299015008077176832
1299015016033771521
1299015016163680257
1299015024191692803
1299015041119854594
1299015045485981696
1299015045721075712
1299015045918097408
1299015053342117888
1299015070161047552
1299015070551285771
1299015095377432576
1299015095612309504
1299015096061112321
1299015099378618368
1299015102494961664
1299015116780904450
1299015120127954945
1299015138293329921
1299015145692311555
1299015146526867456
1299015159055151104
1299015167796219906
1299015172015525889
1299015184351100929
1299015187144626176
1299015195281575936
1299015199773491206
1299015200411185152
1299015201304596480
1299015212247519234
1299015221697220608
1299015224910020609
1299015233189695488
1299015237434253314
1299015237857873920
1299015267075395589
1299015270732709890
1299015275275141122
1299015284875878400
1299015287937921024
1299015289393287170
1299015305793069056
1299015309672636416
1299015317843144704
1299015330178699265
1299015334192648192
1299015342589648897
1299015346750251009
1299015360339902465
1299015371656245249
1299015373216296961
1299015376265711618
1299015377419145216
1299015405667676161
1299015409547476992
1299015418321891328
1299015438337179648
1299015440220344321
1299015443190087680
1299015445010251776
1299015447795380225
1299015448260829185
1299015459468083201
1299015464929042433
1299015467877699584
1299015480636846080
1299015488903745538
1299015488970928128
1299015508323217409
1299015509762084864
1299015530465185792
1299015531710869505
1299015531626815489
1299015547712045061
1299015552262959105
1299015556415123456
1299015556830498816
1299015561423335424
1299015564640292870
1299015583342755841
1299015593383747584
1299015598664331271
1299015606306390022
1299015611562029063
1299015615508697088
1299015632042762240
1299015637176475648
1299015648131969024
1299015660693934082
1299015662057254912
1299015662380232705
1299015678075310080
1299015708379054084
1299015738196279297
1299015742134788096
1299015749651042305
1299015753837015041
1299015755044802561
1299015774221340673
1299015774896611331
1299015782110826496
1299015803375935494
1299015809252102144
1299015824863383563
1299015833566367744
1299015846946369542
1299015853619503106
1299015858925305861
1299015867397677058
1299015870300160001
1299015871659225088
1299015875672997889
1299015879439466496
1299015888385871879
1299015888696414213
1299015889602322433
1299015898041221123
1299015905104367616
1299015908346781704
1299015929049886721
1299015934653476864
1299015946288365570
1299015959064150016
1299015964735008770
1299015976827015168
1299015992299855873
1299015993918803969
1299016001531543556
1299016014831656960
1299016021551046656
1299016038298853376
1299016040324702216
1299016052311957504
1299016060880842752
1299016060658765824
1299016069185765376
1299016069596807170
1299016071559565312
1299016079759601664
1299016102421442560
1299016114312101888
1299016115050315778
1299016130443587586
1299016135195557888
1299016135493419008
1299016139138363392
1299016139146698752
1299016152211951616
1299016152438300672
1299016160868880384
1299016164996079618
1299016172692746241
1299016186638680064
1299016197581819904
1299016206972846082
1299016226606178305
1299016228699136000
1299016236420849664
1299016243505254401
1299016243454697473
1299016268801024000
1299016280859725825
1299016282281578496
1299016302334443522
1299016307942268935
1299016311876403200
1299016319325466624
1299016320873148416
1299016332093132805
1299016337000296454
1299016344831107076
1299016354456993794
1299016357518946308
1299016386224758785
1299016400845987840
1299016404780199938
1299016412959084544
1299016419825160193
1299016419942821889
1299016424556507136
1299016425294659584
1299016445032976384
1299016466268856320
1299016471239110657
1299016479166337024
1299016487458529282
1299016491287937025
1299016507909865472
1299016516285935616
1299016521985990658
1299016525140107265
1299016526272421889
1299016533234946049
1299016546463907842
1299016576272924675
1299016584451829760
1299016596824809472
1299016604966158338
1299016605800763392
1299016609369960449
1299016616722812928
1299016618354315286
1299016625904070656
1299016638969282562
1299016647416532992
1299016663740723200
1299016676466470913
1299016681508007937
1299016681772195841
1299016684519297024
1299016687740575744
1299016692631207941
1299016693595992066
1299016696930291713
1299016706849832961
1299016721701822464
1299016726688829440
1299016730921103363
1299016735476113408
1299016738839973890
1299016740030910465
1299016747324932096
1299016747773812736
1299016751527559172
1299016752312057858
1299016765029130240
1299016769974272008
1299016786877308929
1299016803717459970
1299016807228092416
1299016843513004032
1299016845773729799
1299016861204398080
1299016872759885824
1299016875385516032
1299016889658560517
1299016897296564224
1299016903462211586
1299016923737468928
1299016923833937920
1299016923850715136
1299016932071534598
1299016954242449408
1299016957648199680
1299016970046713858
1299016971263135746
1299016974555648003
1299016977428733953
1299016979454373888
1299016998677024768
1299017013323431937
1299017015773007872
1299017019988348928
1299017044663439361
1299017066113101824
1299017092453109761
1299017095502614529
1299017096425279489
1299017096194666503
1299017099755495425
1299017107980550145
1299017108379049987
1299017117271027712
1299017121314172928
1299017149726457863
1299017150573580294
1299017155564965891
1299017171805315074
1299017175101890565
1299017175605432320
1299017189010227201
1299017196199444480
1299017201676988417
1299017212573827072
1299017243410522113
1299017254533844993
1299017258962956289
1299017260242264066
1299017264973279232
1299017271092731904
1299017271428317185
1299017272778993665
1299017281146519554
1299017296514449408
1299017304747978752
1299017313090338816
1299017315338592256
1299017336284839936
1299017348242968579
1299017360959868929
1299017380455223296
1299017398348062721
1299017409999843328
1299017415309881344
1299017424382103553
1299017424457494534
1299017438978285568
1299017447710720000
1299017448641966080
1299017448750972929
1299017449342464001
1299017469974044672
1299017469940518912
1299017485723807745
1299017516233129986
1299017516354658304
1299017524554719235
1299017527809445889
1299017537217114114
1299017548902445056
1299017558788648960
1299017562634805249
1299017566082543617
1299017570356547584
1299017571191095296
1299017578757722113
1299017582557659136
1299017586772807686
1299017599087386624
1299017632654462985
1299017641223487488
1299017646076301312
1299017652724097024
1299017653223215104
1299017653563150342
1299017667769073671
1299017674337464321
1299017695619407872
1299017703756197888
1299017707455737857
1299017713763803137
1299017725621272576
1299017729974784000
1299017732541820929
1299017741425356805
1299017743023222786
1299017808550834176
1299017817438658561
1299017818449555458
1299017833356156929
1299017839333060608
1299017851060326401
1299017855829123072
1299017856072454144
1299017872270929920
1299017876435861504
1299017879321489409
1299017880214867968
1299017885151457282
1299017885407309825
1299017902713004033
1299017917930123266
1299017921423798273
1299017926721191936
1299017931142115328
1299017942957305856
1299017955846610944
1299017963471884288
1299017965224984577
1299017968408506368
1299017969494880265
1299017985672314880
1299017988574711809
1299017989681971201
1299017996979982336
1299018001820377089
1299018010854862848
1299018039489376258
1299018040865165313
1299018047827701760
1299018048519761925
1299018065204699143
1299018069977763840
1299018081260404736
1299018089120452609
1299018094891790336
1299018097467195395
1299018132686684164
1299018135660527622
1299018137245855747
1299018157202366464
1299018170859167744
1299018198940094464
1299018207349690373
1299018207471136768
1299018225452306433
1299018228539232257
1299018249481236481
1299018256917782530
1299018266925563904
1299018274458537984
1299018283987894274
1299018304548483073
1299018309518733319
1299018309766176771
1299018311477456896
1299018312576167938
1299018312819462146
1299018315533180928
1299018317361971201
1299018328564883463
1299018329651281921
1299018334630014977
1299018350203469824
1299018350253740038
1299018350765510661
1299018354485874688
1299018354544349184
1299018363289710593
1299018366926172160
1299018369992192004
1299018391353790464
1299018397162889222
1299018410022572032
1299018416544653314
1299018422055886854
1299018424866275328
1299018426229370882
1299018439961358338
1299018446655688714
1299018446961696768
1299018467266322433
1299018469132955650
1299018479383613442
1299018480352735237
1299018489412321280
1299018495854813187
1299018506080485381
1299018517107429377
1299018522257891328
1299018522618667008
1299018534882693123
1299018547851657217
1299018550779281409
1299018563324383232
1299018564872089601
1299018568634372097
1299018584262205441
1299018593875550208
1299018630802227200
1299018634573107212
1299018635835518982
1299018643334770688
1299018647961251840
1299018663798935553
1299018732858155008
1299018749228593153
1299018759789674496
1299018774327296008
1299018776957063168
1299018787723907073
1299018803565588482
1299018839863173122
1299018839506792449
1299018846112591874
1299018848172044289
1299018848457326593
1299018854354563072
1299018878228369410
1299018883207225346
1299018887145697281
1299018903935496192
1299018920771420167
1299018924139347971
1299018934444855303
1299018938098102278
1299018946314608640
1299018953285439488
1299018954782973954
1299018961426685953
1299018970964668417
1299018982683553792
1299019004133113856
1299019016007110656
1299019021686370305
1299019022365794305
1299019029680730114
1299019032754978817
1299019041852600320
1299019062232715265
1299019063314780161
1299019080112975872
1299019097980784640
1299019109309353984
1299019113143119872
1299019113193443328
1299019123566010368
1299019126493417472
1299019129698103303
1299019134915805185
1299019146039046146
1299019150136946689
1299019159423000576
1299019159917998081
1299019179882770433
1299019180663074823
1299019194055315457
1299019210417483776
1299019213835821064
1299019217862356992
1299019227597344769
1299019231162494978
1299019239584681986
1299019244391276544
1299019247214043139
1299019247792738304
1299019259960528897
1299019268592414720
1299019277090066432
1299019280579620864
1299019286401359874
1299019294273990657
1299019298808229888
1299019308006342657
1299019331725008901
1299019358006435840
1299019364579061766
1299019368655974400
1299019370224668674
1299019376847396865
1299019377627369472
1299019394312536064
1299019406996058112
1299019415707463680
1299019423089557504
1299019423823560707
1299019435630424066
1299019466588725248
1299019483416166401
1299019491255422979
1299019503897128976
1299019506816290816
1299019515112628231
1299019537833226245
1299019538843934720
1299019541058473984
1299019544590053376
1299019548927107072
1299019555008925696
1299019557206716416
1299019559123460096
1299019561618903041
1299019591000219653
1299019595878223872
1299019609895579648
1299019620599263232
1299019632636911619
1299019637850599424
1299019641583357958
1299019643449901057
1299019662164926466
1299019667072266241
1299019668120899584
1299019687146201088
1299019687326552065
1299019687754424325
1299019699921932289
1299019700790325248
1299019709875187718
1299019726568525824
1299019729152040961
1299019734546083840
1299019735087054848
1299019738232664064
1299019747535843329
1299019747837837313
1299019750299906048
1299019751222632448
1299019758264672258
1299019771523018753
1299019773150363648
1299019775884972033
1299019797351587840
1299019797800288256
1299019805803122688
1299019809586208769
1299019809955426304
1299019810429440003
1299019815563268098
1299019817425473536
1299019819635732480
1299019821586280450
1299019831249960961
1299019832113999872
1299019832348807168
1299019833883860993
1299019835838521349
1299019851642503171
1299019852707958784
1299019855358648320
1299019872463187969
1299019877441822734
1299019881585815552
1299019890834247681
1299019902381109253
1299019902829965312
1299019903433707521
1299019907619848199
1299019913802190848
1299019918357102595
1299019927593062402
1299019932080967680
1299019948522520576
1299019957037133825
1299019961361293314
1299019964419108864
1299019964905594885
1299019970135896064
1299019982299258880
1299019986980294656
1299020023571320839
1299020029405655041
1299020036414287872
1299020039744454657
1299020043590737922
1299020043808890885
1299020044253396994
1299020049680826369
1299020057373102080
1299020068810969088
1299020093859475456
1299020107709132800
1299020123546607616
1299020144505688067
1299020149710716930
1299020152651091968
1299020166689423361
1299020175178715139
1299020175342096385
1299020182053101581
1299020192157229056
1299020216874217474
1299020219734806535
1299020220917374976
1299020254836817922
1299020266471919616
1299020274688495617
1299020280870965249
1299020282041049093
1299020283500691456
1299020288882085890
1299020299954991108
1299020301020393472
1299020301452349442
1299020309337604096
1299020316820340738
1299020337892528128
1299020351754641409
1299020360126541825
1299020362630549504
1299020364471840768
1299020379302789121
1299020380653248512
1299020398449876992
1299020398600900610
1299020400819544064
1299020408482455552
1299020415025602561
1299020416946769920
1299020431106555904
1299020443718946817
1299020444088049665
1299020463155408896
1299020463423750144
1299020472324161543
1299020473272012803
1299020476400799745
1299020480322695169
1299020489113980929
1299020489176776704
1299020498660143107
1299020500744667136
1299020515810643969
1299020530629177350
1299020540548714496
1299020552762519553
1299020556155539456
1299020560995938305
1299020567857815557
1299020568805728256
1299020573268488192
1299020585788469255
1299020597817532416
1299020603412721664
1299020607124672512
1299020607175057409
1299020613206413313
1299020622773784577
1299020627467268096
1299020627593048064
1299020634433794049
1299020639462883330
1299020648040345604
1299020657645228037
1299020671314350080
1299020686627749888
1299020687324184577
1299020732110782465
1299020750058291200
1299020754118299649
1299020762557358081
1299020762825789442
1299020767447912449
1299020774699929604
1299020783381917696
1299020836255363078
1299020841229979648
1299020849245192192
1299020853095661570
1299020854240653312
1299020871789613057
1299020875006648320
1299020875770060800
1299020875866558464
1299020882942332934
1299020883877670912
1299020904475762689
1299020924872663040
1299020925124268032
1299020926114074625
1299020933487898630
1299020942925062144
1299020943575130113
1299020950902583297
1299020953779941380
1299020960339722243
1299020991717183488
1299021067281985536
1299021088660189189
1299021103004659713
1299021110600781825
1299021111104077824
1299021113335468038
1299021114979414016
1299021118611824640
1299021131341594625
1299021131706400769
1299021138979364864
1299021142649438209
1299021148273946624
1299021155274076160
1299021159460204544
1299021164476534784
1299021167613947904
1299021186962251779
1299021205618319360
1299021210714542082
1299021223070851072
1299021224346112007
1299021227143712768
1299021234945093632
1299021239609167877
1299021247301517319
1299021249813688322
1299021253777534976
1299021257179004929
1299021265739669504
1299021265710329856
1299021266360438785
1299021278473486337
1299021278670737411
1299021318747066368
1299021320097869824
1299021323281281030
1299021343900475393
1299021344894521344
1299021352465293313
1299021353450909697
1299021356919652352
1299021361030090752
1299021365195018240
1299021365752799232
1299021377308102658
1299021378130186240
1299021390373425155
1299021394475442177
1299021395209396230
1299021395763044352
1299021402700382208
1299021402872442881
1299021412255117314
1299021423479058433
1299021424401829888
1299021424431161344
1299021427706941441
1299021427744690176
1299021428314869762
1299021432538763268
1299021466340667395
1299021496048910336
1299021507633405952
1299021532862111745
1299021533512445952
1299021538684010502
1299021545680011264
1299021547496185858
1299021554689302528
1299021555268227074
1299021560368558080
1299021597794349056
1299021601128603649
1299021602089136130
1299021625698983937
1299021626407882758
1299021655637929989
1299021655495204864
1299021678329069572
1299021684943577090
1299021688525422592
1299021696926732291
1299021698453450753
1299021734809669632
1299021747958804480
1299021756343164930
1299021769022504963
1299021772680028165
1299021784432488449
1299021801125801984
1299021807585046528
1299021823791652866
1299021840732438528
1299021844222279682
1299021861863358464
1299021873204744192
1299021887411019781
1299021893283053573
1299021898454577153
1299021903441670145
1299021914254520320
1299021927223357441
1299021939487444992
1299021939760148483
1299021943841026049
1299021945518751746
1299021970986557440
1299021977898889217
1299021986367143936
1299021996613918721
1299021999315005441
1299022019560800258
1299022024073973762
1299022028339642372
1299022032101715969
1299022033200717825
1299022040058523648
1299022040607756289
1299022049566916608
1299022052737810432
1299022058807078913
1299022074048942081
1299022087336742913
1299022089790332929
1299022105544134656
1299022108190806020
1299022117892165633
1299022121536954370
1299022124011708416
1299022129468280839
1299022150150402048
1299022170484600832
1299022171575001088
1299022187198926849
1299022192571748352
1299022200654069760
1299022208086417408
1299022225782108166
1299022237110947841
1299022238692388865
1299022260045574144
1299022276902481921
1299022276944424961
1299022309961990147
1299022310104539136
1299022329922519041
1299022330014957574
1299022356598456322
1299022363518885888
1299022373102919681
1299022418896392192
1299022422067290112
1299022424151740416
1299022426068656128
1299022442783014913
1299022448176664576
1299022456427085824
1299022468594757632
1299022474009382912
1299022486332272640
1299022486059679746
1299022502149095429
1299022528585838593
1299022574517551105
1299022581836787712
1299022586232283136
1299022589898047489
1299022603420459009
1299022619145129986
1299022620264927232
1299022623347638272
1299022649784512513
1299022658990993408
1299022665093656577
1299022665357750273
1299022669447401473
1299022682730696706
1299022691186495489
1299022700904615939
1299022723759378433
1299022733737689089
1299022734102614018
1299022737038430209
1299022758983036928
1299022759192739841
1299022790935404547
1299022791367426051
1299022795523981316
1299022796970962945
1299022800754298881
1299022801572167684
1299022805955215362
1299022816109645824
1299022820396150784
1299022825760710656
1299022837580066816
1299022860011417601
1299022863123591176
1299022866416119809
1299022891539992576
1299022892668198913
1299022901849415681
1299022922095288326
1299022955574251522
1299022959621935106
1299022992526266370
1299022998230298624
1299023010289123335
1299023023173844992
1299023025996783616
1299023033944793088
1299023053079408640
1299023056346595328
1299023064827600896
1299023067503423489
1299023069529292807
1299023073618915328
1299023073836859394
1299023076529762311
1299023078698016768
1299023097069293569
1299023101242626049
1299023102878396416
1299023110499373057
1299023127192768513
1299023151691706369
1299023153113464838
1299023164597506049
1299023165373509636
1299023178107252737
1299023182716735494
1299023191357239299
1299023193739595778
1299023198902726656
1299023199695327232
1299023208117448704
1299023212332937216
1299023215839379457
1299023216300691459
1299023216950870016
1299023219240972296
1299023236659806209
1299023241261056000
1299023243823722496
1299023244775903234
1299023249137860608
1299023249825771526
1299023257270718466
1299023258336063488
1299023291865280513
1299023304557199360
1299023311343628288
1299023315206639616
1299023317760843776
1299023329584652291
1299023336723419136
1299023341915967488
1299023345451638790
1299023349201473536
1299023358550474759
1299023369971458048
1299023373822054400
1299023383615635457
1299023396450324480
1299023399298019328
1299023409389633537
1299023411927306240
1299023412011073536
1299023417077837824
1299023420273893378
1299023424862531590
1299023436543660034
1299023443321470976
1299023453597634566
1299023457699737600
1299023468487479297
1299023483259691009
1299023493019979776
1299023509117640704
1299023509377544192
1299023525148323845
1299023531141812224
1299023531787849729
1299023546996232192
1299023550062313473
1299023554839801856
1299023554999136256
1299023555104043010
1299023559076065280
1299023567355621376
1299023584082395138
1299023601035870210
1299023606475874310
1299023625757036546
1299023626738569221
1299023634594439168
1299023638893559809
1299023647093321728
1299023651442958337
1299023667960176640
1299023668098588672
1299023673014116352
1299023697072680960
1299023697811066880
1299023711773786114
1299023713707470848
1299023715812876289
1299023719013048320
1299023740051824640
1299023741087776771
1299023743021461510
1299023752206876672
1299023755457462274
1299023764148101120
1299023769516863489
1299023782229807104
1299023786033983499
1299023789351669761
1299023789930483712
1299023793327935488
1299023795575906304
1299023808335163392
1299023814798573568
1299023825699573762
1299023829495238656
1299023833064542208
1299023844670418946
1299023857983131648
1299023878644170752
1299023887653470208
1299023895127826432
1299023897359028229
1299023898986582018
1299023903101255682
1299023907492683776
1299023919148605442
1299023919895080960
1299023932163579904
1299023940984221698
1299023944549187584
1299023953046966272
1299023986966376448
1299023998760624130
1299023998962065409
1299024011465285639
1299024041118924806
1299024045271212032
1299024058764451841
1299024070927884288
1299024076594458631
1299024101021892608
1299024102175449089
1299024112271097856
1299024113143607296
1299024122698248192
1299024146467258369
1299024164347621382
1299024168499974147
1299024177479860224
1299024184807432192
1299024193720385538
1299024201177657344
1299024202356449280
1299024213429248005
1299024218148032512
1299024223390883840
1299024222791098369
1299024226104442880
1299024230898708480
1299024234547752960
1299024239152906240
1299024244781662208
1299024255255040000
1299024263534571521
1299024286221365249
1299024288289300480
1299024290235334658
1299024293674627072
1299024294744174593
1299024313253855233
1299024314667274247
1299024322401406976
1299024326461620224
1299024331331301384
1299024345239392257
1299024347315572746
1299024353015853061
1299024368916455424
1299024390538100736
1299024395185336320
1299024398096175111
1299024422934917125
1299024426701336578
1299024428169342976
1299024438248329216
1299024444455870464
1299024447471419392
1299024457567174656
1299024460142350337
1299024465851023363
1299024467033759746
1299024471320399872
1299024474436767745
1299024477624426498
1299024478828032002
1299024482036789248
1299024483764719617
1299024489758552069
1299024490211532800
1299024520058220545
1299024541499494401
1299024546230685699
1299024552970858496
1299024559207665664
1299024561468514304
1299024562009575425
1299024566006804483
1299024581890641921
1299024582721011712
1299024586613424129
1299024591973683202
1299024596260265984
1299024604372119553
1299024611590303745
1299024617437188096
1299024624144068608
1299024632809431047
1299024636429111296
1299024637448392705
1299024647296397312
1299024661670514694
1299024663423512577
1299024700832649217
1299024704477360128
1299024712840835074
1299024718008328196
1299024721477087233
1299024730620456961
1299024737251753984
1299024739080507393
1299024745577340930
1299024749520134144
1299024753798320133
1299024755845029889
1299024757975736320
1299024766523723776
1299024772525887488
1299024774987780096
1299024793702821888
1299024802082983937
1299024805136437248
1299024816880705537
1299024821150392320
1299024834404458497
1299024836304547840
1299024848509779969
1299024850686742530
1299024851575939072
1299024886208241664
1299024890083913728
1299024896262131713
1299024906718515201
1299024923290083328
1299024924368134144
1299024936066056192
1299024942596534278
1299024943951360001
1299024947667496961
1299024955271778304
1299024962213289986
1299024972116111362
1299024972392869890
1299024973986762752
1299024989388120064
1299024990692667401
1299025003309133826
1299025011508830208
1299025020061208576
1299025031565938688
1299025032040062983
1299025048238465025
1299025053124882432
1299025053506564096
1299025056396345344
1299025057109471232
1299025061181972481
1299025073353842688
1299025090579849217
1299025098817536000
1299025103133396993
1299025103779315714
1299025108355305477
1299025131889668102
1299025132124401664
1299025135790366720
1299025157093294082
1299025157890203651
1299025165880360961
1299025178605875201
1299025182741401600
1299025189779324928
1299025203054313474
1299025217826828288
1299025224416071681
1299025226152505344
1299025236709576704
1299025240463257600
1299025249225175041
1299025263326621698
1299025282821578753
1299025283945619456
1299025291852025857
1299025312307728384
1299025318368260097
1299025321522593794
1299025329135079425
1299025337058299904
1299025338450743296
1299025346533232643
1299025354380570624
1299025360038891521
1299025368649736195
1299025392209203200
1299025396877242369
1299025400048136193
1299025417039425536
1299025420831031297
1299025422835789825
1299025446206611456
1299025454410719238
1299025463445094400
1299025467601833984
1299025473268264960
1299025492490752005
1299025492637446145
1299025502024413185
1299025510706614272
1299025513923649536
1299025529857695745
1299025542407008256
1299025551475314688
1299025555707367425
1299025563433172992
1299025568940339200
1299025573512015872
1299025582160830464
1299025623109767170
1299025636233748486
1299025643028402181
1299025664419430402
1299025674192252928
1299025676452810753
1299025678004662273
1299025689363075072
1299025697697079296
1299025719419375617
1299025723470966784
1299025724796538881
1299025727971524609
1299025736662212608
1299025740269342723
1299025757029752839
1299025779351842816
1299025780253642752
1299025782942167041
1299025786566045696
1299025787627028480
1299025788289810434
1299025790512881665
1299025803896909825
1299025809013956608
1299025811585085441
1299025812436418561
1299025820225335298
1299025821596819456
1299025828559421440
1299025829456801792
1299025871135703040
1299025871672455168
1299025881956888576
1299025890412658688
1299025899522752512
1299025916014792706
1299025925653368838
1299025928534753280
1299025933425405960
1299025936961150976
1299025937057619980
1299025941516242945
1299025946570158082
1299025957639028737
1299025969697771520
1299025984780267520
1299025999556796418
1299026008855592960
1299026016321634307
1299026034449317888
1299026041445527562
1299026056234467331
1299026058684047365
1299026071019491333
1299026075062865921
1299026077726064646
1299026083547938816
1299026096944328705
1299026096935985153
1299026105010204672
1299026109976268806
1299026126006898689
1299026127613296641
1299026127596519425
1299026164195835904
1299026172823494658
1299026183770615808
1299026196903211010
1299026197951787008
1299026206147346432
1299026206872834048
1299026221943136256
1299026222198992896
1299026223037927424
1299026230881157131
1299026234798673920
1299026240381349888
1299026242998620162
1299026251634610177
1299026272639582209
1299026281435025408
1299026284949803009
1299026298854047745
1299026314330910720
1299026320387502081
1299026332786008064
1299026335784992768
1299026336674086918
1299026340046307328
1299026345050222592
1299026347801616385
1299026365291757568
1299026370027311106
1299026370828406785
1299026382241042435
1299026399093809152
1299026407843147776
1299026411852718081
1299026433130532865
1299026448603205633
1299026457386053633
1299026462306000896
1299026466110427136
1299026475308417024
1299026482795122688
1299026486293401600
1299026486863822849
1299026495440973824
1299026496351121409
1299026496670101510
1299026515598876672
1299026533911322624
1299026536838893568
1299026545080762371
1299026545659523078
1299026546104164353
1299026549212151809
1299026554098393090
1299026555159617539
1299026566803062784
1299026567503503361
1299026570108178434
1299026574721908739
1299026603364802560
1299026612302864384
1299026612386660352
1299026612990742528
1299026620808921088
1299026626500530183
1299026633064689666
1299026637657387008
1299026667453775872
1299026671908147200
1299026671769489409
1299026676257521666
1299026697052925952
1299026700488114178
1299026700681052160
1299026705240137728
1299026712991346690
1299026713482059776
1299026718032662533
1299026725393723394
1299026726035611651
1299026743538282497
1299026785485688838
1299026792255234049
1299026801969303556
1299026805177765889
1299026842557521921
1299026852405800962
1299026856562135040
1299026856780484609
1299026865278070785
1299026872421015553
1299026886526468096
1299026906755616768
1299026918411386883
1299026918977597442
1299026924321124353
1299026932282068994
1299026982672490497
1299026988435410947
1299026993967759361
1299026995301552128
1299026995402043392
1299026998715543553
1299027011101487105
1299027023701184515
1299027070018891776
1299027070685773825
1299027086485729281
1299027087244718082
1299027087257415689
1299027091363569665
1299027109042683905
1299027112872075264
1299027116172836864
1299027116764397568
1299027120144781314
1299027127757443072
1299027134313140224
1299027137895243777
1299027141095456768
1299027142391541761
1299027157293969408
1299027161530200064
1299027162973048832
1299027183827116033
1299027190865186821
1299027191553028096
1299027220325953536
1299027220980146181
1299027221085028357
1299027229389631489
1299027241725300737
1299027245311250438
1299027250483007494
1299027255713095680
1299027270510751745
1299027271240552448
1299027280451244032
1299027296389599233
1299027300164554757
1299027308565729281
1299027309131857920
1299027317235290123
1299027317709303808
1299027321920331776
1299027341683941376
1299027342514323456
1299027351876046856
1299027361015435264
1299027364366688257
1299027366857998336
1299027373090910209
1299027384188825601
1299027384511987712
1299027392925597696
1299027401310007298
1299027422420049922
1299027444456984578
1299027446579310598
1299027447984402432
1299027457207541760
1299027457320902658
1299027464086335489
1299027464396476416
1299027477101260800
1299027480314077184
1299027497607143429
1299027522932310017
1299027530402283520
1299027531815944193
1299027545745227777
1299027548173668362
1299027548429484043
1299027552896462848
1299027557426376705
1299027560286879744
1299027570491457538
1299027573893206016
1299027578288734208
1299027578292903936
1299027578704068609
1299027585016516608
1299027603182018560
1299027607137259521
1299027612145254400
1299027619229433858
1299027620084891649
1299027652381048833
1299027656592232452
1299027658336956418
1299027661046587393
1299027669590319104
1299027677618171906
1299027685595918337
1299027686279372801
1299027691270631424
1299027695112720384
1299027700368187398
1299027707133595649
1299027740151046144
1299027750574075904
1299027753929449476
1299027758505492481
1299027775915991040
1299027780932431874
1299027782132019201
1299027783910219776
1299027787425165312
1299027787551068162
1299027791904727046
1299027796879015936
1299027799051771904
1299027799601278976
1299027804701356037
1299027812842700802
1299027813769637891
1299027828898291712
1299027841657581571
1299027849375109120
1299027850289467392
1299027850427801600
1299027863040135173
1299027870648598530
1299027875350233088
1299027897001193473
1299027901707423755
1299027902164500482
1299027921412259840
1299027922016034817
1299027922372755461
1299027925136629760
1299027929280716801
1299027943281303552
1299027954798718981
1299027971127287812
1299027976789450753
1299027995802218496
1299028010893373440
1299028012713865216
1299028019265372161
1299028031126863873
1299028054677823490
1299028056334626819
1299028060365152257
1299028067252240386
1299028079814139904
1299028102560047112
1299028102748581888
1299028106036953088
1299028109321269248
1299028118355603456
1299028121904123910
1299028127507775489
1299028132536737792
1299028140786888710
1299028148529627143
1299028155861217280
1299028156066791426
1299028159770144771
1299028172953059331
1299028173099855872
1299028178380288000
1299028178556448768
1299028180855119877
1299028186597068800
1299028186580135936
1299028193194782720
1299028220336058369
1299028231182528517
1299028235297030145
1299028239671648259
1299028240061751300
1299028248878174208
1299028256411312128
1299028269564600322
1299028286446731267
1299028321267679232
1299028325273415680
1299028332235939840
1299028332667797505
1299028337634013185
1299028353429594113
1299028367040065537
1299028370584412161
1299028370827735041
1299028374850088966
1299028379170033664
1299028381804064769
1299028383213346816
1299028390633263114
1299028396144357376
1299028398686310403
1299028404851757057
1299028407485976576
1299028416344158208
1299028424149745664
1299028424837787648
1299028425164771328
1299028429204054016
1299028429417918464
1299028436573401094
1299028451001856000
1299028454017396737
1299028457813409796
1299028521600323589
1299028525584973824
1299028529380765698
1299028542986924032
1299028554450186246
1299028555582537729
1299028559437139969
1299028564235476995
1299028570728103936
1299028600289521664
1299028609462661120
1299028612935323648
1299028617482051584
1299028630006378496
1299028640324292618
1299028642308206592
1299028659907497989
1299028681344643073
1299028711811891200
1299028731227508736
1299028739037122561
1299028747820118021
1299028750936477698
1299028752857305088
1299028756460257280
1299028759601983488
1299028760063291393
1299028773225082885
1299028774013374464
1299028784868257795
1299028797774274561
1299028810067668992
1299028831609724929
1299028835518816256
1299028861074771968
1299028866711711744
