1299210087446310914
1299210087660052480
1299210092399665152
1299210097390804993
1299210105611644929
1299210129703804928
1299210135307345921
1299210139463946240
1299210143326900224
1299210147634520069
1299210147676315648
1299210159374438401
1299210181415403520
1299210181419569153
1299210184716414976
1299210192505024514
1299210192609882112
1299210207461928960
1299210207625539584
1299210214944706563
1299210235840811008
1299210255428202498
1299210256841543686
1299210259777511424
1299210265787953152
1299210268472299520
1299210278211473408
1299210285958328320
1299210286692528133
1299210288915308545
1299210298688040961
1299210314831994880
1299210319613620230
1299210323052785664
1299210323711258624
1299210332225892352
1299210336029949952
1299210336403218434
1299210345878355968
1299210348881301506
1299210349300736005
1299210352601829377
1299210357823737857
1299210365771763713
1299210377662619648
1299210377650036736
1299210387825410049
1299210389931003906
1299210396797206528
1299210412043333632
1299210416564834305
1299210423795879938
1299210424278163457
1299210427851845632
1299210428451618816
1299210442246627329
1299210452984049664
1299210483103277057
1299210487746318338
1299210508017364993
1299210510986928130
1299210515617439744
1299210525369421824
1299210528770854920
1299210529353863169
1299210533351182337
1299210559645126656
1299210578750255104
1299210586559930369
1299210587256180736
1299210588564779008
1299210595816751104
1299210600459894784
1299210604260069376
1299210612908740615
1299210617803485186
1299210617790889984
1299210622140211202
1299210637596295169
1299210668231491584
1299210671142219776
1299210679996411904
1299210691790827522
1299210701752266753
1299210704487096320
1299210704721973248
1299210704906416128
1299210713555021824
1299210751475937281
1299210754801967105
1299210754965385216
1299210764650033153
1299210771432239104
1299210776125665282
1299210784430370818
1299210792374476801
1299210796946214912
1299210801249767426
1299210802092679169
1299210804550488065
1299210808958816256
1299210818337280000
1299210822615359490
1299210823018127360
1299210852151619584
1299210856396238848
1299210880735797248
1299210886586839040
1299210888575025153
1299210901162205185
1299210905985540096
1299210906115518465
1299210907071819778
1299210915875872769
1299210918111277057
1299210920338448385
1299210927716220934
1299210936348155905
1299210952219357185
1299210952286461953
1299210957206556673
1299210970342907911
1299210986147254277
1299211007068311552
1299211008494297089
1299211018959286272
1299211023589740544
1299211031554662400
1299211031860752385
1299211048998838272
1299211049183268865
1299211068888104960
1299211073719951360
1299211074424598530
1299211081576050688
1299211091839344640
1299211112840228864
1299211123783159814
1299211125431492609
1299211131915964416
1299211133233123329
1299211141047095296
1299211142695325700
1299211145811689472
1299211154183434240
1299211165864615936
1299211188534833152
1299211192225984512
1299211207682011138
1299211208860475395
1299211211876302848
1299211212442533888
1299211228602982406
1299211241857007616
1299211253907255298
1299211255304122368
1299211270206287874
1299211282847920128
1299211284697640960
1299211317899911171
1299211330998722561
1299211346937032704
1299211350984413184
1299211367300214786
1299211368487419908
1299211376381104129
1299211388150255616
1299211405380349952
1299211421868154882
1299211422824411136
1299211430521180160
1299211433834504192
1299211439366909952
1299211464926994432
1299211472816357376
1299211477363163136
1299211480525496320
1299211490394660864
1299211506857455618
1299211518718873606
1299211526859943936
1299211540680396800
1299211547521105921
1299211547651186688
1299211572842094592
1299211573387436032
1299211573999796224
1299211582040276992
1299211586251358208
1299211598729535489
1299211607231410177
1299211611240951808
1299211611840765952
1299211615745847296
1299211619197571073
1299211620355194882
1299211654765465600
1299211661971054593
1299211673006297088
1299211677179682816
1299211681864671233
1299211689989087232
1299211695198330880
1299211700290215936
1299211704908251139
1299211707915534336
1299211707915612160
1299211714974502912
1299211754069585920
1299211761334140928
1299211773690740737
1299211778824564738
1299211804795523074
1299211808587296779
1299211811279994880
1299211816384434176
1299211825100152838
1299211828241686528
1299211840707330048
1299211849431265280
1299211854204612608
1299211854229598208
1299211865818447872
1299211865386553344
1299211875134001152
1299211878757855232
1299211878694936582
1299211887532544000
1299211895778480130
1299211901096718336
1299211912442384384
1299211914128625664
1299211924857524224
1299211924928827392
1299211925952241665
1299211930830123011
1299211932742942720
1299211937264222208
1299211976791343105
1299211996060151808
1299211999809806336
1299212023289446400
1299212023335542785
1299212030986121221
1299212043224887298
1299212055317082117
1299212069128957952
1299212084778016769
1299212086111731713
1299212098887495682
1299212105220931586
1299212118542163968
1299212121884950528
1299212127463526401
1299212148950724610
1299212151723233281
1299212164809416704
1299212169779716096
1299212173063970818
1299212177602220032
1299212201538932736
1299212202256281601
1299212202759655424
1299212227115773952
1299212228596391936
1299212245524770817
1299212253971922945
1299212265770504194
1299212266194178049
1299212273739681795
1299212279058030594
1299212281545453568
1299212286997925889
1299212311761051648
1299212319759556608
1299212333005197312
1299212341624451072
1299212346573815808
1299212369298509824
1299212394653122561
1299212420200587264
1299212424738820097
1299212429029588992
1299212432225656832
1299212442505891841
1299212448914747393
1299212455143374848
1299212474860756993
1299212479164162048
1299212496633573376
1299212499565207553
1299212499758149632
1299212503965208577
1299212512471121920
1299212513280692224
1299212516954787840
1299212520574480384
1299212533841063936
1299212534369497088
1299212541713936384
1299212546042294272
1299212551234953217
1299212554284089345
1299212572214910976
1299212584751489025
1299212588677382144
1299212592653758464
1299212604519317504
1299212608495640579
1299212622332477440
1299212626031976448
1299212633455947778
1299212700606636032
1299212702091411457
1299212730700902400
1299212743145218049
1299212743153598469
1299212743854170113
1299212748421648385
1299212751517167616
1299212756890128384
1299212763617734658
1299212765710741505
1299212767673479169
1299212776590594049
1299212780659027968
1299212785537003520
1299212785868390400
1299212809738231813
1299212809914458113
1299212815845130245
1299212817950629889
1299212819238248448
1299212823130591232
1299212826502934529
1299212829120065536
1299212831691169792
1299212878109704192
1299212882010398723
1299212882110939136
1299212886380699648
1299212889954250758
1299212923802456064
1299212936913645568
1299212945264574464
1299212965321863169
1299212970648502272
1299212987291504640
1299212991284547585
1299212992660242434
1299213000683839488
1299213007889801216
1299213009080840192
1299213015980494848
1299213015615594496
1299213016446107648
1299213020720062465
1299213021257117697
1299213021768642560
1299213024092282880
1299213033542094850
1299213036654178304
1299213046003294210
1299213050814189568
1299213063288102915
1299213084465090566
1299213090903306248
1299213113636470784
1299213125858754561
1299213133563613184
1299213138689060864
1299213142032035840
1299213143017746432
1299213151251189760
1299213157781495808
1299213159589466113
1299213162118430722
1299213162747695104
1299213167701049344
1299213176496484353
1299213180644634624
1299213193164845057
1299213199636561920
1299213208796889088
1299213217558745088
1299213222860304384
1299213229990739968
1299213234914775043
1299213254561091584
1299213277268852737
1299213280922071040
1299213301889617920
1299213356507656192
1299213356776058881
1299213378347511808
1299213381660884994
1299213394214490114
1299213396806709248
1299213398073176067
1299213417862107137
1299213419178909697
1299213422102413312
1299213422869884928
1299213426720272391
1299213432848347136
1299213440309956609
1299213451265339393
1299213453035413505
1299213455770017793
1299213473277190144
1299213477051920385
1299213477437796355
1299213490834608129
1299213505858433024
1299213573244162054
1299213573462216704
1299213579434913792
1299213583956369409
1299213586506506241
1299213587064315904
1299213589870383107
1299213594387644417
1299213598250725377
1299213602398765056
1299213607805181952
1299213617506775041
1299213628059480064
1299213628688662529
1299213633470124037
1299213640084590592
1299213640302641152
1299213650599714816
1299213654055743489
1299213654496165888
1299213658086547466
1299213663375699968
1299213669792772097
1299213670153478144
1299213683130654720
1299213686163124225
1299213688973524992
1299213707235467265
1299213716148289536
1299213729205108737
1299213729846849537
1299213746447945728
1299213759592853504
1299213762231062528
1299213771571781634
1299213776244355072
1299213783894650880
1299213788340563968
1299213789460443137
1299213796699811840
1299213804060975104
1299213816216002560
1299213816702488576
1299213817042341889
1299213846587023360
1299213862688952320
1299213864601448450
1299213884377542656
1299213897384316931
1299213901142175745
1299213926769373184
1299213927373365248
1299213947132735489
1299213956758691840
1299213972105818112
1299213977436581889
1299213989365252096
1299213997456068609
1299213997527293952
1299214001306435585
1299214019228626945
1299214019471998976
1299214028003180545
1299214068293595136
1299214076325720066
1299214076573224960
1299214106935857152
1299214111033749505
1299214139122880513
1299214139240230913
1299214139894579200
1299214172807262208
1299214183435706370
1299214187105783810
1299214189605527552
1299214206961463296
1299214208710537216
1299214211164168192
1299214215501107200
1299214218974187520
1299214227442335744
1299214248564858880
1299214270878552064
1299214279686590464
1299214296027521024
1299214304479031296
1299214311382867968
1299214325970739206
1299214328671817729
1299214329619701760
1299214333721837568
1299214341854523392
1299214349311991808
1299214349731540992
1299214370971373568
1299214374683529217
1299214375870328834
1299214386972614657
1299214387991904257
1299214395675947008
1299214399312244736
1299214408443334656
1299214420518731776
1299214432543809538
1299214441737723904
1299214442652143616
1299214447429513217
1299214454324776960
1299214489552785410
1299214491477897216
1299214512684318720
1299214534129844224
1299214555000844288
1299214555399110656
1299214564219731969
1299214572339916805
1299214576714563585
1299214588823498752
1299214592497692674
1299214613305675777
1299214643651461120
1299214652878938112
1299214664430125056
1299214673431220229
1299214676736258050
1299214681941446663
1299214693467185153
1299214701163810817
1299214707631349760
1299214710521376768
1299214719161688064
1299214719274766336
1299214744264400896
1299214756734099456
1299214773062598657
1299214781606363137
1299214791672606721
1299214800388407302
1299214806897971201
1299214808110243841
1299214819397165056
1299214858353770497
1299214866356502529
1299214878423482368
1299214891505471490
1299214900741517312
1299214907674689536
1299214910954459136
1299214919586308097
1299214948942229504
1299214948707385344
1299214962955620352
1299214970874294273
1299214986841960450
1299214993578049536
1299215001161404416
1299215011844292609
1299215024825589766
1299215030089637889
1299215033361080320
1299215050947715072
1299215068446433280
1299215076239355904
1299215081733894144
1299215085760544775
1299215117243080704
1299215117373112320
1299215125870567424
1299215135278600192
1299215140047339521
1299215164860895233
1299215179792572416
1299215181088653313
1299215194179207169
1299215196636868608
1299215198293651456
1299215200910888961
1299215209655984128
1299215225447575553
1299215259589246978
1299215282037116928
1299215282238488576
1299215290530586624
1299215310025785346
1299215315008548864
1299215322474373120
1299215326605750273
1299215331278413824
1299215348881711105
1299215355991281664
1299215365000495104
1299215370226511872
1299215380972408832
1299215389071736832
1299215423121108993
1299215423917961216
1299215424236601345
1299215445577412608
1299215448915886080
1299215473956057090
1299215474505457666
1299215491169386502
1299215492255801345
1299215495766315008
1299215508269445120
1299215527483772929
1299215533624221696
1299215555010809856
1299215558953459714
1299215565551140864
1299215566188630017
1299215578436112385
1299215580096950273
1299215580382130181
1299215582655520770
1299215590435909632
1299215598958776320
1299215605422317568
1299215607880011779
1299215616457416704
1299215629757546496
1299215643602894850
1299215657746051072
1299215658295726080
1299215666319298560
1299215675123216384
1299215681167130624
1299215717548486658
1299215729112252418
1299215747198062595
1299215748221603841
1299215771357392897
1299215776927215617
1299215781037654017
1299215801262596100
1299215802889981953
1299215827565121536
1299215830320730114
1299215836867997697
1299215838717726720
1299215842509492226
1299215846666108928
1299215855524261890
1299215859186118656
1299215864294588416
1299215874151378944
1299215886079778816
1299215900810211329
1299215901418352640
1299215901607198720
1299215901812637698
1299215903079370753
1299215913355485185
1299215913397284864
1299215931881725954
1299215939313958912
1299215943961247749
1299215965562040320
1299215994754396161
1299215999460278272
1299216005814611968
1299216019714535424
1299216048386838529
1299216049007550464
1299216076954312705
1299216077268934656
1299216079139430401
1299216082062909440
1299216098638913537
1299216106629062657
1299216111020326914
1299216111771070464
1299216119878705153
1299216127483088896
1299216142129528832
1299216145749164033
1299216149469491203
1299216154444083200
1299216165475028993
1299216186664800258
1299216199398629377
1299216203253121025
1299216203748003840
1299216213508157440
1299216220756021249
1299216225839525888
1299216237679927297
1299216238753624065
1299216241639424000
1299216253882494976
1299216267711328256
1299216274938040322
1299216284463165440
1299216284660293632
1299216299420131328
1299216309075361795
1299216311847849985
1299216313223729154
1299216317858435073
1299216320983171072
1299216321641459714
1299216325680590851
1299216333691813889
1299216338213240832
1299216341606576129
1299216342835490817
1299216352209559553
1299216372090642432
1299216379321569280
1299216384346398721
1299216384442859520
1299216388154773505
1299216404881661952
1299216406437715968
1299216410350989313
1299216417057726467
1299216421092839424
1299216426171990016
1299216427040137221
1299216433491058691
1299216435449913344
1299216442802556929
1299216454542331905
1299216476159832065
1299216489338208262
1299216501224792064
1299216507352702976
1299216515162607617
1299216527695081473
1299216542496940033
1299216543276957696
1299216543927005186
1299216545013469184
1299216557554368512
1299216576260919297
1299216577561149441
1299216577968046080
1299216578202857477
1299216578660036608
1299216578563596289
1299216586012844032
1299216598729981952
1299216626361839616
1299216630610898944
1299216636298158081
1299216636898021376
1299216660885192704
1299216666090303488
1299216668569210880
1299216719810969601
1299216728375820290
1299216743965970434
1299216745702580224
1299216749204627458
1299216762836320256
1299216765944238082
1299216774873755649
1299216794201227264
1299216794452803584
1299216794893168641
1299216799590801408
1299216828602802182
1299216841668087808
1299216844927139840
1299216845145210880
1299216845711392768
1299216850648215552
1299216858223128577
1299216871456210945
1299216892003905536
1299216896777048065
1299216897028755456
1299216909011808256
1299216909099921408
1299216917178257408
1299216922454536192
1299216929417121792
1299216937814126593
1299216941706407936
1299216948522356738
1299216959557386240
1299216959838605312
1299216971444162560
1299216987365801984
1299216987810181121
1299216993812246528
1299216997834776576
1299217000896425992
1299217009654210563
1299217017258434561
1299217020874035205
1299217035247759361
1299217039060598784
1299217051873992704
1299217069553008646
1299217077983567872
1299217081657782272
1299217093510922240
1299217098917330955
1299217110648774656
1299217110996905984
1299217118873841665
1299217125492404225
1299217147420344320
1299217148179513344
1299217152600412161
1299217157042188288
1299217164142960640
1299217171864670208
1299217201509969920
1299217206492966917
1299217211479879680
1299217218857660417
1299217222804541441
1299217247823519745
1299217252814712833
1299217255486558208
1299217273614266368
1299217277120778240
1299217277074550784
1299217286109122562
1299217287111532544
1299217290160898048
1299217294581616641
1299217303553351689
1299217307080650753
1299217307802107905
1299217327066509313
1299217335467814923
1299217346167480322
1299217348436525057
1299217361195601921
1299217394037141504
1299217398298546176
1299217402626940930
1299217410835193856
1299217413028937728
1299217416258347008
1299217427629182978
1299217436357488640
1299217440308486144
1299217445480091648
1299217446709211140
1299217449082970112
1299217454275592192
1299217457832316929
1299217459338252293
1299217459816181760
1299217474697572352
1299217475725266946
1299217479558782977
1299217483321102336
1299217517605318656
1299217518033342464
1299217530066628609
1299217535489900544
1299217551692566528
1299217557824499713
1299217574803116032
1299217578674606081
1299217580272439297
1299217596475043840
1299217599805308928
1299217601906659329
1299217613529079808
1299217636660658178
1299217638938173440
1299217644873281536
1299217650749337600
1299217668449464320
1299217671917953029
1299217672991698946
1299217691924811777
1299217701030645761
1299217708190511105
1299217710421667840
1299217713944866817
1299217721104543744
1299217731288358914
1299217750620090370
1299217752184500224
1299217755153997825
1299217764868005889
1299217767539773440
1299217768454279168
1299217781657919489
1299217781800361984
1299217788335079429
1299217801807233024
1299217805930233856
1299217810095312896
1299217828118065153
1299217832249405441
1299217840600309760
1299217843708338176
1299217845067247616
1299217847231549440
1299217878441312256
1299217881540866048
1299217901476483073
1299217916664016896
1299217920040398850
1299217927300952064
1299217927627972608
1299217928382889984
1299217931927252997
1299217940256968704
1299217950138798081
1299217954031230976
1299217957214715905
1299217986381733888
1299217987115810816
1299218004635344897
1299218012122222595
1299218014575955968
1299218032699609088
1299218048247672833
1299218049350987776
1299218058620305409
1299218066836873216
1299218069999452161
1299218070917971973
1299218082309775360
1299218086197829634
1299218100420780033
1299218109446983680
1299218116929564674
1299218117109968896
1299218123862679552
1299218138140037121
1299218160118194181
1299218161485611008
1299218175633096704
1299218182490611712
1299218186647138305
1299218195933519873
1299218224676966401
1299218225519968258
1299218226514145281
1299218226665205760
1299218234126798851
1299218247548432391
1299218254016270336
1299218254523543552
1299218255584702466
1299218275151347712
1299218284709961728
1299218291781664769
1299218297242689536
1299218306306629633
1299218318457479169
1299218326795644928
1299218339194007553
1299218351890161664
1299218356965265410
1299218365643288576
1299218368952664064
1299218384630972417
1299218388984582144
1299218411109535744
1299218415761190913
1299218424296607747
1299218426498396162
1299218440499068928
1299218448354926592
1299218456273997825
1299218467753611265
1299218469670367234
1299218472606601216
1299218472711282690
1299218478746996738
1299218485726162944
1299218489018703873
1299218502352605187
1299218507222020096
1299218510866915330
1299218511760429056
1299218516009132032
1299218519825854464
1299218522954895360
1299218549853097985
1299218552612777986
1299218564398931969
1299218565594112000
1299218590294564871
1299218598167158785
1299218600020992000
1299218602659381248
1299218603124817921
1299218608170569730
1299218608191545344
1299218608447541250
1299218610448031745
1299218616273924096
1299218627569176577
1299218645810200576
1299218648083697664
1299218653192151041
1299218670942523392
1299218673660342272
1299218691783979010
1299218701015609344
1299218712671649792
1299218712776658946
1299218719894315008
1299218721974620160
1299218723841081344
1299218723874566144
1299218740924432387
1299218744749600768
1299218754178396160
1299218769647144965
1299218770200858625
1299218776345309184
1299218784327069696
1299218792589869056
1299218797178638341
1299218797497167878
1299218809077731329
1299218818552610817
1299218820406493184
1299218820884623363
1299218824453971968
1299218834541277185
1299218841554153473
1299218842476883969
1299218843072491520
1299218845752791040
1299218871119835137
1299218871308574721
1299218884826984449
1299218905601253377
1299218906268147713
1299218913344065538
1299218913276780547
1299218917198618624
1299218926732156928
1299218934831423488
1299218942507069441
1299218945837166599
1299218945812041730
1299218959456067584
1299218980872224769
1299218999239090176
1299219025755480064
1299219039558926337
1299219044940353536
1299219051621888000
1299219056348803076
1299219066251550727
1299219072912183298
1299219073167798272
1299219076099616769
1299219096840486913
1299219098912522240
1299219102485983233
1299219102851051520
1299219106088906752
1299219127547039746
1299219130684375041
1299219144370302977
1299219162737397762
1299219168995225600
1299219169607479296
1299219178138730496
1299219186091282432
1299219225303752704
1299219228281634819
1299219233579118592
1299219248724586496
1299219253682290688
1299219258736406529
1299219269796806661
1299219270711144449
1299219273471143936
1299219295285776384
1299219306547302400
1299219307172212741
1299219308338245632
1299219363715665920
1299219374671355904
1299219378072817664
1299219382095151105
1299219386297987077
1299219387203821574
1299219391758979073
1299219395344957442
1299219400348893185
1299219417172246528
1299219417201479681
1299219424604422144
1299219434553319424
1299219446964256768
1299219454820143104
1299219460470067200
1299219467365355520
1299219475632451585
1299219476336930818
1299219495681028096
1299219503671173122
1299219516749000706
1299219521299976192
1299219522562396160
1299219534289616897
1299219576123568128
1299219579420291072
1299219618406395904
1299219642800635904
1299219646739030016
1299219668855595008
1299219671879647238
1299219676468097024
1299219703051804672
1299219712178638848
1299219714309152769
1299219724639715328
1299219730583224320
1299219734638944261
1299219738762137600
1299219760341753857
1299219761356664832
1299219773293621248
1299219773935542272
1299219777060126721
1299219790599389184
1299219807183581184
1299219815819812864
1299219819766509569
1299219824057311232
1299219832840175616
1299219839404433409
1299219844185743360
1299219845230272514
1299219869502636033
1299219885885501443
1299219928159932416
1299219966915297280
1299219978017619969
1299219978550296576
1299219987597467649
1299219991598899201
1299220000784429057
1299220013136654337
1299220032153694208
1299220043461394432
1299220044845666304
1299220046846324736
1299220048960126978
1299220063661088770
1299220096515076097
1299220103460868096
1299220104773799943
1299220108628365317
1299220116559855616
1299220121768964096
1299220124835049472
1299220125367689216
1299220129587363840
1299220141528416256
1299220158033137665
1299220158443958274
1299220172931305473
1299220188072570880
1299220200340873216
1299220205902520321
1299220209052524547
1299220221580865536
1299220227494834177
1299220229713608706
1299220234025435138
1299220239780114438
1299220242066018307
1299220243621969920
1299220268427235328
1299220269333180416
1299220276882759681
1299220281437728768
1299220284805849088
1299220292716224513
1299220294117150720
1299220294498877440
1299220309543989248
1299220310676238336
1299220318721015808
1299220322038607873
1299220326350565376
1299220330226102273
1299220330364375040
1299220330485960705
1299220336316051456
1299220345396879360
1299220351742668812
1299220395225210880
1299220399171936257
1299220399784366081
1299220401436856328
1299220401696813059
1299220403932389377
1299220412551831552
1299220423616258049
1299220434869653505
1299220438971641857
1299220444797526024
1299220453261635584
1299220456197816320
1299220462023524353
1299220468826738689
1299220501890392064
1299220502653722624
1299220517312892928
1299220520731254785
1299220535495200768
1299220545637101574
1299220561344765952
1299220575273979905
1299220590776258560
1299220608937529344
1299220621444825089
1299220633738383360
1299220634270969856
1299220637467045889
1299220641636212738
1299220644878573568
1299220649613971456
1299220650838470657
1299220653585788929
1299220684757970944
1299220696434839552
1299220699920310272
1299220712280875008
1299220724675084288
1299220725882974209
1299220726155603970
1299220733760024576
1299220750696615938
1299220758250557445
1299220765028605953
1299220776562749441
1299220780333457408
1299220793126260736
1299220795726663686
1299220813850185729
1299220818023641089
1299220831348772864
1299220843130626048
1299220850739216384
1299220856976023552
1299220896180305920
1299220895580393473
1299220898147381248
1299220905101463554
1299220913561522176
1299220943466684416
1299220943785648128
1299220950785777664
1299220960067940352
1299220976815738883
1299220984948568064
1299220984898007041
1299220998047371265
1299221001910259714
1299221009468284929
1299221014425907200
1299221015877136385
1299221015998984193
1299221023011876869
1299221030586597377
1299221034567073793
1299221039340285953
1299221047225409537
1299221048773111808
1299221053693018114
1299221057447047168
1299221074731610113
1299221084831531009
1299221090124705792
1299221094331822080
1299221108961361921
1299221112853651456
1299221124878725120
1299221140292894721
1299221143740588032
1299221148563959808
1299221156201783297
1299221161553797120
1299221161650184192
1299221165727084545
1299221170252705792
1299221174325477377
1299221174509920257
1299221187214471169
1299221203031396355
1299221211705040896
1299221215320530944
1299221220420808705
1299221237315461121
1299221248736714753
1299221248845598720
1299221254487134208
1299221257347641345
1299221266021441536
1299221269909397505
1299221278725865473
1299221284400709632
1299221287676542977
1299221296342073345
1299221305200226306
1299221313471406080
1299221320148725760
1299221320912105476
1299221324888330240
1299221328776630272
1299221329393184768
1299221333851607046
1299221354483347456
1299221354655481856
1299221362914009089
1299221367045357568
1299221370929213441
1299221374645481472
1299221393100296192
1299221413920792576
1299221414336229378
1299221417242685440
1299221417595002881
1299221420602306560
1299221438663069701
1299221442672898051
1299221458724544512
1299221474981695489
1299221481105141760
1299221483726745600
1299221488730542080
1299221513749528576
1299221534356238336
1299221540433788928
1299221552475627530
1299221553209540608
1299221557613600769
1299221564764770307
1299221567562416129
1299221572448858112
1299221576492216322
1299221585409323008
1299221588450013184
1299221589075079175
1299221589628608512
1299221596943638528
1299221598466002944
1299221599674159104
1299221613536186369
1299221623661232128
1299221626588811264
1299221627087933440
1299221639519850498
1299221644473368577
1299221651498831873
1299221651448631298
1299221682226368512
1299221711561216000
1299221711561338882
1299221723162636288
1299221729382862848
1299221761502908416
1299221775507533824
1299221777105612800
1299221781782224897
1299221782893740033
1299221783376211968
1299221810987311104
1299221819615072256
1299221832034205696
1299221833913303041
1299221837574856710
1299221841152602117
1299221842188619777
1299221853467111424
1299221853492445185
1299221854100451328
1299221855400673281
1299221861503508481
1299221876133093377
1299221878612131844
1299221879182553089
1299221896219832321
1299221904658661381
1299221916905922562
1299221917421973504
1299221922073513989
1299221934631133184
1299221937072279552
1299221940620546050
1299221942973554690
1299221950749765632
1299221953224400896
1299221955095142406
1299221958782070784
1299221971201335296
1299221974565093378
1299221975269814274
1299221990935597056
1299222000037031936
1299222008404742146
1299222009503649793
1299222017284079616
1299222025337274368
1299222034212294657
1299222049592811521
1299222060992925696
1299222062750248960
1299222070685872128
1299222098099884032
1299222101153386497
1299222101791051777
1299222104315817984
1299222109546192896
1299222117666287616
1299222121030324225
1299222121671847937
1299222139183267840
1299222142433652737
1299222163266899974
1299222175618981888
1299222184020250624
1299222190055882753
1299222192350064640
1299222195311443968
1299222211736342528
1299222219831287810
1299222222112923648
1299222222134022144
1299222235916521472
1299222243340320770
1299222252010041351
1299222253440102401
1299222260247678977
1299222294351368193
1299222301729153026
1299222306384875520
1299222315146686464
1299222316006531073
1299222332414636032
1299222332666523648
1299222340148973568
1299222352434065408
1299222356007608331
1299222382444515328
1299222392305102849
1299222403558641665
1299222413385912320
1299222428183228417
1299222446126649344
1299222449779744768
1299222452266962945
1299222463155286018
1299222482512044033
1299222490829340672
1299222511566163968
1299222516662239232
1299222520894234624
1299222525843517441
1299222562900074496
1299222567547359234
1299222571641077761
1299222579413049344
1299222588649017344
1299222599864516614
1299222609511329793
1299222647620894720
1299222651496521729
1299222651882233856
1299222659184566272
1299222659784302592
1299222677111144449
1299222679610826752
1299222680583852032
1299222687210905600
1299222701542969344
1299222720689958913
1299222730164727808
1299222741820649473
1299222765011173377
1299222781587058688
1299222806685597697
1299222811253170176
1299222826306744321
1299222859504447488
1299222895223341058
1299222905910329344
1299222911065227273
1299222934817390592
1299222936251854848
1299222940207251456
1299222960331513856
1299222972398403586
1299222977112715265
1299222978362781697
1299222997870325760
1299222998633779200
1299222999099420672
1299223002198884352
1299223004682113025
1299223014475591687
1299223019097915392
1299223027779952640
1299223034067382277
1299223035702960128
1299223046981644289
1299223053159653376
1299223058859786240
1299223062311829504
1299223062806585344
1299223086043025408
1299223119526322176
1299223133598121984
1299223140795523077
1299223145090408450
1299223154284531713
1299223165881651201
1299223180700155977
1299223187310477313
1299223187649998849
1299223196923842560
1299223200669118464
1299223224975319040
1299223226573152257
1299223229773488128
1299223232453554177
1299223233498157056
1299223240930291712
1299223242469670913
1299223245447593984
1299223246122790912
1299223246634655746
1299223250946457600
1299223255140638725
1299223255358693377
1299223258030579712
1299223258047418368
1299223266436042752
1299223270890205184
1299223282688749569
1299223283938725888
1299223287008911362
1299223288292368385
1299223292486721536
1299223292562214915
1299223307062063104
1299223313651101696
1299223328880820224
1299223362959540225
1299223363555131392
1299223371226517504
1299223387974197249
1299223404730396673
1299223409142898689
1299223418496151552
1299223423739142147
1299223429812350976
1299223430458478592
1299223430533984256
1299223438578642944
1299223444295307264
1299223468450275328
1299223471877103617
1299223482492878848
1299223501593890816
1299223509575626752
1299223516433264640
1299223518027030531
1299223526877003779
1299223526923214849
1299223532430266368
1299223540126765056
1299223544778244096
1299223550222454784
1299223553640771584
1299223560200884226
1299223563942019078
1299223577367961601
1299223578676609024
1299223593931292672
1299223599442780161
1299223615376732163
1299223615771209729
1299223616098361344
1299223619642376192
1299223637140992000
1299223648079769600
1299223648973197313
1299223656162238464
1299223656485335041
1299223658288877568
1299223670380851201
1299223670846611458
1299223674638209025
1299223677356171265
1299223677582573568
1299223678777995264
1299223678844977153
1299223683903320064
1299223705042649092
1299223719768977408
1299223737661702146
1299223741407416320
1299223754866786305
1299223771103014913
1299223780414218240
1299223782977015808
1299223783979364356
1299223792745504769
1299223804640600064
1299223811561345026
1299223817261211649
1299223819714834432
1299223821849894913
1299223837939302407
1299223841533816832
1299223850282971136
1299223873171283968
1299223883220803585
1299223887490633728
1299223895749177345
1299223908479107072
1299223908751732737
1299223916066471936
1299223931791060992
1299223939412099077
1299223945711845376
1299223955132182528
1299223964653441024
1299223966603649024
1299223976376320000
1299223980256108546
1299223983473258497
1299223984039497728
1299223997801025537
1299223997922652160
1299224006504128514
1299224017375698945
1299224025344946178
1299224031510446085
1299224044395405313
1299224048422072322
1299224059289284608
1299224068596674560
1299224089547153409
1299224096425746442
1299224106441867264
1299224116113944576
1299224122778505216
1299224130869370881
1299224157750587392
1299224168076984320
1299224172200103936
1299224173269704704
1299224176817963008
1299224194383859714
1299224198678589441
1299224205754417152
1299224221176881153
1299224223550861312
1299224233256644608
1299224236758716418
1299224241359982593
1299224246023933953
1299224266919964672
1299224274331467776
1299224274490728448
1299224279100387330
1299224285551222784
1299224290882019328
1299224294233378816
1299224294430355458
1299224294677979137
1299224295609167872
1299224328718876673
1299224329301893120
1299224344703295488
1299224345802346497
1299224355189059584
1299224363183398912
1299224403733966849
1299224420100141056
1299224425628184576
1299224429533122560
1299224430229348352
1299224430929833985
1299224454703144960
1299224461380448256
1299224507564068864
1299224518519472131
1299224522600730624
1299224530657910784
1299224534914969600
1299224556440354816
1299224573578219520
1299224576908554240
1299224580331048960
1299224584370044929
1299224622546612224
1299224646538219520
1299224648337547264
1299224670990934018
1299224671984869376
1299224688321728512
1299224700564824064
1299224715060371456
1299224719263240192
1299224729316978689
1299224747532840960
1299224794437619714
1299224796123680768
1299224819246878721
1299224828243783680
1299224832677011456
1299224846325350404
1299224853715787776
1299224873848299520
1299224887207161857
1299224906832412672
1299224910837944320
1299224915464380417
1299224938143002624
1299224940625920001
1299224961392009216
1299224983693131781
1299225004605935616
1299225005180571648
1299225012587704320
1299225017503215616
1299225021269921792
1299225034460934144
1299225048952139776
1299225086734471170
1299225086898077696
1299225090790313986
1299225095630708736
1299225108683218944
1299225116656762886
1299225124411830272
1299225125326217216
1299225147606360064
1299225155219062784
1299225162382938114
1299225166166196224
