1290225885157588993
1290225904182915072
1290225910499573763
1290225918099615744
1290225920448458752
1290225968099909633
1290225979911069696
1290225989021122560
1290225990484951041
1290226002271113216
1290226009845846018
1290226015202148353
1290226020579065857
1290226025604042753
1290226028439371776
1290226029592600576
1290226032193105921
1290226036295086080
1290226039398887424
1290226047749746688
1290226056272764928
1290226057874780161
1290226064745095171
1290226075365072898
1290226077395120129
1290226082516361217
1290226088136724480
1290226091513090049
1290226114133028865
1290226132881530880
1290226142457114626
1290226153643364352
1290226156835225600
1290226163579670529
1290226175004958721
1290226182735065089
1290226183087386624
1290226187948576768
1290226192906248192
1290226193984364545
1290226199357136896
1290226208571940866
1290226212875378689
1290226216364945413
1290226232659972096
1290226246039683072
1290226249726431233
1290226261894234112
1290226263219552256
1290226271478145026
1290226280433168385
1290226280642695168
1290226282907594753
1290226290948071426
1290226293804433409
1290226294483906561
1290226308023291907
1290226309264637953
1290226309860331520
1290226311068147712
1290226324615753728
1290226330613829632
1290226337492267008
1290226340415918080
1290226340998782976
1290226343607640066
1290226361152368640
1290226362662260741
1290226363463434240
1290226371768152067
1290226404823457792
1290226412708921345
1290226414889783297
1290226417246932993
1290226422271754241
1290226431524507648
1290226439913181184
1290226454442123264
1290226456748941312
1290226457705234432
1290226471563296770
1290226473933008896
1290226477233889280
1290226489741344770
1290226492262121473
1290226507164467200
1290226536335863808
1290226543382290432
1290226573707157505
1290226589410631680
1290226599221059585
1290226605160185857
1290226608746496002
1290226617483239424
1290226656813015042
1290226655462473728
1290226695832666113
1290226713469661185
1290226725847068674
1290226742271946752
1290226753072488448
1290226755232362496
1290226765911261185
1290226778963709959
1290226785892724739
1290226801545904129
1290226802229575683
1290226809980588032
1290226813419937793
1290226828854976512
1290226832667586561
1290226839613562880
1290226860014497797
1290226863072096256
1290226868537266176
1290226885985632257
1290226888351260672
1290226930831118341
1290226933037318146
1290226940109037569
1290226941136523265
1290226946857566209
1290226950611456000
1290226952100556800
1290226953060900864
1290226963563438081
1290226968219156480
1290226972371517440
1290226987219341313
1290227003925266432
1290227016034390021
1290227020144812032
1290227023520993280
1290227028663336961
1290227042915454977
1290227046241783809
1290227062528081921
1290227064545542144
1290227071206281216
1290227096346755073
1290227119386013696
1290227120958877698
1290227121646755840
1290227135777583111
1290227139568996353
1290227153817174016
1290227168237113344
1290227180970991617
1290227193512042496
1290227203729285121
1290227207734874115
1290227207915405312
1290227217348272130
1290227239380869121
1290227249199763457
1290227266140610561
1290227274525167616
1290227286646505472
1290227289553137667
1290227291147010048
1290227301242695682
1290227302471577601
1290227314366660608
1290227315058892800
1290227315469770752
1290227321593421824
1290227327759028224
1290227332825804800
1290227334281228289
1290227357731573760
1290227376081612801
1290227387821461504
1290227390170271744
1290227390837219334
1290227392934371328
1290227416405811201
1290227416980271104
1290227421145260032
1290227431798865921
1290227434646691840
1290227439289774080
1290227457891504129
1290227463050543105
1290227464321589249
1290227472902967298
1290227476275372032
1290227477151985665
1290227486395994113
1290227506050547716
1290227516444033024
1290227525323354112
1290227556377964544
1290227579274706951
1290227583523500032
1290227591790518274
1290227592935563264
1290227601143926786
1290227603417124865
1290227620320129025
1290227630231269376
1290227645376892928
1290227647763554305
1290227648732336128
1290227652100411395
1290227664909815809
1290227666964996096
1290227682362314752
1290227691145187332
1290227710485135361
1290227719381364736
1290227728734593027
1290227734942113792
1290227740235440128
1290227753074085890
1290227766403637250
1290227774498713601
1290227779988942849
1290227780353810434
1290227789170262016
1290227798754209792
1290227800008323072
1290227828319952900
1290227834703626241
1290227844715393024
1290227845373943808
1290227885559685120
1290227895638532097
1290227909941059584
1290227910553427969
1290227911601971200
1290227926827274242
1290227950806134784
1290227954006425600
1290227975640584193
1290227985962868736
1290227994431115265
1290228008456843266
1290228025900953600
1290228034532864001
1290228048575393793
1290228058222338048
1290228094620463106
1290228103202009088
1290228134021697536
1290228154221568000
1290228162199052290
1290228176002732034
1290228176560431104
1290228180033376256
1290228182965051392
1290228185771192321
1290228195665391616
1290228202007216128
1290228224530608128
1290228268994568192
1290228271871737857
1290228285268320258
1290228287419998210
1290228287692652546
1290228291698212865
1290228304750841857
1290228308064395270
1290228308412694531
1290228308584484864
1290228313894424579
1290228317497393152
1290228336191389697
1290228341367123969
1290228345855021058
1290228361042722816
1290228366100951041
1290228370253389826
1290228374250520577
1290228387571589121
1290228390025256960
1290228393968009217
1290228397306785793
1290228398267105281
1290228400502661121
1290228409902145536
1290228415833034758
1290228419662249989
1290228412225789953
1290228431116890112
1290228451836755968
1290228456806993922
1290228470862102529
1290228474750279680
1290228483084423169
1290228484678266880
1290228487794524160
1290228502680272896
1290228502575247360
1290228504651427841
1290228512188583936
1290228515623895040
1290228516957511680
1290228535450144768
1290228536515555328
1290228541951418370
1290228558510657536
1290228591293153285
1290228597060329474
1290228619818622979
1290228621555073024
1290228627318046720
1290228627515342848
1290228646150410240
1290228656065871872
1290228661304492032
1290228680082350080
1290228682091446274
1290228684721250310
1290228687145562112
1290228687456018434
1290228689129672704
1290228694233935872
1290228699711729665
1290228709585088513
1290228728669192192
1290228738613866500
1290228742921416704
1290228762781483008
1290228764018765826
1290228772562771973
1290228778673647617
1290228797170569217
1290228803701059585
1290228808168034304
1290228815889707009
1290228817517088768
1290228821849976833
1290228823229833216
1290228829840191488
1290228849557438466
1290228854900965377
1290228869992050690
1290228878875611136
1290228884063973376
1290228895556354049
1290228900442673152
1290228901394837504
1290228916985069568
1290228919715500032
1290228937973366785
1290228944885542912
1290228964896595968
1290228967169916931
1290228984035254272
1290228986602090498
1290228998736187393
1290229016746573824
1290229033041408001
1290229033435688960
1290229048942030853
1290229055829098498
1290229079749169154
1290229082160918528
1290229094303461381
1290229097059123201
1290229101933072384
1290229103052783617
1290229116914941952
1290229117971861505
1290229122241765377
1290229124326469632
1290229136267415553
1290229143792164865
1290229152595898371
1290229177866579972
1290229177824604161
1290229197193936897
1290229215569170438
1290229226256261120
1290229241619951616
1290229241800351746
1290229241859018752
1290229264705445889
1290229267176062976
1290229282896109568
1290229301569187840
1290229308162596865
1290229311224442881
1290229333731110912
1290229337925419008
1290229338126741504
1290229347295604739
1290229351389118465
1290229358087401475
1290229362663362561
1290229372465500161
1290229377360211969
1290229393307009025
1290229395949404161
1290229414274375683
1290229415071252480
1290229415943823360
1290229424063803398
1290229432343388161
1290229439155118080
1290229454350901248
1290229455613558784
1290229456485851138
1290229464752746496
1290229475863478273
1290229478849835010
1290229481584566274
1290229484830863362
1290229501016698881
1290229523221319681
1290229524626583558
1290229536571789312
1290229541416255501
1290229555395878912
1290229559426576386
1290229561305653248
1290229564107567105
1290229564459716609
1290229565722247169
1290229568528191491
1290229571204386816
1290229588497272832
1290229596592447488
1290229607493296129
1290229616926498816
1290229617869991937
1290229617597378561
1290229638363373575
1290229638736691200
1290229640515055619
1290229642960371713
1290229642977095680
1290229645715988481
1290229666339381249
1290229670789562369
1290229673989935106
1290229673989943296
1290229681023643648
1290229688602783745
1290229694990823425
1290229717027762176
1290229720739610625
1290229730814304257
1290229733196791809
1290229739718762497
1290229750791835649
1290229772195438592
1290229777912209408
1290229778411171841
1290229780726464513
1290229782584668161
1290229792302800897
1290229801727463425
1290229802390056960
1290229806907310081
1290229807301582848
1290229812020166657
1290229819376951296
1290229821696442368
1290229823613411328
1290229825781653504
1290229831402053638
1290229844026863616
1290229851383726080
1290229854466523136
1290229858568568832
1290229860783108096
1290229889866403841
1290229898221465600
1290229901547769856
1290229902407421952
1290229907839045635
1290229912985645056
1290229924448501761
1290229924687540225
1290229925564342273
1290229946082721793
1290229965292593152
1290229965896552448
1290229973173731328
1290229973605728259
1290229977905061888
1290229987484655616
1290230000885497859
1290230003595014144
1290230024373538816
1290230034335068161
1290230036684066818
1290230037979914240
1290230049455497216
1290230062566879232
1290230067084197888
1290230076936581120
1290230078916313090
1290230092912832512
1290230114807029760
1290230133190561795
1290230141218480128
1290230143286251520
1290230144838168576
1290230163267969024
1290230170830254080
1290230173082816512
1290230200366596096
1290230202400792576
1290230204602781697
1290230222856441856
1290230223305228288
1290230226161512448
1290230234541776898
1290230253474873349
1290230257690087424
1290230265164398592
1290230271086796800
1290230271980130305
1290230277076209671
1290230286513573890
1290230301956820992
1290230318687952897
1290230323020611585
1290230323981164544
1290230328209022979
1290230358726701057
1290230385024970753
1290230396387434496
1290230408596996096
1290230420869529600
1290230425361604608
1290230437793546241
1290230440142372864
1290230451668267008
1290230462607175680
1290230481695330309
1290230493955276800
1290230497688264704
1290230498048917505
1290230507502841857
1290230516516638720
1290230518018187264
1290230523550265344
1290230525018349574
1290230525915828224
1290230531456552960
1290230535697047552
1290230552755417088
1290230560992792576
1290230567301079041
1290230570522251266
1290230571503726594
1290230583000354818
1290230583709143040
1290230599551049728
1290230606501048320
1290230611727323136
1290230612318543873
1290230645374046208
1290230647189958657
1290230665946914817
1290230674931060738
1290230679867781121
1290230691511361536
1290230708628119555
1290230729066995714
1290230730107232257
1290230730933456898
1290230732913143809
1290230746011930624
1290230747727638530
1290230749854015488
1290230764160704512
1290230764160737280
1290230778350247937
1290230778970779652
1290230786025828354
1290230793160339456
1290230814924398594
1290230816761470977
1290230822688010240
1290230838307614723
1290230841210101760
1290230856041164801
1290230858876514304
1290230872915009537
1290230876928749568
1290230880057909248
1290230882901487617
1290230894670655489
1290230899703832576
1290230906465087488
1290230909057134592
1290230917806530561
1290230918263615488
1290230922554404864
1290230934323843072
1290230939654660096
1290230942796140550
1290230945262366721
1290230951541379080
1290230956859617280
1290230969467899905
1290230969610334209
1290230969857867782
1290230974236647424
1290230980079280128
1290231001377980416
1290231004901212160
1290231008122433541
1290231023473573894
1290231030968750080
1290231032529055747
1290231048282894337
1290231048249307138
1290231053072977921
1290231063013470210
1290231073025138690
1290231078968418304
1290231080805519365
1290231083242414086
1290231088456118275
1290231102658023424
1290231108206960640
1290231116662628353
1290231123100880897
1290231141107040261
1290231156898762754
1290231180437016577
1290231184295772160
1290231191619031043
1290231199240085504
1290231201354010624
1290231207830020096
1290231212301156354
1290231230231801856
1290231233461460992
1290231238817587201
1290231244697923584
1290231250569932804
1290231251840856064
1290231257213755397
1290231264432107520
1290231282350211074
1290231283495436288
1290231283549798401
1290231284619345922
1290231293322592259
1290231299056103425
1290231306664607747
1290231310057746442
1290231316084953088
1290231329288794112
1290231336049893376
1290231347525480448
1290231357012979715
1290231369893736448
1290231376248070145
1290231378982744064
1290231392492638209
1290231406115741696
1290231417234890754
1290231429025034240
1290231447874199563
1290231448692117504
1290231465435750402
1290231468187320322
1290231473421733888
1290231479151112192
1290231486042390528
1290231494565220363
1290231503272783872
1290231505466191873
1290231505654960130
1290231533337485314
1290231538647531520
1290231538680918019
1290231543537864711
1290231548285841408
1290231556305350657
1290231569030852610
1290231574554787841
1290231583320858624
1290231594880393217
1290231609417900037
1290231616502079488
1290231628573241345
1290231637209300992
1290231647263002624
1290231655463096321
1290231685422788609
1290231688451067904
1290231689088663554
1290231693224243201
1290231675473911809
1290231676543541255
1290231699222167555
1290231683879329795
1290231738262671360
1290231740372410368
1290231741605507074
1290231759544754176
1290231783506579456
1290231787420090369
1290231788460109826
1290231788481257473
1290231791744192512
1290231801101729792
1290231802808819712
1290231804545372162
1290231805480538113
1290231808223666181
1290231809406451713
1290231813084913665
1290231813152022529
1290231816759042050
1290231825017630722
1290231837671923712
1290231839341154306
1290231840058400769
1290231840259764224
1290231844743647233
1290231847285190656
1290231858102403083
1290231862535888901
1290231897855938566
1290231910396960768
1290231933314543617
1290231941309005826
1290231960116158465
1290231984497651718
1290231988943642624
1290231993393770497
1290231999932710913
1290232010955304962
1290232022120554497
1290232026373578753
1290232030526148608
1290232031687741440
1290232036582719488
1290232046636249093
1290232051199651840
1290232053439426560
1290232056761311233
1290232058342592513
1290232067276513282
1290232073806962688
1290232082564694016
1290232085689466880
1290232101980131329
1290232104773550081
1290232115313946624
1290232125535522816
1290232129943568385
1290232136088219648
1290232137040293889
1290232147018575873
1290232167834857475
1290232190408654849
1290232190387867648
1290232196993699840
1290232200919539713
1290232206653181953
1290232211946516481
1290232222255968258
1290232227184259072
1290232227545018369
1290232231236194306
1290232232225968129
1290232240450891776
1290232252937302017
1290232258536775681
1290232275167145985
1290232281664122883
1290232302467874816
1290232320709074944
1290232331769278464
1290232333375741952
1290232339776208897
1290232340485046273
1290232344096305154
1290232347741151232
1290232353017585665
1290232357841240064
1290232373385129985
1290232375574593536
1290232388690288645
1290232395849822208
1290232402518794240
1290232402359418882
1290232410806706178
1290232412824248320
1290232413281345537
1290232416703877120
1290232423339368449
1290232448396046337
1290232484593049603
1290232485515673600
1290232487780786179
1290232490238423051
1290232503165259776
1290232504729780224
1290232529568403457
1290232530172485632
1290232542843383808
1290232556596498432
1290232566948061184
1290232571377455104
1290232582014042112
1290232591317118977
1290232612309487616
1290232617241997312
1290232625815224321
1290232626825924609
1290232632098209793
1290232658690101248
1290232660145577984
1290232663702306816
1290232673642754048
1290232692651356161
1290232692773011458
1290232694584967169
1290232715455762434
1290232728038891520
1290232731973103616
1290232743817699328
1290232751514202113
1290232757268881409
1290232772552867840
1290232786872197122
1290232804278538242
1290232807323623425
1290232813925445634
1290232821760643073
1290232821999636480
1290232823484424192
1290232841901465600
1290232842471931904
1290232847282798592
1290232849535123456
1290232857038712833
1290232861635653632
1290232862583611394
1290232868275290114
1290232878563901442
1290232881961459715
1290232892795187201
1290232918955028482
1290232922327248896
1290232926399995905
1290232933534466053
1290232937380745216
1290232937837785089
1290232943550451712
1290232944192131074
1290232969114742787
1290232980070207489
1290232989390008320
1290232999166922752
1290233000349667329
1290233017005477888
1290233058143035400
1290233060537987072
1290233065327927296
1290233065780817920
1290233082570616833
1290233097032593408
1290233102497808384
1290233105870069760
1290233147947274242
1290233163055169536
1290233163495555072
1290233178100322309
1290233187696644101
1290233193480814592
1290233193501569026
1290233198375587841
1290233200770416640
1290233184907481088
1290233208219435009
1290233215010054144
1290233217199431680
1290233217887301632
1290233234144468992
1290233237327867904
1290233270769086466
1290233274460078080
1290233278977499136
1290233279757668352
1290233283679096833
1290233291442778112
1290233296526487552
1290233342470664194
1290233368341168128
1290233386582159360
1290233389698519040
1290233397483196420
1290233402675695616
1290233411236270086
1290233443364691968
1290233464751456256
1290233465820966912
1290233507378106368
1290233515993255936
1290233518044241920
1290233520485363713
1290233537350610945
1290233548704608256
1290233551233769472
1290233552903184386
1290233559517736960
1290233581902667781
1290233585773944839
1290233593730494464
1290233625045110785
1290233625317785601
1290233679390752769
1290233688895164417
1290233702262292480
1290233711577796609
1290233724198477830
1290233744704466944
1290233746390573056
1290233751474077697
1290233765575323654
1290233769014644737
1290233781392011264
1290233796378292224
1290233797175152640
1290233820537643008
1290233820646535169
1290233823951650818
1290233828674396160
1290233835578224640
1290233858319765504
1290233863587770368
1290233867492892672
1290233876065865729
1290233878087573506
1290233880746680322
1290233885662429184
1290233901911138306
1290233905606402049
1290233918310846466
1290233933003595776
1290233940196954113
1290233958211477504
1290233982043320320
1290233998266925057
1290233998589849600
1290234009658613760
1290234010480840704
1290234025982824448
1290234026628792326
1290234033947869185
1290234033981382658
1290234037722742784
1290234052033699842
1290234068248875009
1290234069070917633
1290234080454307841
1290234081892954112
1290234096518598659
1290234098422751234
1290234143863783425
1290234149287018497
1290234150507565056
1290234168195022848
1290234171273572354
1290234173324529664
1290234190496010240
1290234200499478528
1290234201258643457
1290234207663321089
1290234228949409793
1290234259827855367
1290234267100880897
1290234268627554304
1290234296456732673
1290234300319768576
1290234301196296193
1290234303373176832
1290234309027213314
1290234314811232257
1290234315620536320
1290234332796219396
1290234334352310273
1290234334956331014
1290234337711947777
1290234345794555904
1290234346704474114
1290234347476226050
1290234348516642816
1290234381546614784
1290234386441437185
1290234392766382081
1290234395744329728
1290234414161473537
1290234447653040128
1290234483216539648
1290234484042788867
1290234489906462726
1290234491475124224
1290234492377083905
1290234493521944576
1290234500337643522
1290234512081731584
1290234543136374787
1290234552607109120
1290234562547720192
1290234578007859202
1290234579932991488
1290234580805410816
1290234585456885760
1290234588044943364
1290234592859951104
1290234604247556096
1290234604167692288
1290234604868182017
1290234606810144769
1290234609494499330
1290234625520885762
1290234630335954945
1290234645955481602
1290234648333701120
1290234649495494658
1290234650929950721
1290234651693346817
1290234661851893762
1290234665169596416
1290234669154201601
1290234676628475904
1290234700431110144
1290234701618114561
1290234723445301253
1290234730722467841
1290234739324932101
1290234766751604736
1290234772975828993
1290234781406502912
1290234785948819456
1290234792013729794
1290234793515393027
1290234803350986752
1290234810045206529
1290234812272218113
1290234819448889355
1290234826361131009
1290234831398252545
1290234839694635009
1290234847349231618
1290234854920069122
1290234857197453312
1290234883684499457
1290234889472638978
1290234889694920704
1290234918312665088
1290234919940046851
1290234928806768640
1290234928957816834
1290234940597121024
1290234951930003456
1290234953305792516
1290234953565782018
1290234962403143680
1290234994380558339
1290234999006846976
1290235004648226817
1290235019089154048
1290235029168295937
1290235031982669824
1290235038160711683
1290235044850622465
1290235062588280834
1290235063024533505
1290235063666270213
1290235065587372033
1290235069710217218
1290235075037036544
1290235088412663808
1290235096558002177
1290235100248993793
1290235116397027328
1290235125754626048
1290235134159892480
1290235147439050752
1290235150492733440
1290235150685491200
1290235157463445505
1290235160760160258
1290235161238335491
1290235171254308864
1290235190908841984
1290235192414744576
1290235193203109888
1290235197557006337
1290235199918231553
1290235216544575488
1290235242868072449
1290235251961233408
1290235255551655937
1290235264472817664
1290235271758245889
1290235275071848448
1290235281019305984
1290235283800117251
1290235285679345664
1290235286467702784
1290235292402606080
1290235299692347392
1290235300388642816
1290235302368251904
1290235304809336833
1290235307376353282
1290235314511007744
1290235352721104897
1290235384425664512
1290235384723410947
1290235402209525766
1290235412288425986
1290235428398825473
1290235430315597824
1290235431565500416
1290235436275625985
1290235439924707330
1290235450410405894
1290235499618033664
1290235500234645505
1290235515896074246
1290235518597308416
1290235523030638592
1290235533566697473
1290235534594338819
1290235557767831553
1290235569931395073
1290235570388516865
1290235579452416010
1290235587253821440
1290235589795618816
1290235593314537472
1290235602990817281
1290235606912520193
1290235621332705280
1290235627959496704
1290235636033544193
1290235640374800384
1290235648087977985
1290235659030949890
1290235680472342528
1290235703830253568
1290235710520213505
1290235717918965763
1290235721706430464
1290235730732544000
1290235757622222850
1290235762676363264
1290235773619380226
1290235779889770496
1290235787808628736
1290235795572264961
1290235800546762752
1290235810785243136
1290235823812567040
1290235829869260800
1290235833426104320
1290235843609673729
1290235856108703745
1290235867739480064
1290235869677236224
1290235883548008449
1290235902594293761
1290235906297753601
1290235915445473281
1290235917425287170
1290235931413241856
1290235937272676352
1290235941605347328
1290235945082482689
1290235954171584514
1290235960681267200
1290235981136670720
1290235988246052866
1290235990091563013
1290236015307706369
1290236015295135745
1290236016704385024
1290236017786499072
1290236019413905410
1290236031854235648
1290236034580484101
1290236039152300032
1290236044843966465
1290236066620874752
1290236074770358272
1290236081263108097
1290236082945024001
1290236123336204288
1290236134799241217
1290236141875077121
1290236145196920833
1290236152759296002
1290236173709791232
1290236175093919744
1290236175400263681
1290236177111425024
1290236182580862977
1290236201471840256
1290236213383663616
1290236228076310530
1290236237928833025
1290236249043738624
1290236255557398528
1290236263400763392
1290236275773980673
1290236280148819968
1290236300201562114
1290236329968537600
1290236329154887684
1290236331315154949
1290236334192427008
1290236334662008835
1290236339737243653
1290236361656672256
1290236362835111943
1290236363158089733
1290236372142428161
1290236375866814465
1290236376076767235
1290236382569353218
1290236385463537665
1290236387615072257
1290236391775846400
1290236393428402182
1290236409056391171
1290236409760976896
1290236410021085186
1290236413485621249
1290236430019567619
1290236433731661824
1290236436948475904
1290236445358137348
1290236454241595393
1290236465864032263
1290236475133419521
1290236480598597634
1290236483194912768
1290236488513286144
1290236497036181505
1290236510722093059
1290236513205121024
1290236519433740288
1290236523342737408
1290236528317300736
1290236555269828608
1290236560021966848
1290236567370440705
1290236578736959488
1290236601650393089
1290236607618936832
1290236613251883008
1290236613948321792
1290236615311290369
1290236616615669760
1290236617572024320
1290236618540908545
1290236622915567616
1290236629110726656
1290236639243956224
1290236648681123841
1290236649637519362
1290236661448577024
1290236668281106433
1290236681459650563
1290236688640487424
1290236691026862080
1290236708298960898
1290236711763447809
1290236713818783750
1290236720265363456
1290236731548024834
1290236752469225473
1290236755178713089
1290236757091520512
1290236763999358976
1290236766834892800
1290236772840910850
1290236778327179266
1290236790155042816
1290236800984784898
1290236810484805632
1290236811831197696
1290236847436652544
1290236854596284419
1290236884363309057
1290236886384963584
1290236887441915904
1290236917351514113
1290236918538502144
1290236926297964546
1290236931779883009
1290236933130485762
1290236939300290561
1290236942085324800
1290236952273252357
1290236964462112768
1290236967192469504
1290236986087727107
1290237017679306752
1290237020229574658
1290237020296552449
1290237020967583744
1290237021680623616
1290237026021736448
1290237026608930817
1290237044329820161
1290237052357771264
1290237089322172418
1290237105352765440
1290237110629199873
1290237113770733569
1290237121421144065
1290237127322669064
1290237143499943936
1290237144447897600
1290237186445516800
1290237213083463680
1290237214094274560
1290237230422818816
1290237223535816705
1290237231639101441
1290237244997955586
1290237248881926144
1290237250094223360
1290237252631592960
1290237264866373632
1290237271925329920
1290237286722887681
1290237299515482112
1290237306469744641
1290237307706986497
1290237320621363200
1290237331086008320
1290237334525444097
1290237339831119872
1290237341915734016
1290237346252636160
1290237347561271296
1290237353911615488
1290237358336425984
1290237373544988677
1290237382793428993
1290237386912174085
1290237398756896769
1290237400375951360
1290237407363661829
1290237410018615297
1290237421406232576
1290237427265597440
1290237437596377088
1290237443698913282
1290237448040017920
1290237449071779840
1290237471494508548
1290237477966422016
1290237481653121029
1290237500632346624
1290237504457601024
1290237509507543041
1290237509905965056
1290237522790854656
1290237538532315136
1290237554436919296
1290237565384011781
1290237566403239939
1290237589065101312
1290237594777739264
1290237614063144966
1290237616915349504
1290237617322078209
1290237627233255424
1290237633113726976
1290237645553987584
1290237645553983488
1290237647583981568
1290237647718318080
1290237705335369729
1290237705440227330
1290237722108416002
1290237727741444096
1290237754345955328
1290237754605887489
1290237755570548739
1290237776013582336
1290237786256285697
1290237796628590593
1290237797060579330
1290237804451045378
1290237811396718597
1290237815561756675
1290237822062845953
1290237822184513537
1290237823467974657
1290237835681947649
1290237839347605505
1290237843747479557
1290237844049412098
1290237847287431170
1290237876706242560
1290237882167263232
1290237893080842242
1290237897778454528
1290237914102734848
1290237915155447810
1290237966950883328
1290237979617660929
1290237979785453570
1290237986089644034
1290237998114586625
1290238000354324481
1290238007946092545
1290238011213373446
1290238014279450624
1290238037260029952
1290238050350465024
1290238050660831233
1290238053684924417
1290238057031929856
1290238062786576386
1290238077949026306
1290238085687439361
1290238091634962433
1290238107476824065
1290238123188740096
1290238127441874944
1290238139907203072
1290238163038777345
1290238171297353730
1290238182211035136
1290238187403505664
1290238192809947136
1290238204218503168
1290238220978941953
1290238225206767617
1290238225370423299
1290238246644076544
1290238252830453765
1290238253019197440
1290238253832994816
1290238262284435456
1290238290944118788
1290238302721900545
1290238312762884097
1290238313165709312
1290238320132333568
1290238320971194368
1290238322246205440
1290238322732752896
1290238325513625600
1290238330320248832
1290238332820045830
1290238359336624129
1290238369679564800
1290238378924007424
1290238381113266177
1290238384615698432
1290238401191583749
1290238406673358848
1290238418388054016
1290238418375413761
1290238427003199488
1290238433617514496
1290238438424289280
1290238440080990209
1290238455121735681
1290238474017112067
1290238476609130498
1290238486981668864
1290238493415731205
1290238513380655104
1290238529398640641
1290238531672002560
1290238534847066113
1290238564538576896
1290238574697177088
1290238584369238017
1290238593609261056
1290238612584505345
1290238612793995264
1290238635632197632
1290238637330710529
1290238645505417218
1290238646692397056
1290238648269639680
1290238683837128707
1290238687704301569
1290238689126133762
1290238703340621825
1290238703525273601
1290238705131642880
1290238713138540544
1290238716867477504
1290238725050388482
1290238730628816896
1290238732897943553
1290238733741101057
1290238741903097856
1290238744688119808
1290238760739909632
1290238762467745793
1290238765693202434
1290238766989234178
1290238770957004800
1290238771011579906
1290238777663733760
1290238787679707138
1290238787763593218
1290238833364090880
1290238836165840897
1290238837101232128
1290238843455565825
1290238846408577026
1290238850988535808
1290238858181787648
1290238865677021188
1290238901106274309
1290238916721651713
1290238924367880192
1290238933809258499
1290238939643535361
1290238956102209536
1290238960074203138
1290238972816326657
1290238986082856960
1290238991761981440
1290238994421178368
1290238995905929216
1290238997411725312
1290239001778167809
1290239004978237442
1290239004953083905
1290239012490424321
1290239021910638592
1290239029842022400
1290239036238438400
1290239052092977152
1290239062993821696
1290239073366315012
1290239076356902914
1290239081297801216
1290239099249426434
1290239110838276096
1290239113220636675
1290239136658423809
1290239177070489601
1290239177724801024
1290239183731265536
1290239189464883200
1290239190483968000
1290239197635399681
1290239210167758849
1290239216815751168
1290239237049085954
1290239236998754305
1290239237007130624
1290239243105656834
1290239232141750273
1290239236910665728
1290239247748706305
1290239251683201024
1290239252509335555
1290239261673889792
1290239265800990720
1290239280632098816
1290239284998365185
1290239289452826624
1290239308079616002
1290239316120096773
1290239338404384774
1290239350043824128
1290239364966961152
1290239372999065600
1290239382100652035
1290239383338135552
1290239383585452033
1290239383757455360
1290239385552576517
1290239391286218758
1290239401323188225
1290239408243748864
1290239408625483779
1290239412681359360
1290239423548993536
1290239436098134016
1290239446131015680
1290239451151478786
1290239469782614016
1290239470713729024
1290239473704296448
1290239524707033089
1290239528758730752
1290239536220364800
1290239537155735554
1290239555400953857
1290239563378470913
1290239574434697218
1290239582982696962
1290239586870812673
1290239593283874821
1290239595930464256
1290239598396706818
1290239610358906880
1290239616923000835
1290239627094155266
1290239633876451328
1290239636204183552
1290239658840846336
1290239663416827904
1290239677862035456
1290239685239943168
1290239688586870784
1290239698103721985
1290239705255157760
1290239726386057218
1290239727698755584
1290239731691745281
1290239731645718528
1290239727853907970
1290239747651239937
1290239751526559744
1290239753120432129
1290239771462324225
1290239778793742337
1290239779905314816
1290239786368868353
1290239790697259008
1290239792987291648
1290239796820860928
1290239804194435072
1290239844669677569
1290239846682750976
1290239848754814977
1290239881923317760
1290239900407566336
1290239902022418433
1290239905927372800
1290239916811509762
1290239925359525888
1290239948134604800
1290239948595924993
1290239948776341505
1290239960323256320
1290239982779523072
1290239992908808193
1290239993001123840
1290239994750214146
1290239998315229185
1290239980707618817
1290240013523800065
1290240015138725888
1290240015599951874
1290240023388762113
1290240026039578624
1290240027872526336
1290240031936802818
1290240036122710017
1290240042129129472
1290240074001473536
1290240080787853312
1290240091605041152
1290240112572284929
1290240113486651392
1290240125461360641
1290240150967128065
1290240157740752900
1290240170973790208
1290240200262602752
1290240206214332417
1290240213629825024
1290240214082887681
1290240217085952001
1290240237621239810
1290240280277340160
1290240281426550785
1290240284861673474
1290240290964430850
1290240302649876480
1290240310656655361
1290240330353131520
1290240334920708101
1290240352096415744
1290240393406066691
1290240423986954241
1290240432169918464
1290240440415825921
1290240443318321153
1290240450125733888
1290240461668417536
1290240470195425281
1290240472238055424
1290240499266121728
1290240510657826818
1290240521844084736
1290240521957281795
1290240527225380864
1290240532480847873
1290240541435674624
1290240550306639872
1290240551745236994
1290240556279324672
1290240556476448768
1290240562268905474
1290240563413803008
1290240566647615489
1290240584867672064
1290240598243332098
1290240622910042112
1290240624327704576
1290240630560452608
1290240640517918721
1290240644808675328
1290240645043572736
1290240645538308103
1290240649560653824
1290240651179618306
1290240654522511361
1290240663896743936
1290240665662627845
1290240670171574273
1290240670947405824
1290240687418441729
1290240694833909761
1290240701330931712
1290240705005117440
1290240708473806849
1290240726542950400
1290240748667854848
1290240765617037317
1290240765231210504
1290240767609323522
1290240771468083205
1290240788496957446
1290240803269304321
1290240809422397440
1290240814153695232
1290240815906713600
1290240818087829504
1290240837008240640
1290240837650006016
1290240852866895874
1290240875688153089
1290240880893284353
1290240916523847680
1290240921322188800
1290240925281579008
1290240935935139840
1290240940536238080
1290240950455820289
1290240958605361152
1290240959301554177
1290240968038334464
1290240969590284288
