1296477068373438466
1296477076594229254
1296477112975728640
1296477114124898304
1296477121594953728
1296477127152410624
1296477129761333248
1296477138674225158
1296477139429195779
1296477148610539525
1296477155556298753
1296477156210548736
1296477156667805698
1296477160560111617
1296477164112683012
1296477164775321601
1296477172476059648
1296477184547336194
1296477189941207048
1296477200603119617
1296477201421021186
1296477201781665793
1296477209356578821
1296477227241046017
1296477231787708416
1296477234463637506
1296477249315786753
1296477278382235649
1296477290092793857
1296477294027055104
1296477328487460873
1296477329166929921
1296477334921412609
1296477348787900416
1296477357545586691
1296477364105486336
1296477364998873092
1296477369709010945
1296477402156212228
1296477404358156290
1296477410439962628
1296477419591917572
1296477420325871616
1296477429498884104
1296477432220995587
1296477432980152320
1296477443977601025
1296477444858421250
1296477450428448771
1296477457328021504
1296477463158173696
1296477466291318790
1296477486826520578
1296477492157579273
1296477496339308545
1296477500294467587
1296477511069642756
1296477511640059905
1296477524139085825
1296477536306814977
1296477545320402946
1296477549485268993
1296477550689038336
1296477553742548992
1296477578618953730
1296477579952754695
1296477599355609088
1296477612018208770
1296477628661207041
1296477630938718208
1296477638085808128
1296477638639460353
1296477640535281665
1296477641126612995
1296477649632743431
1296477666984550404
1296477678736945154
1296477698559283200
1296477704498356224
1296477705014255616
1296477708357181441
1296477713616777218
1296477721636282374
1296477726950514688
1296477743232831488
1296477743891308545
1296477747418730497
1296477751764025348
1296477757132738560
1296477764044955648
1296477781153513472
1296477808789803010
1296477810954063872
1296477821985067010
1296477822580645893
1296477824442937344
1296477827294994435
1296477831313207296
1296477834274381826
1296477834412724224
1296477835616555009
1296477839760465923
1296477852087525377
1296477856906780674
1296477860627177472
1296477864209125378
1296477864636841984
1296477867497459715
1296477872387960833
1296477890419265536
1296477894693314562
1296477918319857666
1296477919808823297
1296477922308562944
1296477923399143425
1296477940113448960
1296477944953610241
1296477953811976192
1296477954340466688
1296477957041590272
1296477985990758400
1296478002679885824
1296478004571512834
1296478021592010752
1296478024679010304
1296478027937984512
1296478031566057472
1296478036020396038
1296478052084572161
1296478066060009472
1296478078395461632
1296478082262618112
1296478086117105666
1296478089833308160
1296478103523524609
1296478108510543881
1296478111912144897
1296478112218218496
1296478112486756352
1296478125623324673
1296478131965100032
1296478150227120128
1296478164122730496
1296478173664882689
1296478174423977986
1296478178362429440
1296478178693853184
1296478183412379650
1296478184700092418
1296478188319776768
1296478191423574019
1296478192371408897
1296478192828649472
1296478207466786816
1296478214227922948
1296478214202826754
1296478218069905411
1296478219944824835
1296478229537095680
1296478232464838657
1296478233630846977
1296478234314498049
1296478241302118401
1296478258091962368
1296478263909527554
1296478266342158336
1296478270272278528
1296478274890104833
1296478278832750595
1296478280485425155
1296478284298031106
1296478289129873411
1296478289310167040
1296478296138485770
1296478295769350151
1296478299896582144
1296478310084599810
1296478312601137153
1296478314811596800
1296478316384354306
1296478317076455429
1296478318598991880
1296478320570376194
1296478320738131968
1296478322369716224
1296478339465711616
1296478342955380738
1296478346138857472
1296478346344374274
1296478355202727943
1296478363796811780
1296478367689191426
1296478371417919488
1296478381052133381
1296478393375035393
1296478396978003970
1296478400660504577
1296478405840515072
1296478418691919874
1296478423364374529
1296478425352372225
1296478431148990464
1296478431748726784
1296478443299909632
1296478452216991747
1296478452363726849
1296478481572921345
1296478494260592641
1296478511058817024
1296478535507468288
1296478535675195396
1296478535704616960
1296478543736639492
1296478556659298305
1296478568684429313
1296478568885694467
1296478572971008001
1296478584723447815
1296478584626917384
1296478591669149702
1296478602758889473
1296478609767575553
1296478609859842049
1296478611134971906
1296478615148920835
1296478616222564352
1296478624057626624
1296478626674769928
1296478635717808128
1296478637634584577
1296478661189738498
1296478674892525569
1296478675144253442
1296478677342072836
1296478680009539584
1296478681356009473
1296478690872889345
1296478698464595970
1296478711324254208
1296478712070889472
1296478712175759360
1296478738138443777
1296478744283172871
1296478754827653127
1296478770333982722
1296478775258034176
1296478776025587712
1296478778617671683
1296478779833974784
1296478783520804869
1296478791737511936
1296478797433315328
1296478807730335744
1296478811475906562
1296478845437186048
1296478850654834689
1296478854211665921
1296478855008530434
1296478862419939339
1296478883659894794
1296478929075798021
1296478932829708291
1296478932951273472
1296478934134140932
1296478947321028608
1296478959882899462
1296478968745537543
1296478983920508929
1296478988362231809
1296478989461184512
1296479013314138113
1296479014400532481
1296479019060408322
1296479021484650497
1296479036043124738
1296479038832365568
1296479044528214016
1296479051054567427
1296479064526594048
1296479069257773056
1296479072638382080
1296479079831674887
1296479090506113025
1296479093815496709
1296479096852152320
1296479102287917056
1296479104817147904
1296479113700679680
1296479119581024257
1296479126321274881
1296479127831183360
1296479130419171328
1296479135930494976
1296479143043964928
1296479148043644930
1296479151822692352
1296479151814324227
1296479169765953536
1296479172060225539
1296479172978761728
1296479176132886528
1296479182776672256
1296479206780608515
1296479207330111489
1296479210962333696
1296479211792760833
1296479214221373442
1296479215198654467
1296479226711941120
1296479230658842625
1296479232491757568
1296479235578757120
1296479236706926592
1296479250355290117
1296479257527549953
1296479261600161794
1296479265572245509
1296479270165000195
1296479277056176130
1296479281430900736
1296479293745307654
1296479297671233537
1296479303929147392
1296479312942714880
1296479314515558401
1296479315958341636
1296479320991576064
1296479327110995970
1296479335700934657
1296479350674657281
1296479373504249867
1296479379682459648
1296479382220021760
1296479384048730112
1296479385831313409
1296479390755360769
1296479395054575617
1296479404055498755
1296479407717199872
1296479430714556417
1296479434028003328
1296479442584436737
1296479453481140224
1296479457168023552
1296479462377361412
1296479463543394304
1296479471692914693
1296479480526131202
1296479492173631488
1296479538805956608
1296479543230959619
1296479564177317890
1296479576756039683
1296479580665139206
1296479583152345090
1296479588168630272
1296479588185452545
1296479602064400385
1296479605893849088
1296479617860214786
1296479639876108292
1296479663615860736
1296479664119197696
1296479667063525376
1296479668909084673
1296479673065644032
1296479689004003328
1296479693454147584
1296479698814472193
1296479709715472386
1296479710164197379
1296479719689539587
1296479726098362370
1296479726429777926
1296479734394753024
1296479755341115393
1296479755907325953
1296479757304029185
1296479764396597250
1296479768351825931
1296479778535624704
1296479788597641216
1296479796894011394
1296479803286138881
1296479813847388162
1296479822257049603
1296479828963721216
1296479830649733120
1296479853517168642
1296479860257325057
1296479877479235585
1296479881900036097
1296479908236013569
1296479910278692866
1296479924195336193
1296479939626229763
1296479949705150464
1296479960761237504
1296479961054883840
1296479970630553601
1296479971599425539
1296479982315872256
1296480002905710593
1296480003862016001
1296480023990411265
1296480024611164161
1296480050456465408
1296480053694476293
1296480075685257217
1296480082421325830
1296480089367076866
1296480109537435648
1296480124980867076
1296480125505146881
1296480141946880000
1296480146627727360
1296480162939310080
1296480205805101062
1296480217360457728
1296480226738876423
1296480230358622208
1296480237543395329
1296480246024339456
1296480300143452160
1296480302265700355
1296480310255902728
1296480312873164800
1296480326370365440
1296480343294390272
1296480343336333317
1296480359362768898
1296480389360386050
1296480392631984129
1296480393705803778
1296480397702856705
1296480409438629890
1296480414740226071
1296480415155396608
1296480418426953734
1296480426584944641
1296480448995110913
1296480470981632004
1296480473821126656
1296480485779087366
1296480516833779712
1296480518490513410
1296480540074430464
1296480580096466949
1296480581975449600
1296480585532276737
1296480598689812482
1296480599050510337
1296480599637659651
1296480627605282816
1296480629094256645
1296480633561264133
1296480633615679488
1296480637222780935
1296480637411561473
1296480644705509376
1296480646202884098
1296480649315057664
1296480677668495360
1296480677546819585
1296480678259896321
1296480678419279872
1296480678553554944
1296480683397992449
1296480692252086281
1296480716340043777
1296480717736759296
1296480728046346242
1296480729778528256
1296480733423448069
1296480733939273728
1296480742214639616
1296480745129684994
1296480745901502464
1296480761676210180
1296480783419531264
1296480809306775552
1296480809331892224
1296480820799188994
1296480820904026113
1296480833050640387
1296480851933499399
1296480863136485376
1296480863602053121
1296480867322339334
1296480870937890818
1296480879330631686
1296480879875960839
1296480888667152384
1296480917138137095
1296480917171601410
1296480932015345671
1296480934288556033
1296480934225641473
1296480938059337729
1296480938193453061
1296480961073479686
1296480967729860611
1296480971265646594
1296480973014564870
1296480997744222208
1296480998868357121
1296481002588639238
1296481017759518721
1296481018434785280
1296481023547650051
1296481026051645446
1296481030342410243
1296481031940444160
1296481044707840002
1296481051288707072
1296481056481333249
1296481061510230017
1296481073942204416
1296481076349743106
1296481081055748101
1296481081428934657
1296481085409374208
1296481089918316546
1296481093395283970
1296481101867778051
1296481106527686656
1296481106687135745
1296481110231326720
1296481111250542593
1296481115700682754
1296481170566283264
1296481174014038017
1296481176950112257
1296481181249294337
1296481199561613312
1296481206431817728
1296481215017623552
1296481215495766017
1296481225142665216
1296481230725222405
1296481233438937089
1296481236362420224
1296481245518540800
1296481250258104324
1296481258520948739
1296481261964451840
1296481270508195841
1296481279886733318
1296481319959109632
1296481324459581443
1296481325935923200
1296481345129127937
1296481358227939329
1296481358693445633
1296481366750760967
1296481375055421442
1296481380071768065
1296481380235444225
1296481428700626944
1296481430235746305
1296481438196477964
1296481455430918144
1296481462439510019
1296481467095293953
1296481473122492418
1296481501857689606
1296481509315170312
1296481518341304320
1296481518685224961
1296481521906388992
1296481523215073285
1296481531939237888
1296481573018140686
1296481592672649221
1296481593561944066
1296481609282093057
1296481609554841605
1296481621860847622
1296481626906677248
1296481651283955712
1296481655830585346
1296481668325400576
1296481673211674631
1296481674008702978
1296481678010077187
1296481678412709890
1296481689326288902
1296481697467432960
1296481702831886337
1296481707475042307
1296481718229184515
1296481724025774083
1296481739431383043
1296481752567943168
1296481774021808137
1296481780795682820
1296481785493291010
1296481794863378432
1296481795857362950
1296481803092594688
1296481811489591298
1296481820016553985
1296481824068243461
1296481824504459264
1296481828245835776
1296481833178279936
1296481833891368960
1296481837578096642
1296481854862876673
1296481858469978116
1296481865264750592
1296481874957795328
1296481891017777152
1296481924635123712
1296481930096136197
1296481933325672454
1296481937876549633
1296481937658388482
1296481945803685890
1296481946495864833
1296481954385342464
1296481959603044352
1296481962908176385
1296481972152340485
1296482003433529344
1296482008953171974
1296482011650154496
1296482012832956416
1296482026888073219
1296482028767137795
1296482045158461440
1296482054780194816
1296482054906040325
1296482087030140930
1296482091446697984
1296482095716589570
1296482095573929985
1296482100569350147
1296482104046505984
1296482122904076288
1296482133859590147
1296482145792393217
1296482147243642880
1296482150947131392
1296482162242465796
1296482163945283589
1296482164494741507
1296482168571658240
1296482205561163776
1296482206085505026
1296482209403219968
1296482208954363907
1296482215090704385
1296482217292685313
1296482226549534720
1296482235357462532
1296482243448315905
1296482252633845761
1296482260405886976
1296482264721903619
1296482267343269889
1296482285475246080
1296482290428764160
1296482292471418880
1296482298238586883
1296482311823908864
1296482331583221768
1296482340026417152
1296482348020760578
1296482357705355264
1296482362142982144
1296482364772818946
1296482366047883264
1296482373392044037
1296482395231846400
1296482403184267266
1296482410511642632
1296482415163199488
1296482416467611648
1296482418359259137
1296482431286087682
1296482435480395776
1296482436390555648
1296482452702203904
1296482457718595585
1296482477775769600
1296482495702212609
1296482532712751112
1296482547577376768
1296482549091512320
1296482555005476864
1296482579508604928
1296482586630467584
1296482590283780097
1296482600165548034
1296482616074555392
1296482632109371393
1296482649075326977
1296482654695677953
1296482655609987073
1296482657501687808
1296482668536827906
1296482683342729216
1296482716892962816
1296482734366437382
1296482741463273472
1296482751122673666
1296482764905230336
1296482768227110912
1296482780021481472
1296482783183941633
1296482785360846848
1296482821515751424
1296482834471944194
1296482858870210563
1296482888158973952
1296482889912258567
1296482894488248320
1296482901895282689
1296482916067946496
1296482916055343104
1296482922220982273
1296482931049996295
1296482956555452416
1296482963899797505
1296482969469751297
1296482990743261184
1296483001350737923
1296483002860666881
1296483007977709568
1296483010980831233
1296483031314825217
1296483037065236484
1296483056661004294
1296483060721037319
1296483080048390147
1296483081927483393
1296483086704812034
1296483090446065665
1296483095135346688
1296483104404713473
1296483132095504385
1296483145299243009
1296483150151987201
1296483169479331845
1296483183060541442
1296483183312199680
1296483187087101953
1296483190706769922
1296483209329377281
1296483212370366464
1296483214144557057
1296483238400196609
1296483255106117636
1296483257257779200
1296483257412923398
1296483258276950017
1296483266111967237
1296483273997275138
1296483277222694912
1296483284088741888
1296483288186593281
1296483291667877891
1296483311926358016
1296483339545776128
1296483339596169217
1296483377428795398
1296483378800332802
1296483399494971393
1296483409775267844
1296483412275077121
1296483414447661059
1296483418218299400
1296483438552285199
1296483473683816448
1296483480579309571
1296483485356560387
1296483492075839488
1296483494290427910
1296483505967374337
1296483508886679554
1296483513911382017
1296483519221379075
1296483521419251716
1296483522841120769
1296483526494359553
1296483530306920448
1296483547084140548
1296483556827504640
1296483565451051009
1296483572916924418
1296483586393214977
1296483587206926343
1296483618689363968
1296483618790006785
1296483623433056256
1296483626746621954
1296483684984512514
1296483685194235906
1296483690898489346
1296483716458598400
1296483740605198336
1296483741053968391
1296483745021726721
1296483757034266626
1296483760708485122
1296483767557726209
1296483769684238336
1296483771986980865
1296483778723012608
1296483778546872321
1296483790605496325
1296483815062409216
1296483827750240259
1296483828471603200
1296483828589121536
1296483838009450504
1296483841197199360
1296483847018885120
1296483850793689088
1296483853394235396
1296483855013163008
1296483858347589635
1296483862982406145
1296483876907425792
1296483903432265728
1296483913913827331
1296483921270648832
1296483921245462531
1296483928438693888
1296483939851423746
1296483943991173127
1296483972130766850
1296483976123686914
1296484016384860161
1296484051252109326
1296484054938902528
1296484055391838212
1296484063814070273
1296484073028935682
1296484075776159744
1296484076870828034
1296484081471979520
1296484081497247745
1296484085481779209
1296484085628653568
1296484101504065537
1296484105778061314
1296484113596194819
1296484114011500545
1296484116993630208
1296484120231649280
1296484122555293698
1296484126086889472
1296484126187495425
1296484128108445697
1296484165458812929
1296484201693315078
1296484210526564352
1296484212065947648
1296484213802389510
1296484218109931520
1296484220936900608
1296484223138836481
1296484231238082562
1296484234492772352
1296484234861973508
1296484239593086977
1296484248690532354
1296484251739787272
1296484257049780225
1296484256261320704
1296484268756086786
1296484285873094656
1296484285881487362
1296484286036611075
1296484306735464449
1296484332614410240
1296484341107785735
1296484364994392064
1296484431604195328
1296484477993136128
1296484483659685890
1296484488298586114
1296484490337017857
1296484520611454976
1296484538886094850
1296484539267788801
1296484559102586880
1296484567642144769
1296484570821472257
1296484574420176896
1296484574579625993
1296484579533107200
1296484583261835267
1296484596582952963
1296484600705949698
1296484605013499912
1296484605193789441
1296484609006460928
1296484638572019712
1296484646679707650
1296484654581776389
1296484663725359104
1296484680619954182
1296484683245477888
1296484685573492740
1296484706314321921
1296484713067098114
1296484713809481730
1296484725998137345
1296484736093900805
1296484739264765952
1296484749570187270
1296484755324772357
1296484758801788928
1296484764422217728
1296484775675535362
1296484777550401539
1296484782210265095
1296484794868600834
1296484794549837824
1296484805211836416
1296484807061405696
1296484813331992576
1296484821598965760
1296484826317492225
1296484843673526276
1296484847003852803
1296484873381859329
1296484878087749632
1296484889974513665
1296484890259656709
1296484898438619144
1296484901651447808
1296484910920798210
1296484915723337729
1296484922593550343
1296484924522934272
1296484931791663104
1296484936162201601
1296484948593999872
1296484951769128961
1296484982270169090
1296484994228129797
1296484998946660355
1296485000079187970
1296485016021667840
1296485017326149633
1296485020333416450
1296485019469467650
1296485024603287552
1296485031750307840
1296485037479792642
1296485053082537985
1296485053502042114
1296485060837879809
1296485062205153280
1296485103573569538
1296485115674144771
1296485125929209866
1296485129272131587
1296485137966870528
1296485142211551234
1296485142563819521
1296485172574064642
1296485181247848451
1296485191070908416
1296485205159665664
1296485211933487104
1296485226441584640
1296485233529888769
1296485234888839168
1296485238441414660
1296485245865340928
1296485246272188420
1296485259639508992
1296485266375561220
1296485267331862531
1296485271119319048
1296485275800043521
1296485276089556997
1296485280690708482
1296485281030377474
1296485289121251328
1296485317533409282
1296485326224007171
1296485346604179456
1296485360034295809
1296485368469106690
1296485372520738816
1296485386026459136
1296485398470950915
1296485413524328448
1296485427428372482
1296485429810733056
1296485432675508225
1296485452468322312
1296485457296076800
1296485468209655808
1296485477432938499
1296485481102934017
1296485486593216517
1296485494205939715
1296485496927985665
1296485507078197249
1296485535549194247
1296485545103822853
1296485547612024833
1296485570760388609
1296485587000729606
1296485588284182529
1296485591320854528
1296485607070408706
1296485612640509954
1296485615144402950
1296485628054577152
1296485631544168456
1296485632588513282
1296485645309878273
1296485652251455491
1296485653874642946
1296485656466685952
1296485662019985410
1296485665803243521
1296485665870356481
1296485678625304576
1296485681473163265
1296485681594880003
1296485683310329856
1296485687097688067
1296485690927206401
1296485691820576768
1296485703128428544
1296485708979412994
1296485712003502080
1296485716403335168
1296485717166764035
1296485743133708288
1296485743288885248
1296485746170376192
1296485746354925568
1296485770174357504
1296485778302947328
1296485797017915396
1296485796904673286
1296485800281022464
1296485818350088193
1296485834531758081
1296485837182586884
1296485851854245888
1296485858594430978
1296485862373494784
1296485863514406915
1296485870363648000
1296485879318548482
1296485887015034882
1296485897349877760
1296485897215647746
1296485904794685444
1296485914332532737
1296485929822101504
1296485930187067401
1296485976399925250
1296485980036370434
1296485983932878849
1296485991868510209
1296485996855468039
1296486001041444869
1296486006510813184
1296486009975308289
1296486021476098049
1296486029684281344
1296486040329494529
1296486067374379014
1296486075901399041
1296486076568211456
1296486088203173888
1296486088412987400
1296486093261606913
1296486093878112257
1296486096717713412
1296486098051502083
1296486102405206016
1296486114774130688
1296486122193924098
1296486122772725760
1296486126132383750
1296486126346174474
1296486134525186050
1296486139956727810
1296486147552616449
1296486156306206720
1296486157262487552
1296486168415043585
1296486177411932162
1296486186907848704
1296486193522184192
1296486197905240066
1296486224060964865
1296486232537604102
1296486232969666560
1296486235343671296
1296486239487565826
1296486244369813504
1296486244705239042
1296486247674916868
1296486270563225613
1296486273230790656
1296486274682036224
1296486278272344066
1296486282495963138
1296486287331987456
1296486290947547136
1296486291870187521
1296486293803872257
1296486294328086530
1296486300258840577
1296486316834787331
1296486334371168258
1296486356781346818
1296486363286691840
1296486366784757760
1296486372082176000
1296486382647627777
1296486383087910916
1296486388855189504
1296486390650339330
1296486390776180736
1296486399953309697
1296486409029726208
1296486411282128897
1296486411785449472
1296486425807015940
1296486427224662021
1296486433197371393
1296486437341274113
1296486441946689536
1296486442206724096
1296486447067869184
1296486485038977025
1296486487463272449
1296486512234835968
1296486523462922245
1296486523878219778
1296486550415564800
1296486553326440449
1296486556287602690
1296486564906885126
1296486572511178753
1296486609009942530
1296486611824316417
1296486613661503491
1296486616857489410
1296486619399299072
1296486625573208069
1296486627360022529
1296486652651741185
1296486658179837957
1296486658888667138
1296486664479571972
1296486667021410306
1296486668476743681
1296486680761978880
1296486682376777729
1296486682045427718
1296486702467481601
1296486709660733442
1296486722029707264
1296486732574187523
1296486735854149632
1296486736718069762
1296486739519971328
1296486739662471169
1296486747476459521
1296486747702996994
1296486759799422978
1296486765474324480
1296486775121162240
1296486775146373121
1296486798407929861
1296486806616182784
1296486814602203139
1296486816024088577
1296486837574406145
1296486840636235777
1296486857413406722
1296486865030336513
1296486870029926408
1296486884366057473
1296486885943054338
1296486886329004036
1296486893849325570
1296486894377881611
1296486896105914369
1296486902393114626
1296486907531218944
1296486913055109122
1296486915009662976
1296486920852299779
1296486927236050944
1296486929656164356
1296486961901953024
1296486963231457280
1296486969539801091
1296486987046813697
1296486989911425025
1296486999419953152
1296486999667466240
1296487000032321543
1296487005048705024
1296487005426196485
1296487007556902914
1296487032580120577
1296487049856536576
1296487061743075329
1296487068365991938
1296487070140116993
1296487076599402498
1296487088230150144
1296487096430010369
1296487100037189632
1296487127463727104
1296487128914853894
1296487137399975937
1296487143041372162
1296487154504347656
1296487155020247040
1296487155846520835
1296487162226057221
1296487167838085122
1296487170862088192
1296487183466016770
1296487188436221953
1296487192789999624
1296487201216368641
1296487201237344257
1296487212473868299
1296487230358392832
1296487235412533250
1296487242609971201
1296487258539917313
1296487263589801987
1296487264424517632
1296487268342005762
1296487268379697153
1296487276059471872
1296487290383011842
1296487323790651394
1296487331164282882
1296487335274647552
1296487347559829505
1296487350034468864
1296487359958126593
1296487378119544833
1296487381957251072
1296487387032367104
1296487395957899265
1296487410725982208
1296487418594496514
1296487431768870912
1296487439830257671
1296487443743551494
1296487449636614146
1296487449758175232
1296487449703702529
1296487456062218240
1296487465277104128
1296487477470003200
1296487482603732992
1296487489578897414
1296487490614951943
1296487491264970758
1296487535410110464
1296487535703621632
1296487561230254083
1296487578313674753
1296487592708513795
1296487599553613830
1296487607669579776
1296487624652316672
1296487651453927425
1296487662027759617
1296487672152825856
1296487678712713217
1296487678612045824
1296487680004501504
1296487695972270080
1296487729291759616
1296487742830936066
1296487745150492675
1296487758396116992
1296487763513147392
1296487784170041345
1296487789505196035
1296487813660237824
1296487818013954052
1296487839253909505
1296487841518751744
1296487846409392130
1296487851127975936
1296487865942253582
1296487876109246464
1296487884384612359
1296487900645916673
1296487901304365062
1296487909181345793
1296487918706581504
1296487921327976451
1296487927401324546
1296487931742425091
1296487947630501890
1296487947974385665
1296487950847483904
1296487950507794435
1296487956073586690
1296487957248040964
1296487960192471040
1296487961010278400
1296487972997668864
1296487976722194432
1296488002345209857
1296488002378698755
1296488008775065600
1296488019638222851
1296488031394955264
1296488061333889027
1296488085174267905
1296488090136174593
1296488090656280584
1296488094926069771
1296488098885505025
1296488110038159360
1296488114337263617
1296488127993974784
1296488128786706433
1296488130942566402
1296488160956944389
1296488168586387456
1296488170050203649
1296488171023355905
1296488173493719041
1296488179260887042
1296488190317142016
1296488193815183361
1296488236261482496
1296488241407971330
1296488258931691520
1296488261590880263
1296488286630936576
1296488286731620352
1296488287926919170
1296488288640012289
1296488309624123394
1296488316918026241
1296488337189068800
1296488337293942786
1296488361851523073
1296488371309748225
1296488371905335297
1296488375109726210
1296488397746429952
1296488413089202176
1296488428738093057
1296488430189318145
1296488439416750081
1296488441635536898
1296488441543372802
1296488468990894081
1296488472098873344
1296488480407683072
1296488484979564550
1296488491715571712
1296488512703934465
1296488512699666432
1296488512750071811
1296488517653147648
1296488521251913730
1296488521428021250
1296488531406266369
1296488556999909378
1296488561051664388
1296488584430723075
1296488584736911362
1296488593465192448
1296488593859457028
1296488623655747584
1296488632572956675
1296488634602987522
1296488640164573186
1296488651233341440
1296488653598920704
1296488657520660483
1296488665502425088
1296488665800159232
1296488681004466178
1296488693474168839
1296488711392305158
1296488714579910657
1296488724486926336
1296488729012510726
1296488744653066240
1296488750147612673
1296488790710722563
1296488799204237314
1296488814790270982
1296488827469606912
1296488851104509955
1296488853965090822
1296488879650938881
1296488886114320385
1296488894851153923
1296488915948523520
1296488920121778177
1296488923888328706
1296488928627822593
1296488937071038468
1296488938996195330
1296488970675781633
1296488982604320768
1296488988669337601
1296488991404023809
1296488995652763648
1296489000216272897
1296489007510167554
1296489012434210816
1296489025965109255
1296489039089020929
1296489047263793153
1296489071875956737
1296489098321027073
1296489100309143553
1296489105803685888
1296489109255532544
1296489121532256256
1296489133473517569
1296489133616111616
1296489138707935235
1296489139806916609
1296489143938224128
1296489152679235585
1296489161176821760
1296489163429236739
1296489167766126598
1296489172023287809
1296489172207886336
1296489173231325192
1296489175781388288
1296489180068012037
1296489192890015748
1296489194416738304
1296489200674627584
1296489204747309064
1296489205871382529
1296489206018125828
1296489213110738944
1296489217355386881
1296489221763608577
1296489226972864513
1296489230760378373
1296489235118268417
1296489238247223296
1296489240742760450
1296489244689653760
1296489249831886850
1296489269880643586
1296489280622206976
1296489289799340033
1296489294996148224
1296489301560229889
1296489305792290822
1296489314055008257
1296489315581788160
1296489317930500098
1296489336431693829
1296489339887726596
1296489349324910592
1296489356354637826
1296489365947011072
1296489389892276229
1296489393767747587
1296489394422140930
1296489402152124418
1296489403058135040
1296489418807746562
1296489436310634496
1296489448511868929
1296489453037531136
1296489474474508289
1296489509262155778
1296489521714995202
1296489524835618816
1296489530749591553
1296489544452395009
1296489546415329280
1296489556129308677
1296489571606319104
1296489597610995713
1296489599003484162
1296489608340021254
1296489622403457024
1296489642011828226
1296489653483245571
1296489676761636865
1296489696563007491
1296489725499453443
1296489725650513922
1296489731379822592
1296489738451529728
1296489748052283397
1296489748186398723
1296489754972782592
1296489771901112330
1296489774912548865
1296489783758401536
1296489783984783363
1296489789861093376
1296489846932938752
1296489847801225216
1296489877815603200
1296489884505509889
1296489889932943360
1296489890406903815
1296489894546681857
1296489899126919168
1296489901991624704
1296489903077851136
1296489910384373760
1296489914285076481
1296489933155250179
1296489943687147520
1296489947193647104
1296489951677288450
1296489953027862528
1296489956010065921
1296489956400144384
1296489960426688512
1296489966021808128
1296489969763192832
1296489976708976642
1296489980664184832
1296489981855358977
1296489986947153928
1296490003187609600
1296490007830700034
1296490010175320064
1296490010775085060
1296490015497900032
1296490018714902530
1296490023211204608
1296490024599527425
1296490036226076674
1296490039526985728
1296490046128828416
1296490052395110406
1296490064625704974
1296490078466867200
1296490085450383360
1296490094698913799
1296490102298939393
1296490104857530368
1296490106681987072
1296490112268853249
1296490137883475969
1296490140651655173
1296490149828874242
1296490209002115081
1296490212458213377
1296490215746543616
1296490217193512961
1296490221375238145
1296490221933035525
1296490225070485506
1296490233597431815
1296490236512477184
1296490242057306114
1296490246654373890
1296490249242185728
1296490275695669249
1296490317982638088
1296490319366762496
1296490346835320837
1296490347200208898
1296490347992887299
1296490376610676736
1296490379991232514
1296490393329176577
1296490393945739264
1296490404808994816
1296490414061559812
1296490418260062208
1296490418813763587
1296490421384814594
1296490434504663040
1296490450795331584
1296490460551286784
1296490464141508609
1296490475919155201
1296490477651406855
1296490485113028609
1296490494369894406
1296490501005348866
1296490505237397506
1296490506210467843
1296490507028377600
1296490526427025410
1296490527718805507
1296490543883735041
1296490547708940296
1296490552926580744
1296490564263829505
1296490564888780800
1296490573243744256
1296490573931708429
1296490577358401536
1296490578239270913
1296490582588690439
1296490585692549120
1296490585981890560
1296490589790318596
1296490592063692800
1296490595163267073
1296490603258302465
1296490606336909312
1296490607150600192
1296490607293202432
1296490609885282305
1296490639564185602
1296490653107527680
1296490660627873793
1296490681721069570
1296490683847651329
1296490694379536385
1296490704038920192
1296490714998726661
1296490717041352706
1296490717041360897
1296490724553367552
1296490727438979072
1296490736267988992
1296490740160311297
1296490748687286278
1296490749027143680
1296490762914463749
1296490773983174663
1296490773114957824
1296490791200858113
1296490808590336001
1296490828341432320
1296490835069083648
1296490849363210251
1296490853389742081
1296490854706708482
1296490874176786437
1296490891478278144
1296490891721543680
1296490891922812929
1296490908712566786
1296490921576603648
1296490930887888899
1296490937275813889
1296490941767966720
1296490950324375553
1296490971098746882
1296490974835769344
1296490976215793666
1296490976366731269
1296490979470512129
1296490988190531584
1296490991810154497
1296490992225456131
1296490992993001475
1296491001486467073
1296491004896391169
1296491022223114241
1296491025058484224
1296491030934585345
1296491035783319554
1296491039130361856
1296491039532945408
1296491047380492289
1296491059107762178
1296491063230824450
1296491085334745088
1296491102044905474
1296491106541211649
1296491131904176128
1296491160999989250
1296491180448976902
1296491185943597057
1296491206000738304
1296491213705687041
1296491226879922181
1296491228582813697
1296491233074978821
1296491235130179585
1296491261285761024
1296491268793610240
1296491273143103488
1296491278625103872
1296491282739744770
1296491287147941894
1296491299709898755
1296491306647203845
1296491319989329922
1296491323730558977
1296491331854966785
1296491344756604929
1296491354927902725
1296491361231872000
1296491370291564549
1296491374871818240
1296491378298552326
1296491383814008832
1296491391854444544
1296491394643693575
1296491412364636160
1296491420786855939
1296491427766075403
1296491430584684544
1296491436033155072
1296491449870163970
1296491461320597504
1296491467247149056
1296491470724239370
1296491474893365249
1296491482858364930
1296491483625926656
1296491484468973573
1296491487899852802
1296491495873294337
1296491500763840513
1296491512079974402
1296491521693364226
1296491550780919809
1296491563200249858
1296491568082358274
1296491572490625024
1296491593256644609
1296491599954948098
1296491600516874240
1296491600701534212
1296491610243510282
1296491613636775940
1296491626777501698
1296491634121740295
1296491642988433410
1296491650836058114
1296491685183094784
1296491685329895425
1296491710508302339
1296491713608011777
1296491734101262337
1296491742397595648
1296491743387541504
1296491759179005953
1296491765269135361
1296491773053861888
1296491809934319617
1296491812220174337
1296491818188668931
1296491823263875073
1296491834550689792
1296491838615019520
1296491839281823745
1296491843752996865
1296491852347191297
1296491887050854400
1296491894063628288
1296491911482679301
1296491927215509507
1296491950187712514
1296491956676243464
1296491956936343553
1296491962938413056
1296491968785252352
1296491983259734019
1296491986464235521
1296491987521150976
1296491990549487617
1296491991711256577
1296492007481901058
1296492008693997571
1296492023441219585
1296492033247531008
1296492034006626306
1296492036472930306
1296492045448744961
1296492049114501120
1296492057687711746
1296492062041427968
1296492063371005953
1296492065833058317
1296492067317841922
1296492075165376517
1296492084434743299
1296492087941173249
1296492095721676803
1296492096145293313
1296492103313379330
1296492109629882369
1296492113039962112
1296492117066502152
1296492134955089927
1296492149828182017
1296492159491858432
