1300236841677971457
1300236847336095749
1300236855665856513
1300236856441749504
1300236871528853505
1300236873248526342
1300236874037039104
1300236884065619971
1300236884325462016
1300236892802289664
1300236895280967680
1300236896606384128
1300236907763372034
1300236930328793089
1300236940562722817
1300236955163254784
1300236968844881920
1300236975438528512
1300236978475003905
1300237005062799361
1300237026051018753
1300237031088545792
1300237033793884160
1300237040060112899
1300237042023096325
1300237042954039296
1300237044703264768
1300237052022263809
1300237073505374208
1300237085052293120
1300237086914539520
1300237097593438208
1300237105151578117
1300237115091894273
1300237138106220544
1300237139288887297
1300237160507871232
1300237165884973058
1300237179512291345
1300237188886679553
1300237193819152384
1300237195207475200
1300237197036134400
1300237200093663233
1300237206817247232
1300237218561261575
1300237242049458176
1300237249477357568
1300237261854957570
1300237281987457024
1300237327642615816
1300237339319394305
1300237342314123267
1300237354498752512
1300237373964517378
1300237396915576834
1300237396965879808
1300237399818145792
1300237437382270977
1300237440888836097
1300237445628215297
1300237445779333122
1300237449512116224
1300237459943501825
1300237463491837955
1300237469644992512
1300237470768992258
1300237480285749248
1300237489324654594
1300237494244593665
1300237508538781696
1300237545792589824
1300237546350354434
1300237556030767104
1300237587584618501
1300237600620453889
1300237609202057216
1300237613471760384
1300237646531309570
1300237650654355456
1300237678089306112
1300237679838334977
1300237695411728389
1300237696749760513
1300237712843329542
1300237714239959041
1300237714361638913
1300237740945149954
1300237751892099072
1300237753301557248
1300237803557736448
1300237803939221504
1300237805193498625
1300237807026352129
1300237807525359617
1300237818296328192
1300237830464077827
1300237840534638593
1300237841323053056
1300237848558403585
1300237858549030918
1300237887032774656
1300237895010316288
1300237896046313479
1300237900970430466
1300237901356314631
1300237918863323136
1300237922583576582
1300237936974131201
1300237940560457730
1300237940795338754
1300237953457889281
1300237961947086848
1300237986693435392
1300237989721726976
1300238009149915138
1300238016305401858
1300238028343070720
1300238029760667648
1300238031698432008
1300238045745213442
1300238053240434691
1300238061687590912
1300238068318973953
1300238096240439297
1300238097020579840
1300238097280507904
1300238103592841216
1300238108869361664
1300238137747296257
1300238146433462272
1300238159960256515
1300238161084325888
1300238167715569664
1300238175340814347
1300238178968838149
1300238190360616966
1300238218009477120
1300238239706435584
1300238253036048384
1300238255145676800
1300238271944024064
1300238273374281728
1300238273508528128
1300238292726755329
1300238296266821634
1300238310359605253
1300238330001416192
1300238354739535874
1300238365804167169
1300238390550556673
1300238391615918081
1300238406077874178
1300238414097383427
1300238414797778947
1300238426382401541
1300238431025590274
1300238431453360130
1300238439036588032
1300238445604818944
1300238449962881024
1300238452613672962
1300238455432196101
1300238481696993287
1300238486381891584
1300238492878991363
1300238496326705153
1300238500172709888
1300238500898508802
1300238512114016262
1300238527452426240
1300238535283408897
1300238537573294080
1300238542782648321
1300238552899497985
1300238554115776513
1300238571341787140
1300238593860997120
1300238603352788995
1300238612630573059
1300238620964470784
1300238641466400773
1300238642271735814
1300238658755276800
1300238664988061697
1300238670708998146
1300238691458260995
1300238723754332163
1300238730549133312
1300238737104797697
1300238737293504512
1300238755127873537
1300238762761498625
1300238779492360194
1300238782839418880
1300238791739715586
1300238821917745152
1300238829702578176
1300238834647658496
1300238837197742086
1300238844361609216
1300238861612781568
1300238864112521216
1300238867451256833
1300238876968091652
1300238882353696776
1300238886992445440
1300238901819437056
1300238909679362049
1300238921524113415
1300238925299154944
1300238929916956672
1300238939639500800
1300238951404498945
1300238965014888450
1300238965501341696
1300238983918649345
1300238984682102786
1300238988867809280
1300238998250586112
1300239011122905089
1300239021851860992
1300239034405531656
1300239047630168073
1300239048192163841
1300239053690896385
1300239058581544960
1300239058703065088
1300239091930468353
1300239103745761283
1300239104991473664
1300239106019143680
1300239107940118531
1300239107969384448
1300239122360078336
1300239130522259463
1300239145592389633
1300239149082046474
1300239162621202432
1300239167465705472
1300239185203195904
1300239186876743680
1300239204216188934
1300239212994797570
1300239221190471681
1300239229625053186
1300239243541975041
1300239253981425664
1300239266379898882
1300239273350672386
1300239278786654208
1300239292292370441
1300239292405444608
1300239302820016130
1300239304036294656
1300239306754347010
1300239311414218754
1300239314144694286
1300239322101276672
1300239324932341762
1300239331903197184
1300239333304274944
1300239351633371136
1300239366900649986
1300239367521349632
1300239374525911045
1300239383468167170
1300239387549077505
1300239391533592577
1300239404439486464
1300239405173690368
1300239422378696706
1300239429697597440
1300239430985428992
1300239435045494785
1300239438715346944
1300239449758920704
1300239454603444225
1300239456625139714
1300239467412938753
1300239471699353602
1300239472349663232
1300239474081828869
1300239477361774593
1300239488887787520
1300239498815569922
1300239502254858242
1300239502431129608
1300239506595962880
1300239521787895808
1300239523721351168
1300239538095304706
1300239541861666816
1300239543954677762
1300239547129880576
1300239548539006976
1300239588452175872
1300239600351424517
1300239604801441792
1300239628579016705
1300239687504732160
1300239691011076096
1300239706131755008
1300239706295209985
1300239714348421120
1300239722564988933
1300239723747782658
1300239728973930496
1300239732534898688
1300239735332495368
1300239739690213376
1300239745340059649
1300239749379047424
1300239760192147456
1300239765472555010
1300239769507713030
1300239769788731394
1300239770279440388
1300239776558190592
1300239782791053314
1300239789153755140
1300239792291098624
1300239799874457600
1300239821844119556
1300239840764506113
1300239841649725443
1300239858888187904
1300239861434191874
1300239861539131392
1300239866110771203
1300239871039152129
1300239890890678272
1300239919915372545
1300239933144215554
1300239934104764417
1300239936436797440
1300239938907189249
1300239940123590664
1300239945941032960
1300239948935725062
1300239949338472452
1300239966631530498
1300239972155318272
1300239978241368064
1300239986365620224
1300239991935729670
1300239992426344448
1300239992581623810
1300240001364447233
1300240017328082944
1300240017588183047
1300240021534863360
1300240040229056516
1300240062433693696
1300240064958599168
1300240072143503360
1300240079995244545
1300240098248847361
1300240100849221639
1300240101826531334
1300240120424079368
1300240124786225155
1300240129265725440
1300240137708875776
1300240142339387393
1300240142708412416
1300240143924699136
1300240149977026560
1300240185645432832
1300240188392660993
1300240192322899968
1300240195124514816
1300240206633762816
1300240233972277248
1300240238829350912
1300240265656049664
1300240268256395264
1300240269019930625
1300240270118793217
1300240271427461120
1300240273365237764
1300240280172466176
1300240280759816193
1300240294563196928
1300240296924545026
1300240305627619328
1300240306143670272
1300240306638647296
1300240306542174209
1300240313936642049
1300240318906982403
1300240322027565056
1300240341103243264
1300240372283723776
1300240395922804740
1300240398112227331
1300240403392724992
1300240412947427331
1300240418244825089
1300240424242737152
1300240450738106368
1300240454676549632
1300240460208840704
1300240464533094401
1300240465116180480
1300240469927092224
1300240497919881216
1300240498431586304
1300240514852311041
1300240536582918146
1300240536930938880
1300240548670902272
1300240552911233025
1300240553649541120
1300240563053228033
1300240574491099136
1300240581793210369
1300240582883803137
1300240590576087041
1300240609530310656
1300240613867225089
1300240623941738496
1300240625644830722
1300240626747834368
1300240631479009281
1300240662059716609
1300240675510812673
1300240678459498499
1300240688798367744
1300240700521488387
1300240724684869633
1300240733874475008
1300240742821101568
1300240750521847814
1300240755529744384
1300240756288954372
1300240758692368390
1300240780389502976
1300240792615661569
1300240792737456128
1300240813058916352
1300240850795065346
1300240850899804161
1300240852267270146
1300240864544010241
1300240865139609601
1300240869220646914
1300240877097570304
1300240877361733633
1300240877709860866
1300240882436902912
1300240893316706304
1300240897976668160
1300240911121575939
1300240918235230208
1300240923268395008
1300240944499798016
1300240947540709376
1300240949432459264
1300240978599583744
1300240985037959170
1300240987546058753
1300240989458759680
1300240991543324678
1300240991782342656
1300240997213929474
1300241005371949056
1300241010350489608
1300241025261334529
1300241033717075970
1300241034916421633
1300241052658434050
1300241052788498432
1300241055774801920
1300241081183985666
1300241102377832448
1300241107566170118
1300241110355255297
1300241131414777856
1300241148309635073
1300241164906496000
1300241165300764673
1300241166110199808
1300241174419197954
1300241176256282624
1300241176386129920
1300241177418104841
1300241181784195072
1300241182338043911
1300241188264476672
1300241195403182081
1300241198662082560
1300241200360775680
1300241201015255040
1300241224520085506
1300241238336167938
1300241274709123075
1300241275493515264
1300241283865350144
1300241291352178689
1300241305289846791
1300241308343300096
1300241308628520960
1300241309450620932
1300241312931868673
1300241321949646848
1300241325279903745
1300241327041511425
1300241329167900672
1300241338609340417
1300241345815154689
1300241368481103872
1300241370532118533
1300241372738281472
1300241375053729793
1300241383714942976
1300241400143818754
1300241402396205057
1300241406477438977
1300241414119358464
1300241434726068226
1300241435141328902
1300241448328032256
1300241451486412806
1300241468641157122
1300241469924503553
1300241485661712385
1300241488576733189
1300241493899141120
1300241501851705350
1300241513570422786
1300241518331035654
1300241542314156032
1300241552934137858
1300241555677011968
1300241582470443014
1300241582524899337
1300241614103695361
1300241614476947457
1300241615173439490
1300241616553357312
1300241634723082242
1300241639592677378
1300241655619104769
1300241657393115138
1300241661461778432
1300241677588656129
1300241681602801669
1300241693527113729
1300241720748244998
1300241722937614336
1300241724577656834
1300241731766550529
1300241731791843328
1300241748761825284
1300241757964300289
1300241766143098881
1300241771121848320
1300241782261784576
1300241794417004545
1300241796652347392
1300241807373217792
1300241808534896641
1300241818706042881
1300241820601868288
1300241828193734656
1300241833339969537
1300241838184439808
1300241861504884737
1300241865825017860
1300241871210459139
1300241874054074368
1300241874653831168
1300241887249350656
1300241924901699584
1300241925270892549
1300241945197903872
1300241955771695106
1300241956384247809
1300241959441719296
1300241963447463936
1300241968426086400
1300241974805446656
1300241981239517184
1300241981654798337
1300241981860278272
1300241984452472832
1300241987615043584
1300241989330501636
1300241991813472256
1300242000831229954
1300242004874584070
1300242012839587840
1300242014970224642
1300242033454571522
1300242036889546752
1300242045676773378
1300242050068045825
1300242056812605444
1300242067063541762
1300242077402497031
1300242090484551680
1300242098755637248
1300242101691731968
1300242117332275200
1300242121215991808
1300242122667208706
1300242131882254336
1300242135577497605
1300242136479092736
1300242139394211840
1300242142959468544
1300242153323585538
1300242184390705152
1300242184978001920
1300242185980448769
1300242209514680320
1300242228707831810
1300242241089232897
1300242253970059266
1300242286375133184
1300242286685704192
1300242296068333568
1300242296181583872
1300242302737223682
1300242312832978950
1300242323285053441
1300242331141054466
1300242336044085249
1300242343434629121
1300242344097112065
1300242362707443713
1300242366222090241
1300242369737101317
1300242379610501121
1300242391010603008
1300242402108518402
1300242407922032640
1300242408995725312
1300242419217174528
1300242424879484928
1300242442508066817
1300242448644558849
1300242459163754498
1300242464599502848
1300242471281139712
1300242488557330432
1300242491988475905
1300242496191180800
1300242505313648640
1300242513522036736
1300242523974180864
1300242529884016640
1300242534287933440
1300242541569335297
1300242554751840256
1300242558505938944
1300242580765118464
1300242581687660544
1300242584091189248
1300242587308249088
1300242606950055936
1300242612918661120
1300242616374693890
1300242617532383233
1300242621919563776
1300242643214110720
1300242644220678145
1300242645617455105
1300242649908211715
1300242650814197766
1300242654249259008
1300242677137641473
1300242679951798272
1300242689586335746
1300242692794916866
1300242694057463808
1300242696695681025
1300242699929427968
1300242703020699650
1300242706774388736
1300242709312135169
1300242725418065921
1300242735014780929
1300242738365988866
1300242742010949633
1300242742493294592
1300242742560333825
1300242749065703424
1300242754581061634
1300242765264101377
1300242771664662531
1300242784037863426
1300242790031544326
1300242793307279361
1300242802299658241
1300242806250766336
1300242818586357760
1300242840174329856
1300242840258109440
1300242855236173825
1300242860701351938
1300242872411725824
1300242883480608769
1300242919308357632
1300242922823135232
1300242925209767941
1300242928137363458
1300242931836768259
1300242937272565762
1300242961540812801
1300242970789195778
1300242979291123712
1300242981446877184
1300243008957407232
1300243020235837440
1300243039525326850
1300243040871813122
1300243082378645517
1300243088217190401
1300243090603675648
1300243102763020291
1300243109843030018
1300243111113883656
1300243115392086018
1300243138343247874
1300243140452823040
1300243142277382144
1300243154088714241
1300243158148808704
1300243159625203713
1300243162129199105
1300243189081792513
1300243201534681091
1300243203942223874
1300243205775069185
1300243209944281089
1300243212934746113
1300243222707412992
1300243226364846080
1300243226956365836
1300243235563077633
1300243243716751360
1300243247198072832
1300243247525224448
1300243255913623552
1300243257797025794
1300243258132647938
1300243264197410816
1300243271000772611
1300243279091507208
1300243283797393409
1300243288318906368
1300243288344195073
1300243292496429056
1300243294186811394
1300243305205305345
1300243309273796608
1300243313082142723
1300243316575854593
1300243326369763328
1300243330509475842
1300243343939481600
1300243352562970624
1300243355717099520
1300243358929936384
1300243360251248646
1300243377930342408
1300243389842157568
1300243393394569216
1300243409010073601
1300243415200935937
1300243414974443526
1300243435404877824
1300243436176629760
1300243451317977090
1300243473145065472
1300243476555202560
1300243491134615553
1300243516988297217
1300243523506262018
1300243523942395911
1300243528069644297
1300243538941272065
1300243539813707776
1300243553688395778
1300243565323464705
1300243568158670848
1300243568389492738
1300243598106124290
1300243603713937408
1300243604968005632
1300243607765618689
1300243614677839872
1300243614698594305
1300243615801913345
1300243620734226432
1300243643752763399
1300243653630328833
1300243656683794433
1300243660915736579
1300243664904638464
1300243682340216832
1300243690380820480
1300243697066553351
1300243706805661697
1300243708198051840
1300243712069513221
1300243724392423424
1300243739617759232
1300243741173714944
1300243741425500160
1300243742486654977
1300243749205929984
1300243752909496321
1300243753114857473
1300243765312065538
1300243816415481860
1300243833154871296
1300243834287259649
1300243839295393795
1300243844089475075
1300243858706567175
1300243866717569024
1300243876846985219
1300243879489425410
1300243926557896705
1300243931783933953
1300243935604826112
1300243950322638849
1300243969020846080
1300243974045732864
1300243980534394880
1300243994190974976
1300243995952648194
1300244000834818059
1300244005100433409
1300244005750558722
1300244010846621697
1300244013354831881
1300244023811039232
1300244024817848321
1300244029989244930
1300244044438810624
1300244060733489153
1300244068690206720
1300244090815094784
1300244094858469379
1300244106640330756
1300244115607650305
1300244120691240965
1300244122180243456
1300244127137792002
1300244134733795333
1300244134498897933
1300244140521861122
1300244143550197760
1300244144472768512
1300244152618070017
1300244157718564865
1300244160763445248
1300244177712799744
1300244186076151815
1300244186428399616
1300244197669310465
1300244216057008128
1300244216602271745
1300244220658282497
1300244221731930117
1300244222117924869
1300244227335565312
1300244230959493120
1300244235120246785
1300244240694419456
1300244245593370625
1300244248537821199
1300244252014923783
1300244273141612544
1300244274173353988
1300244274316021763
1300244286034898952
1300244293928579072
1300244299246837761
1300244306247196679
1300244320344248321
1300244332285497348
1300244341223555074
1300244346965389312
1300244363533058051
1300244370378100736
1300244375083991040
1300244382491332609
1300244395854364674
1300244397687279623
1300244424333488130
1300244438061649922
1300244444717948929
1300244450992508928
1300244451386949632
1300244458869456896
1300244468268924929
1300244484848930816
1300244507854868487
1300244508295266304
1300244518701277185
1300244518772629505
1300244521083637761
1300244522220351488
1300244531074355202
1300244531552677890
1300244531695288322
1300244532374589440
1300244572711182338
1300244575534026752
1300244596660658178
1300244597281492992
1300244601882566657
1300244604235603969
1300244609541353474
1300244613408620546
1300244652457689090
1300244653459922944
1300244661034979328
1300244672657330176
1300244677107609602
1300244684711718912
1300244694534942722
1300244707554086913
1300244715258785792
1300244723618246658
1300244730668871681
1300244730643648512
1300244744535236614
1300244747110330369
1300244747198631943
1300244747693547521
1300244765384912901
1300244769210355713
1300244774956527616
1300244779058507776
1300244791167537158
1300244797127643136
1300244803343572993
1300244805637869568
1300244814785646594
1300244815125164032
1300244819181092869
1300244823056748545
1300244827334823937
1300244839636840449
1300244840609972226
1300244840979009537
1300244841771786241
1300244848151273472
1300244849312976898
1300244864400084997
1300244865473748994
1300244871597490178
1300244875233898498
1300244881848360963
1300244883790233601
1300244884247511041
1300244887737044992
1300244898763816960
1300244913242677248
1300244915176308738
1300244933391998977
1300244961963790337
1300244988538884096
1300244998605004802
1300245000152899585
1300245004443672576
1300245011041222659
1300245019815825409
1300245029525450755
1300245054963949568
1300245056998322176
1300245058227179521
1300245065974132736
1300245067068846083
1300245071548293120
1300245076111699970
1300245084970070019
1300245091358068737
1300245093081907203
1300245114011267073
1300245114380587008
1300245121980600323
1300245141744226305
1300245168617132034
1300245170315763712
1300245202641268738
1300245229858152450
1300245251521761280
1300245258782081031
1300245268189843457
1300245273210499074
1300245275446046725
1300245276280512514
1300245277975011328
1300245285868896257
1300245306622111746
1300245316378275840
1300245328650809345
1300245328684343297
1300245343276273665
1300245352067465217
1300245357507547142
1300245360032522242
1300245360103714816
1300245372338606080
1300245372409974785
1300245373970071552
1300245381754703872
1300245396900524033
1300245411588956162
1300245412041953282
1300245412318765057
1300245421097443331
1300245423517507586
1300245435408289794
1300245439615242247
1300245451757809665
1300245453548724224
1300245474063134726
1300245487484690432
1300245498079727618
1300245515423166467
1300245520577773568
1300245539993219072
1300245549501820929
1300245554665058305
1300245562168684545
1300245562202173441
1300245582808674305
1300245596566163458
1300245605021814784
1300245612273729538
1300245612659486720
1300245619622195200
1300245634851667972
1300245637993099265
1300245641357078528
1300245649884094465
1300245650194468866
1300245659451187200
1300245666526932992
1300245671417536512
1300245675733594112
1300245683665072128
1300245690598055936
1300245696193466368
1300245703936147459
1300245716158251010
1300245714916737025
1300245724983169025
1300245743362617345
1300245750622846977
1300245754095767557
1300245785481748481
1300245792100417536
1300245795753668615
1300245799914418177
1300245801596334081
1300245806633701382
1300245820889915392
1300245830352252929
1300245840808771584
1300245842100535296
1300245842356563969
1300245847154843652
1300245857355395072
1300245861411090432
1300245872236736518
1300245873385906176
1300245875248132096
1300245890511392769
1300245890880299008
1300245896123228163
1300245896471425024
1300245896928600064
1300245905824718848
1300245912157995009
1300245923503779842
1300245931292581888
1300245932198559745
1300245953060974598
1300245956559020032
1300245957238566912
1300245959360884746
1300245959461474305
1300245961277616129
1300245963760496640
1300245984815976449
1300245987043274752
1300246001303855104
1300246002356695040
1300246023818874881
1300246024993136640
1300246033234968578
1300246033503383552
1300246036842078208
1300246073051545601
1300246082774093826
1300246090013446145
1300246099794571264
1300246100289282048
1300246111010070530
1300246123341324288
1300246125044051968
1300246125694386177
1300246128135290880
1300246133315457025
1300246136138002432
1300246136473751553
1300246137530707971
1300246146011590658
1300246153863114752
1300246169268842496
1300246170854449152
1300246173203206145
1300246177607159808
1300246186264113152
1300246199442853889
1300246229104947200
1300246234364391424
1300246235496943617
1300246237137063936
1300246237321588736
1300246248298078210
1300246249082363905
1300246275539918848
1300246288626315266
1300246291465687040
1300246299514679298
1300246301033062401
1300246311648800768
1300246325758488580
1300246350131593217
1300246357391761408
1300246357979148289
1300246361972060160
1300246372806012928
1300246376509566981
1300246378275319813
1300246380863201280
1300246388123611136
1300246394964451330
1300246404724674560
1300246404984483840
1300246408415662083
1300246433258446849
1300246435343093764
1300246449834221568
1300246465550233600
1300246475134447617
1300246488438788097
1300246497531965445
1300246500606320640
1300246509867462656
1300246509972316163
1300246521355464706
1300246527655448577
1300246555606364161
1300246567966965761
1300246572316291073
1300246590108524545
1300246592335863808
1300246597939466245
1300246600737083393
1300246609779924992
1300246610446868482
1300246616230817797
1300246644546469891
1300246651286810624
1300246652666613760
1300246653379768323
1300246655451701249
1300246655858601990
1300246670551199746
1300246672384110592
1300246681141862402
1300246681104068608
1300246688838356994
1300246694068592641
1300246694127337474
1300246702629122050
1300246712561274880
1300246724477296641
1300246727287603200
1300246744966377472
1300246754151919620
1300246770711224322
1300246773445820421
1300246774645432322
1300246779531755520
1300246781750583297
1300246796027879425
1300246808317263874
1300246816873734145
1300246840240156674
1300246844832772096
1300246850465869825
1300246850579165186
1300246851342475264
1300246852227543040
1300246871122874368
1300246871047200770
1300246874373468161
1300246887103164425
1300246891817558016
1300246905054588929
1300246916660432902
1300246941519970308
1300246945206808581
1300246971500945408
1300246974503899136
1300246980380241923
1300246992635994112
1300247001725046786
1300247001741762560
1300247010897989639
1300247016346271745
1300247022423990273
1300247022436483073
1300247029021634563
1300247038932680704
1300247058180444160
1300247063129661440
1300247072810172421
1300247077943943170
1300247081106497546
1300247102342279173
1300247110919622657
1300247119618617351
1300247123779346434
1300247126799196160
1300247129299062787
1300247130163077121
1300247135544315904
1300247141957468163
1300247146797707266
1300247152816541696
1300247167576297472
1300247167689515009
1300247196751794176
1300247205341790208
1300247211574525954
1300247218272829440
1300247222903287809
1300247251865006080
1300247252334768128
1300247260169515009
1300247265995415552
1300247268612804608
1300247268663144456
1300247268793241600
1300247274224865281
1300247285746421761
1300247301328384001
1300247320609665024
1300247322606084098
1300247328071340032
1300247335432335360
1300247342654935041
1300247354927390721
1300247373369741316
1300247382060396545
1300247385835147264
1300247387177279488
1300247395217805313
1300247402977226754
1300247406492241920
1300247408564154368
1300247412481634307
1300247416419962880
1300247423940468737
1300247425538433024
1300247426930884608
1300247436104028162
1300247439845154818
1300247445176299521
1300247457780191234
1300247458241544194
1300247484153950209
1300247487601549313
1300247492311748608
1300247494455107585
1300247503586164737
1300247503602933761
1300247514310877185
1300247520984080385
1300247529129308161
1300247547060027392
1300247558628020224
1300247563489210374
1300247571756126211
1300247590760480770
1300247591335190532
1300247592941555712
1300247595177054209
1300247601154068482
1300247638013435904
1300247639712313344
1300247646012047360
1300247648079761408
1300247647601688579
1300247648306429952
1300247650097221633
1300247658171256832
1300247659731652608
1300247671182168064
1300247679180713987
1300247692879093765
1300247693676011520
1300247700982714369
1300247702010310657
1300247702228340737
1300247717927464960
1300247726194659328
1300247733744340992
1300247733727621122
1300247739209404418
1300247741461860357
1300247744486027264
1300247765348487168
1300247780661899266
1300247785443188736
1300247792464560129
1300247799041318913
1300247830259531776
1300247843056254977
1300247844167790597
1300247855689428993
1300247876833103873
1300247890028359681
1300247899754856448
1300247901088690177
1300247917383553026
1300247930411118593
1300247951474864130
1300247958819139585
1300247968268931073
1300247973595676672
1300247975940296711
1300247981791346688
1300247986941943814
1300248010492841984
1300248011940003840
1300248014154600449
1300248019015618560
1300248028004020224
1300248029199433733
1300248032156381185
1300248039303639044
1300248052662448128
1300248063244513281
1300248079912689664
1300248091279327232
1300248094119014400
1300248104004915200
1300248105456152577
1300248121428062211
1300248132479926273
1300248157151023104
1300248160959426561
1300248171289944067
1300248182404898816
1300248190743007232
1300248190336237570
1300248208908513280
1300248207339876354
1300248221692825601
1300248257575124993
1300248257944154112
1300248259059945472
1300248309722906627
1300248313137172482
1300248317440544770
1300248320514949129
1300248335228362758
1300248338185347072
1300248338856579075
1300248346272116740
1300248347542863873
1300248353163358209
1300248355692408832
1300248368170643458
1300248370796257280
1300248376634605568
1300248394246623234
1300248394913525766
1300248418703437825
1300248423229259776
1300248427989594112
1300248430644736007
1300248434327187457
1300248442942365696
1300248443625984000
1300248447388442626
1300248458901819392
1300248464346034176
1300248469974679553
1300248473414107138
1300248480271671296
1300248485770350593
1300248493366231040
1300248501474021377
1300248527168184320
1300248527541620738
1300248527763910658
1300248528317370368
1300248543567855618
1300248544356388864
1300248549435871235
1300248550954217472
1300248556331180033
1300248557505581058
1300248562006188033
1300248564233314306
1300248587226370049
1300248587343806464
1300248603060056065
1300248606197374976
1300248615118544899
1300248636232794112
1300248656868708359
1300248664405880832
1300248704046292992
1300248708877971456
1300248717187002373
1300248779635843077
1300248792076255233
1300248792436932610
1300248804881506306
1300248820492562432
1300248824884191233
1300248833717407748
1300248837966032896
1300248842156363777
1300248845234958338
1300248846564548608
1300248850528116736
1300248850599477249
1300248855645237248
1300248874842558465
1300248883138883586
1300248886947254274
1300248945419984896
1300248959705808896
1300248969319256064
1300248970707361798
1300248971521273859
1300248983592415237
1300248993499361281
1300249005084024833
1300249012902064128
1300249026709856256
1300249039737442306
1300249059605671936
1300249060138536962
1300249080506056704
1300249092430401537
1300249093982298113
1300249104849797120
1300249117478846464
1300249119123009543
1300249168733237250
1300249173892235272
1300249206662344704
1300249227881320449
1300249243681198080
1300249247980441600
1300249257505624064
1300249260194054144
1300249269987946497
1300249273100128256
1300249274324676611
1300249286471548930
1300249287176093700
1300249291445932032
1300249307224760320
1300249336710860800
1300249348354248704
1300249366003810304
1300249374711328769
1300249375126552576
1300249390985211905
1300249402947371008
1300249404348215296
1300249411986108417
1300249416750772226
1300249425609068544
1300249433880158208
1300249436132700162
1300249446786183172
1300249449923371008
1300249453937524740
1300249471222272001
1300249478033821699
1300249486741118976
1300249503950397440
1300249509272997888
1300249512531963911
1300249525936967680
1300249529212530688
1300249537559146496
1300249541032194048
1300249549726863360
1300249567586381825
1300249570471899136
1300249580424945665
1300249582857846794
1300249583348482049
1300249593301655552
1300249597059629062
1300249597575651328
1300249602197651457
1300249609424388097
1300249616840040448
1300249621604847616
1300249655243165696
1300249658309009408
1300249668878839816
1300249681365274626
1300249692568084480
1300249696628137984
1300249701476950016
1300249723748585473
1300249739737399296
1300249755524702210
1300249756438900737
1300249777460838401
1300249785107197958
1300249832095977472
1300249849900670976
1300249852526419968
1300249856112496640
1300249862059909120
1300249872399044608
1300249884797394944
1300249887468957697
1300249890216443907
1300249906204962817
1300249919681376256
1300249935921770498
1300249961007738880
1300249961821548545
1300249962492633090
1300249968943542272
1300249983845838853
1300249998047817728
1300250003231748097
1300250055182516224
1300250057657126912
1300250067773792256
1300250077898866689
1300250079228559361
1300250091996012544
1300250097121480704
1300250099210223617
1300250100518719502
1300250100757921793
1300250104142721030
1300250132328448001
1300250133561585668
1300250141941784576
1300250143879462913
1300250167183060999
1300250170408525825
1300250170718904320
1300250189186306048
1300250191388463105
1300250225345470464
1300250241610981378
1300250242282147840
1300250256559480832
1300250257092153345
1300250276138549248
1300250285080825856
1300250289363210241
1300250294375178240
1300250294790451200
1300250302084460545
1300250306459164679
1300250308572971009
1300250313862058049
1300250321512329216
1300250321927667713
1300250339103379456
1300250340009287680
1300250340181372929
1300250342169423872
1300250351547953152
1300250373274218497
1300250377942634497
1300250384368390144
1300250393759428610
1300250397844615173
1300250414747705344
1300250415573864448
1300250415926312960
1300250421940846592
1300250421886320641
1300250439145779201
1300250455411359744
1300250457651150849
1300250460557840385
1300250465662271488
1300250477792292864
1300250494871523329
1300250494942744577
1300250499577458688
1300250502341459970
1300250503767523328
1300250519399731204
1300250536009228290
1300250545404309504
1300250581412589569
1300250581697785856
1300250582377095168
1300250582922350592
1300250591608729600
1300250591646478339
1300250594343448577
1300250611317911558
1300250618011873281
1300250625674899459
1300250628522999808
1300250629244440577
1300250639776256001
1300250639969050624
1300250648836034564
1300250657849520128
1300250676983771136
1300250678019883043
1300250687754899461
1300250703642931201
1300250711180148738
1300250711897276420
1300250723851079681
1300250724765294592
1300250728984973312
1300250729198780420
1300250739869061120
1300250760182222848
1300250761448710144
1300250766062518273
1300250774723796993
1300250792599916544
1300250796228055047
1300250796416663552
1300250799344357376
1300250834689761286
1300250854700863495
1300250860455370753
1300250866650357765
1300250867841609730
1300250870874091520
1300250871746506753
1300250875408068608
1300250880260923392
1300250882420944896
1300250906068488193
1300250908970885121
1300250931267866625
1300250938016366592
1300250964109201409
1300250969003810819
1300250972967456768
1300250975966507008
1300250980034981889
1300250981150662657
1300250981326712833
1300250985806221313
1300251006844903424
1300251027485134848
1300251065019924482
1300251065758048256
1300251082770309121
1300251084343128065
1300251087233048576
1300251106031923200
1300251106589671425
1300251107030167554
1300251107650760705
1300251115234242562
1300251122389508098
1300251143449141248
1300251145571631109
1300251147438034946
1300251148335673344
1300251158091456513
1300251161094696960
1300251161325441039
1300251196242841600
1300251198382112772
1300251204635766786
1300251204732112896
1300251206300905472
1300251249971994625
1300251254136864768
1300251296155475968
1300251307194736641
1300251316548259840
1300251338794766344
1300251341772804097
1300251353835503617
1300251370226737153
1300251378196111366
1300251384042983426
1300251387322720256
1300251390682554375
1300251397116420097
1300251399519862785
1300251403613503493
1300251412287361024
1300251417064677376
1300251420097208322
1300251442394157057
1300251442830213120
1300251446559084545
1300251447288709120
1300251449830584321
1300251460463144960
1300251469254328321
1300251476716138496
1300251487608676352
1300251489361948677
1300251492906008578
1300251497247236096
1300251533439905792
1300251534735757312
1300251547364925440
1300251555703259136
1300251563831767041
1300251565320802304
1300251565467594752
1300251580873277442
1300251581330280448
1300251590604058624
1300251591929290752
1300251593653104641
1300251600204693504
1300251601928679427
1300251610078117890
1300251635424407557
1300251638133919745
1300251639941660673
1300251643544387589
1300251648376410112
1300251652440563712
1300251684665462784
1300251727027941383
1300251741032775680
1300251743549304833
1300251743704551426
1300251753284136962
1300251757956730881
1300251770522726400
1300251776445288448
1300251781012877312
1300251782078238721
1300251786331054080
1300251791443914754
1300251799408971782
1300251823631077376
1300251840731377673
1300251843789029376
1300251848637587457
1300251862411751425
1300251863162511360
1300251868967256064
1300251893902577664
1300251927813459968
1300251929277353984
1300251937858875392
