1293411892241682432
1293411905407598594
1293411909107056640
1293411915180290049
1293411924051402752
1293411938311917569
1293411945488494593
1293411957391802369
1293411960965361664
1293411962043297794
1293411969324785664
1293411976014692357
1293411991625719809
1293412005550780416
1293412008726061057
1293412012358275072
1293412019316482048
1293412044159369217
1293412046801973250
1293412050299912193
1293412050522320896
1293412056352292864
1293412081002217472
1293412093555888129
1293412097200717824
1293412124174082048
1293412140317982721
1293412144210378755
1293412160941375488
1293412161570713600
1293412164657508352
1293412167530684416
1293412183217512453
1293412192369303554
1293412202985271296
1293412203832508417
1293412205581545473
1293412205568897024
1293412209104691201
1293412217535119362
1293412227936968705
1293412241660710913
1293412261709533184
1293412269120819200
1293412281607364609
1293412303094919168
1293412303577071617
1293412305439514627
1293412316025769984
1293412318693535744
1293412320350281728
1293412337135886336
1293412343485853702
1293412350276624384
1293412360368070657
1293412376645996545
1293412385517178882
1293412389484933121
1293412398288662531
1293412422720593922
1293412423018446848
1293412427074281475
1293412427376164865
1293412429263765504
1293412466584690688
1293412489003184133
1293412489535852545
1293412528588914689
1293412543696863232
1293412560709066754
1293412561703055364
1293412565595205634
1293412574495674368
1293412586222886913
1293412598453538816
1293412605109837824
1293412614307946496
1293412622620975107
1293412641952669709
1293412659744759808
1293412669261778945
1293412673804103680
1293412677155352577
1293412707161370625
1293412714732290048
1293412727440932867
1293412751725989889
1293412783636144134
1293412785246867456
1293412798333149185
1293412807728406530
1293412814078398464
1293412820651048960
1293412846697476097
1293412847024664578
1293412850451587072
1293412850963283970
1293412876539985920
1293412883125084160
1293412884517539841
1293412892902121472
1293412900267327488
1293412905787035648
1293412924896284672
1293412944269602816
1293412949537648640
1293412952532381696
1293412955401445376
1293412955393011713
1293412971108917248
1293412974187687937
1293412984199536640
1293412999001251840
1293413017665728512
1293413034983960576
1293413040893771776
1293413048305086471
1293413056215580673
1293413058459701248
1293413065757798403
1293413074570027009
1293413078047039488
1293413078416199680
1293413112092266497
1293413125522436096
1293413126617145355
1293413129041465344
1293413136863821825
1293413148792434688
1293413157571002370
1293413164500099074
1293413199316791296
1293413210918227968
1293413216463142913
1293413228555505664
1293413233252904961
1293413235262201862
1293413250965676032
1293413262432899073
1293413265243099137
1293413276701855744
1293413276806651909
1293413299934158848
1293413319731081218
1293413320188243968
1293413323514421248
1293413329294094337
1293413334755287040
1293413335346495488
1293413340258029570
1293413351075217408
1293413351884644354
1293413359317143562
1293413399766822913
1293413402849705985
1293413406985379841
1293413425641656321
1293413430884331520
1293413438010556417
1293413454573760513
1293413474437980160
1293413475343974401
1293413475679600640
1293413476241739776
1293413482289934337
1293413488895774720
1293413490439278600
1293413495178960896
1293413499247329280
1293413524442578945
1293413527319969792
1293413541311963139
1293413554054258688
1293413555270635520
1293413555883122689
1293413572853334017
1293413582819012608
1293413589856944129
1293413645301547008
1293413668663812097
1293413688259612672
1293413692709548033
1293413693942833152
1293413695595282432
1293413721126166528
1293413728734478336
1293413730206863360
1293413759851978752
1293413765472333825
1293413765590003712
1293413770241306624
1293413779259236353
1293413779498102784
1293413790151712768
1293413798167093250
1293413812834570240
1293413819943813122
1293413820178685952
1293413839166418945
1293413853510774784
1293413856367259650
1293413860498702337
1293413868065165312
1293413880891400193
1293413908288430081
1293413920858923008
1293413925761871874
1293413939318009856
1293413946582605825
1293413950588157953
1293413950881636352
1293413954656534529
1293413965020590081
1293413965087870976
1293413971471544321
1293413972465442816
1293413983483912193
1293413993881600001
1293414031387238400
1293414031550631941
1293414037074653187
1293414038198681601
1293414055349235712
1293414062727077889
1293414075343310848
1293414080154234882
1293414086009643008
1293414096302247936
1293414104800153600
1293414131563925509
1293414139835146241
1293414144465657858
1293414145212026880
1293414146424225792
1293414156108873729
1293414171757834242
1293414171791548416
1293414173800566784
1293414174861570053
1293414179370655744
1293414184856641536
1293414188803661824
1293414196584091649
1293414199155142656
1293414225822375937
1293414231535169543
1293414232331939841
1293414235343597571
1293414235406467072
1293414243895783424
1293414255136399360
1293414255375441921
1293414278712655873
1293414308274212864
1293414330910687232
1293414342981906432
1293414344965775365
1293414355783032834
1293414394886414336
1293414397675618305
1293414400540385280
1293414416218808322
1293414417330253826
1293414446438780929
1293414450389594112
1293414452214337537
1293414455372656640
1293414458749001728
1293414460288163840
1293414469373173760
1293414517024595969
1293414537446604801
1293414541825437702
1293414559881912320
1293414567108722689
1293414583424757762
1293414590768848896
1293414596619927554
1293414607810449408
1293414610620551169
1293414611518201858
1293414623081902080
1293414627502694400
1293414631197687809
1293414640664432640
1293414643814277121
1293414665737736193
1293414677855318018
1293414688596930561
1293414709748740096
1293414716241477633
1293414720964263936
1293414729864552451
1293414730208391170
1293414741495472128
1293414755420573697
1293414769416839168
1293414772315234304
1293414813092073475
1293414818523701251
1293414823082958848
1293414838622990342
1293414840388599808
1293414841919602688
1293414843181969408
1293414846164357122
1293414851709218817
1293414854641029125
1293414867739774976
1293414873540378627
1293414894469971968
1293414902611279874
1293414903307354118
1293414903492083719
1293414905509486592
1293414911293317120
1293414912207675392
1293414912384000003
1293414896554717184
1293414930004103169
1293414942406836224
1293414943706902530
1293414962577235968
1293414965949366277
1293414984123375616
1293414990167150596
1293414993594134528
1293415002649616384
1293415004817862656
1293415015240945664
1293415039907573766
1293415040801013760
1293415050980610049
1293415063764766721
1293415084715380736
1293415089911955457
1293415092881707009
1293415105141641216
1293415120102723584
1293415128176590850
1293415137152401408
1293415142089269248
1293415150033219584
1293415185693065216
1293415199555248134
1293415201216188417
1293415210871672837
1293415222770839553
1293415249962442753
1293415266894991360
1293415269415690240
1293415270229454849
1293415280530673664
1293415286196981766
1293415290835959809
1293415293356654592
1293415298847002626
1293415300604375040
1293415310561652737
1293415326428864512
1293415344812503041
1293415364966014976
1293415368803811331
1293415388642910208
1293415398646349824
1293415411275272199
1293415433672880128
1293415443563151360
1293415468372496387
1293415478715506689
1293415516086734848
1293415528061530113
1293415536697778176
1293415570688192513
1293415573376757762
1293415594226626562
1293415596596645888
1293415597384953856
1293415605140324352
1293415607766069255
1293415608101539845
1293415609523245057
1293415617081438209
1293415623695966208
1293415624090165249
1293415629681090561
1293415632315265024
1293415652485562369
1293415656713383936
1293415658873643010
1293415695422763009
1293415705661059072
1293415706973761536
1293415718164168704
1293415727987220482
1293415734211743744
1293415742898155522
1293415750393184257
1293415752054108161
1293415776225878017
1293415776750370816
1293415787705901056
1293415791317012482
1293415791707086848
1293415792588070913
1293415820261855233
1293415821755191296
1293415828545839104
1293415840835162114
1293415848317612033
1293415859692609536
1293415866806272001
1293415870702604289
1293415878713737216
1293415890768322561
1293415906723483649
1293415913392414720
1293415934321803264
1293415936616050688
1293415964982247424
1293415975572791301
1293415984087277568
1293416005129998336
1293416010742210560
1293416015414648833
1293416037048819712
1293416037208203264
1293416067872759809
1293416074181042178
1293416091570434048
1293416119840145408
1293416135459823617
1293416137909252102
1293416144112476161
1293416160713531395
1293416164027068416
1293416166099005440
1293416165344067585
1293416179759869953
1293416199943081984
1293416207773609984
1293416208306442240
1293416224056057856
1293416249406271490
1293416259762126848
1293416271581782017
1293416271543853056
1293416279659786240
1293416283552141312
1293416284433141760
1293416294855974913
1293416298588835842
1293416303672406016
1293416309770924032
1293416311125618693
1293416340661903361
1293416341651755008
1293416344415854592
1293416344931639298
1293416347414622210
1293416350451404800
1293416353492168704
1293416360836567041
1293416363613212672
1293416364716298246
1293416365706170371
1293416370659442689
1293416377303392256
1293416383997411330
1293416390251048960
1293416398681600000
1293416405816053762
1293416407816974336
1293416445594877953
1293416446085738497
1293416454423887872
1293416458140160000
1293416473000579073
1293416475097731072
1293416475890298882
1293416476934905858
1293416485503660039
1293416485285761025
1293416495431790597
1293416501312024579
1293416509742575621
1293416510010978304
1293416514968850432
1293416519032958977
1293416544643538945
1293416557297762304
1293416563886956545
1293416580932567040
1293416585068191744
1293416586506715137
1293416596778569728
1293416612758863872
1293416646216790016
1293416649249492992
1293416653422759937
1293416655578697730
1293416670178942976
1293416671630295042
1293416677615390720
1293416686335324160
1293416707038408704
1293416718208032769
1293416720410062849
1293416758334730240
1293416764911415302
1293416768279470080
1293416768808116225
1293416769642622978
1293416770200633344
1293416770661801984
1293416770762469376
1293416775363616771
1293416777796341760
1293416780791263234
1293416782783373312
1293416787443191808
1293416789146316800
1293416798096850944
1293416798495416322
1293416810990178305
1293416826525818880
1293416832737697792
1293416857442095104
1293416884721684481
1293416900991410176
1293416912458719232
1293416919685566465
1293416933665038336
1293416936026656768
1293416936391532544
1293416942544359424
1293416946520604673
1293416958386491392
1293416966426726401
1293416985288744965
1293416986073071616
1293416994885296130
1293417004322426880
1293417011414839296
1293417013776441350
1293417022701764608
1293417028095598592
1293417029983260672
1293417034298998786
1293417040422682624
1293417086677667840
1293417095506481152
1293417095552798721
1293417096940892164
1293417097242873857
1293417103190421504
1293417106520838149
1293417114376654848
1293417123050450949
1293417124342435840
1293417140481953795
1293417148753285120
1293417149067919361
1293417150724673536
1293417151219589122
1293417178281070594
1293417185134559234
1293417210480693248
1293417213093793792
1293417219431567360
1293417226406699008
1293417229573382144
1293417238838554625
1293417240138674178
1293417274880204800
1293417275278548995
1293417280093728772
1293417292676636672
1293417296858243073
1293417313404727297
1293417318941261824
1293417337685774337
1293417339984187392
1293417343800967169
1293417345189388288
1293417361312305153
1293417368417427456
1293417391045525504
1293417399962697728
1293417418535186432
1293417431637975040
1293417448457121792
1293417450487218176
1293417452563337220
1293417455449186304
1293417459622371341
1293417460490625024
1293417469030408192
1293417471026663425
1293417479612465152
1293417522608222208
1293417524202110981
1293417536889827328
1293417546067001344
1293417556301283329
1293417558062710786
1293417564580667393
1293417576463249409
1293417598181412865
1293417607769530368
1293417608604073984
1293417615050723328
1293417620700573696
1293417628413972481
1293417635208671232
1293417638459322368
1293417647892312066
1293417653013483525
1293417659686625286
1293417670876880897
1293417680813334530
1293417699801026563
1293417717689495553
1293417725369421827
1293417731828731904
1293417737746710528
1293417741123293184
1293417763835346944
1293417772626542592
1293417785759084544
1293417797159067648
1293417804817784832
1293417812271099905
1293417838028435459
1293417846945587201
1293417847604088832
1293417859113254913
1293417867430387713
1293417872233046016
1293417890335653890
1293417898514448386
1293417908899655681
1293417917225132035
1293417922346409984
1293417937290887168
1293417940411248643
1293417958073683968
1293417965228920833
1293417978562830336
1293417979183431681
1293417991212679169
1293417995730067456
1293418008615018496
1293418024859365376
1293418040466518016
1293418042018263041
1293418064659263489
1293418077644820485
1293418091700006913
1293418099874713611
1293418120917454848
1293418123249426432
1293418145764372482
1293418149644099587
1293418158963990535
1293418172058673152
1293418187321675777
1293418193957117952
1293418196205072385
1293418200034611200
1293418225238122499
1293418232347598848
1293418239054225408
1293418253797097473
1293418275829772290
1293418284428275712
1293418293731241984
1293418301675073536
1293418309849948166
1293418321266667525
1293418336206966788
1293418336093523969
1293418343290961920
1293418352640028673
1293418382763520000
1293418388526686208
1293418401109405696
1293418404884262913
1293418416074678272
1293418416364281856
1293418436115144705
1293418448651837440
1293418453374603270
1293418468490977285
1293418469245906944
1293418487919058944
1293418516855414785
1293418517119680512
1293418532697452544
1293418537709711361
1293418549281615872
1293418552406360065
1293418553132093440
1293418563399823365
1293418583033294848
1293418586611089409
1293418590239105024
1293418614574350337
1293418645788516352
1293418646262255616
1293418653510246400
1293418656211382272
1293418665396719616
1293418671067418624
1293418670920568834
1293418672657018883
1293418705859223553
1293418717255053314
1293418730718785537
1293418731154993152
1293418759017783297
1293418773828034561
1293418797374803968
1293418810888925184
1293418821085208576
1293418828353777665
1293418831109554177
1293418853402255360
1293418861962854403
1293418869755977728
1293418875904819201
1293418887531253760
1293418889376759809
1293418890303868929
1293418902777520128
1293418907076886530
1293418907492069376
1293418920108597249
1293418926580219907
1293418928815964165
1293418934834622464
1293418944284434433
1293418949128855552
1293418950932537345
1293418956665974785
1293418970368716800
1293418992321798144
1293418993768738819
1293418996579160065
1293418996994174982
1293419016653021186
1293419027340001281
1293419030338920449
1293419042359795712
1293419044893270016
1293419048365985792
1293419054032715776
1293419065403486209
1293419075285082112
1293419077206188033
1293419079416467459
1293419083803709441
1293419086970380288
1293419093656182784
1293419101323288576
1293419104976740352
1293419107807670272
1293419110492041218
1293419118658371589
1293419119585320960
1293419130264203264
1293419141152604168
1293419149188714497
1293419174828498944
1293419177831628800
1293419188820860929
1293419213919522818
1293419229342031872
1293419243082579969
1293419298288009216
1293419299697287171
1293419303371300864
1293419307213488128
1293419336070131713
1293419343875723264
1293419353698951168
1293419364356517888
1293419388301750274
1293419399903354881
1293419421495463936
1293419428558909444
1293419430588768256
1293419446367694852
1293419452986347520
1293419453229805570
1293419456752844800
1293419480014520320
1293419483055390721
1293419484917751809
1293419487430090754
1293419495495815168
1293419496036683777
1293419499820130304
1293419500658987008
1293419503921934336
1293419529234604032
1293419529821999104
1293419532036513792
1293419542409084928
1293419548356612096
1293419549547585537
1293419552110346240
1293419553800691712
1293419559286984706
1293419560968880128
1293419561098915841
1293419578647666688
1293419597648068608
1293419612109864961
1293419612323766273
1293419623753244672
1293419624554528770
1293419627377070080
1293419667109756929
1293419667998961664
1293419668380753920
1293419671660703744
1293419677905895425
1293419680888000512
1293419694372741120
1293419701142523904
1293419706142068737
1293419713754574849
1293419721019318273
1293419725586866176
1293419733711114241
1293419733698715654
1293419738421325824
1293419751318806528
1293419764283404288
1293419768377159680
1293419789340291072
1293419795048738817
1293419796508418048
1293419816611491841
1293419847825661953
1293419889852547074
1293419908676702211
1293419915299500032
1293419918898221056
1293419937223122948
1293419939903287297
1293419944290516993
1293419946303660033
1293419949625466880
1293420018001154048
1293420025823412224
1293420030525419521
1293420031867584512
1293420036053446656
1293420055007395840
1293420061693108225
1293420063018508288
1293420063190482944
1293420064016744449
1293420069909925888
1293420071654551553
1293420101157429249
1293420126297939971
1293420126977622016
1293420133109641216
1293420142991413253
1293420149073010690
1293420152873267200
1293420160087400454
1293420173744115713
1293420176214351872
1293420177841741824
1293420187795042306
1293420199929053186
1293420203875991552
1293420213543690243
1293420217461116931
1293420222381084673
1293420247626719237
1293420248977289218
1293420251925950464
1293420263279693824
1293420277595086848
1293420278672891904
1293420281168625664
1293420284188528642
1293420286709096448
1293420290345586689
1293420305327648768
1293420306254553089
1293420324109787139
1293420354732322816
1293420356695334912
1293420357177823234
1293420360277176322
1293420372998664192
1293420392715972609
1293420412278312960
1293420433719664640
1293420449787858944
1293420450291290113
1293420453973950464
1293420456469356544
1293420460806463491
1293420471506079744
1293420471963197440
1293420498131357696
1293420500996169733
1293420501394755589
1293420503156154368
1293420511935045632
1293420513960763394
1293420520088584195
1293420521191698432
1293420527835656192
1293420532617027584
1293420541186056193
1293420547984904195
1293420563478638593
1293420563822596099
1293420574514065408
1293420610278821893
1293420617815924742
1293420623025315840
1293420642616868867
1293420657397694464
1293420663022198784
1293420688993210368
1293420696333254658
1293420732005965824
1293420749504446464
1293420751501103105
1293420762934792192
1293420768013910017
1293420786200596480
1293420786645180417
1293420795352342529
1293420799299162112
1293420819440234497
1293420839195426817
1293420850813841409
1293420863799271425
1293420868283043840
1293420875312779265
1293420909416656896
1293420938931974145
1293420939363983360
1293420942417432576
1293420943159840773
1293420953813356544
1293420976517066753
1293420994586120192
1293420999258636288
1293420999191363584
1293421013334659072
1293421013795868673
1293421019395489793
1293421044200595461
1293421052232531968
1293421058607976448
1293421068061990912
1293421080707764225
1293421091033997312
1293421092430905344
1293421095262081025
1293421095501127680
1293421099254870016
1293421101213552640
1293421134008840193
1293421139671252998
1293421147824906240
1293421178388770818
1293421183224881157
1293421208680062977
1293421224249315329
1293421236853317632
1293421261218099200
1293421280171941888
1293421283246510080
1293421284194422785
1293421289449955328
1293421300367515654
1293421303420968961
1293421307166691328
1293421313382522881
1293421317476290561
1293421333691342848
1293421341572575232
1293421354046218240
1293421361508036608
1293421362422222848
1293421371989667840
1293421375965687808
1293421386464190470
1293421405069930496
1293421409843187712
1293421416482844674
1293421425315819520
1293421454822797314
1293421470027309056
1293421473248362496
1293421473336406018
1293421479145680899
1293421490335965184
1293421504764366851
1293421526327283712
1293421530974547979
1293421544807567360
1293421548724817920
1293421558199750656
1293421563136610304
1293421563522379776
1293421567586766848
1293421596540112896
1293421607340265472
1293421610007961605
1293421612486795265
1293421620829261824
1293421640747847680
1293421654312353793
1293421657671888897
1293421658787786755
1293421692908265472
1293421710704689152
1293421727364472833
1293421728736014336
1293421731219046402
1293421733890809856
1293421741432139776
1293421748977897472
1293421758863687680
1293421764895277058
1293421765465702406
1293421776999940096
1293421779357237248
1293421784751058944
1293421789335490561
1293421789595541504
1293421793164709893
1293421802530598912
1293421804774596608
1293421809044520964
1293421850962214912
1293421857727811585
1293421871170543617
1293421889369468929
1293421913851731968
1293421954922405888
1293421963227074561
1293421966905540608
1293421971003252736
1293421971481530368
1293421980553809921
1293421990385262592
1293421997695803394
1293422004737998848
1293422024702951424
1293422026951217152
1293422033120792576
1293422036832997376
1293422048702869505
1293422060685758464
1293422066314678272
1293422084320907265
1293422089941073920
1293422093267136513
1293422095247060992
1293422123189321729
1293422143225696256
1293422149252706304
1293422162448199681
1293422163278454784
1293422164184412160
1293422172321591296
1293422172900294657
1293422184145268736
1293422191187562496
1293422192214945794
1293422200800915456
1293422205175566337
1293422205624147969
1293422224930680833
1293422225270411266
1293422246346625024
1293422267150434306
1293422278361767938
1293422292517531649
1293422296527446016
1293422299652087815
1293422302269329408
1293422333185548288
1293422348645707781
1293422359710298113
1293422366115209217
1293422375887704064
1293422383425040384
1293422389997588480
1293422406464409600
1293422411354787842
1293422429964910594
1293422431005114369
1293422442757722113
1293422447979528192
1293422468628185088
1293422485690626048
1293422486713806848
1293422488567910400
1293422494196670464
1293422496503529472
1293422514060894208
1293422517445693440
1293422518401867776
1293422519228272641
1293422520360677376
1293422520494960641
1293422523393007616
1293422531467067393
1293422535430856705
1293422546034012160
1293422561326505985
1293422568418889728
1293422577688481792
1293422617085399050
1293422619086159872
1293422637822156800
1293422645514567681
1293422654901194753
1293422657145167874
1293422665617813504
1293422671741550592
1293422672232226817
1293422675646242820
1293422676216885248
1293422680457322498
1293422687491162112
1293422735540940800
1293422755879301120
1293422756441227271
1293422782529888259
1293422821188734976
1293422834497150977
1293422848950726657
1293422852687855616
1293422853996642304
1293422857884753920
1293422861873487872
1293422877870612480
1293422882643742721
1293422883159576576
1293422886347083776
1293422894073012230
1293422922107744256
1293422930886455296
1293422944882958336
1293422969251741696
1293422998242955269
1293423016412508160
1293423016752357376
1293423029847035904
1293423051086934018
1293423060817772546
1293423078983180288
1293423088353390592
1293423104149127169
1293423111866638343
1293423115339313152
1293423120720842753
1293423127993647108
1293423135488798721
1293423135404908545
1293423141495029761
1293423151607689216
1293423171618709504
1293423193005457409
1293423196935344128
1293423207865753600
1293423216862535680
1293423244096274432
1293423215532847105
1293423247468437510
1293423262412595200
1293423267253018624
1293423271078060033
1293423271908478977
1293423288396288000
1293423305068810240
1293423309758103553
1293423324643471360
1293423349444612096
1293423366343458816
1293423378171338752
1293423397964255232
1293423399377698822
1293423401370103808
1293423402154434561
1293423405102899200
1293423421838118913
1293423429878611968
1293423438225240064
1293423484241088513
1293423495141965829
1293423498979926016
1293423561474863104
1293423566243999745
1293423568085118976
1293423578415677440
1293423588595335168
1293423629632380928
1293423635814682624
1293423641133121536
1293423646527152128
1293423652801740801
1293423668547248128
1293423690768691200
1293423690974191616
1293423713187061760
1293423714835537920
1293423719721783296
1293423744057094146
1293423754752786433
1293423762726158336
1293423765754384384
1293423782900580352
1293423783114571776
1293423817553977344
1293423820481548288
1293423822239150082
1293423823581253634
1293423828962619393
1293423843038515200
1293423843613315072
1293423864844677122
1293423883274526720
1293423888639156225
1293423896235061248
1293423912500359168
1293423920729686016
1293423926538772480
1293423943953649665
1293423963754954753
1293423970234937346
1293423971703103488
1293423978149748737
1293423982293778432
1293423985300996103
1293423987062501376
1293423998533898240
1293424021258686465
1293424025679495169
1293424025792729088
1293424041496211456
1293424056973303809
1293424061549359104
1293424064833429505
1293424071355506689
1293424072483909632
1293424073079263234
1293424079437852672
1293424079739838464
1293424084408098818
1293424095271559168
1293424105358680064
1293424117216141312
1293424127588487170
1293424132646789120
1293424140276375552
1293424141123624961
1293424143627583489
1293424148291575809
1293424153735774208
1293424171364413441
1293424177052102657
1293424196165554179
1293424199810158592
1293424223860543489
1293424252037849090
1293424253749153792
1293424277572718593
1293424291787276288
1293424293070532610
1293424304651227136
1293424306194538496
1293424315984224258
1293424323974201344
1293424333054976003
1293424336532013058
1293424345742811136
1293424352105394176
1293424353590169600
1293424358547836934
1293424369599803393
1293424376902070272
1293424378915565568
1293424382073696257
1293424394488905728
1293424400268767245
1293424407956697088
1293424413191204864
1293424419944181766
1293424427414110208
1293424432002691073
1293424465930604544
1293424468812075008
1293424478140104705
1293424484343402497
1293424488504102913
1293424501200322561
1293424502836064256
1293424507600871424
1293424514001379328
1293424526223704065
1293424536000425984
1293424554560323586
1293424561979920385
1293424575854911488
1293424590870523904
1293424603633717249
1293424606783528960
1293424607089905664
1293424612613558282
1293424625981050880
1293424629147504640
1293424634378047488
1293424651964682240
1293424653675839488
1293424668481859586
1293424683203923968
1293424685175255041
1293424689302220801
1293424711267790848
1293424713180409857
1293424721552441344
1293424726782640128
1293424729613905921
1293424733933928448
1293424734567305216
1293424751659057152
1293424766955773952
1293424793291649025
1293424799021056001
1293424810869977089
1293424829983526912
1293424837403086849
1293424844659466240
1293424859603599360
1293424860933369856
1293424862803816448
1293424874925330434
1293424875944673281
1293424879858003969
1293424884035403776
1293424886258556931
1293424895674777600
1293424907649462274
1293424909410897920
1293424919301292032
1293424935910510592
1293424950070644736
1293424951836528640
1293424985097338880
1293425029447745536
1293425051862106112
1293425062352244741
1293425078240256001
1293425094505533440
1293425097164746752
1293425109042991104
1293425121126838272
1293425128437686272
1293425129007886336
1293425134619918336
1293425140001198080
1293425150206054400
1293425151695085570
1293425156698697728
1293425162315079681
1293425174008692736
1293425183445876737
1293425199686340609
1293425211677667328
1293425212000808960
1293425219869257728
1293425233999716354
1293425250366107648
1293425256934322177
1293425257265545218
1293425275775090688
1293425293743591427
1293425294385258496
1293425320398184448
1293425340690440192
1293425344947593216
1293425347006849024
1293425376492953603
1293425380758622209
1293425389855891456
1293425400035659776
1293425402153771010
1293425415051075587
1293425420621160448
1293425426602303488
1293425436203122688
1293425438577037312
1293425450027487232
1293425452078383104
1293425455471538179
1293425455786229760
1293425466712313857
1293425472638840832
1293425474501324800
1293425484987015168
1293425490234089474
1293425516687417344
1293425519648804864
1293425531430543360
1293425534303637504
1293425556231356416
1293425569434963969
1293425571699937280
1293425602918146049
1293425604709228545
1293425610312712193
1293425647612616704
1293425654709415937
1293425657762856960
1293425660480778242
1293425665820196874
1293425676402544640
1293425700855136257
1293425709302546432
1293425717443624960
1293425726335733760
1293425729602953216
1293425736142008321
1293425738666979329
1293425751333584900
1293425762503217154
1293425764898082817
1293425766861021184
1293425772749893637
1293425790470754304
1293425822980812803
1293425835437891584
1293425835584544769
1293425839590187008
1293425862163886081
1293425875191582721
1293425877741690885
1293425891410956289
1293425901947047936
1293425916127961088
1293425924587880448
1293425949866971136
1293425958108696581
1293425972813930496
1293425994158800896
1293425994452348928
1293425996671131648
1293425998440980484
1293426029579497472
1293426034495422464
1293426037825536000
1293426050068750336
1293426054590169090
1293426068947263488
1293426083254001665
1293426088618496000
1293426112026931201
1293426112077291520
1293426122869239809
1293426124408537088
1293426132642074626
1293426146227286016
1293426191760797697
1293426192285159424
1293426192901525504
1293426195585998849
1293426217887006723
1293426248681586688
1293426251160420352
1293426254083956737
1293426262019645440
1293426269930037249
1293426270496268288
1293426272614232065
1293426273738346496
1293426282248704001
1293426293258756096
1293426300477222912
1293426305971761152
1293426306806214657
1293426331233837056
1293426336032145408
1293426336367882240
1293426351303806976
1293426357280677894
1293426367493738502
1293426371788705792
1293426383251632128
1293426394311962632
1293426399940939778
1293426415065587713
1293426426004115456
1293426439287648256
1293426442475204609
1293426449471246337
1293426461928456192
1293426462050181121
1293426469704736770
1293426511509245952
1293426524570361858
1293426527548235776
1293426539363733506
1293426543197401088
1293426554475667458
1293426559655612416
1293426562646278144
1293426563422199809
1293426563866693634
1293426569424273409
1293426575153692678
1293426576676147200
1293426599971479554
1293426605919010816
1293426606736838656
1293426611996356613
1293426623434366979
1293426625820925952
1293426629859897345
1293426644946845696
1293426652089810944
1293426669131386880
1293426678992121856
1293426682293096449
1293426701574209536
1293426725649395712
1293426746956668930
1293426753226993665
1293426761179504646
1293426767009656833
1293426781970726912
1293426786261520385
1293426791734861830
1293426794343743489
1293426799196565510
1293426820830961665
1293426825968914432
1293426838614810626
1293426857149263872
1293426862270685185
1293426875231096833
1293426876522823681
1293426881589633025
1293426887616856064
1293426912119808001
1293426913768161282
1293426930864156672
1293426941949665280
1293426953094078464
1293426956726177792
1293426960136192000
