1300553931689320448
1300553947426492416
1300553951851491329
1300553952405094400
1300553955059986432
1300553954972049408
1300554023569895426
1300554039915098112
1300554067559747584
1300554069715693568
1300554074383937537
1300554074740449280
1300554085607899138
1300554099172147200
1300554103626641409
1300554138258997248
1300554140431667201
1300554141337518085
1300554148795092996
1300554152427151360
1300554155484905472
1300554170852732929
1300554181925892097
1300554208383508481
1300554212225548288
1300554215958380544
1300554221578858497
1300554221939568641
1300554232530001920
1300554232685367297
1300554235520536576
1300554238095958018
1300554275588775938
1300554291875319810
1300554295486504961
1300554303833161728
1300554311668248577
1300554320207724545
1300554333331750912
1300554333319303169
1300554334313369603
1300554343452684293
1300554343624646657
1300554346086764546
1300554350163628032
1300554360653373441
1300554379808837632
1300554394027450368
1300554396699426818
1300554403921850368
1300554413338226694
1300554414521036801
1300554418375610368
1300554426466422784
1300554437904261122
1300554450566815744
1300554452324233217
1300554452047400968
1300554463384461314
1300554468275228672
1300554472209494017
1300554475980161024
1300554480996425729
1300554484456853504
1300554493503967233
1300554493923393536
1300554493986304006
1300554511279435776
1300554514349645827
1300554517176561665
1300554527846797314
1300554532473241601
1300554538399694848
1300554539376885760
1300554542363357188
1300554559773958147
1300554584591462400
1300554618569715713
1300554639364980741
1300554639935500288
1300554645228728320
1300554651687956487
1300554655768948737
1300554678825103360
1300554686529966081
1300554689910648837
1300554710202671110
1300554711637131265
1300554714313117696
1300554719325233156
1300554724186480641
1300554727109931010
1300554743589281794
1300554743601741824
1300554744700772357
1300554748765052930
1300554757338206209
1300554757996769282
1300554762849603589
1300554765500325888
1300554767027101696
1300554779257696256
1300554802334707712
1300554804314267649
1300554811541200897
1300554811646058497
1300554812182786048
1300554812602408960
1300554815760670723
1300554815815249920
1300554829543157766
1300554840553205760
1300554841513758723
1300554845909377031
1300554852838170624
1300554861432446976
1300554862086815745
1300554872136314885
1300554875189825536
1300554888003362817
1300554888989085698
1300554896912134145
1300554912565207047
1300554930336473088
1300554933629059072
1300554950695682048
1300554958970875904
1300554978784882701
1300554978516492288
1300554989551538176
1300555003065753605
1300555049828077568
1300555050700414979
1300555052394971137
1300555060028600323
1300555093721452545
1300555119482765313
1300555125468147717
1300555139871367170
1300555143251927042
1300555159932731395
1300555173279006722
1300555184913801217
1300555187115814912
1300555190672732161
1300555201401716736
1300555202387488770
1300555223140913153
1300555230573195269
1300555281429155849
1300555301851144195
1300555322684252162
1300555323070189571
1300555323539890179
1300555331320205313
1300555339763453952
1300555344335302664
1300555358440534017
1300555370708992006
1300555382071406592
1300555383736590337
1300555385909260288
1300555394557923329
1300555395287703559
1300555396256608264
1300555398055821312
1300555402199752705
1300555402203951105
1300555415403376640
1300555416003383296
1300555469346439171
1300555474283134981
1300555479165186048
1300555487725981697
1300555489013452800
1300555500216434688
1300555508705882115
1300555510740119552
1300555527945170944
1300555528960126979
1300555533569515521
1300555545569624064
1300555546559299584
1300555549059289088
1300555553119240193
1300555567266750465
1300555574862643205
1300555591358853120
1300555597880926208
1300555608765214723
1300555609390096385
1300555618999242753
1300555620161130498
1300555624724533248
1300555642386755584
1300555642479013889
1300555651672834049
1300555652142706688
1300555654625742853
1300555669209313291
1300555685906624512
1300555687777370113
1300555693020282881
1300555700121358338
1300555702725996546
1300555714704871428
1300555734854307840
1300555738167816193
1300555749001760770
1300555756417282048
1300555780228341760
1300555786368811008
1300555803250905089
1300555809047355394
1300555826508320772
1300555827670118404
1300555835123195904
1300555840705851398
1300555847228030977
1300555861232955392
1300555863590043648
1300555868803682305
1300555872075210752
1300555874063138816
1300555875153780736
1300555880941973505
1300555888738988033
1300555893172572160
1300555905617006592
1300555915414904836
1300555915691786241
1300555916400627719
1300555918820757506
1300555936164175873
1300555940316557312
1300555944586129410
1300555956510773249
1300555960553857027
1300555965419458562
1300555966094684160
1300555972826595328
1300555978061082625
1300555993810636802
1300556002165690370
1300556005323882497
1300556012173262849
1300556014530498564
1300556017382514688
1300556024886235136
1300556031228030976
1300556051499102210
1300556063159320576
1300556069886816256
1300556074974494720
1300556085770809344
1300556095061143552
1300556099318411269
1300556109191675904
1300556125629186048
1300556125729947648
1300556137830342657
1300556139147468801
1300556174463512578
1300556176749363201
1300556187012861952
1300556196487856129
1300556204863885312
1300556205610463233
1300556220437274626
1300556233632616448
1300556251424751616
1300556259268141056
1300556273574907920
1300556276917821441
1300556282022244359
1300556316906328070
1300556337470816256
1300556350775267328
1300556352360714242
1300556352805310465
1300556356194373636
1300556359721799680
1300556359893745665
1300556376972963842
1300556388960215047
1300556402071609344
1300556401987780609
1300556416214798336
1300556424410472454
1300556425509376001
1300556426847424514
1300556431108775940
1300556436339150851
1300556442861174789
1300556446996852737
1300556455024623618
1300556457939816449
1300556459978219525
1300556461307691008
1300556464759603200
1300556478072287232
1300556497513074692
1300556498473541633
1300556505364586496
1300556508640542720
1300556535211454469
1300556544501841921
1300556546456334338
1300556556606550017
1300556568262475778
1300556582724472835
1300556586407145483
1300556586834853888
1300556590135668736
1300556589875843072
1300556597563973634
1300556606673833984
1300556611690340357
1300556622675226624
1300556629189029888
1300556636784861184
1300556641226625024
1300556650940637190
1300556653104959491
1300556670532190210
1300556685640171521
1300556687825346560
1300556703663091713
1300556706548678657
1300556724009496577
1300556733706907649
1300556754074447873
1300556771363356675
1300556774878195712
1300556779491819520
1300556782117494790
1300556799419056129
1300556803248394244
1300556804082995200
1300556818528088064
1300556826061221889
1300556830377209867
1300556844918878216
1300556849721286656
1300556855446573057
1300556862522351617
1300556878729142275
1300556879018553345
1300556879333007360
1300556883175014401
1300556886874316800
1300556901009092608
1300556910576492544
1300556925319475201
1300556943937896450
1300556951059922945
1300556972220063745
1300556985281150977
1300557001311899650
1300557006856740864
1300557011046801409
1300557031997407234
1300557035864502278
1300557039282741249
1300557051064659970
1300557064549396480
1300557106928644096
1300557114654547968
1300557118446227458
1300557120367140866
1300557139568660480
1300557144870260737
1300557164898066433
1300557166408019975
1300557179645308928
1300557191347425286
1300557197512970242
1300557203502292992
1300557207696797696
1300557237270835207
1300557244346531841
1300557245307027458
1300557263258759172
1300557274247651328
1300557294560858114
1300557316694081542
1300557320888504328
1300557320938811394
1300557328689881088
1300557331961384960
1300557356934344707
1300557373975658496
1300557382049837058
1300557392778858497
1300557407484026887
1300557409879044097
1300557416938037255
1300557420469653514
1300557448386875392
1300557451071115264
1300557466996858880
1300557488413175811
1300557505504911371
1300557505756426240
1300557507639812097
1300557510273724417
1300557533568999429
1300557534235824128
1300557538203705353
1300557538493042688
1300557541412188160
1300557541626335234
1300557546332323840
1300557551625535495
1300557556461506561
1300557559703642114
1300557567043817473
1300557580071174149
1300557580293402624
1300557606352752642
1300557618352656388
1300557642428014597
1300557642906193921
1300557647670730752
1300557650359472130
1300557656709570560
1300557668386471936
1300557682261147648
1300557682546487297
1300557697561968640
1300557699118231558
1300557706038833152
1300557711176871937
1300557740469821443
1300557744202629120
1300557765623140353
1300557768793956353
1300557773327998977
1300557773717995521
1300557777098747904
1300557807930937344
1300557824812969984
1300557831192616960
1300557839791001604
1300557839770038272
1300557842106245122
1300557853250314240
1300557861244809217
1300557872548311041
1300557872804241408
1300557889418002432
1300557911429709824
1300557916513153024
1300557932094844928
1300557933600813056
1300557941146353666
1300557961245360128
1300557974369456129
1300557975598186499
1300557982300737536
1300557999199711233
1300557998465589249
1300558003792297984
1300558004157374464
1300558004908183558
1300558009777577984
1300558020703924227
1300558044451999744
1300558052882624515
1300558063078961158
1300558073237569536
1300558082901123072
1300558091096915968
1300558096671084549
1300558096591446016
1300558097044451340
1300558121417408512
1300558124483514372
1300558133421584389
1300558141990596609
1300558146218450951
1300558168968302593
1300558170352496640
1300558175842701313
1300558179198263297
1300558184785080320
1300558193907716099
1300558201222553602
1300558202392784898
1300558208935759872
1300558215248314368
1300558225226502145
1300558225964761088
1300558243916283908
1300558262954201089
1300558266926161920
1300558274891218946
1300558288174501889
1300558334760833030
1300558339319922688
1300558340720922624
1300558346836045824
1300558360912293888
1300558365140148229
1300558368793399297
1300558370513063937
1300558386782711808
1300558405887762432
1300558410115670021
1300558415085940736
1300558418084802561
1300558418554519552
1300558427018735616
1300558428830662663
1300558428943851520
1300558443774906371
1300558445473460225
1300558461386752003
1300558470039719939
1300558477555712000
1300558479082610689
1300558506295209984
1300558507599638528
1300558507935055873
1300558515887640578
1300558518907482112
1300558531897290753
1300558534506029056
1300558556463276032
1300558557813698560
1300558570170142720
1300558571659243520
1300558595097010176
1300558598456700934
1300558598498643972
1300558598880329729
1300558604915806208
1300558611270295552
1300558615527518209
1300558627779076096
1300558644480741376
1300558663644590083
1300558671978598404
1300558682460164098
1300558695412019200
1300558700462170112
1300558705805504512
1300558715947552768
1300558717767815171
1300558721387499521
1300558738928160768
1300558738823106561
1300558758351863815
1300558765247410176
1300558780409806848
1300558784042020865
1300558795513516032
1300558796813512704
1300558806783418368
1300558813456740353
1300558818582188034
1300558835564843008
1300558837208903681
1300558838765060096
1300558841898242049
1300558843882147840
1300558850282729472
1300558851369046018
1300558867697250305
1300558876534665216
1300558890023751684
1300558912442302466
1300558914388336640
1300558926610673666
1300558926904266764
1300558937033453569
1300558948685287426
1300558965617590274
1300558975839219713
1300558986584834048
1300558989067943943
1300558990229803009
1300558990204698626
1300558995070029829
1300558998123491329
1300559018193293314
1300559041446387713
1300559048828485633
1300559057544241153
1300559062065586177
1300559074589839362
1300559080822632449
1300559097264132096
1300559105644347392
1300559114335064064
1300559118336503811
1300559120743817217
1300559136015474689
1300559138267725825
1300559142034247683
1300559148837339138
1300559161781084161
1300559170069032960
1300559174770872322
1300559183608242184
1300559194886737922
1300559207620653059
1300559224678817792
1300559231481819136
1300559231402287105
1300559232274698250
1300559238113234947
1300559279603224578
1300559283382296578
1300559285362069510
1300559289694601216
1300559291594739712
1300559325249900545
1300559325648187392
1300559328500473857
1300559393126330368
1300559400252452865
1300559405101068288
1300559417289650176
1300559418371702784
1300559422247317512
1300559425191714818
1300559442337988609
1300559446532411393
1300559455000690688
1300559454904164354
1300559467050745856
1300559483853176832
1300559487888171010
1300559489083400192
1300559509358813186
1300559512147914752
1300559515641950210
1300559521920630784
1300559539297832964
1300559562915811331
1300559563989479424
1300559598169001991
1300559609355268109
1300559618750525450
1300559644708999168
1300559647724703747
1300559651994468357
1300559656293720064
1300559669396676608
1300559677026164739
1300559677504155648
1300559681430192134
1300559699968811015
1300559705803116547
1300559728351772672
1300559740544507904
1300559741534511105
1300559745246322688
1300559750590066688
1300559761042153473
1300559788078583808
1300559791832604675
1300559811776405504
1300559827186470912
1300559829753364480
1300559853178572807
1300559868068130816
1300559869666357249
1300559887261368321
1300559888112848902
1300559890872782850
1300559895922724864
1300559896576884737
1300559904260763650
1300559911470985218
1300559912871669760
1300559915195330560
1300559932052459524
1300559933986017282
1300559941032226816
1300559952986087424
1300559962188296192
1300559963555860480
1300559971399225345
1300559972007378950
1300559980035268608
1300559997055586305
1300560037765505025
1300560042244976640
1300560067964612609
1300560074528755719
1300560075329810432
1300560087094824960
1300560088587960322
1300560092937424897
1300560105859997696
1300560110767558659
1300560125300748289
1300560126626197504
1300560132292505600
1300560134515589129
1300560139108446209
1300560194414563328
1300560194720731139
1300560206070505473
1300560227373326337
1300560233157230593
1300560237192192001
1300560248546103296
1300560271673626624
1300560280905228290
1300560285258993667
1300560297007120384
1300560297350946816
1300560313595711491
1300560318070915073
1300560344436346881
1300560354146226177
1300560371762130944
1300560373154807809
1300560394256293892
1300560396164661251
1300560428930457600
1300560433926025217
1300560439932268544
1300560446026641408
1300560447251320834
1300560456608743424
1300560459179778049
1300560466457112578
1300560471842529282
1300560482915561472
1300560485671211010
1300560504885215232
1300560508546879493
1300560512074350592
1300560521675051008
1300560529866530821
1300560531271675916
1300560537986703360
1300560540482392073
1300560541161840640
1300560575811014656
1300560576985231361
1300560595280945154
1300560595587080195
1300560596836868096
1300560596937605121
1300560604890099718
1300560638876540928
1300560640092889089
1300560641153998848
1300560668836474894
1300560672300969985
1300560676658839553
1300560684569116672
1300560689912844294
1300560700025307136
1300560701052813317
1300560721269456908
1300560727967662081
1300560750277267458
1300560779402330112
1300560783483514880
1300560784213196800
1300560808980738048
1300560818837188608
1300560819651047426
1300560831160123392
1300560844821008384
1300560847446642688
1300560850835644417
1300560851355697158
1300560864198692866
1300560868288204800
1300560868124626949
1300560881907109890
1300560898193526784
1300560907412537344
1300560922730209280
1300560930045001734
1300560934423990272
1300560939926908930
1300560948466511872
1300560951465238530
1300560953172537345
1300560953239633923
1300560959539421186
1300560978225049601
1300560991701422082
1300560999423057920
1300561007388098561
1300561022470815745
1300561035406049280
1300561039440973824
1300561043966418944
1300561044507635714
1300561052011290625
1300561053286305793
1300561058948673536
1300561081270784000
1300561086555488262
1300561088745033734
1300561100350435328
1300561104410533888
1300561106834923520
1300561108315467776
1300561123205435397
1300561124555923458
1300561136509767686
1300561144231399424
1300561153148489733
1300561154725613569
1300561160857681922
1300561163751763975
1300561172714983425
1300561175516786700
1300561176154210304
1300561176443662336
1300561181980135429
1300561183272034305
1300561192197513222
1300561203006144514
1300561208496414721
1300561217782652928
1300561223801503744
1300561238305497090
1300561257414696961
1300561257905434627
1300561262355587073
1300561266130341889
1300561270391869440
1300561282454618113
1300561283671109633
1300561307784019968
1300561309537247232
1300561322254491650
1300561322908807169
1300561331200851969
1300561338821939200
1300561345062952960
1300561360250646529
1300561369243283456
1300561393842757633
1300561395759472641
1300561409659547648
1300561413308547078
1300561421231628288
1300561468090392576
1300561480518111233
1300561488214724608
1300561490135539712
1300561498444574730
1300561523522154498
1300561533676613634
1300561539959848968
1300561542262468614
1300561551611572225
1300561569265328128
1300561573694435329
1300561577662447616
1300561577314320384
1300561592678047747
1300561598440931331
1300561632276471809
1300561637838069760
1300561643403988994
1300561647677968385
1300561656456646657
1300561667139407872
1300561667336687623
1300561675746115584
1300561676836704256
1300561678912884736
1300561694062784512
1300561701398605825
1300561706423382017
1300561707522297856
1300561731517911041
1300561735661883392
1300561788329693185
1300561812379713536
1300561812396670976
1300561816800686084
1300561862019383297
1300561864225681409
1300561864594604034
1300561869720236032
1300561882940608513
1300561900476923904
1300561904218365952
1300561917224914945
1300561921377267717
1300561924569128960
1300561937357512704
1300561943040872448
1300561950665891840
1300561963261612034
1300561966398935050
1300561985516445696
1300562005603110914
1300562005846306826
1300562006341283841
1300562017930162176
1300562019180064774
1300562046564675585
1300562050062716929
1300562075874242560
1300562080496410624
1300562083864408064
1300562096766226433
1300562105548980224
1300562111387414528
1300562113975390209
1300562128437305344
1300562136746385413
1300562161417310208
1300562165880033282
1300562173937225728
1300562186260094978
1300562201405661184
1300562210616467459
1300562215800655872
1300562233894739968
1300562256070090753
1300562272419483648
1300562275254890498
1300562283102433281
1300562285039988737
1300562295957778432
1300562298013200384
1300562307504910336
1300562310113697794
1300562310088536064
1300562310264770562
1300562316908539905
1300562328296005632
1300562341168164864
1300562341650669568
1300562349028454402
1300562353562497024
1300562354149748739
1300562358503383046
1300562361707888649
1300562369328766976
1300562378912722944
1300562383727783937
1300562395484631041
1300562411188088842
1300562412861558784
1300562415831126016
1300562415919263746
1300562419702468608
1300562420344258561
1300562436714565633
1300562443802996737
1300562443740078080
1300562450656485376
1300562458751520768
1300562470487175171
1300562478640832516
1300562480431869952
1300562480842772480
1300562482918948864
1300562499981455360
1300562503492161537
1300562518205755392
1300562520432812032
1300562529035448321
1300562537461821440
1300562544466288642
1300562567413354497
1300562571427229696
1300562576036765698
1300562600745369606
1300562606583959552
1300562611382042624
1300562614536122368
1300562630097219585
1300562643250540545
1300562652670943232
1300562659482300416
1300562669229936640
1300562672258183168
1300562677165625346
1300562678403006464
1300562680038731776
1300562679938134016
1300562698241937408
1300562705082970115
1300562706962042880
1300562718391492609
1300562733654392833
1300562743649591301
1300562751425785857
1300562767171268608
1300562767405932544
1300562786234150913
1300562803233824776
1300562806811492352
1300562811895062530
1300562860293185536
1300562869990428672
1300562873907851270
1300562880501145600
1300562904056557570
1300562907785289736
1300562923291643904
1300562946121175047
1300562958481788929
1300562964534231041
1300562968942387200
1300562973694414848
1300562987678412801
1300562989674717184
1300563008058318848
1300563009081876485
1300563025418760192
1300563028560224256
1300563033748434944
1300563044427276288
1300563048172793856
1300563049867337730
1300563050915868673
1300563058977366018
1300563074013958144
1300563075687485440
1300563080225710081
1300563092997369856
1300563101058609152
1300563122621644802
1300563149377204224
1300563154313703424
1300563172680704000
1300563182797361153
1300563183971848194
1300563225537384450
1300563233368084481
1300563238984314881
1300563245636476929
1300563248425697280
1300563251747487750
1300563264896602113
1300563276237955072
1300563279522213888
1300563284261777413
1300563287399071744
1300563290796576769
1300563301089320962
1300563321427578880
1300563323700670464
1300563331313475587
1300563335818014720
1300563339756539904
1300563343825018880
1300563354516426752
1300563360505765888
1300563377316597764
1300563385571049473
1300563415900065792
1300563422074097664
1300563428126453761
1300563431435706368
1300563431498682368
1300563434816372737
1300563439484633093
1300563445381828608
1300563450956046337
1300563453321543681
1300563455292837889
1300563457637482496
1300563457616551936
1300563484598386688
1300563485206618112
1300563494366924801
1300563501849567232
1300563506807201792
1300563510896635906
1300563513421762560
1300563515552550914
1300563522439516167
1300563544279220225
1300563552105828355
1300563577007267841
1300563579075166215
1300563582631936002
1300563587283521537
1300563619197915139
1300563623815847938
1300563625598267392
1300563630044323840
1300563634586869766
1300563639922032640
1300563657080832001
1300563658997727233
1300563673832923137
1300563686394867713
1300563695458635777
1300563700454100993
1300563702777864193
1300563707030765571
1300563708947632133
1300563709048233985
1300563711002902529
1300563712399626240
1300563715465637888
1300563727440322561
1300563751729463297
1300563757769293825
1300563760046841859
1300563782893215744
1300563803738976260
1300563811733319681
1300563833531109377
1300563858289913857
1300563861263642625
1300563862236921856
1300563862698172416
1300563881379717120
1300563889097248768
1300563892150640641
1300563897523539970
1300563898907549696
1300563899956199426
1300563901638205444
1300563906386178048
1300563909032763392
1300563918725627905
1300563921779134464
1300563927441584145
1300563936643895296
1300563954817589249
1300563972966494209
1300563975516626947
1300563976594632706
1300563992201646080
1300563993606721537
1300563995418480640
1300564003911921664
1300564005237465088
1300564030742986758
1300564033783955456
1300564035297894405
1300564039916048385
1300564042688405506
1300564051697627136
1300564052171567104
1300564055908929537
1300564056986746884
1300564064322682881
1300564076817461248
1300564077325017088
1300564087445880832
1300564089027137541
1300564092860674048
1300564099844063234
1300564106458664963
1300564119578267648
1300564135277600768
1300564139627220998
1300564165841563650
1300564169297715200
1300564173894582276
1300564178495827968
1300564187308003329
1300564202805960704
1300564212201197570
1300564215661342721
1300564216043180032
1300564239715692544
1300564245747249152
1300564260817338374
1300564264566943745
1300564264931844096
1300564278102163464
1300564283151937539
1300564286574653440
1300564286868127746
1300564293088350216
1300564313057505280
1300564317318807553
1300564320351289346
1300564326793850881
1300564342933463041
1300564346045632518
1300564350894141441
1300564366060855298
1300564367814152193
1300564384553537536
1300564404107456513
1300564408419184642
1300564411715710976
1300564412269572098
1300564417063591942
1300564423094996996
1300564437405855745
1300564438127390721
1300564439209570307
1300564443710058496
1300564443915583488
1300564445652017153
1300564454485221377
1300564455193944064
1300564474831802368
1300564477763637249
1300564480582090754
1300564482784075777
1300564500123394048
1300564503797665792
1300564512643268608
1300564531337289728
1300564535150104576
1300564535527583766
1300564547716231170
1300564548223598592
1300564548634718208
1300564559296630784
1300564571657297920
1300564576849801216
1300564579685195776
1300564583699144704
1300564599155154947
1300564608810450944
1300564613881192450
1300564615974268929
1300564638052966400
1300564643891433473
1300564647028953088
1300564656394821639
1300564659993444352
1300564684869955585
1300564685167775744
1300564698597908487
1300564701710094337
1300564705371660293
1300564713663803393
1300564727094038528
1300564728339546112
1300564735977574402
1300564744168898562
1300564745767002119
1300564753044197376
1300564754461851649
1300564756001062912
1300564768302956545
1300564777442447365
1300564799789641733
1300564803807707136
1300564806378889217
1300564812343119873
1300564830860926978
1300564834614939648
1300564864759410690
1300564864763600896
1300564873953370122
1300564877434552331
1300564881821794305
1300564886909583362
1300564892366364673
1300564900339765249
1300564900595539973
1300564915024023553
1300564929322332160
1300564934028386305
1300564941150142465
1300564948322594816
1300564949241135104
1300564964629913600
1300564973136085000
1300564979184054272
1300564995110047745
1300565005394296833
1300565006841458689
1300565035761180676
1300565038802128896
1300565044183420930
1300565057391202304
1300565057630281732
1300565063905017856
1300565083299479562
1300565097446813699
1300565097446690817
1300565108838592514
1300565109677281280
1300565112781238272
1300565127909969920
1300565131781431297
1300565152119631873
1300565197711704066
1300565202413395968
1300565202602209282
1300565203113914371
1300565210089115650
1300565211422711808
1300565223401820170
1300565242053828609
1300565246713696258
1300565258428387328
1300565263151235074
1300565266351493120
1300565267681030149
1300565272378703872
1300565281547456512
1300565287931203586
1300565293081731074
1300565314648891392
1300565321762443267
1300565324656455682
1300565331073695744
1300565334773166080
1300565334907330560
1300565361474109440
1300565361964863488
1300565363978129408
1300565385390022656
1300565389294919682
1300565396702072832
1300565427060387840
1300565427844767744
1300565435008589824
1300565439681105920
1300565446601699329
1300565447134371841
1300565456089223169
1300565458928754689
1300565463378739201
1300565479740801030
1300565482207088640
1300565533784502273
1300565549047599105
1300565569930919941
1300565580240621569
1300565583004495873
1300565590764064769
1300565591997263874
1300565597437276166
1300565604160729095
1300565604328443906
1300565604454236160
1300565621445337089
1300565645172457472
1300565653255065601
1300565666626523136
1300565687887331328
1300565704974843904
1300565706971451393
1300565734796468224
1300565737174568961
1300565741809348611
1300565743109537792
1300565744577646594
1300565744648847360
1300565759366660105
1300565765289115649
1300565785048428544
1300565787619602443
1300565787770523656
1300565810470170627
1300565817982169088
1300565822541197312
1300565846062841856
1300565852396322818
1300565857303576578
1300565865306492928
1300565869240619015
1300565873317556225
1300565886223503363
1300565891395080197
1300565897917140992
1300565904162525184
1300565910479138829
1300565922156089344
1300565925830238220
1300565925884817408
1300565932809629696
1300565944352362496
1300565957107216388
1300565969736269824
1300566007296200704
1300566018469834752
1300566018528555009
1300566036471783426
1300566039311405060
1300566047221780481
1300566052661755905
1300566083489820673
1300566086329532416
1300566116629196802
1300566123193171968
1300566131997052928
1300566133817389059
1300566149369925632
1300566156575637509
1300566186082668544
1300566187705798656
1300566195700224001
1300566202880790528
1300566210765942784
1300566210820616192
1300566214360666121
1300566215069442049
1300566217271328768
1300566220115251201
1300566224842166274
1300566245830393856
1300566248602906625
1300566253241737216
1300566259147264000
1300566265535361031
1300566272455962625
1300566280660017154
1300566295218323456
1300566313639620608
1300566318329065477
1300566320199675905
1300566328676241411
1300566332908470272
1300566336737742849
1300566354391695362
1300566355616264192
1300566362339905537
1300566391242788867
1300566401770377217
1300566406640136193
1300566417033494528
1300566421403992070
1300566434024697856
1300566467331719170
1300566467855839232
1300566478115270658
1300566488114434049
1300566493785071619
1300566494686842881
1300566500995080192
1300566504740708353
1300566513401896960
1300566519273975808
1300566527025057793
1300566540329377792
1300566547379953665
1300566550622228481
1300566568859045888
1300566578841505793
1300566589725716480
1300566593349582859
1300566597036244992
1300566598789599233
1300566606834171915
1300566611267522560
1300566619035283456
1300566621879238656
1300566621963137026
1300566626828316672
1300566627751276546
1300566627998740480
1300566639889481728
1300566643492286464
1300566665432793089
1300566669006458886
1300566670843564040
1300566685729001474
1300566690955231233
1300566693224226817
1300566697410211841
1300566717261926400
1300566725277159426
1300566731455373312
1300566745200156677
1300566749419626496
1300566767467667457
1300566771615793154
1300566777382879234
1300566782554583041
1300566783229718529
1300566787860426752
1300566790418976773
1300566795800080386
1300566802825703424
1300566807854698498
1300566808454410240
1300566817119764480
1300566824375824384
1300566825084817410
1300566837512601600
1300566855191597056
1300566883444363264
1300566930479292416
1300566944962281472
1300566956358025217
1300566965845725186
1300566971851902976
1300566988595617794
1300567009961357319
1300567030618189825
1300567051350806533
1300567053892419586
1300567053498298369
1300567054790144001
1300567061463216129
1300567062746664960
1300567063556222979
1300567071361830913
1300567082086600704
1300567083063939072
1300567094782812160
1300567100235436032
1300567102554857475
1300567127552929792
1300567140412674048
1300567146620215302
1300567148557983744
1300567155851886594
1300567160079683586
1300567172943687680
1300567181323771905
1300567192732340226
1300567196960059392
1300567197182562310
1300567227364712448
1300567231282032640
1300567244196532225
1300567255269376004
1300567270385528832
1300567272675827713
1300567291143233536
1300567318632845315
1300567324999770112
1300567337242853376
1300567393983492096
1300567394289627136
1300567403991105538
1300567419354718208
1300567421095469058
1300567434135568385
1300567445170565122
1300567449721434112
1300567450262663169
1300567465215373312
1300567471733309441
1300567486765686784
1300567490267885568
1300567499289829376
1300567504193040389
1300567525407830018
1300567533867667459
1300567538938662913
1300567557682929667
1300567560744611840
1300567561634033665
1300567574397280257
1300567585528975360
1300567605946789894
1300567609713266694
1300567610388631559
1300567612116684801
1300567616898183168
1300567621591597059
1300567626654023680
1300567633046118400
1300567635697045504
1300567642865127424
1300567656412708865
1300567660351172614
1300567670430076930
1300567682014744576
1300567683767791617
1300567694446653440
1300567721554276352
1300567746262908929
1300567747391377409
1300567748112609280
1300567797173542915
1300567810599419904
1300567811178332160
1300567831063474181
1300567847358402567
1300567864844443650
1300567881323876353
1300567887770464256
1300567897866084352
1300567913997438979
1300567917956923403
1300567924588056577
1300567932779495424
1300567935321141249
1300567945211531264
1300567946033389568
1300567965230923776
1300567973619359745
1300567977691983872
1300567979327975424
1300567979541884928
1300567982104612865
1300567987582361600
1300567987704000512
1300567996059004928
1300567996088365056
1300568006343286784
1300568006528036866
1300568028262825985
1300568032163565568
1300568031974785024
1300568037662298113
1300568056578572289
1300568083728420866
1300568084370067457
1300568086488272896
1300568094717480960
1300568118687862784
1300568151445458945
1300568166716719106
1300568180520185856
1300568184731435013
1300568189391130625
1300568190444023809
1300568192725602304
1300568201835806720
1300568203853209601
1300568204419518464
1300568205354827776
1300568210677301249
1300568211864330240
1300568213651030019
1300568217056940038
1300568219217006592
1300568222878568448
1300568234756890624
1300568241606021121
1300568251445817345
1300568269284421633
1300568269422690305
1300568280017633281
1300568288901189633
1300568300615806977
1300568304164073472
1300568304680136709
1300568368441819136
1300568372778872836
1300568376624857090
1300568387681226754
1300568426407231488
1300568426776276992
1300568428047208458
1300568438973304832
1300568439518527490
1300568451254087680
1300568467444314112
1300568475904159744
1300568492773715968
1300568493096603660
1300568495013363713
1300568499782406144
1300568502252830722
1300568510519676928
1300568523224227840
1300568527938650114
1300568530262388738
1300568530853785601
1300568531918925825
1300568544522858496
1300568547761033216
1300568561988104192
1300568563934277634
1300568579587203072
1300568587598348289
1300568589594918913
1300568595076845568
1300568599627788291
1300568604426080256
1300568605407444994
1300568607651442689
1300568608846819334
1300568623082123264
1300568639863693312
1300568640006225922
1300568645362315264
1300568648688566272
1300568666040348673
1300568668917637120
1300568673388822531
1300568681253044225
1300568682716946434
1300568693886205953
1300568699603218432
1300568700265791488
1300568712957829121
1300568718204788736
1300568728946515968
1300568745081888768
1300568760030461953
1300568789281538048
1300568791630389256
1300568804582395904
1300568812601909248
1300568813725986816
1300568814325837824
1300568816569720839
1300568821946822656
1300568841546760193
1300568851357167616
1300568851546025987
1300568851978092545
1300568854050021382
1300568854146568192
1300568859175538689
1300568859749961728
1300568862069587968
1300568868147011585
1300568875210137601
1300568881673707520
1300568883217272834
1300568900803928072
1300568900799737856
1300568904029417476
1300568905774178306
1300568909104336896
1300568912585605121
1300568933536354304
1300569010124345347
1300569010438918144
1300569015329460225
