1289546403442810882
1289546432215683072
1289546440629354499
1289546441237512192
1289546441921159168
1289546441875025920
1289546462351642625
1289546467309309955
1289546476486406144
1289546478067703808
1289546478567018496
1289546480701730818
1289546503971721218
1289546508996665346
1289546512494518272
1289546532895649793
1289546534581948416
1289546536678862848
1289546550364889089
1289546554349514752
1289546559164538880
1289546562327248896
1289546568501063682
1289546570824728578
1289546589325803520
1289546596833624065
1289546598213537792
1289546617826283522
1289546630245433345
1289546630568349699
1289546659316129798
1289546668803674112
1289546689947340806
1289546709983535109
1289546711090835458
1289546711161962496
1289546714248962048
1289546727825915904
1289546731571613699
1289546753369190400
1289546760117825541
1289546790304325632
1289546802274787329
1289546814413185025
1289546815264550912
1289546818561486848
1289546827461619713
1289546838886907905
1289546840711495681
1289546856213565441
1289546857434083331
1289546868263759875
1289546869241085953
1289546877046677512
1289546878846025730
1289546882205679618
1289546894201372672
1289546894029606912
1289546899045974018
1289546907262554113
1289546913067552768
1289546920197644289
1289546922944913409
1289546929165291522
1289546936773521408
1289546941794197505
1289546949037760512
1289546967052201989
1289546977290510336
1289546989932130304
1289546990154469382
1289546996282400770
1289547000413732864
1289547003488133122
1289547004066951168
1289547006420033536
1289547028649914368
1289547034060402688
1289547054197309441
1289547057674326016
1289547062267088896
1289547062673993728
1289547086573326336
1289547095507005440
1289547096769482752
1289547123034218497
1289547129493446659
1289547134652407814
1289547142806360065
1289547149567340545
1289547155649306630
1289547171252117504
1289547212196679681
1289547218505039873
1289547238566277121
1289547243473707008
1289547249123495937
1289547249450590208
1289547251723862016
1289547259596566528
1289547273349857280
1289547280442368000
1289547288302379008
1289547288583368706
1289547294405140482
1289547297257213953
1289547323220078592
1289547334657794050
1289547339124727808
1289547340743729153
1289547346758586368
1289547352550682624
1289547360046120960
1289547380925190149
1289547385442455553
1289547402009931776
1289547405671542786
1289547417902170117
1289547411824623616
1289547419454119936
1289547421165355008
1289547445043712000
1289547457009860608
1289547515809812480
1289547516934070278
1289547527700717568
1289547536852688898
1289547545031581705
1289547548546543618
1289547552052797440
1289547561615757313
1289547575054307328
1289547575591239680
1289547578049097730
1289547582226567171
1289547593945473031
1289547596109774848
1289547620545773568
1289547649004298240
1289547652510527489
1289547652019793926
1289547667455070209
1289547670097338371
1289547675302375425
1289547686698344448
1289547703051902977
1289547705187016704
1289547711616868353
1289547712510083072
1289547720357625856
1289547732487532548
1289547737889820673
1289547743439060992
1289547751722586112
1289547754331443200
1289547762644578304
1289547770227879936
1289547775173111808
1289547786745073666
1289547799613149185
1289547803740364801
1289547806399594498
1289547809444827137
1289547809738424320
1289547826435747841
1289547829975724032
1289547830651056129
1289547835143106561
1289547867296694272
1289547871998447619
1289547879321759744
1289547893565566976
1289547896103112706
1289547904990892032
1289547905343328256
1289547910565199872
1289547914411495424
1289547925547147267
1289547927853993984
1289547930588737536
1289547950465544192
1289547956534665216
1289547959655264259
1289547964067667969
1289547967402143752
1289547980052127744
1289547985538301952
1289547985861320706
1289547989720039427
1289547997110366208
1289548014252470272
1289548018396536832
1289548019088547840
1289548027565420544
1289548035236564993
1289548036973236224
1289548040169091072
1289548040554950656
1289548043943940097
1289548059676876800
1289548082372161536
1289548089733156864
1289548091196989441
1289548105809977346
1289548106938216448
1289548122293583872
1289548123782516739
1289548130887675905
1289548135568531460
1289548136898154501
1289548149158055936
1289548156330377218
1289548161153826816
1289548169349537793
1289548170456895488
1289548175154376706
1289548178828607491
1289548186810368001
1289548194783744001
1289548199343030272
1289548199548448769
1289548211149914113
1289548212139782145
1289548220574515201
1289548239708987393
1289548241759907840
1289548258801528832
1289548273858928647
1289548282234986499
1289548292234162179
1289548305236549640
1289548329639059456
1289548336408563712
1289548354104340480
1289548374731972612
1289548374665027585
1289548375549833216
1289548379949797376
1289548388107575298
1289548401571495937
1289548407468482562
1289548424484802562
1289548434383556609
1289548450896343042
1289548473134546947
1289548485100859392
1289548488515018752
1289548496383569922
1289548500368146433
1289548506240135169
1289548508454764549
1289548519242522624
1289548522576941056
1289548560640270338
1289548571109240832
1289548571612569602
1289548592663805955
1289548601786392576
1289548611114549250
1289548613954093056
1289548618047791104
1289548629947031552
1289548630332866561
1289548631368806402
1289548642567610369
1289548647445565440
1289548663774117894
1289548669713182725
1289548683306872832
1289548684665880577
1289548695575212032
1289548698934849536
1289548705645895680
1289548715355590657
1289548722691481601
1289548735802798081
1289548740911681537
1289548752705843200
1289548760972840962
1289548761866280970
1289548766136033282
1289548773077602304
1289548798558052352
1289548799833079808
1289548826735304704
1289548828551643136
1289548843780984834
1289548848319229952
1289548852903596032
1289548867327815681
1289548871538847744
1289548873074118656
1289548894276378624
1289548915172286467
1289548920289259521
1289548925582495746
1289548925855125504
1289548950060404736
1289548954678394885
1289548960290545664
1289548966116438021
1289548986181775362
1289548986572050432
1289549004280180736
1289549021728530432
1289549035414544385
1289549038858076161
1289549042356113408
1289549045405372416
1289549050165878784
1289549071326167040
1289549092440301570
1289549096865288193
1289549101701271552
1289549108047306752
1289549113306963970
1289549126359633921
1289549126699425795
1289549133766746112
1289549146391633920
1289549151819112448
1289549160551559168
1289549160383803392
1289549160572522498
1289549171356180480
1289549171993714690
1289549179807649793
1289549183515418624
1289549201559425024
1289549189794246658
1289549221805215745
1289549221956222979
1289549230093168640
1289549234123837440
1289549234430046209
1289549272019546112
1289549273965551616
1289549276968714241
1289549276981399553
1289549277048393728
1289549280236015616
1289549288612102144
1289549297818595330
1289549298825179136
1289549314532941824
1289549322808303616
1289549335126892547
1289549335311646720
1289549348582219777
1289549352919347201
1289549354387218432
1289549359944622081
1289549381369319424
1289549389027872768
1289549420116054016
1289549423983247360
1289549441544777728
1289549457340522496
1289549457646743554
1289549457961267201
1289549470594547712
1289549473283059712
1289549473115287552
1289549481306775553
1289549487464017925
1289549502429278213
1289549529428062209
1289549537640509440
1289549538361880577
1289549568992882690
1289549569626267651
1289549571060711424
1289549601343565826
1289549608893333506
1289549612173283328
1289549621987966977
1289549623929921536
1289549629462384642
1289549631009906688
1289549633207730177
1289549636584321024
1289549645971181568
1289549650244956161
1289549657547214848
1289549663675113478
1289549671610818560
1289549675528421377
1289549681140404228
1289549705471332359
1289549706658328581
1289549721787346944
1289549721749487620
1289549737754935296
1289549781396848641
1289549809708277763
1289549813835423747
1289549814569426949
1289549826690957313
1289549830214152193
1289549838724378630
1289549847872311296
1289549863462424577
1289549884245196800
1289549885763616768
1289549885906141185
1289549910354702336
1289549924389060610
1289549925143855104
1289549927782076422
1289549930638397449
1289549932127383553
1289549939870072833
1289549955988889601
1289549960799612930
1289549974280245249
1289549986515103744
1289550002121920513
1289550014759370752
1289550015845658624
1289550020459388928
1289550024787943424
1289550028864802816
1289550033369460740
1289550033348526081
1289550034963505155
1289550036330840064
1289550039749189634
1289550039824519173
1289550052504018944
1289550069247746049
1289550073496350720
1289550091490144257
1289550107621437441
1289550116798345216
1289550118811652096
1289550118887108613
1289550119222652929
1289550133550395393
1289550166052069378
1289550203675004935
1289550208938975232
1289550219781132291
1289550224390680579
1289550225829507072
1289550228614307840
1289550249703247879
1289550253243248641
1289550280829231104
1289550285233254400
1289550288521584640
1289550308691947521
1289550309556068354
1289550314085916673
1289550317902802945
1289550321807699968
1289550340732280834
1289550368947331072
1289550371224875015
1289550393169465345
1289550397955362819
1289550411024588800
1289550415319584768
1289550416716288000
1289550417370570752
1289550426501550083
1289550427541782528
1289550433598312448
1289550433950695430
1289550443652304896
1289550448588808193
1289550458860650497
1289550469379977217
1289550471682695170
1289550484936638464
1289550493417521154
1289550500669530112
1289550501323792385
1289550519564775425
1289550522374995973
1289550539248693248
1289550543757520896
1289550548291727361
1289550556227223553
1289550560178257922
1289550586669461504
1289550594894467074
1289550607108300804
1289550623470432259
1289550627274551296
1289550628339847179
1289550643137409030
1289550652708814850
1289550661009383426
1289550669427249152
1289550670408818688
1289550694324645889
1289550699634753537
1289550714860052480
1289550721394720769
1289550742068408321
1289550751002275841
1289550751023292416
1289550753124642816
1289550758250250242
1289550769490804737
1289550798452473857
1289550827946782720
1289550840290844672
1289550840697561088
1289550844434608129
1289550845877477376
1289550870367985664
1289550889028423680
1289550895227666434
1289550908326424577
1289550911539355652
1289550916224335873
1289550917398745088
1289550920313782272
1289550922373165057
1289550926168985600
1289550929478393856
1289550930057154560
1289550934096244736
1289550944980500486
1289550946893168641
1289550953570394113
1289550954170261505
1289550955835523072
1289550968162410497
1289550972696420352
1289550975569743874
1289550983366758402
1289551037771083776
1289551051377397761
1289551088253722625
1289551102216568833
1289551109716168704
1289551126333755393
1289551132029722628
1289551134772797441
1289551135536082945
1289551135817097216
1289551143605952513
1289551152082608130
1289551160295079943
1289551163071684608
1289551170302705665
1289551171770675206
1289551194533199872
1289551194730278913
1289551206990323714
1289551226460225536
1289551228452499456
1289551253123428352
1289551253471522816
1289551253446561793
1289551255434452994
1289551256030072832
1289551265848942593
1289551277353865216
1289551278196965377
1289551280768090117
1289551280940122112
1289551286791106561
1289551289660006402
1289551294567309312
1289551298971361280
1289551320169369602
1289551323055054849
1289551341707128835
1289551342202019841
1289551348120330246
1289551348942254080
1289551361378418688
1289551366675996672
1289551373697257473
1289551382496727040
1289551383570440194
1289551394308063232
1289551398502203392
1289551410820837376
1289551416625729536
1289551420887269378
1289551429728735232
1289551433604292608
1289551438293549056
1289551466147930115
1289551467146285056
1289551479729041409
1289551484015673345
1289551487207579648
1289551504001695746
1289551503191994369
1289551505230635008
1289551511433879554
1289551522188201985
1289551525413437441
1289551532900245504
1289551533319700480
1289551533982457856
1289551540793950210
1289551579217973249
1289551600625651716
1289551605428129793
1289551621815377927
1289551623212027905
1289551625481330688
1289551631026130944
1289551651863322626
1289551655554314242
1289551664056168449
1289551677373026305
1289551677972873216
1289551687540068353
1289551690304122881
1289551692376178688
1289551694057967617
1289551697195307014
1289551706611748865
1289551712772952065
1289551718141710336
1289551722310799360
1289551729525026816
1289551746298081280
1289551746226741248
1289551782478098432
1289551796650651653
1289551799058337792
1289551838644076547
1289551842888699905
1289551844675444736
1289551851788988416
1289551876883542019
1289551877252603904
1289551877734977536
1289551878263635970
1289551898081517573
1289551905941667841
1289551957418369026
1289551957649063941
1289551960434065408
1289551965781860357
1289551983079120899
1289551999734697984
1289552000342847488
1289552024011382784
1289552032806785025
1289552037902979075
1289552052641599490
1289552053304299521
1289552065761382400
1289552073751556096
1289552075177619456
1289552081762676742
1289552082437992450
1289552083482419205
1289552091082633216
1289552094991704067
1289552098430877700
1289552102344151041
1289552103422083073
1289552107742216192
1289552116894167040
1289552146443075584
1289552150654312449
1289552158904459265
1289552172250587137
1289552174238769152
1289552195587694600
1289552204265926656
1289552205498859521
1289552215980433410
1289552225040134144
1289552233403572225
1289552245424418816
1289552249471954945
1289552254559596544
1289552266639355904
1289552273098432514
1289552275057209344
1289552278890745857
1289552300680212487
1289552300696977409
1289552304358567936
1289552305055039488
1289552317235097600
1289552321635143681
1289552335224487937
1289552345995440128
1289552356363755524
1289552360222552066
1289552368158142469
1289552374210498567
1289552376051847168
1289552377368817664
1289552394481594369
1289552398352969728
1289552398650937344
1289552404967329793
1289552405743333378
1289552406058074113
1289552410222895106
1289552415138684929
1289552418594672640
1289552418858909697
1289552439159296001
1289552440027516929
1289552452077772800
1289552460718039041
1289552468481699841
1289552475888824320
1289552485296664577
1289552488631136256
1289552502258634752
1289552503218950146
1289552505869750274
1289552514053033984
1289552519430131712
1289552525008367618
1289552527994675201
1289552531316592640
1289552559984660480
1289552560697815040
1289552561326845952
1289552569430183937
1289552574450765825
1289552582965223424
1289552585632800768
1289552591202918405
1289552594822561792
1289552604402339840
1289552610727321602
1289552610756825088
1289552619816529922
1289552635582767104
1289552635914149888
1289552641123655680
1289552653387624449
1289552656550092800
1289552656537538560
1289552656487391233
1289552678587191301
1289552686929641473
1289552687416012801
1289552708962119680
1289552715094269958
1289552721146568704
1289552737147871233
1289552749131005954
1289552775903289344
1289552776402329601
1289552783482339328
1289552784014991360
1289552801157148674
1289552801077501952
1289552803858440193
1289552804156026881
1289552809050820609
1289552811772895232
1289552818047606785
1289552826641707015
1289552842458411008
1289552850729627649
1289552854450155521
1289552854823272449
1289552856161193984
1289552864050724864
1289552871122513920
1289552875496960002
1289552879615795200
1289552880161050624
1289552893347954688
1289552917419028481
1289552929033093121
1289552930371067905
1289552934812884992
1289552937501339648
1289552942698074112
1289552945919528962
1289552947739652097
1289552950101041158
1289552950893764609
1289552955662692352
1289552958623866886
1289552977473101824
1289553021806850049
1289553035618918401
1289553044833787904
1289553051947134976
1289553060188979201
1289553069567627264
1289553076744007681
1289553098080321539
1289553107341520896
1289553109664985089
1289553113934893057
1289553115834748928
1289553122449223680
1289553122952482816
1289553134499422208
1289553138895052800
1289553139461500929
1289553147820564480
1289553156465016832
1289553160172863490
1289553161414467584
1289553169316380672
1289553185254735874
1289553195123879936
1289553203235872769
1289553206347882497
1289553219245322243
1289553227017383936
1289553228296671232
1289553232683921409
1289553236085673987
1289553253873508358
1289553260437819392
1289553260710256641
1289553261247098885
1289553261150707713
1289553273578553344
1289553273712553985
1289553283552608258
1289553289969831936
1289553299012587520
1289553311327084545
1289553312954462210
1289553315454279681
1289553321397587968
1289553321569562629
1289553324182626304
1289553324744704003
1289553333787570179
1289553335859609601
1289553338371981314
1289553341429592065
1289553342310551556
1289553370848485376
1289553379933347840
1289553386581266433
1289553390536503296
1289553408056156161
1289553413601144832
1289553413684883457
1289553416864190464
1289553471100743681
1289553475341180928
1289553479036354561
1289553483109040128
1289553509298233349
1289553514151030785
1289553523059724289
1289553530898886656
1289553539140857858
1289553559353085952
1289553563065225217
1289553564189077504
1289553566814871552
1289553573223608326
1289553576272859136
1289553583923372034
1289553589833068550
1289553592702193665
1289553629934829568
1289553634108166144
1289553639275745280
1289553647001579520
1289553651455811592
1289553663938007041
1289553681268895744
1289553697073016832
1289553698423631873
1289553734662422531
1289553736155594752
1289553737929777153
1289553743311142918
1289553747673153537
1289553749153742850
1289553778144759808
1289553780774596608
1289553815717339137
1289553815994339329
1289553820490575872
1289553832721121288
1289553837028569088
1289553840669433856
1289553852262264834
1289553856171393024
1289553859258417154
1289553866128625665
1289553886529822722
1289553894171791361
1289553915348803587
1289553925066993666
1289553935674441735
1289553941068492800
1289553944759291904
1289553948798418944
1289553948848738305
1289553956725649409
1289553962639790081
1289553969555976195
1289553973943209984
1289553978112356354
1289553978531778560
1289553994965082113
1289553994847674369
1289553998651854848
1289554007132737536
1289554032353148929
1289554032852234240
1289554037352800256
1289554049289748480
1289554072526376960
1289554075705577472
1289554083729289216
1289554096295251971
1289554122111242240
1289554134538915852
1289554149852483587
1289554151844614144
1289554153996337152
1289554163727126528
1289554168575741953
1289554172862332929
1289554187894902784
1289554193217249280
1289554195461238784
1289554202985771008
1289554210300801024
1289554215392747520
1289554233600012290
1289554242999652352
1289554246849814529
1289554250326892546
1289554260938522625
1289554264331710466
1289554272774832133
1289554276302196739
1289554280194519042
1289554289589776384
1289554293494706180
1289554300859891714
1289554310448078850
1289554313316982784
1289554326201876480
1289554330094247937
1289554334875697154
1289554339766210561
1289554343260114944
1289554343390146560
1289554343947980800
1289554344937787392
1289554352428875776
1289554360595148801
1289554365376860160
1289554373757087745
1289554378416775168
1289554389342908418
1289554391481999360
1289554393071628288
1289554393122009090
1289554394317455362
1289554402999586826
1289554405893632000
1289554435832573952
1289554439775195142
1289554448176443392
1289554453033451521
1289554458435678209
1289554460901928960
1289554469798125568
1289554495794339843
1289554496268333057
1289554506867343361
1289554511153922049
1289554512168984577
1289554516702949381
1289554519823544321
1289554532054077440
1289554555567370241
1289554556397875204
1289554556901183489
1289554587100356608
1289554595962732549
1289554599624548357
1289554605924388864
1289554615747272704
1289554626082033664
1289554652896227328
1289554670717825025
1289554673871986688
1289554682331815936
1289554683640438786
1289554683980181505
1289554683913097216
1289554688803663872
1289554695027953664
1289554711780106241
1289554725851914240
1289554726317506560
1289554731396820992
1289554715945005056
1289554746206900227
1289554750204268546
1289554759016357888
1289554784672870402
1289554791400644614
1289554795355729921
1289554802070806528
1289554801961836549
1289554820550934528
1289554830369763328
1289554834090123264
1289554839093915654
1289554843254702080
1289554850779287558
1289554855921455108
1289554864112984067
1289554864612278273
1289554867782955009
1289554879648677890
1289554893519245313
1289554896153268230
1289554913454940160
1289554917934297088
1289554930223599617
1289554931251163138
1289554935844020225
1289554946778468355
1289554949072855040
1289554956282761216
1289554975811502081
1289554978030456833
1289554984909058048
1289554986020438016
1289554989224833032
1289555005444198401
1289555007252070400
1289555015548444672
1289555032505872386
1289555034993094657
1289555039837540354
1289555044337979392
1289555060209246209
1289555064273530882
1289555083634470912
1289555086947975168
1289555095512743936
1289555102013853696
1289555102676598784
1289555103284830210
1289555114294837249
1289555118682062848
1289555123375493120
1289555123706855426
1289555131701305344
1289555141574631424
1289555148834930691
1289555152295272450
1289555158062501888
1289555198768160768
1289555200387108864
1289555202710712320
1289555213435547650
1289555217206218753
1289555228002414595
1289555232893145088
1289555235887751168
1289555236072259584
1289555245723529216
1289555250110705666
1289555257085706246
1289555267244482566
1289555274668285954
1289555275272212480
1289555275570176001
1289555294612123649
1289555301058789376
1289555309799694337
1289555312676974593
1289555315793342467
1289555327885512706
1289555370575187968
1289555371158204418
1289555376447164416
1289555376413634567
1289555382944387078
1289555396437381121
1289555401143234560
1289555417220165632
1289555438774546435
1289555442461323265
1289555458483613702
1289555460752695296
1289555464804392963
1289555497381531650
1289555497914269700
1289555500317589504
1289555505673728000
1289555514528014338
1289555517384192001
1289555522585268225
1289555523390455808
1289555530025844737
1289555530453667840
1289555534765465600
1289555542734602240
1289555544307462145
1289555548925333507
1289555552607940608
1289555559096520705
1289555559796994048
1289555562896584705
1289555571595784192
1289555572916776960
1289555577861844995
1289555610724253697
1289555616260751360
1289555619834404864
1289555622296354818
1289555623923736576
1289555626335461376
1289555630248701953
1289555631226011648
1289555640591949827
1289555644207382528
1289555648519249920
1289555651371233281
1289555673466802177
1289555686964310019
1289555689652629504
1289555690378399744
1289555693586931712
1289555697307246592
1289555714164133888
1289555715267280896
1289555760809041921
1289555772745977856
1289555774771929088
1289555778206961664
1289555778660073472
1289555785949704193
1289555785928777728
1289555786188894208
1289555786499108864
1289555790500491265
1289555800776519686
1289555820636590081
1289555832976191492
1289555840165244936
1289555857844236300
1289555878140473345
1289555895043551232
1289555898768261120
1289555905021788164
1289555912202493953
1289555912793849856
1289555916606435328
1289555919685091328
1289555928136613888
1289555949527560192
1289555962542436353
1289556007912235009
1289556026082041856
1289556051738558469
1289556067932712960
1289556074836631559
1289556113143160832
1289556123339481093
1289556137893740552
1289556145997148161
1289556159066562560
1289556175688589313
1289556196869824518
1289556204910342144
1289556210471989248
1289556210987933698
1289556235319013376
1289556235902046214
1289556242533253120
1289556248778559490
1289556259423698944
1289556270278742017
1289556276834209792
1289556284476461056
1289556302209794048
1289556302683762689
1289556311915413504
1289556322984181761
1289556324544438278
1289556328495476736
1289556331347816448
1289556332434071558
1289556343481946114
1289556348405915649
1289556348619722753
1289556352231026696
1289556356991602688
1289556364268834816
1289556366042886150
1289556374041456640
1289556381746438144
1289556385466744834
1289556399727374337
1289556403665793024
1289556407516164096
1289556415292436480
1289556424066924545
1289556424880582657
1289556436494610432
1289556439963283456
1289556440491819009
1289556465049456641
1289556478177632257
1289556486448795648
1289556487929335808
1289556503272202242
1289556504161460224
1289556511568478209
1289556519634317312
1289556546012106753
1289556557529640962
1289556565456953349
1289556571077218304
1289556579667206146
1289556610088488960
1289556642040696832
1289556651603660802
1289556670389993473
1289556670713155584
1289556693681147904
1289556696814166016
1289556696482938881
1289556700706607104
1289556716778971136
1289556720792907777
1289556734441209858
1289556735867228166
1289556736215592961
1289556750043975680
1289556750761304064
1289556756557791232
1289556758529101824
1289556765068034048
1289556770927423488
1289556784915582977
1289556792792346626
1289556805530587136
1289556828435517442
1289556831954583552
1289556834303410176
1289556865261551617
1289556868742881281
1289556877970309125
1289556898530775042
1289556901676507136
1289556905862369280
1289556920156782592
1289556934589177857
1289556941220413441
1289556944919728140
1289556949348966402
1289556961776873473
1289556962661642241
1289556969343160322
1289556976586768389
1289557007981150208
1289557019481927681
1289557019888820224
1289557040298246145
1289557044815474688
1289557045272891392
1289557050972749826
1289557060904861697
1289557064944058373
1289557069079642113
1289557069142429698
1289557082522259456
1289557084116267011
1289557085911359488
1289557085965836290
1289557089694527490
1289557108623433731
1289557129074941953
1289557135249092615
1289557142014267393
1289557145369759744
1289557154504925184
1289557165557022720
1289557177741410307
1289557191570018306
1289557192270467076
1289557205109231618
1289557207412080641
1289557224197459969
1289557232556924929
1289557254124036096
1289557259245121537
1289557295601291265
1289557309266378752
1289557314614071297
1289557326928556033
1289557352203653121
1289557354631987201
1289557355882045440
1289557358163554304
1289557358658465793
1289557358943690753
1289557366560526336
1289557367240060929
1289557397912973313
1289557405072650242
1289557422307082242
1289557460458459136
1289557484382744576
1289557497427030021
1289557506503532545
1289557513533153281
1289557526011211776
1289557534701809664
1289557547985170434
1289557562199699456
1289557573130051584
1289557581548011521
1289557594550362113
1289557597775945728
1289557598497157121
1289557599315058690
1289557601999437824
1289557606713851904
1289557607032578055
1289557610971062274
1289557628662710272
1289557632513007621
1289557640113057792
1289557649516724226
1289557649931948033
1289557650217156609
1289557652003942403
1289557656970043394
1289557658735763457
1289557666277339137
1289557669057978374
1289557669422850048
1289557674506571777
1289557708396302340
1289557731553288192
1289557739790729216
1289557741749575680
1289557745000017920
1289557748581949440
1289557752981880832
1289557762339266560
1289557778017722368
1289557778541899776
1289557791200309248
1289557795000352768
1289557819881005057
1289557824545013760
1289557836771610624
1289557838281363457
1289557866748076032
1289557874687893504
1289557891549028352
1289557897039380480
1289557904085921793
1289557907625762816
1289557913011462144
1289557921936879616
1289557937707520000
1289557938625867777
1289557942144909312
1289557942996357121
1289557958729150464
1289557959823917062
1289557960025190401
1289557971685400576
1289557983483944961
1289557980942413824
1289557996314468352
1289558000915505152
1289558001506869251
1289558017172574208
1289558029348700167
1289558031232106496
1289558031768752128
1289558034386046976
1289558035250085888
1289558043991171074
1289558047551963138
1289558047480786946
1289558051846930437
1289558056481652738
1289558068225859584
1289558073078513666
1289558089063047168
1289558097585831937
1289558119077486600
1289558123766624256
1289558127470415872
1289558128183238657
1289558130590793730
1289558134206296064
1289558144650158080
1289558152908742656
1289558223155011584
1289558236258095106
1289558245992837120
1289558265366372352
1289558281728299008
1289558289345200130
1289558312304795648
1289558316671098881
1289558332655599620
1289558353023078401
1289558353673244672
1289558360732229634
1289558375391354880
1289558382085513216
1289558398623604736
1289558419330838529
1289558420966617088
1289558429879742467
1289558430265389057
1289558465757581312
1289558469977071618
1289558470610440193
1289558492911566848
1289558499182047232
1289558517423075328
1289558528705720326
1289558533462253569
1289558554660102145
1289558570770370561
1289558572414586880
1289558579230326785
1289558592832573442
1289558593520492545
1289558595667808256
1289558596041109504
1289558596158541824
1289558597345529856
1289558601111965698
1289558605423718401
1289558608355528704
1289558610087784450
1289558612159811586
1289558614546493440
1289558625606725632
1289558626009399296
1289558634406359040
1289558638474883072
1289558639087243265
1289558655956856837
1289558659287019520
1289558663049355264
1289558680396943361
1289558686310871047
1289558693428658176
1289558693848088577
1289558706250645511
1289558709887090694
1289558722868416512
1289558729709350912
1289558730564984832
1289558735191306240
1289558738416750598
1289558744062242818
1289558755374325760
1289558770079563778
1289558776719093763
1289558781127348233
1289558782536605698
1289558798680461313
1289558811104034816
1289558811615928322
1289558822525104129
1289558848303509506
1289558855706243072
1289558866204790784
1289558877915111425
1289558881622884353
1289558899842887680
1289558902644736001
1289558903621971968
1289558907095076864
1289558911117406209
1289558915944914944
1289558928712282114
1289558941844811782
1289558956256292865
1289558965643169794
1289558966440099841
1289558974879145987
1289558986237153281
1289558986749091840
1289558989852663814
1289558990288900096
1289559009792372737
1289559011378036736
1289559027949731840
1289559028587208704
1289559048455503872
1289559050330361858
1289559058647851008
1289559065635389440
1289559096274718720
1289559099248504837
1289559100032868352
1289559112741556228
1289559113349754881
1289559113257512960
1289559117334556673
1289559124045258753
1289559127304282115
1289559137886408705
1289559145083879429
1289559162741878785
1289559173127184384
1289559180714573824
1289559183398862852
1289559185156235265
1289559187056291840
1289559191816794113
1289559197156290560
1289559203317653505
1289559212746407937
1289559233097355264
1289559238130442240
1289559238537224193
1289559242689507330
1289559268585218048
1289559279494553602
1289559285995671553
1289559306958852098
1289559310138134528
1289559333869506560
1289559336021184512
1289559355701035008
1289559376613666816
1289559380191350784
1289559388609372160
1289559389259538432
1289559402714935298
1289559403205505024
1289559405441081344
1289559414614024193
1289559423464030208
1289559423468228609
1289559435376025600
1289559443596689409
1289559459941904384
1289559460751450114
1289559477268566019
1289559481651666948
1289559485174804480
1289559503688482824
1289559516216885254
1289559522730586113
1289559531815677957
1289559539226775553
1289559548081188864
1289559553109966849
1289559553638465538
1289559565239894016
1289559565307060225
1289559577147711488
1289559577705377792
1289559581971030017
1289559582260563968
1289559582793064448
1289559586438098946
1289559590783160328
1289559594428018688
1289559607040335873
1289559615835783170
1289559623238811651
1289559633401536512
1289559637419651072
1289559638292086784
1289559648614273024
1289559649125928963
1289559666490449924
1289559683452112896
1289559684290994184
1289559690389618688
1289559694856671239
1289559696118972417
1289559717035913216
1289559724115947523
1289559732760395780
1289559758316253184
1289559774711836674
1289559778650292224
1289559778704756736
1289559779791138816
1289559795259736065
1289559796572549122
1289559797633658882
1289559797730140161
1289559804352925704
1289559808429789186
1289559812645064704
1289559813509099520
1289559830131118081
1289559832937127936
1289559859734573058
1289559859860406272
1289559864138584064
1289559874850807809
1289559918773592069
1289559936339333123
1289559936578588673
1289559943029248002
1289559948699955207
1289559956006502402
1289559956362899456
1289559959689076736
1289559960242622465
1289559989267230725
1289559992723320832
1289560027708104705
1289560017415225345
1289560043839348738
1289560044040646657
1289560047140270081
1289560051040964608
1289560064181727232
1289560064278200320
1289560065041510401
1289560076886380545
1289560077653782534
1289560101670367237
1289560124751740929
1289560127318630403
1289560128480374785
1289560144389406720
1289560173686620166
1289560173925683201
1289560181559513088
1289560191176806406
1289560195656331264
1289560198030532608
1289560203067822080
1289560203340288000
1289560235925884929
1289560244138283008
1289560244708925441
1289560245707010051
1289560245782458368
1289560248341204992
1289560248416534530
1289560258562596865
1289560261309808642
1289560261850890241
1289560266787627010
1289560282931458049
1289560283409612800
1289560290275753984
1289560291517198337
1289560291764613121
1289560311465271296
1289560316477681664
1289560329735700480
1289560330515836928
1289560357279633414
1289560386656583680
1289560395414265859
1289560396081184768
1289560413164539905
1289560416503332865
1289560424543813636
1289560425953198081
1289560430713552897
1289560437810507776
1289560438779207680
1289560467321450497
1289560467229245442
1289560484157337600
1289560492768296963
1289560503694417923
1289560503950270465
1289560510241755136
1289560525949382658
1289560526742151168
1289560528856080385
1289560533260103681
1289560546736390145
1289560551324938245
1289560554793623554
1289560559957037056
1289560564830806016
1289560572325847041
1289560601845350401
1289560615590092800
1289560636372860931
1289560648305618945
1289560654785867776
1289560660884455425
1289560663367417857
1289560664248168449
1289560665313574916
1289560688814219267
1289560713984262145
1289560722695913472
1289560723551481863
1289560736339918849
1289560738931982342
1289560756929744896
1289560760197120004
1289560758901145606
1289560770578198528
1289560772629221377
1289560772691947520
1289560780736782336
1289560782343045121
1289560786625413120
1289560794670063616
1289560804061134849
1289560854472482819
1289560856544436225
1289560867361697792
1289560886294659074
1289560904007204864
1289560907090137089
1289560917278183425
1289560917579988994
1289560929189978113
1289560932708790277
1289560937855246336
1289560940501856258
1289560950803054593
1289560966472982529
1289560970331791361
1289560975452954624
1289560978783264769
1289560987608272896
1289560990888075264
1289561000237137923
1289561018293772288
1289561021544148992
1289561036010315776
1289561038258495491
1289561046353502210
1289561053425147904
1289561054523961345
1289561058303029249
1289561142080294924
1289561154784645121
1289561172736446466
1289561175387017216
1289561175647088641
1289561206127239169
1289561205992902656
1289561212858982401
1289561214725623808
1289561264482484224
1289561285030371331
1289561301383909378
1289561305150451712
1289561330664345602
1289561331088019459
1289561331721371649
1289561348485951488
1289561348859469824
1289561348997697536
1289561351380066308
1289561351627497472
1289561372896841729
1289561373425319938
1289561381516148737
1289561389124562945
1289561398700195841
1289561407537774593
1289561440530046977
1289561447681449986
1289561447970701314
1289561466308182016
1289561494531653632
