1291011059382353921
1291011067578064900
1291011074377093125
1291011074624454657
1291011074884603906
1291011100323065856
1291011101019320320
1291011104920031232
1291011122066345993
1291011133814562816
1291011150717628418
1291011150893797379
1291011159223611392
1291011192211767298
1291011219118145540
1291011244024004614
1291011243835183108
1291011247823962113
1291011248406933505
1291011251208822784
1291011255826878464
1291011269600743427
1291011269420625927
1291011273661075456
1291011286411743237
1291011288953425920
1291011294758424577
1291011295341424640
1291011298013192192
1291011322054881281
1291011331047460866
1291011335744917504
1291011340195307522
1291011351716990977
1291011365243621376
1291011395127918594
1291011419496996866
1291011427122126848
1291011428657139712
1291011433476452353
1291011436701986816
1291011444239106049
1291011449482027010
1291011458126364677
1291011469329473536
1291011477252571136
1291011487776083970
1291011494679805953
1291011502972043268
1291011507933851648
1291011510895091718
1291011512002318338
1291011524019060737
1291011528276074496
1291011533779152896
1291011541509255168
1291011541656121345
1291011546076848128
1291011558903095297
1291011570097467394
1291011574031880194
1291011591568154624
1291011599856291842
1291011630004871169
1291011654931685376
1291011679673778176
1291011685248114688
1291011688955871233
1291011689014591489
1291011691979796483
1291011704290193408
1291011712175546369
1291011737278230528
1291011745797083136
1291011759684362241
1291011768655863813
1291011769176068096
1291011779779268614
1291011781331021824
1291011793444208640
1291011812926906369
1291011826038108163
1291011827435016192
1291011833978146825
1291011846384881665
1291011847194324997
1291011853124919296
1291011909290987521
1291011911505649675
1291011936050507776
1291011939754156032
1291011956392960002
1291011986071797766
1291012001578262529
1291012008154927104
1291012010948415488
1291012012143673345
1291012018464579584
1291012023036387328
1291012039377387520
1291012052346122241
1291012060575301639
1291012091550281728
1291012099003441153
1291012106503020546
1291012106511409152
1291012116418371584
1291012131723198464
1291012136823664641
1291012137402474496
1291012161284775936
1291012161364537346
1291012177994772488
1291012184034680833
1291012207413690369
1291012212601942016
1291012212803293187
1291012237914542084
1291012242151034886
1291012254121578498
1291012259540545543
1291012275197943815
1291012327094063104
1291012331049189377
1291012326452350976
1291012345129467905
1291012375466967041
1291012384065298433
1291012388913700866
1291012397369630720
1291012409549828096
1291012421025280001
1291012427857965063
1291012442600939520
1291012447407669255
1291012448208785415
1291012455011844098
1291012464684027904
1291012472976166913
1291012501665013761
1291012526411587593
1291012535609688064
1291012535722938369
1291012535957815296
1291012548372856832
1291012564542017537
1291012572116738049
1291012572318236680
1291012573874266114
1291012582367780864
1291012593788755968
1291012605616644097
1291012622666461186
1291012639603138560
1291012652106473472
1291012660771934209
1291012681239912452
1291012685207875584
1291012690220122112
1291012704082288640
1291012708213510145
1291012710570885121
1291012720582696960
1291012724005142528
1291012744594903042
1291012761766580224
1291012786298920964
1291012796327616512
1291012798869319680
1291012809350942724
1291012825243164674
1291012825700167682
1291012829718487041
1291012841269411840
1291012841898749952
1291012849679192065
1291012850887032832
1291012855144185857
1291012858625564675
1291012862790578176
1291012863415537664
1291012887855628292
1291012888375656449
1291012899960496129
1291012946437574656
1291012972353970176
1291012972593082368
1291012975223021568
1291012976447598593
1291012976628174848
1291012979480301570
1291012980499460097
1291012996530044930
1291012997612056577
1291012997947760640
1291013001273913344
1291013003962458119
1291013004910362624
1291013013458255873
1291013014095831040
1291013014246719490
1291013021524004872
1291013021880537090
1291013029035941890
1291013029618950144
1291013035381923840
1291013071381630976
1291013071813726209
1291013076175613953
1291013079602429953
1291013093682745346
1291013101568040960
1291013104873201665
1291013104801898497
1291013109109465088
1291013110216699905
1291013110178787328
1291013110803898369
1291013113739751426
1291013121684000769
1291013122623303680
1291013136322101249
1291013143573999616
1291013150897328129
1291013160812662784
1291013189866405893
1291013197005295618
1291013226340081664
1291013227883761669
1291013232149188609
1291013239224950785
1291013243322773504
1291013273198960641
1291013284980695040
1291013286109089792
1291013293931409408
1291013302089216001
1291013311367131136
1291013323119525888
1291013323358711810
1291013329301966848
1291013341205467137
1291013348692090880
1291013354111336448
1291013356439076864
1291013356493713408
1291013361883328512
1291013369437323265
1291013373631569920
1291013382439669760
1291013398713569280
1291013434046218242
1291013449657602052
1291013470754938880
1291013474143875072
1291013486714159104
1291013490531078144
1291013497137049600
1291013501272690688
1291013517974417408
1291013533728219136
1291013536651632640
1291013563432280065
1291013568054407168
1291013572559081479
1291013575276888064
1291013582877057025
1291013586962329600
1291013608424517632
1291013616905400320
1291013620818685952
1291013621754073088
1291013633699467264
1291013647699865601
1291013667362922496
1291013672177934336
1291013675059478528
1291013675151765504
1291013684106592256
1291013692046352387
1291013704943902720
1291013707565273089
1291013711331823617
1291013711520337920
1291013723365105667
1291013725839908867
1291013726548656128
1291013734312402944
1291013761009176579
1291013772816134145
1291013772954546178
1291013788817399808
1291013789270323201
1291013790536957961
1291013797914673152
1291013814088081408
1291013822149517315
1291013828633923585
1291013839857876992
1291013843708256259
1291013873990955008
1291013885240045568
1291013889061265410
1291013890466357248
1291013895109263360
1291013897772621824
1291013899110756352
1291013903619690497
1291013911072841728
1291013918576517120
1291013935383093248
1291013935169179648
1291013941297111042
1291013943553593344
1291013945612996608
1291013954777604096
1291013974272679936
1291013977061953536
1291013989426577415
1291014000487157760
1291014003385413632
1291014016710651905
1291014020028346373
1291014028307898370
1291014045613654017
1291014049401102336
1291014063082950658
1291014070246813701
1291014071790243843
1291014078530383873
1291014082045399043
1291014105101479937
1291014108335276038
1291014112185638920
1291014125024247810
1291014137120788481
1291014143454003207
1291014146050256898
1291014166418001920
1291014168028487681
1291014172319178754
1291014184524800002
1291014208004468736
1291014216959262722
1291014225633124352
1291014229315657728
1291014234889949184
1291014237494448129
1291014258264866817
1291014262475722753
1291014289432678402
1291014288551710721
1291014313197568002
1291014313633873920
1291014325486813184
1291014330327105537
1291014330943705090
1291014331182780417
1291014354352185351
1291014367312588802
1291014367732019201
1291014379908091905
1291014384022687744
1291014393329856513
1291014394160111616
1291014405325496322
1291014413638565890
1291014421947600902
1291014430126247937
1291014432609320961
1291014434723229696
1291014438556966912
1291014477643763712
1291014510204137472
1291014510459879424
1291014527044198402
1291014527413293057
1291014541078388739
1291014544979042307
1291014568458756099
1291014573793751040
1291014586032824320
1291014593620451338
1291014600012574720
1291014607876681729
1291014611974664194
1291014628646895619
1291014632405172225
1291014642047700992
1291014649240907777
1291014664982278145
1291014669541552138
1291014674348232705
1291014692455030784
1291014694652780545
1291014703225942017
1291014716861476871
1291014728207097856
1291014728958054405
1291014742660849665
1291014754870398976
1291014761925222401
1291014763569438720
1291014774071930880
1291014774441103360
1291014786705170432
1291014787007221761
1291014804958846978
1291014809241165824
1291014837687005187
1291014853822484487
1291014858377502720
1291014867437199360
1291014872449392640
1291014875288948736
1291014880196087809
1291014880619892737
1291014883278860290
1291014887389495296
1291014887972446208
1291014896885399559
1291014933614862336
1291014933900136449
1291014954603094026
1291014954854694913
1291014959686508545
1291014967878197258
1291014973574053888
1291014975834783744
1291014980066775040
1291014984550567937
1291014996936273922
1291015005521862656
1291015013772201987
1291015019010723840
1291015022643220485
1291015034726825985
1291015038929481728
1291015059552919552
1291015059741843457
1291015072920330242
1291015090532163584
1291015115467300864
1291015120189919234
1291015127852933120
1291015134673014784
1291015143401414658
1291015152125403138
1291015152087658496
1291015161483071489
1291015164695924738
1291015169942917127
1291015180940443648
1291015199088992258
1291015203631411201
1291015214402621440
1291015223466491905
1291015232614146048
1291015237114777601
1291015237286670338
1291015253547814914
1291015260577693698
1291015261395410944
1291015269515702278
1291015278336389120
1291015290315083776
1291015306975027201
1291015309139283968
1291015312327028737
1291015319599775745
1291015328588279808
1291015328877748226
1291015330018598912
1291015332338053120
1291015336934944769
1291015349429837830
1291015349446598659
1291015350478200833
1291015374704529408
1291015375350530048
1291015378508877826
1291015383776817155
1291015387597938689
1291015412675760131
1291015412784615425
1291015413141311490
1291015416408608768
1291015446552952833
1291015450776625153
1291015462684446720
1291015476919771136
1291015485685981188
1291015500110102533
1291015501531947009
1291015510163886082
1291015512227565569
1291015538043494400
1291015546151084033
1291015546226577408
1291015551976796160
1291015555114295299
1291015583509643265
1291015585736740866
1291015588094058496
1291015591789305857
1291015593781428225
1291015605383045121
1291015610827145216
1291015623229792257
1291015632243302400
1291015642854776832
1291015646491418625
1291015650773803008
1291015651088367617
1291015656075337729
1291015672743358465
1291015676157730818
1291015676451262464
1291015677134934016
1291015688421875718
1291015710928494592
1291015718293712898
1291015722286624770
1291015723645534208
1291015723716927490
1291015723918204928
1291015732231372800
1291015735058337797
1291015740154187776
1291015743396548614
1291015752166907906
1291015753542651907
1291015764439433216
1291015772198907910
1291015772312133634
1291015785675214849
1291015798060769280
1291015799470084096
1291015806776684545
1291015807384915968
1291015818818576384
1291015835209867265
1291015837651009538
1291015843678171138
1291015861000646656
1291015848346361856
1291015904441098241
1291015910732562434
1291015916524888065
1291015923629993984
1291015931968155649
1291015932605632512
1291015935005003777
1291015941518692353
1291015953308741632
1291015957280890880
1291015958467928064
1291015960967565312
1291015966839767041
1291015983088328704
1291016016684896257
1291016020983984129
1291016024570114048
1291016025669083136
1291016026721644544
1291016030249197568
1291016032354627584
1291016041502474250
1291016055960285186
1291016059076538370
1291016071827382273
1291016083562872834
1291016083973996545
1291016112134529024
1291016116568035328
1291016121383092224
1291016129020940288
1291016130224705536
1291016130799247360
1291016138411958272
1291016153981231104
1291016171903430659
1291016183693447171
1291016184696131584
1291016187791515649
1291016191755026432
1291016192291938305
1291016196834426882
1291016197081792514
1291016197807288320
1291016203054600197
1291016209647808512
1291016212827140104
1291016217759817732
1291016226039185408
1291016234381672448
1291016254661304322
1291016264450748416
1291016271979520000
1291016273401393153
1291016277075660803
1291016277251641344
1291016280854716421
1291016310785179649
1291016314648178688
1291016330297004033
1291016330276110337
1291016340791230464
1291016352786976768
1291016356192817160
1291016364254060545
1291016364308586496
1291016368276422656
1291016381044011008
1291016382730186753
1291016386312110081
1291016399154868224
1291016402095296516
1291016403160649730
1291016427256926210
1291016427944673280
1291016435989221376
1291016437331447809
1291016440892596224
1291016465991245827
1291016470307250178
1291016473394073603
1291016491144486912
1291016499935707138
1291016502544494592
1291016507800072197
1291016517002428417
1291016529648091139
1291016532970156032
1291016554172170240
1291016582735572995
1291016588620173315
1291016604294291456
1291016596018921472
1291016616164184065
1291016620681371648
1291016628834992131
1291016659952697352
1291016671294033920
1291016674267799552
1291016676167868421
1291016679938330625
1291016683851862016
1291016705326501888
1291016717347430401
1291016722019946497
1291016728705675264
1291016738226618368
1291016741489971202
1291016746388922368
1291016746552483845
1291016750037897218
1291016750742614016
1291016754404130817
1291016755364745216
1291016758082637826
1291016762746638341
1291016766639005696
1291016775925035009
1291016808733069314
1291016812394512385
1291016835421417472
1291016839573774340
1291016851481190402
1291016872922578945
1291016873417625600
1291016880107524096
1291016881198051328
1291016885727707136
1291016888340930562
1291016892300365826
1291016907085303814
1291016923006861312
1291016934889226242
1291016939356262400
1291016940018970624
1291016952090157056
1291016956665950208
1291016963699900417
1291016976207351808
1291016978208100352
1291016982754729984
1291016997065633792
1291016997346488320
1291016998797926400
1291016999347335168
1291017011531661313
1291017013717012480
1291017015403126787
1291017028132888576
1291017035108024322
1291017036861181957
1291017037108609025
1291017043056132097
1291017048542281728
1291017051956563971
1291017059975995392
1291017060319932422
1291017068574396417
1291017081643839493
1291017083124355072
1291017086601515008
1291017089482858497
1291017094365143042
1291017110764756992
1291017131551789056
1291017132571058176
1291017132965335041
1291017141584629760
1291017156344393739
1291017156482785283
1291017157795434496
1291017160769191936
1291017164741177344
1291017165097795584
1291017189869445122
1291017190972575745
1291017190733422593
1291017194424467458
1291017207342936071
1291017210857582594
1291017216192913408
1291017225743273984
1291017227739770881
1291017229950054400
1291017242197610498
1291017242344411137
1291017246202978304
1291017254478454785
1291017270840434688
1291017278218215424
1291017279275012100
1291017299298639872
1291017304969490433
1291017312070520836
1291017326402449409
1291017328382148611
1291017336745598977
1291017341560594432
1291017351194968064
1291017371600261122
1291017371818143745
1291017378906742786
1291017379716018176
1291017392525414402
1291017396405166080
1291017408011030529
1291017409806192641
1291017410556960770
1291017412683485184
1291017417741815808
1291017421017378816
1291017426684043264
1291017434397380612
1291017437425602562
1291017439245991938
1291017454332903426
1291017458913030144
1291017484846473216
1291017485068701697
1291017485764960257
1291017489992814592
1291017522280648709
1291017547165261826
1291017569403641856
1291017581344755712
1291017582049296388
1291017593596207105
1291017594556882945
1291017610331672576
1291017618388729857
1291017622855671808
1291017639540686849
1291017639989583872
1291017649112088577
1291017651330875393
1291017652467621895
1291017659652374530
1291017677704749056
1291017682091900928
1291017685816365059
1291017688798466048
1291017694729441281
1291017697321508865
1291017715319099393
1291017716141260801
1291017727683985409
1291017740581388291
1291017762563858434
1291017765252468737
1291017777990569988
1291017795090747394
1291017813147234304
1291017820403359747
1291017824773836802
1291017846550679552
1291017849260011523
1291017858642784261
1291017863789260802
1291017867052294145
1291017899537309696
1291017900896194561
1291017906982191104
1291017955053056000
1291017961969459202
1291017967539372032
1291017969959657473
1291017975282257922
1291017976561491969
1291017978788618241
1291017988213284866
1291017995767119874
1291017996224192514
1291017999827103745
1291018000565501953
1291018000540172289
1291018045679337472
1291018046530781185
1291018050448302081
1291018051668684801
1291018058522398725
1291018068152463367
1291018068945022976
1291018072279732224
1291018075404410886
1291018085596647424
1291018105674661889
1291018108648521728
1291018108564627456
1291018109269221376
1291018125438222337
1291018146799919105
1291018140877496325
1291018162981310465
1291018169847549955
1291018190181601284
1291018194023456774
1291018205075591168
1291018222603558916
1291018222595117057
1291018230409175041
1291018239963783174
1291018244233494533
1291018246863429635
1291018256225120260
1291018259739836416
1291018264835952640
1291018298579202048
1291018305986334720
1291018309845028865
1291018315725508608
1291018319944916992
1291018320154472450
1291018323170414594
1291018323099111430
1291018327171661824
1291018327502942215
1291018331936501761
1291018364807045121
1291018370867896321
1291018377520205824
1291018382662225921
1291018410952921094
1291018412307746817
1291018414815948801
1291018415583498242
1291018470809894912
1291018479328321537
1291018487251558401
1291018499100487682
1291018504334786566
1291018507342057472
1291018515378577409
1291018524698304512
1291018525243346944
1291018542976991233
1291018546583986176
1291018553135636480
1291018559343140866
1291018562664980481
1291018570214801409
1291018580713263104
1291018584861204481
1291018587323408386
1291018612308938753
1291018620856827904
1291018621972631552
1291018646119165953
1291018655183122433
1291018658483970053
1291018662472687619
1291018693296578560
1291018696996126720
1291018704055148545
1291018734669307905
1291018749831766016
1291018814952337408
1291018818165194752
1291018844257914880
1291018846913146880
1291018869797089280
1291018869889306634
1291018894719811584
1291018897475481602
1291018911467659264
1291018914143576064
1291018914344796160
1291018919646498816
1291018935874224130
1291018944359403523
1291018955839209475
1291018973073625094
1291018974508003330
1291019040345989121
1291019040367022084
1291019043823026178
1291019045714702337
1291019056309399552
1291019094473551872
1291019096193150977
1291019096033595392
1291019107622625283
1291019128157937665
1291019131756654593
1291019135032451072
1291019150446428160
1291019152929501184
1291019154653405187
1291019183279439877
1291019194998435840
1291019199058501634
1291019217362395139
1291019226359234567
1291019228678705155
1291019229223780352
1291019232701026304
1291019238140829696
1291019242800898064
1291019250350653440
1291019275197710336
1291019275520614400
1291019287063298051
1291019296576024578
1291019301374189568
1291019301651197953
1291019304616435712
1291019313990729729
1291019321075011585
1291019350267195392
1291019368814583808
1291019375890313216
1291019376729247745
1291019396102660098
1291019396744278016
1291019401970450434
1291019408350023682
1291019417283772416
1291019442235695107
1291019452801257473
1291019456399863809
1291019463744159744
1291019463928815616
1291019468685049857
1291019468793995264
1291019489207877640
1291019489450930178
1291019502478557184
1291019518127546370
1291019531519963141
1291019535244570624
1291019544417501189
1291019565128912902
1291019586809270279
1291019589149765632
1291019602143715329
1291019614374289408
1291019627636518912
1291019627930071047
1291019628597202952
1291019633357725697
1291019635165405184
1291019644162252801
1291019669319680001
1291019677527715840
1291019678173855745
1291019685551468544
1291019685694078978
1291019694854430721
1291019699577397248
1291019703742341120
1291019708121128960
1291019708393762817
1291019710595653634
1291019716383866880
1291019749300805632
1291019753071534080
1291019754673770497
1291019765754912770
1291019794922315779
1291019799993212928
1291019816783032321
1291019832914190338
1291019858629537792
1291019867940777985
1291019878988734464
1291019887553331202
1291019887695937541
1291019892733259776
1291019908696772611
1291019917744115715
1291019921200218113
1291019926908489728
1291019937826459650
1291019941349654528
1291019956382040070
1291019983896612869
1291019984781500417
1291019985368813568
1291019985524068352
1291019988338266112
1291020000778768385
1291020006654791686
1291020009620332544
1291020012707356673
1291020017530798084
1291020038284218369
1291020047394263042
1291020052330938368
1291020067505729542
1291020085335855106
1291020095100030978
1291020097763467266
1291020105044897792
1291020109625143306
1291020110988300291
1291020115421601794
1291020122459643905
1291020135294271488
1291020147281592321
1291020156320256002
1291020164109131776
1291020169557487618
1291020173860904961
1291020181045641221
1291020190956679170
1291020201937571841
1291020211974365185
1291020215216734208
1291020235009601536
1291020248703995904
1291020256236859398
1291020293729923075
1291020302789607424
1291020316525854721
1291020319575224320
1291020322976804864
1291020323396231168
1291020328441913345
1291020335974764545
1291020341515554816
1291020361262182401
1291020363023945728
1291020378832134144
1291020379239194624
1291020395479474178
1291020416488574977
1291020424633962497
1291020427905703936
1291020432313929731
1291020433509298176
1291020437212655617
1291020483391942657
1291020484038086660
1291020496050556929
1291020500609581059
1291020513435770880
1291020513649864708
1291020513322471425
1291020520800972802
1291020528782893056
1291020537364385792
1291020541696991232
1291020548021972994
1291020555353755648
1291020558658830336
1291020568138055681
1291020583677898753
1291020592565690369
1291020593220001793
1291020601768005637
1291020601868591104
1291020608587862023
1291020610185891840
1291020613252009985
1291020629593001985
1291020643832496129
1291020658856484864
1291020660123279361
1291020667102535680
1291020671699439616
1291020676569141250
1291020688912977925
1291020694847926273
1291020701722386433
1291020709876162561
1291020710358462465
1291020722563940352
1291020735025238020
1291020738267414529
1291020739093684225
1291020740314136576
1291020764318138368
1291020780915036163
1291020784987779072
1291020785558016000
1291020818156331011
1291020819586416643
1291020838897160198
1291020843527667714
1291020869503000576
1291020903724326912
1291020912188362752
1291020916814688257
1291020919754743815
1291020949949538304
1291020949488377856
1291020958233485314
1291020961433686017
1291020973530128385
1291020981847248896
1291020995097174016
1291021002898575363
1291021009055875073
1291021036276854787
1291021041859518464
1291021046003318784
1291021049312804865
1291021049669156866
1291021055163678720
1291021070447849473
1291021083706036225
1291021105180758017
1291021112684535810
1291021125737156610
1291021139141988353
1291021142220853257
1291021142442967040
1291021162697437185
1291021175947177985
1291021201440202752
1291021213372788736
1291021218146131970
1291021221002227712
1291021221405118464
1291021229491707906
1291021229651120129
1291021233195290627
1291021233732157441
1291021235699232768
1291021255328620546
1291021262567940096
1291021265126526977
1291021285791686658
1291021294125715458
1291021294386008065
1291021300685840384
1291021304636702720
1291021305781915648
1291021309930016768
1291021313142853633
1291021313058811904
1291021314522787844
1291021326359171074
1291021344222699521
1291021352137187328
1291021352279797763
1291021356725760000
1291021360685363201
1291021364468514818
1291021367857623042
1291021385469325315
1291021385955856386
1291021393002287105
1291021396840194049
1291021435679498241
1291021449294049280
1291021456613285888
1291021460996268033
1291021461830819842
1291021468269195265
1291021468298551298
1291021473168138241
1291021477593088000
1291021490683555843
1291021504243695617
1291021510858031104
1291021522824572928
1291021523915087873
1291021536078462976
1291021537970212864
1291021544936943623
1291021545570070529
1291021552998178817
1291021564973129730
1291021578034184198
1291021579216990214
1291021602419859457
1291021615837450240
1291021619519819776
1291021619717120000
1291021628646678528
1291021633445134338
1291021653376262144
1291021657684037634
1291021667221803008
1291021679599267843
1291021686209253377
1291021700948283392
1291021704056242179
1291021704790044672
1291021708619649024
1291021720078491650
1291021726432854016
1291021729997950977
1291021732694781952
1291021759119073280
1291021768082305024
1291021770472988678
1291021775862509570
1291021783278256129
1291021787715649536
1291021799782850560
1291021810243383297
1291021816425635842
1291021871492849664
1291021875812999168
1291021877150994433
1291021877276823552
1291021886441349120
1291021922474635266
1291021939801235456
1291021947728474114
1291021947627765763
1291021952677605376
1291021955479543810
1291021959136935936
1291022003286052866
1291022004913569794
1291022019123789824
1291022023876059141
1291022031312445440
1291022034370203653
1291022036547117058
1291022047905103872
1291022056285405185
1291022072370671618
1291022073259687936
1291022073733828609
1291022098136289281
1291022128201060368
1291022131313233920
1291022144705445889
1291022156906655744
1291022157003264002
1291022164326375424
1291022168822882305
1291022173457592321
1291022173583233024
1291022185650253825
1291022191342096384
1291022208861691904
1291022216470171648
1291022228755222534
1291022237420707841
1291022244018130944
1291022248346697728
1291022262229925888
1291022264935362560
1291022271344250881
1291022275471441921
1291022290839273474
1291022296207908864
1291022302717661185
1291022302948327425
1291022319763116032
1291022341087035393
1291022350192967680
1291022366789832704
1291022369880969216
1291022384187809792
1291022391863316481
1291022400109178880
1291022433332482048
1291022437312684032
1291022446364106754
1291022449983860736
1291022455322996737
1291022501103853568
1291022508754374656
1291022509178064896
1291022509295329280
1291022510142689280
1291022517021409280
1291022518564851712
1291022538181550080
1291022546654158850
1291022554480533504
1291022577427783681
1291022588915965960
1291022592753709057
1291022592996978689
1291022621660725249
1291022626949824513
1291022631295041537
1291022640547848193
1291022645991882755
1291022653344505856
1291022655492100096
1291022656255528962
1291022656133685248
1291022663394234371
1291022673057705984
1291022676178264064
1291022678334341121
1291022690321604608
1291022695048642562
1291022698710269953
1291022727671885825
1291022731757203456
1291022752166674432
1291022752825122822
1291022756948082688
1291022761914073096
1291022778867621888
1291022781996507137
1291022782520860674
1291022820126859267
1291022820470927366
1291022825151770624
1291022836333711360
1291022852477591561
1291022858337038338
1291022861839278084
1291022865060507651
1291022870223761408
1291022882710130690
1291022894760448000
1291022907225837570
1291022928213970949
1291022970027204608
1291022979166384135
1291022979770527744
1291023018114744321
1291023028877512710
1291023029200273409
1291023034950787073
1291023041925976065
1291023042567483393
1291023054924132363
1291023063404785666
1291023067783680001
1291023074683387905
1291023074792538118
1291023076952596489
1291023082983845888
1291023091666022400
1291023092127473665
1291023125686169601
1291023147681173504
1291023158678417411
1291023188160327686
1291023204669173760
1291023217805557760
1291023223442866180
1291023227507093505
1291023247006412801
1291023256707710977
1291023256980459520
1291023259337666561
1291023260465819648
1291023268158279686
1291023276328857602
1291023288609775619
1291023297220612097
1291023302983651329
1291023319467204608
1291023321002397697
1291023323594469377
1291023327931379716
1291023331945254914
1291023356599312384
1291023360152031239
1291023365348700160
1291023368700010498
1291023370503380995
1291023373951172609
1291023386060173314
1291023389168209920
1291023402506084362
1291023415554367490
1291023423104327680
1291023428808409088
1291023429072814080
1291023432675504131
1291023437121630210
1291023437297782784
1291023439856308224
1291023452137312256
1291023452216782850
1291023456415428615
1291023489726545920
1291023510823931904
1291023519887704065
1291023528129638402
1291023537789112326
1291023554738364423
1291023562162176002
1291023567174242304
1291023597453168647
1291023603677396992
1291023604553924609
1291023607166939137
1291023640864026631
1291023647751073792
1291023650100051970
1291023642172600321
1291023662485839872
1291023688255418377
1291023689308413953
1291023697214689280
1291023714004471811
1291023721658974210
1291023725257785344
1291023726604156932
1291023730223788032
1291023734703349761
1291023735160475651
1291023737534521347
1291023738474049536
1291023742408302596
1291023753988542464
1291023754890534914
1291023756303851520
1291023759206277120
1291023759499919360
1291023766580088834
1291023779985084421
1291023784548368390
1291023796477014017
1291023805771591680
1291023810075013123
1291023810552934401
1291023822968090625
1291023839762296834
1291023861002244104
1291023905029632001
1291023906913112065
1291023918657142784
1291023932057882624
1291023953037676545
1291023986734837760
1291023989775765508
1291024010193641472
1291024011304923139
1291024023267225601
1291024023758004224
1291024035367788544
1291024039658565637
1291024040098840577
1291024043718504450
1291024053176696832
1291024065914974211
1291024069710602240
1291024070230892544
1291024078011117568
1291024079097454592
1291024082771644416
1291024083816243201
1291024090518548480
1291024091424665600
1291024092246597632
1291024107216216064
1291024125658529793
1291024132239433729
1291024135972368390
1291024137159421952
1291024144528744450
1291024162253725698
1291024163050786816
1291024165927976960
1291024166687105024
1291024169174536192
1291024178582192128
1291024178733350914
1291024187453210625
1291024200677769216
1291024204016553987
1291024208655536128
1291024216955817991
1291024219623440384
1291024220919455744
1291024224614744068
1291024224837144576
1291024228456828929
1291024232458182658
1291024233930227721
1291024233951199232
1291024243300474880
1291024250640498689
1291024258399780866
1291024261705076736
1291024261734432770
1291024265958105088
1291024278889078785
1291024284522098690
1291024292889661443
1291024300477161472
1291024305237766149
1291024313026580483
1291024313890594817
1291024389341949956
1291024395922743296
1291024428042801153
1291024437626703874
1291024438650122242
1291024438809505797
1291024443817377792
1291024446510239744
1291024475778158592
1291024481717063681
1291024492853104641
1291024493398245381
1291024494186958850
1291024494518136833
1291024505712844800
1291024513858232320
1291024518253862927
1291024531658874880
1291024534938640385
1291024538474385414
1291024539951026177
1291024573878743040
1291024581369581568
1291024586864123904
1291024595076644865
1291024598692179968
1291024610641752064
1291024627708448770
1291024648713449473
1291024653943595011
1291024664802865152
1291024673992577025
1291024677784231939
1291024711510450176
1291024715398742016
1291024716178886663
1291024719442051073
1291024731953561600
1291024745195098112
1291024757882867713
1291024783304536065
1291024783635886083
1291024791634354177
1291024792360030209
1291024815239901185
1291024815890083841
1291024824022818816
1291024845728292865
1291024854364368901
1291024858252488705
1291024878770900992
1291024904012341253
1291024904234639362
1291024908902903814
1291024916729430016
1291024916834385922
1291024934198706176
1291024938279854081
1291024950275473408
1291024955153424392
1291024958412513285
1291024962044588032
1291024966373249025
1291024983150362626
1291025014116868100
1291025042990665728
1291025044433321984
1291025076725448714
1291025077253730304
1291025083784474624
1291025084736405509
1291025094261653509
1291025098196094979
1291025106089594890
1291025114717331458
1291025123894530048
1291025126155259907
1291025130953400323
1291025134900264961
1291025135571533830
1291025150893326337
1291025169570570240
1291025172208680962
1291025176742821891
1291025180828016643
1291025192605671424
1291025197395513346
1291025201157885953
1291025214378250240
1291025219159764992
1291025236238962691
1291025240441511936
1291025243352555523
1291025248251453440
1291025251648720896
1291025261299929090
1291025272704245761
1291025291096154118
1291025302072639488
1291025307701514241
1291025312193576960
1291025320494034945
1291025320959762432
1291025332636712965
1291025336143171586
1291025352500756480
1291025356225486848
1291025373124337665
1291025382150492163
1291025382351736834
1291025382745964544
1291025382984912896
1291025386243907584
1291025386470424581
1291025390849282050
1291025407668629511
1291025411128795137
1291025416988381184
1291025417030205441
1291025424097648640
1291025427344117765
1291025436055670784
1291025436911099905
1291025440556163082
1291025462517542913
1291025495509864450
1291025496688467971
1291025503013543938
1291025507388186624
1291025511863455744
1291025528703422466
1291025538358837249
1291025547435241473
1291025549016682496
1291025554582507520
1291025559846375424
1291025565537853442
1291025570424172545
1291025596793999362
1291025612476493825
1291025626078601221
1291025631602339843
1291025633766760448
1291025634299437058
1291025639491940354
1291025643321221122
1291025643652681731
1291025645909221377
1291025645611384832
1291025655212265472
1291025667711275010
1291025676720635904
1291025680709242887
1291025684807081984
1291025684954066950
1291025691887140864
1291025695913598986
1291025721717006337
1291025743435018240
1291025744047435776
1291025751085645825
1291025751316131841
1291025752339755008
1291025756945108993
1291025759394566146
1291025761172783105
1291025772136652800
1291025773705531393
1291025773797601280
1291025789467664385
1291025790214250496
1291025792420339712
1291025793045475329
1291025798384812033
1291025798632071168
1291025810879590401
1291025822048870402
1291025826138353665
1291025827950473216
1291025828575412225
1291025832027123712
1291025834472480768
1291025838700482562
1291025843695820803
1291025847806308353
1291025868039417856
1291025872795979778
1291025881440358401
1291025890395258880
1291025898565767174
1291025901984112647
1291025902713876480
1291025909944856578
1291025918924713984
1291025920099262467
1291025922410373121
1291025931767705601
1291025945088991232
1291025954085769216
1291025964877647872
1291025965976608768
1291025968979742720
1291025985937317888
1291025987136888833
1291025989561131010
1291026000143409153
1291026035677573124
1291026049850114049
1291026050537918466
1291026050906877953
1291026062848262148
1291026067088531459
1291026081932247041
1291026083173761027
1291026104023744513
1291026113217671172
1291026115914428417
1291026128065507329
1291026128350646275
1291026143215333380
