1289818230010163200
1289818245336190976
1289818266890678278
1289818274864144385
1289818279737880577
1289818282384486402
1289818284846542848
1289818300491300866
1289818300700979202
1289818303012016129
1289818304522014720
1289818307181203456
1289818309299298308
1289818315880243200
1289818321198518274
1289818330430427136
1289818344971886592
1289818347119362052
1289818347131957248
1289818359119245312
1289818402815528960
1289818403272683520
1289818409622888448
1289818411594330112
1289818412172980225
1289818433677221889
1289818434625183747
1289818450139820032
1289818466451513345
1289818470956142592
1289818498500157440
1289818534143377409
1289818549062524928
1289818558172602372
1289818563012890625
1289818604888657920
1289818611314388992
1289818634311929856
1289818643941871620
1289818648287178755
1289818649444810753
1289818656914825219
1289818684706312193
1289818696110596096
1289818706814603264
1289818709872320512
1289818712766181377
1289818730403205120
1289818732596887558
1289818741220323328
1289818748312944641
1289818755770363904
1289818768869216256
1289818770353971205
1289818772484702208
1289818807054213120
1289818807612002304
1289818823604887554
1289818826264080384
1289818833629278208
1289818860393177088
1289818865971601408
1289818874792353792
1289818882413228032
1289818896153710593
1289818899324612609
1289818946086957057
1289818955784151040
1289818965858951168
1289818980321042432
1289818981394608128
1289818984338972672
1289818988000636931
1289818989732847618
1289819000050982912
1289819017452990464
1289819017830699009
1289819034905505792
1289819053394018304
1289819066786435073
1289819071052095491
1289819074122326017
1289819079193239553
1289819087669878784
1289819092581457921
1289819093839872005
1289819096377245696
1289819108335222785
1289819113347379201
1289819121916370949
1289819122813952007
1289819123090825216
1289819129138962434
1289819136399302656
1289819137494007808
1289819146025201669
1289819158838784001
1289819221745000448
1289819222525140994
1289819216586010625
1289819227017211910
1289819229554786304
1289819241915379713
1289819255878295553
1289819269480321024
1289819277365673984
1289819283208302592
1289819329509244928
1289819330247454721
1289819332101406720
1289819336887001089
1289819352716386309
1289819353609695232
1289819369376120834
1289819371750035459
1289819386681921536
1289819394663538688
1289819396966191105
1289819412334145537
1289819415169572865
1289819427932794880
1289819429107191809
1289819432110288896
1289819451655729153
1289819453517991936
1289819456244338689
1289819459767554050
1289819461676077056
1289819481439698945
1289819483129831425
1289819484904194048
1289819488012005377
1289819490100719618
1289819501140221953
1289819506282336257
1289819516684267521
1289819519431528448
1289819527828533248
1289819541757820932
1289819543360040960
1289819555808722945
1289819557423656960
1289819572539764737
1289819582278983680
1289819592081080320
1289819615669846016
1289819627212742657
1289819631541030917
1289819633340489729
1289819635592736769
1289819638579200000
1289819659278016515
1289819666978766854
1289819682329878529
1289819688671690752
1289819697647505408
1289819706971418624
1289819716295376896
1289819721190187009
1289819737472397312
1289819739087237120
1289819740270022656
1289819749921112064
1289819754790703107
1289819765498769408
1289819785253928960
1289819796649869317
1289819802052128775
1289819814375100416
1289819876618579968
1289819877713166337
1289819881819369472
1289819893513191424
1289819915361251331
1289819916879749120
1289819931966492672
1289819932834709505
1289819939700760577
1289819944633344000
1289819952237522945
1289819954141753350
1289819960458399745
1289819963721539584
1289819969723731969
1289819977986347008
1289819989533265920
1289819991697580032
1289820003458408448
1289820007833038850
1289820018205552642
1289820018876678145
1289820021523222530
1289820047771222017
1289820052984750087
1289820057757868034
1289820060098260992
1289820066985521152
1289820080528920577
1289820086790807554
1289820091110977536
1289820096467054592
1289820103408627714
1289820104281059328
1289820110438273026
1289820135654449152
1289820149436960768
1289820155569041408
1289820164758749184
1289820175580069889
1289820175542431744
1289820189240905728
1289820197730185217
1289820216482869249
1289820224406003712
1289820243003670529
1289820247009058816
1289820285290647552
1289820288943710208
1289820297177292802
1289820304567500800
1289820316445761544
1289820323127296000
1289820325228625920
1289820334217035778
1289820338272923648
1289820345575276544
1289820347299069952
1289820358929870850
1289820362163621888
1289820382694801408
1289820384607387649
1289820395156262912
1289820398935142400
1289820414567276544
1289820432699277312
1289820434624471040
1289820480044535808
1289820498373812224
1289820507617914880
1289820521299767298
1289820537443586048
1289820554527113218
1289820557416869889
1289820587271942144
1289820590644191233
1289820594595409920
1289820595908091904
1289820601301884930
1289820604451807232
1289820615046844416
1289820615445118977
1289820619035426817
1289820622269239296
1289820626765484032
1289820652128493571
1289820653831372801
1289820669119565825
1289820674391973894
1289820679487946752
1289820682545577984
1289820694545539072
1289820695006810112
1289820699960340480
1289820703068307456
1289820708428582912
1289820717022736385
1289820717526085634
1289820727143587841
1289820729685553152
1289820734349438976
1289820742243061760
1289820753827786752
1289820760211677184
1289820764594569217
1289820765404008448
1289820774413434882
1289820778234609664
1289820794441236481
1289820795649179648
1289820798216151044
1289820798732120065
1289820801009500161
1289820801164689409
1289820809582673920
1289820814230118400
1289820816255987712
1289820824707293185
1289820826313818112
1289820844680597504
1289820847079714817
1289820850296741889
1289820863559135233
1289820866771955712
1289820870483931136
1289820912674418689
1289820952675536897
1289820954227380224
1289820973177307136
1289820976700469248
1289820976935391237
1289820979196125184
1289820982081761286
1289820983348441088
1289820991971966976
1289821000687738887
1289821032522498051
1289821036070936583
1289821046632263680
1289821053129129984
1289821053493997568
1289821056169996288
1289821065284210688
1289821105906016256
1289821126898540545
1289821148553732096
1289821163535781892
1289821165939126273
1289821176156446723
1289821198184939523
1289821200340811778
1289821200223358977
1289821207840227328
1289821216828579841
1289821217004781568
1289821234545348608
1289821236512530433
1289821239955976192
1289821248982093825
1289821260864610306
1289821272260501505
1289821277314617345
1289821293450166272
1289821298785476609
1289821303822626817
1289821307828178945
1289821324966105088
1289821327981834241
1289821329479229440
1289821334436851718
1289821348370345984
1289821353760047104
1289821355064487937
1289821361553076224
1289821369874542594
1289821382252081153
1289821388073623554
1289821391395540997
1289821391378763782
1289821414204342273
1289821429173813248
1289821431354634248
1289821440296927234
1289821446231871489
1289821449377611776
1289821467622834178
1289821474652434432
1289821503513485312
1289821515584696320
1289821518214467586
1289821531879534593
1289821540398305280
1289821555099201536
1289821555212480513
1289821557108477955
1289821562024017921
1289821562963521538
1289821564444110848
1289821579942100992
1289821598967422982
1289821616877182978
1289821621536997377
1289821623114010626
1289821630345093120
1289821658459435008
1289821663199019024
1289821693691625472
1289821701765828609
1289821702319292418
1289821712263942144
1289821721235558400
1289821736502886400
1289821736813252610
1289821737480155136
1289821743939383296
1289821764600692741
1289821777162461184
1289821789233635331
1289821793973223424
1289821801611055104
1289821808674275329
1289821821911457792
1289821832242053120
1289821837870821376
1289821840932708353
1289821849023467522
1289821854606094336
1289821860075511811
1289821870112378882
1289821876596826113
1289821895185973248
1289821928954327040
1289821946956283906
1289821954782855168
1289821956066299904
1289821959996370945
1289821960772362240
1289821994490322944
1289821998206525442
1289822007073308672
1289822009510080512
1289822020398493696
1289822025528172545
1289822027692507136
1289822029927989250
1289822055022465024
1289822057899778048
1289822067299295232
1289822070000324609
1289822074677018626
1289822079290732547
1289822080620535808
1289822100287393792
1289822103756255233
1289822112299905026
1289822145015496704
1289822145606909952
1289822152238096384
1289822162505707520
1289822164053614597
1289822176846045184
1289822180843257856
1289822191203344384
1289822206390722562
1289822216994066432
1289822238791745536
1289822240947597314
1289822244072378369
1289822249608859648
1289822254562308098
1289822267422044161
1289822274791469058
1289822275693240320
1289822295108747264
1289822301773422593
1289822326083563521
1289822331984986113
1289822334426075136
1289822347872964608
1289822373525336066
1289822387072991233
1289822393574158337
1289822398582120451
1289822404823269377
1289822409261043713
1289822413257977858
1289822425996079106
1289822459030454272
1289822461580595200
1289822469486829568
1289822488617050114
1289822499165753345
1289822501929852929
1289822502353399813
1289822512021266433
1289822528211279874
1289822531768086528
1289822533001326592
1289822535047995395
1289822535438147592
1289822550684393472
1289822551003156480
1289822554207612931
1289822559450488832
1289822560943661056
1289822564097773571
1289822572138266624
1289822575820906496
1289822596834484226
1289822597178200064
1289822603138367488
1289822604061110274
1289822613183713281
1289822618401423360
1289822632838230016
1289822657597169671
1289822658704506881
1289822662290620418
1289822684243611650
1289822686336577537
1289822686814797825
1289822700383252481
1289822716824969220
1289822722386620416
1289822725159018498
1289822750874275841
1289822763612401665
1289822773431250949
1289822794809655297
1289822803747680257
1289822807598092290
1289822824123621377
1289822828586397696
1289822865638866946
1289822873289240579
1289822874203836422
1289822899142971392
1289822901403754496
1289822923059015683
1289822939899019264
1289822946718957568
1289822960090406914
1289822960790847489
1289822965475885056
1289822976247046145
1289822990788464640
1289822992881639424
1289822985642287105
1289823003274915846
1289823044886700033
1289823048644751362
1289823073487659008
1289823076461342722
1289823077019185153
1289823080106270725
1289823080215244800
1289823084740931587
1289823086653521920
1289823098569502720
1289823121164337152
1289823126084173825
1289823126981877760
1289823151736516609
1289823156866150400
1289823167549186048
1289823169184796676
1289823173639147527
1289823177909006338
1289823192060551168
1289823201476845568
1289823207785033730
1289823229129834496
1289823230396571650
1289823236486606849
1289823256283721728
1289823268665532416
1289823269915373573
1289823285832642560
1289823287669792768
1289823290236841984
1289823302400147457
1289823316778209280
1289823317281538054
1289823319278133248
1289823328065261569
1289823327888891906
1289823328987803648
1289823356368367619
1289823368984764416
1289823377226477576
1289823388001804289
1289823391839469569
1289823399259201536
1289823402648199169
1289823411347189761
1289823413154877446
1289823419492495365
1289823432079585280
1289823433736372227
1289823437859373057
1289823445283299329
1289823453910953986
1289823455932686336
1289823463457214467
1289823469295808512
1289823470142910464
1289823478057545728
1289823479190102016
1289823501008896002
1289823528041107456
1289823543123943424
1289823547058077696
1289823547800477696
1289823555983572992
1289823557422219265
1289823557808054279
1289823558131163136
1289823584211230721
1289823593824686087
1289823598820040705
1289823604553654272
1289823610409033728
1289823612204007424
1289823635574669314
1289823643292205056
1289823647901708288
1289823660799401985
1289823663198334976
1289823669338796033
1289823671532417025
1289823682152394754
1289823690704564225
1289823719947268099
1289823759847706624
1289823772262797312
1289823774880288768
1289823778151649281
1289823781238669312
1289823802315042817
1289823815480930304
1289823816458203139
1289823842915893248
1289823847630348288
1289823860842323973
1289823861685420032
1289823868840841216
1289823883386740739
1289823898893078529
1289823906883231746
1289823909248892928
1289823938168516609
1289823947966386178
1289823954924744706
1289823955398819840
1289823963548282880
1289823963611193344
1289823995433324546
1289824000856662021
1289824003482296321
1289824015217909760
1289824022402752513
1289824024021803009
1289824026345353221
1289824026567643136
1289824032590671873
1289824043558825984
1289824044334772225
1289824046453063680
1289824051574128640
1289824052081811457
1289824058658324480
1289824061527191553
1289824067030142976
1289824069819359232
1289824070440083457
1289824071065014273
1289824078371516416
1289824079642423299
1289824084268736513
1289824086428913664
1289824090719690752
1289824094578307072
1289824100467105792
1289824102757175296
1289824107589242880
1289824113037475840
1289824128958992386
1289824134248071173
1289824134738788353
1289824137850974208
1289824139109208066
1289824148370239493
1289824169375469568
1289824171355041798
1289824193647804416
1289824201130401792
1289824216250855425
1289824253219500034
1289824265194225664
1289824272257441793
1289824284697862144
1289824286157373440
1289824297054162944
1289824324602359808
1289824332558999553
1289824338674253825
1289824344961515521
1289824347146731521
1289824362665828353
1289824364062314496
1289824383205163008
1289824395557396480
1289824402318581767
1289824406441611266
1289824408039616512
1289824417300664320
1289824419863359489
1289824430760136705
1289824430848262146
1289824434308542466
1289824453166170119
1289824461621927936
1289824465459675141
1289824468580278273
1289824481536483329
1289824481725181952
1289824506295525377
1289824507625005057
1289824511404068866
1289824519872380929
1289824532350431238
1289824546648801280
1289824552386809856
1289824555087716352
1289824574230548480
1289824581662932993
1289824582036119553
1289824587165741056
1289824592584781824
1289824603334877186
1289824606165954565
1289824619579416577
1289824630794883073
1289824639191887873
1289824640387301377
1289824646930419714
1289824652332691456
1289824667721580544
1289824676441538563
1289824684846903297
1289824700747546625
1289824707374649345
1289824723820371969
1289824731730833408
1289824749351104513
1289824753092456448
1289824764727451649
1289824765537001476
1289824765839118336
1289824766895915008
1289824766556139521
1289824778908585984
1289824783887024129
1289824786344861696
1289824788798558209
1289824797048758274
1289824813381324800
1289824831605633024
1289824832008273922
1289824866305060865
1289824869975089152
1289824891298918401
1289824895656837120
1289824911335100417
1289824917492338690
1289824921707667456
1289824940779175936
1289824961025028097
1289824965760626688
1289824971183648768
1289824974136475648
1289824976493613057
1289824993950408705
1289825001198063622
1289825002343211008
1289825031774666752
1289825032219136000
1289825041849278464
1289825044793683972
1289825063391227904
1289825070878044161
1289825077404430336
1289825086166335488
1289825091899949057
1289825092222906370
1289825093166616577
1289825093648965636
1289825102192762881
1289825101852979201
1289825108194758659
1289825108811374592
1289825110308790272
1289825121515868161
1289825123801763841
1289825138028900352
1289825142713901056
1289825149395464192
1289825155011588097
1289825160468393984
1289825179254710272
1289825190180921346
1289825201706999808
1289825202767933445
1289825204034625536
1289825205963993089
1289825210598748160
1289825226004422657
1289825227954954243
1289825230538412032
1289825232140660736
1289825241779318784
1289825254932545538
1289825260376698880
1289825261693804545
1289825288365289472
1289825299962585088
1289825313472442370
1289825370133237761
1289825390207176705
1289825392425971713
1289825402756579328
1289825429050671107
1289825434981609478
1289825436462018560
1289825450668118018
1289825452115128321
1289825461862719488
1289825463729176576
1289825470318383105
1289825489239117824
1289825498697089024
1289825517298835457
1289825515730137088
1289825581111160832
1289825582662815744
1289825587083636742
1289825597967884288
1289825626862399491
1289825654020571137
1289825661469655040
1289825702699651073
1289825708240302082
1289825713160253440
1289825720777154560
1289825721309736960
1289825727660032001
1289825733536296961
1289825733821337601
1289825738300981248
1289825739169083393
1289825741157277697
1289825748174254080
1289825762304983041
1289825770114895872
1289825766499205121
1289825790129971201
1289825798023610373
1289825843208957952
1289825845670903811
1289825856743866368
1289825864385826816
1289825873764458498
1289825887135793155
1289825893611839491
1289825907612348416
1289825917745819648
1289825921017364481
1289825934300680194
1289825943406534657
1289825944824213504
1289825947718422528
1289825949123399682
1289825950050455553
1289825953531609090
1289825956170014720
1289825957369524224
1289825973056106498
1289825980475781120
1289825983487344640
1289825989090893824
1289825997882155009
1289826016710373379
1289826043239383041
1289826044216610816
1289826059358150656
1289826066593222657
1289826067692138498
1289826068862402560
1289826070653329409
1289826087501991936
1289826088261230592
1289826094015582209
1289826098126233600
1289826109383569408
1289826130531217408
1289826152735862786
1289826153465749504
1289826159979450369
1289826168305143809
1289826172457558016
1289826192917323776
1289826215184891905
1289826234692599808
1289826247237947392
1289826261330616322
1289826288631332864
1289826297258995713
1289826298081079297
1289826311909695489
1289826329941032961
1289826333787381760
1289826340271579138
1289826340774936577
1289826353831763969
1289826361578680321
1289826365982887936
1289826368461520902
1289826373544972288
1289826389470752768
1289826391677050881
1289826392608301056
1289826399235186688
1289826422438076416
1289826460048400386
1289826470479581186
1289826476611649539
1289826486694772737
1289826493351096320
1289826511101419522
1289826512774955010
1289826517107671040
1289826520354045954
1289826523374116866
1289826530906894336
1289826538058178562
1289826540037918721
1289826542005022720
1289826542801969152
1289826559604318209
1289826563379216384
1289826567569289217
1289826568244613126
1289826574154555392
1289826575693709312
1289826576599670784
1289826584728223746
1289826590558318592
1289826591531393024
1289826600612179969
1289826606588944384
1289826614402928640
1289826634439122945
1289826635345047553
1289826637517688835
1289826668341866497
1289826681411133440
1289826690357579782
1289826691951366146
1289826694795149312
1289826695193587712
1289826704811147267
1289826712319008769
1289826730841010176
1289826747156840450
1289826748834541568
1289826748893339649
1289826760985518085
1289826761841283072
1289826766479998978
1289826772448501760
1289826776256901120
1289826807923924995
1289826825825161218
1289826832087257089
1289826834461286400
1289826836604751872
1289826836738740228
1289826839787999233
1289826844477280256
1289826850089230338
1289826850588377088
1289826855302737920
1289826889033424901
1289826893768716288
1289826912311836672
1289826913050009601
1289826926475919361
1289826939386003456
1289826941009309696
1289826944629051392
1289826955848687616
1289826958029791233
1289826975389872128
1289826985296838658
1289826996462080000
1289827002648731648
1289827006314680320
1289827013092466689
1289827016414437376
1289827019853684741
1289827027348946944
1289827049444642816
1289827050404995078
1289827054737711107
1289827081375768577
1289827102145966081
1289827104822104065
1289827104851296257
1289827109909573632
1289827114963759104
1289827119795642369
1289827127076859904
1289827138271502336
1289827148623048704
1289827158362226688
1289827160362872832
1289827218898604032
1289827229170425856
1289827243087126529
1289827253447098368
1289827269238599681
1289827269519654912
1289827272803811329
1289827283864354816
1289827287207051264
1289827297319690240
1289827299513122822
1289827301786439681
1289827323428999168
1289827332480331779
1289827332329332738
1289827344249581576
1289827352369799168
1289827360879996930
1289827387987828739
1289827389657067522
1289827392739872774
1289827402420387841
1289827418728013826
1289827422666252289
1289827436654235654
1289827436696227840
1289827455591563264
1289827459127373825
1289827498520264707
1289827508930531331
1289827531940667393
1289827540614303744
1289827541000232960
1289827545773293570
1289827557018177536
1289827559438352385
1289827562861068289
1289827570536480768
1289827577578655746
1289827585808113664
1289827601482121216
1289827602899677185
1289827612701982725
1289827619882450945
1289827649657872384
1289827654535766017
1289827666741227520
1289827672185421825
1289827674362265601
1289827683396771840
1289827724798783489
1289827733019623424
1289827735989186562
1289827741957623808
1289827743249526787
1289827765143736320
1289827770990657541
1289827785100480512
1289827788547977216
1289827790817243137
1289827794248069121
1289827794369667075
1289827801239961600
1289827806453456902
1289827809070706688
1289827826288463872
1289827826720366592
1289827835884875781
1289827837017387008
1289827841597509632
1289827842356912129
1289827852217651200
1289827854209884161
1289827877303681025
1289827879073718272
1289827879967047680
1289827882773012481
1289827886573031424
1289827893820809221
1289827900892622848
1289827928549646336
1289827929212497920
1289827931028504576
1289827933113257986
1289827933293391872
1289827934232932352
1289827941191278592
1289827941514219520
1289827941589774341
1289827942701228033
1289827950645321730
1289827966751584256
1289827970375274497
1289827984518426624
1289827994677190656
1289827995788746752
1289828003292356608
1289828006102355968
1289828016139296768
1289828035617644544
1289828036787937281
1289828049509261314
1289828102248361985
1289828102458052613
1289828118715236352
1289828121751900165
1289828123136024578
1289828130006302720
1289828148025016320
1289828154287112193
1289828159785807874
1289828168572923904
1289828176164581377
1289828180316942336
1289828187971584000
1289828203154956288
1289828212847960064
1289828218074062850
1289828227662245889
1289828237149736960
1289828243965526016
1289828248818298880
1289828249887862785
1289828258234560512
1289828284344217600
1289828287452258305
1289828302685798400
1289828310680248321
1289828316141121537
1289828315499552768
1289828327000117248
1289828357119475712
1289828364279193600
1289828371472547841
1289828371774369792
1289828372785188866
1289828379374391296
1289828395728007169
1289828399054168066
1289828402468286464
1289828405022568449
1289828407757271041
1289828411590860800
1289828415709655045
1289828417563774976
1289828422865129472
1289828430846951427
1289828445443112961
1289828448869814272
1289828448869838848
1289828479026921473
1289828482248130563
1289828482831147008
1289828487545663488
1289828491106508800
1289828493795065857
1289828506730283009
1289828510253477888
1289828518189133826
1289828525604605954
1289828528259620866
1289828537436786690
1289828539047518209
1289828542365097984
1289828543321399296
1289828546282549248
1289828549663158272
1289828551739359238
1289828564230000641
1289828566922719232
1289828569472958464
1289828577047752715
1289828583788036096
1289828584572497921
1289828592679936000
1289828593133133824
1289828594751922177
1289828595162988545
1289828595766943744
1289828598896041986
1289828600934359040
1289828601077014529
1289828633926754305
1289828654160257024
1289828654814359552
1289828664830390277
1289828677421633537
1289828684921057280
1289828686061948929
1289828692114300928
1289828718924316672
1289828721336053760
1289828731201245184
1289828747542065156
1289828771768356865
1289828772330389510
1289828788709330945
1289828805670928385
1289828813506064384
1289828820694884353
1289828822066446340
1289828822741729280
1289828833072312320
1289828834217533440
1289828836075397121
1289828863049003008
1289828868589682688
1289828873635368960
1289828873786372097
1289828885622743042
1289828890592948226
1289828898687954945
1289828902051827720
1289828902911713280
1289828920926273536
1289828927725133836
1289828941990002688
1289828943067901952
1289828947039932418
1289828959933276160
1289828984964947968
1289828998340472834
1289829007903477760
1289829027880947713
1289829049150275584
1289829054938583042
1289829072390901761
1289829079013658624
1289829086315986944
1289829093391757315
1289829100111007745
1289829123251044352
1289829130473574400
1289829131929055237
1289829132797464576
1289829145564725248
1289829157153599488
1289829160349622274
1289829172953718784
1289829176279621632
1289829191177793537
1289829231581519872
1289829235675168769
1289829247557672961
1289829271209275392
1289829280289939461
1289829289190277120
1289829324636303366
1289829333918298113
1289829342122369024
1289829345427484673
1289829359994277889
1289829369079193602
1289829372195569664
1289829372984086528
1289829375341256704
1289829375781806080
1289829387806879745
1289829392479219717
1289829406135836672
1289829420996255745
1289829433327542273
1289829435487612930
1289829436464836608
1289829449391697920
1289829450637381632
1289829462830325761
1289829464768049153
1289829477762174976
1289829484221231104
1289829490730778624
1289829493239029760
1289829502088929280
1289829513061232642
1289829513002545153
1289829513489035264
1289829531503620097
1289829532262776832
1289829545982349313
1289829581235486720
1289829583424851970
1289829585408819200
1289829587174559746
1289829587489193987
1289829624726327296
1289829628358557697
1289829643822993408
1289829644921901057
1289829651070611456
1289829652555370496
1289829663473369093
1289829672113582081
1289829679835172864
1289829685233201155
1289829708809424898
1289829719379066880
1289829726635229186
1289829728774324224
1289829737725124609
1289829739004170242
1289829740774268933
1289829743265603584
1289829746235211782
1289829750886633472
1289829758734225409
1289829760713945089
1289829768850898944
1289829785409994753
1289829791873425409
1289829802166214656
1289829808302518279
1289829812006088704
1289829824249253888
1289829826539302912
1289829838438559744
1289829840917389313
1289829859175235585
1289829871271608322
1289829875239460864
1289829891169349633
1289829908680589313
1289829909569785856
1289829916771364867
1289829922056282112
1289829927706140676
1289829958131449857
1289829965773434880
1289829968394911744
1289829972639649792
1289829981019729923
1289830007800385536
1289830012384718848
1289830043372249088
1289830054281637888
1289830056735326208
1289830059608399874
1289830061944664064
1289830062229819393
1289830081347518470
1289830082492502016
1289830089983528960
1289830092667891712
1289830098649010177
1289830109722161152
1289830110434979840
1289830115304587265
1289830118987198466
1289830145243586561
1289830145717493760
1289830160577916929
1289830163744612353
1289830179678728192
1289830191330549760
1289830207646339076
1289830220510318592
1289830223077203968
1289830223471505409
1289830227334569984
1289830238600404992
1289830244141035520
1289830248280858624
1289830252793929728
1289830257697026049
1289830260788297728
1289830260985352193
1289830282439221255
1289830296981053440
1289830310134259712
1289830312298467330
1289830338970021888
1289830340366757890
1289830350852505602
1289830386940481537
1289830408167669764
1289830411619639297
1289830420654075905
1289830424122765314
1289830433824231424
1289830454388875265
1289830467349426178
1289830476702576645
1289830480917889025
1289830489700708353
1289830495610494976
1289830495816052737
1289830507845316609
1289830510450024449
1289830521116037121
1289830529567559680
1289830545577242624
1289830555912040448
1289830562408984576
1289830567886741507
1289830570789187585
1289830571192057857
1289830571636473857
1289830574316609536
1289830582000562176
1289830593857904641
1289830597997649922
1289830601046888448
1289830604901687297
1289830617916379138
1289830632420327424
1289830636899807232
1289830637109534720
1289830638812528643
1289830663256866817
1289830664523722752
1289830691635474432
1289830701471166464
1289830715165556738
1289830720559439875
1289830728113377281
1289830729849819136
1289830729967271936
1289830738037100550
1289830751727312898
1289830769829920769
1289830777060904960
1289830778910646272
1289830785252356097
1289830796476334080
1289830801907970048
1289830846489415680
1289830847789424640
1289830847772635139
1289830862364659713
1289830871407583233
1289830881822220288
1289830882509901825
1289830912796979200
1289830935073042434
1289830941112717313
1289830944459747331
1289830961224585216
1289830966710513665
1289830997664493569
1289831022486462464
1289831037673988096
1289831038290546688
1289831048705015808
1289831036356968448
1289831044611362816
1289831040274505730
1289831089758810113
1289831099841970176
1289831100684972034
1289831101012180992
1289831162987208705
1289831165952774144
1289831166959161351
1289831172843814913
1289831177084456960
1289831193504911361
1289831205899137025
1289831215726501888
1289831216447762438
1289831250493022208
1289831267307933697
1289831273448407040
1289831278448013312
1289831296861003776
1289831312644141057
1289831314061852672
1289831320613531648
1289831321909387264
1289831323994066944
1289831325373874176
1289831340997632000
1289831364456378368
1289831364661936129
1289831371506999296
1289831377001566209
1289831398677704704
1289831402024837120
1289831414045634560
1289831422870528000
1289831423071813633
1289831434362880000
1289831435092652032
1289831437374337024
1289831438473338882
1289831449848188935
1289831451945361408
1289831457284710402
1289831483268456448
1289831490847567874
1289831494060355585
1289831497264844801
1289831526830505984
1289831532408889346
1289831549098049536
1289831549878362112
1289831568190496770
1289831573865418752
1289831576835166208
1289831582887362560
1289831604630634498
1289831626881425408
1289831639795871744
1289831645839683584
1289831651120254977
1289831653439873024
1289831658871390209
1289831689913421825
1289831695345053696
1289831695848321026
1289831718099120128
1289831725493755909
1289831728995921920
1289831734310100993
1289831736654721024
1289831738940649473
1289831739758530560
1289831765008240642
1289831782288748544
1289831782242639873
1289831793131048961
1289831793978294272
1289831809199378433
1289831812857028610
1289831814136131587
1289831820440174592
1289831822130438144
1289831844012122112
1289831849460547584
1289831868817276928
1289831874492342273
1289831902569013249
1289831906792677376
1289831955454820352
1289831961079341056
1289831963432370178
1289831966485803008
1289831966632796165
1289831992125616129
1289831992029089792
1289832000539549696
1289832006709256193
1289832008718225409
1289832015957602305
1289832020751785984
1289832025101279234
1289832036270608388
1289832037856116737
1289832043572936704
1289832083196506118
1289832102905516033
1289832104923033605
1289832120714657793
1289832124607008768
1289832127593189377
1289832135994404864
1289832156559290368
1289832161709682690
1289832163664261121
1289832170840715264
1289832176536625152
1289832186384748544
1289832190637797377
1289832203090685952
1289832208333643777
1289832210074230784
1289832219750457345
1289832223093350400
1289832236326371328
1289832236930330624
1289832248343056384
1289832260565336064
1289832273164918784
1289832274070892544
1289832278873407488
1289832285236154375
1289832295717724160
1289832298506883072
1289832293779951616
1289832336809369600
1289832341024563200
1289832343893504000
1289832351338389504
1289832354320510976
1289832355562000384
1289832359433404417
1289832361304059910
1289832380153225217
1289832383089225731
1289832415683256321
1289832424797503489
1289832425011286016
1289832438877716480
1289832474231681024
1289832485916827649
1289832493328162816
1289832498277408770
1289832500924047360
1289832503922982913
1289832507693654017
1289832511565000706
1289832514148659201
1289832515989934082
1289832520851181568
1289832554137128960
1289832555177369600
1289832576631283712
1289832578166513664
1289832583493087233
1289832588450963458
1289832597061681152
1289832629978542080
1289832636089659393
1289832637868044293
1289832658726346752
1289832668507430912
1289832669694570496
1289832679492337664
1289832691563544584
1289832710379200512
1289832725491273728
1289832784920444929
1289832786451300352
1289832826834018304
1289832828855676928
1289832885403283456
1289832887143952384
1289832890612629505
1289832920866148352
1289832935151898624
1289832938574458881
1289832949513297920
1289832982501421056
1289832984858652674
1289833013665300481
1289833015498010624
1289833030597582854
1289833037979512832
1289833050801467392
1289833063816392705
1289833071076769792
1289833072616067072
1289833073249411072
1289833089934323713
1289833090018246657
1289833109551161344
1289833113233719296
1289833138839932931
1289833146343501824
1289833149296291841
1289833156011388937
1289833172398673925
1289833188194361345
1289833194297032706
1289833197488963586
1289833249921933313
1289833254569287682
1289833257480019974
1289833261099704324
1289833279734988800
1289833285091315717
