1296522373609541632
1296522420061339648
1296522423823564800
1296522425710940160
1296522429167173633
1296522432577253376
1296522440546365441
1296522446502322176
1296522465569628160
1296522470313340934
1296522479616299009
1296522482455896064
1296522488864813056
1296522496150134784
1296522508724629511
1296522509303648256
1296522521655889926
1296522537308835840
1296522541163577344
1296522568242012160
1296522579419725831
1296522601926397962
1296522609904046082
1296522612999426049
1296522623002738689
1296522635938074624
1296522641843552256
1296522652429910017
1296522655705817089
1296522657094152194
1296522673334476800
1296522687808811008
1296522702753353728
1296522707559907331
1296522721598332932
1296522722323894273
1296522747728875521
1296522756121604099
1296522765634347010
1296522786412912640
1296522786911875073
1296522818230743040
1296522820848095233
1296522822928408576
1296522828280467463
1296522831765757953
1296522845888028672
1296522851483295744
1296522851751735298
1296522853349838854
1296522872706523137
1296522878410686469
1296522895951196160
1296522897553596418
1296522899436662784
1296522899696898048
1296522903530475525
1296522928927002625
1296522937437007872
1296522940142571521
1296522940410818561
1296522940423569412
1296522948178632705
1296522957087334400
1296522974632140800
1296522985927581697
1296522992701321217
1296522994743992327
1296523004306837504
1296523004826935296
1296523011525349380
1296523023441436672
1296523029120454659
1296523041619488768
1296523042139627521
1296523049139757056
1296523050696019968
1296523062368768000
1296523075295408128
1296523078781014017
1296523083919118338
1296523091640606720
1296523103258816512
1296523107981721600
1296523119918821381
1296523120325603328
1296523122158559233
1296523136741986304
1296523137526497281
1296523138931601408
1296523158514589696
1296523162809765890
1296523163577311232
1296523167033425922
1296523171135229952
1296523179196907522
1296523180555763713
1296523188680024064
1296523195516956679
1296523200512352261
1296523213497708544
1296523227108433920
1296523250323853322
1296523251363901440
1296523254056849413
1296523256451567616
1296523263456292865
1296523266723635200
1296523268669812738
1296523276294991874
1296523284952092674
1296523296402477056
1296523301272133638
1296523308872146944
1296523313695477760
1296523330598711297
1296523331173330944
1296523334872686592
1296523335392788482
1296523338467045376
1296523340505419776
1296523342149816321
1296523344255352834
1296523351289143296
1296523375339347971
1296523393672642561
1296523393936896001
1296523410567299076
1296523417588510726
1296523419438075905
1296523432339714048
1296523439461879810
1296523467983147008
1296523503265558528
1296523515798192129
1296523523838672896
1296523547846807553
1296523553584668674
1296523554142466048
1296523556377907200
1296523559586738177
1296523562736549888
1296523564896509952
1296523565609750529
1296523570047324160
1296523572773494786
1296523573490864132
1296523578431676416
1296523594290409472
1296523598279188480
1296523609196900357
1296523611059019776
1296523620823568386
1296523628914380800
1296523631401598978
1296523638322208771
1296523645758476288
1296523645968236544
1296523670282817537
1296523678591614983
1296523691258449920
1296523699235909633
1296523705116266501
1296523708903743488
1296523724649267202
1296523724947107842
1296523737794260994
1296523741023760384
1296523750071062535
1296523753317232640
1296523761752186883
1296523770849632261
1296523772464422912
1296523783390429186
1296523788167852032
1296523800457011200
1296523809059733505
1296523809479102464
1296523818291339264
1296523821588111361
1296523834766405632
1296523854127538184
1296523860230017024
1296523875170291712
1296523878991163392
1296523881503690753
1296523902429143043
1296523905637715971
1296523935497039874
1296523935589101569
1296524009350107136
1296524027457150976
1296524030439301120
1296524053612826625
1296524076920508421
1296524087075000321
1296524119744417792
1296524126849363970
1296524127222693888
1296524131660206080
1296524133010874368
1296524134764163073
1296524145551912960
1296524169245388801
1296524187083763712
1296524189910872070
1296524199045902338
1296524204490227715
1296524237713309698
1296524240955441152
1296524241567748096
1296524241769242625
1296524253567877121
1296524255329497095
1296524256512180225
1296524258382946306
1296524258860965889
1296524267207753728
1296524275520868354
1296524277668368384
1296524287956996096
1296524296316235776
1296524303941263360
1296524309242904576
1296524316763447298
1296524320718704643
1296524322522226688
1296524333544660992
1296524334442438657
1296524337214758912
1296524367472599042
1296524379216633858
1296524383956226048
1296524385172492294
1296524387122851840
1296524393091399686
1296524397763874817
1296524401538719755
1296524420228448259
1296524426545000448
1296524426767458305
1296524438913945600
1296524447071993858
1296524447369719808
1296524471159775232
1296524487282720768
1296524510787710983
1296524523320344578
1296524530576494592
1296524535353622528
1296524541943074816
1296524543260008448
1296524547789926401
1296524548435775489
1296524551778639874
1296524567024791552
1296524568673374209
1296524572150259713
1296524596871667713
1296524597697937410
1296524602575933441
1296524607415914497
1296524609177694209
1296524614034587648
1296524618384252929
1296524619751600135
1296524627917905920
1296524630031728643
1296524644258852866
1296524649048743937
1296524651712188417
1296524653347901440
1296524668363575297
1296524673442820096
1296524682884153344
1296524684637409281
1296524688521400320
1296524703553720323
1296524714425430016
1296524718447693833
1296524718900760576
1296524743542104064
1296524756150345733
1296524756485775365
1296524766338256896
1296524769203027971
1296524793408348164
1296524799242653700
1296524806326755329
1296524810722451457
1296524814757187584
1296524844394328064
1296524852925550592
1296524857551847427
1296524890586198016
1296524894130167808
1296524894306476037
1296524912044187651
1296524919694594048
1296524925478621184
1296524925625237506
1296524953693458432
1296524954029129728
1296524958068285440
1296524966679187457
1296524982269485062
1296524987193536513
1296524988061609984
1296525008454520839
1296525013089021952
1296525020605198336
1296525038934528001
1296525046576558080
1296525063055970305
1296525082643304449
1296525087806373889
1296525096828403713
1296525103849590785
1296525109306568705
1296525109721804801
1296525109772132356
1296525114687684608
1296525125085532160
1296525125676867586
1296525129707474944
1296525137156734984
1296525168638976004
1296525175425384449
1296525175886880775
1296525180198621187
1296525188931166212
1296525197835751424
1296525201291841538
1296525255050244096
1296525256417566736
1296525257365426177
1296525261156958209
1296525261169623042
1296525263401029633
1296525269893877761
1296525275933573120
1296525306606563328
1296525315376848900
1296525319894183936
1296525334347689984
1296525336042143744
1296525339250884608
1296525356384608258
1296525381126836226
1296525381370032128
1296525382494105601
1296525389611687936
1296525400798113799
1296525411250307072
1296525419483729920
1296525446285328384
1296525448130813960
1296525462731206657
1296525470964387840
1296525483127971840
1296525487754358785
1296525498978369541
1296525500626632704
1296525526568443905
1296525558709399554
1296525563205758981
1296525570365366279
1296525582423986177
1296525583728275459
1296525591064305665
1296525603340984320
1296525628787884032
1296525629958107138
1296525633342844932
1296525645044944897
1296525647112572929
1296525650883309568
1296525662522613765
1296525663403495425
1296525678427480064
1296525679702487040
1296525692067352577
1296525714825641984
1296525743715999747
1296525748258430978
1296525752641433600
1296525762401579008
1296525768466599938
1296525789261955078
1296525798871007232
1296525800204836865
1296525805544247296
1296525819192344576
1296525822036254721
1296525825190383617
1296525840214364160
1296525860300820481
1296525877400961032
1296525877765902342
1296525892827709440
1296525896594198529
1296525906719145989
1296525913706958861
1296525914701017090
1296525930828103681
1296525931792740361
1296525932044275712
1296525940596580353
1296525960901095424
1296525980962455552
1296525982577430531
1296525985240645632
1296525985274241024
1296525988755578883
1296525994887536640
1296525995403599878
1296526005893509122
1296526017012436992
1296526018748923904
1296526024688230400
1296526024679677953
1296526039397670912
1296526039930286080
1296526048385875968
1296526052571873284
1296526053259665408
1296526062654910464
1296526064584404993
1296526070229819392
1296526081286180865
1296526082011693065
1296526089469267971
1296526089712553989
1296526091805429761
1296526098042359812
1296526108381384705
1296526116476395526
1296526116333682688
1296526118191849474
1296526122964770816
1296526134755102726
1296526137192054784
1296526137259175937
1296526140962742281
1296526141289713665
1296526145513562120
1296526156926267393
1296526161024098304
1296526161846116358
1296526165708951552
1296526186764316672
1296526190208061440
1296526207673151488
1296526223351468032
1296526261771218948
1296526271250300929
1296526279366316032
1296526284890275842
1296526291550834693
1296526303466725377
1296526308118335488
1296526316016148482
1296526316561473536
1296526328586543112
1296526332755615746
1296526334223478784
1296526349868228608
1296526351256649728
1296526353626361856
1296526371804585984
1296526372211433473
1296526372651675649
1296526373096435715
1296526378804940801
1296526401731014656
1296526432391368709
1296526446635233281
1296526446538756100
1296526455443042305
1296526461197844480
1296526463584415744
1296526478578978818
1296526488590864384
1296526497243639809
1296526499089010688
1296526501786025986
1296526505229484033
1296526510212419584
1296526513064599553
1296526520354316289
1296526530600820737
1296526542907101189
1296526543469064192
1296526543838015488
1296526547483058177
1296526553107529728
1296526577069707266
1296526581763133440
1296526614088556551
1296526619868364800
1296526639262765060
1296526644065308674
1296526649614196736
1296526652193660929
1296526666433527810
1296526682413838345
1296526690223415296
1296526710750445568
1296526719223037954
1296526756527079424
1296526769223335938
1296526769567272961
1296526789922127873
1296526795886546944
1296526804711362560
1296526817189408768
1296526821886816256
1296526824357453827
1296526843051417600
1296526858708750336
1296526898856591363
1296526899531976704
1296526913306075138
1296526946860441602
1296526954699599873
1296526959908917250
1296526967743762432
1296526967781462017
1296526972324139008
1296526975754878976
1296526997032665088
1296527013281435655
1296527034471141378
1296527046441541632
1296527050258472963
1296527055434264576
1296527059661987846
1296527080562327554
1296527087973654537
1296527092369297415
1296527097788235776
1296527100304920578
1296527111868407808
1296527114875932681
1296527115169476608
1296527122236768256
1296527129824374784
1296527130122235904
1296527139316158465
1296527142331854851
1296527142730313731
1296527160212181005
1296527165786292228
1296527176301518855
1296527180613038080
1296527180961390594
1296527184115490816
1296527184614404096
1296527189177962497
1296527192533475330
1296527192860569603
1296527206173138945
1296527219024691209
1296527220106813446
1296527236607008769
1296527243770904578
1296527249395429376
1296527278982209538
1296527302717628416
1296527308136669184
1296527311353896961
1296527317884448779
1296527319071363072
1296527321013207042
1296527326889545730
1296527341141753856
1296527341162770438
1296527348066594816
1296527356207591425
1296527356908040192
1296527369667313664
1296527370447392771
1296527382820651013
1296527387744772096
1296527390898888712
1296527398972698624
1296527415737495553
1296527420405821440
1296527430119718913
1296527435924676611
1296527460289458176
1296527463200194560
1296527469839888385
1296527471127310337
1296527475120304129
1296527475783024640
1296527492396834816
1296527499644547074
1296527512655351808
1296527515767508994
1296527517071880193
1296527521123635200
1296527533568077824
1296527549581815808
1296527561946574848
1296527565809766400
1296527572210274304
1296527591751524352
1296527591772479488
1296527595350237187
1296527604720295936
1296527621719838723
1296527634181103622
1296527638367002627
1296527649863393280
1296527654695440392
1296527658164146176
1296527666649079808
1296527679529902082
1296527683610869760
1296527696416190464
1296527696718176256
1296527712996265984
1296527718813700096
1296527722785587201
1296527722378924033
1296527736714870784
1296527737897865216
1296527742628958209
1296527743161696256
1296527748341673985
1296527756088483849
1296527763738951684
1296527772639039488
1296527777319927808
1296527782491586573
1296527793803599872
1296527802037080066
1296527824614879233
1296527830352887809
1296527834387755014
1296527857338982402
1296527860916576258
1296527868059475969
1296527872648261636
1296527874187563008
1296527882634825729
1296527897864179713
1296527899365842945
1296527915123965952
1296527918630416385
1296527919800635392
1296527920266182662
1296527926691794952
1296527936313536513
1296527939719356417
1296527943808815104
1296527944966381574
1296527951790571521
1296527953409404931
1296527981280727040
1296527985768452096
1296528002524774402
1296528007331536901
1296528015757914116
1296528015749513220
1296528023467053056
1296528028491751425
1296528037027049472
1296528045122215937
1296528046212734976
1296528054651674628
1296528058803945473
1296528062734114818
1296528067389730823
1296528090848530435
1296528102873600000
1296528116228161538
1296528199082442753
1296528204740431873
1296528212554469376
1296528213741408256
1296528215985598466
1296528236831219713
1296528238420746241
1296528247522504716
1296528249988751370
1296528254405238784
1296528254476652547
1296528262210846720
1296528262479437825
1296528281009717248
1296528284818137088
1296528285178802176
1296528304523051009
1296528305127030787
1296528322734718978
1296528327583375360
1296528335439302657
1296528346432647170
1296528356398301184
1296528368079339520
1296528371309072385
1296528413902217218
1296528413809954821
1296528414376103937
1296528423435689985
1296528427785191424
1296528434584330240
1296528435976773632
1296528438258540549
1296528452581875714
1296528455560028162
1296528478758678533
1296528487218651137
1296528493203922946
1296528493878996992
1296528498782343168
1296528506168451075
1296528515131555840
1296528519871307776
1296528536447008768
1296528545129398274
1296528589811322881
1296528590834528256
1296528595184168961
1296528605950947330
1296528610522812416
1296528611441352704
1296528611646812160
1296528611747360768
1296528636921688065
1296528640717369345
1296528645524160512
1296528645859811331
1296528649194213376
1296528652574896129
1296528658891329536
1296528662532100096
1296528675307794433
1296528678394896384
1296528686859116545
1296528688146788354
1296528703183368195
1296528708623368197
1296528720291868672
1296528728072359938
1296528750243385344
1296528757306556420
1296528765359726592
1296528786436096001
1296528788080046080
1296528803833864194
1296528803754397699
1296528813980102658
1296528824570712070
1296528829582848000
1296528830090416129
1296528839686983680
1296528841293398025
1296528847576289281
1296528858515111944
1296528861837037568
1296528862973693952
1296528866501177345
1296528870808514560
1296528872423514119
1296528872536670215
1296528876118605824
1296528897593483265
1296528908410589186
1296528926920052742
1296528931529674756
1296528939343544320
1296528943231598592
1296528946603986945
1296528960285679618
1296528967298580481
1296528977712967680
1296528979302608896
1296528997665239042
1296529006272172035
1296529011577954305
1296529023061962752
1296529036387246083
1296529051113394179
1296529059493621762
1296529098693578753
1296529101818228736
1296529110395691009
1296529110559121408
1296529113981816832
1296529114292256769
1296529114652975106
1296529122412433411
1296529134957531136
1296529156851806209
1296529165072695297
1296529212329926656
1296529218830884864
1296529218982096896
1296529223759335428
1296529235322916864
1296529243967328256
1296529252553285637
1296529270194438144
1296529278394404864
1296529286195580928
1296529298090680320
1296529310904270848
1296529322216435712
1296529329812373506
1296529332425424896
1296529344425148421
1296529348770574336
1296529357918199808
1296529358887108608
1296529386846420993
1296529391850315779
1296529392370356224
1296529400322756608
1296529407675379712
1296529408346525696
1296529409906745344
1296529419792797696
1296529425421316096
1296529440558714880
1296529461781901312
1296529505616572418
1296529508485537792
1296529513359323136
1296529521110323202
1296529522657914880
1296529530425716737
1296529534074925059
1296529537480699905
1296529537702952967
1296529538923585536
1296529543780618244
1296529558951337985
1296529579490729984
1296529583311790080
1296529583374831617
1296529583400005636
1296529583433486336
1296529588194103296
1296529589406068736
1296529592623144960
1296529597295665153
1296529597287153664
1296529604551868416
1296529605164240902
1296529605780746241
1296529606611275777
1296529609643753475
1296529619080880136
1296529622159499265
1296529648034054144
1296529648726282242
1296529651377078276
1296529652647776256
1296529672071675904
1296529672583471112
1296529689746583555
1296529726073376770
1296529730372620288
1296529730737524738
1296529740598255616
1296529748349329409
1296529749226004480
1296529751490719744
1296529751797112834
1296529753067986944
1296529755261603841
1296529755379040256
1296529759476895744
1296529761687072768
1296529777164156930
1296529782558138368
1296529787113046016
1296529789801467904
1296529799419236353
1296529803001110530
1296529804557193218
1296529832650702848
1296529840808615936
1296529842435952641
1296529856524627968
1296529861645938690
1296529874107195392
1296529887491219458
1296529895347159041
1296529896814985216
1296529904046149632
1296529911700692994
1296529911868297217
1296529912375853056
1296529957787586561
1296529960908156928
1296529964809035776
1296529974489309184
1296529975252746246
1296529977580630016
1296530017799876609
1296530021947908096
1296530024435265536
1296530024414158848
1296530033465466881
1296530034308591621
1296530041686429696
1296530050423062530
1296530058765533184
1296530093154631693
1296530092496007168
1296530097030205447
1296530107809529858
1296530108828835843
1296530109227323395
1296530117640896512
1296530117842198528
1296530118630944769
1296530126054727686
1296530126499459074
1296530137803108352
1296530142588805141
1296530159189671937
1296530160724959234
1296530162004221953
1296530171965702146
1296530175715241985
1296530177862717441
1296530181704888321
1296530196854640640
1296530208737067010
1296530208804212738
1296530210649788417
1296530213782917120
1296530241519788036
1296530246137716736
1296530250302709762
1296530256376090625
1296530259081232384
1296530260440293376
1296530263938392070
1296530272700321797
1296530298222542856
1296530317793255424
1296530332079054850
1296530340417331204
1296530342510198785
1296530356120715267
1296530359383859202
1296530388798574593
1296530401834475523
1296530410843897863
1296530434776371200
1296530436252790786
1296530449183866880
1296530465055215625
1296530478493765634
1296530490942525441
1296530493807251456
1296530499935010822
1296530499897298945
1296530501956706311
1296530519362957312
1296530519811919880
1296530525679685632
1296530545132937222
1296530546936307712
1296530553907314688
1296530564732813312
1296530564925849602
1296530574329274368
1296530591253504002
1296530604222283779
1296530607518945283
1296530608336670723
1296530619602788355
1296530628406648834
1296530640339435520
1296530645200510976
1296530651114541057
1296530656995008512
1296530687772823553
1296530695729405954
1296530700653309952
1296530713999794178
1296530716168278033
1296530720547102720
1296530737030733825
1296530755359834113
1296530758698446848
1296530763807182853
1296530783901872134
1296530800234700806
1296530800486293505
1296530803049091076
1296530805963939840
1296530818341322752
1296530829280256000
1296530839451377664
1296530875484704769
1296530902516998144
1296530913992552449
1296530923236728832
1296530930002255872
1296530934901202946
1296530950629683201
1296530960578760704
1296530969399382018
1296530976089280513
1296530976676278273
1296530985903947776
1296530990043672578
1296530998226833408
1296530998688129025
1296530999040409602
1296531011094814720
1296531032397811715
1296531035371515905
1296531035941896192
1296531041545379840
1296531044448034816
1296531052249387010
1296531054048632832
1296531057089667075
1296531070767300609
1296531077767413762
1296531094196695041
1296531100462804992
1296531103814160385
1296531103830798336
1296531118628442115
1296531118796267520
1296531120603922434
1296531123644710912
1296531125322551297
1296531133178544136
1296531143748128769
1296531150350016518
1296531162408669185
1296531164820312065
1296531170516250624
1296531174697959424
1296531184084803584
1296531183904292864
1296531194830610434
1296531198806765569
1296531219920957443
1296531224295616520
1296531231660806145
1296531240422522881
1296531240472862720
1296531272056156166
1296531273763229696
1296531280079794177
1296531296034762752
1296531296227909632
1296531312682192896
1296531328658178048
1296531336614891522
1296531337566920704
1296531338116370434
1296531346857381895
1296531351366184968
1296531354151088129
1296531359075360775
1296531366134390787
1296531396228308993
1296531402536751104
1296531413131333632
1296531416495411202
1296531420488368133
1296531425815076867
1296531431439695874
1296531434673508354
1296531435671769088
1296531473177235456
1296531487974711296
1296531495654481922
1296531511202717696
1296531513236914178
1296531517540388865
1296531518345498625
1296531528621547520
1296531530572009472
1296531531180146691
1296531568392048640
1296531568526340097
1296531589908725761
1296531590512873474
1296531596841975808
1296531606149226497
1296531621990903808
1296531624247676928
1296531630669156353
1296531648327176197
1296531664726892545
1296531665037062144
1296531671152332800
1296531673224556544
1296531691276828676
1296531696125382656
1296531697459015680
1296531707663974400
1296531710008590337
1296531715452788737
1296531719525412867
1296531723447148544
1296531725116465155
1296531735841091585
1296531739867783170
1296531740538949633
1296531743680466951
1296531746616270848
1296531749023907840
1296531755017494530
1296531757119016961
1296531757248913408
1296531758595309569
1296531760877101057
1296531760935829504
1296531783283019780
1296531790077800448
1296531793944948737
1296531810088886274
1296531817500205057
1296531844108816385
1296531866024017923
1296531882499284996
1296531888526376961
1296531899175714816
1296531900744556546
1296531905148526594
1296531909036646403
1296531909195907072
1296531912714940416
1296531928951263232
1296531934374371328
1296531937159413765
1296531951382409217
1296531955081609217
1296531963768184835
1296531970923679745
1296531983972159488
1296531991563776002
1296531996286443520
1296532029123825666
1296532047222247424
1296532058517442560
1296532059448651777
1296532078368940032
1296532083930791939
1296532109973225472
1296532110359113728
1296532113672437760
1296532116621201408
1296532133658406912
1296532143364026368
1296532146832773120
1296532146933444610
1296532156660031490
1296532159780593664
1296532163597348865
1296532171377610752
1296532172757762048
1296532175542554625
1296532181838438402
1296532184019292160
1296532202545647617
1296532226386079745
1296532232333438976
1296532238641766400
1296532247143686151
1296532257411399686
1296532284544344065
1296532313984163840
1296532315347324929
1296532315640930314
1296532324541063168
1296532331717701634
1296532333000941568
1296532351825203201
1296532357445554176
1296532369734807558
1296532372179968000
1296532376802209794
1296532378035400707
1296532385681608705
1296532386356686848
1296532397836701696
1296532399015092224
1296532402894966788
1296532404157296640
1296532406229508097
1296532411224858625
1296532414861398018
1296532418711760897
1296532437477056513
1296532437611274242
1296532448986226689
1296532452517785603
1296532454304624643
1296532454505771008
1296532465964789762
1296532470209359877
1296532487284252672
1296532499720536065
1296532524387258369
1296532549431427072
1296532550492524545
1296532554762399750
1296532558017069056
1296532574861434880
1296532613264375808
1296532633992609792
1296532642532331528
1296532664216956933
1296532676074262529
1296532696571797504
1296532722014392320
1296532742411296769
1296532743938019328
1296532752720900097
1296532752817426432
1296532754566459393
1296532760434282497
1296532846539149315
1296532856131522563
1296532866499637248
1296532870765465600
1296532882320547840
1296532900997980164
1296532902780575744
1296532906735816704
1296532913694154759
1296532915736793095
1296532925085884417
1296532936771026944
1296532939493310464
1296532940139134976
1296532953653108736
1296532960649383936
1296532960762630146
1296532965757874176
1296532987253850112
1296532989141229576
1296532994744889346
1296532999484452869
1296533010607738881
1296533011987668997
1296533026885836800
1296533031122096132
1296533039741308935
1296533056585687041
1296533069260824582
1296533087988391936
1296533092673507328
1296533093944193024
1296533098222563331
1296533102957920261
1296533128031473665
1296533127913975809
1296533131709657088
1296533136415903747
1296533137577644032
1296533140178116611
1296533140354334720
1296533146981277696
1296533152597450756
1296533157961965570
1296533175351439360
1296533177973051392
1296533178543415300
1296533182737604608
1296533183463292930
1296533186378424324
1296533212035010561
1296533217231724544
1296533220931100675
1296533221581230081
1296533255047372801
1296533263020851204
1296533271015239687
1296533271711346688
1296533288836894723
1296533319274729473
1296533322412195840
1296533327105712128
1296533330062716929
1296533339181129731
1296533356268728321
1296533381145071616
1296533383724642310
1296533406722007040
1296533410119221248
1296533430440583169
1296533444332314627
1296533445561192448
1296533451408125953
1296533457229799424
1296533475886084101
1296533482127097858
1296533497063104512
1296533513831878657
1296533520752541698
1296533532681080832
1296533536439242754
1296533541032013827
1296533547658797057
1296533559855939585
1296533563790131201
1296533573495922688
1296533578298404865
1296533579338522624
1296533591179108365
1296533595264253953
1296533606567948288
1296533641829339136
1296533646443192320
1296533648217432066
1296533654391283712
1296533657251872769
1296533669549662208
1296533680349945857
1296533698389499904
1296533720749363202
1296533727825268736
1296533746708025344
1296533749320912896
1296533749434396676
1296533767067250688
1296533787262832640
1296533795466883072
1296533811753299972
1296533824986402819
1296533836793352194
1296533852718956544
1296533859069304832
1296533897082101760
1296533896142692352
1296533922784911361
1296533925280518147
1296533933958541314
1296533952178659328
1296533953147437057
1296533954636451844
1296533958532964352
1296533962957787136
1296533970956554242
1296533976455225346
1296533988610322434
1296533993668726786
1296533996491268102
1296534018205388802
1296534025553817601
1296534033950703617
1296534035171221504
1296534051638194178
1296534051545849856
1296534052401491972
1296534068549562371
1296534085544955904
1296534092578729984
1296534094054998016
1296534106495279104
1296534110282952704
1296534114502418432
1296534114858745856
1296534165727277056
1296534177853120524
1296534178788499458
1296534193028161536
1296534198770073600
1296534199113904128
1296534202364698626
1296534215966638082
1296534218512752648
1296534218755854336
1296534219427065856
1296534221482102784
1296534223793397761
1296534236372099073
1296534241547677696
1296534255678496769
1296534285835358208
1296534290151464961
1296534291371790337
1296534298431021056
1296534301153034241
1296534304034455552
1296534316604940289
1296534320195092480
1296534326457360386
1296534369771884545
1296534374066814977
1296534379880222725
1296534381901705217
1296534394153373696
1296534399283081216
1296534407285809153
1296534420502065154
1296534423777808384
1296534424469868546
1296534436847202321
1296534441742016519
1296534446028488707
1296534458389213186
1296534458234015747
1296534467377602560
1296534467952205824
1296534470116495361
1296534491004116992
1296534504522371075
1296534509375180800
1296534514345287681
1296534520468918274
1296534527574265865
1296534530103357442
1296534533731495937
1296534545739599872
1296534554749079553
1296534571736076291
1296534575343194113
1296534583643705345
1296534613280665600
1296534621899722752
1296534626677272582
1296534647132893184
1296534647757852673
1296534653256388608
1296534659304763392
1296534663943471104
1296534667412287489
1296534696898297859
1296534709271318528
1296534710252863497
1296534725595746304
1296534735410216960
1296534739994591232
1296534743111151616
1296534744969117696
1296534761322684416
1296534768213880833
1296534777634455559
1296534786148884480
1296534787314909184
1296534789881643008
1296534807896182784
1296534817962635266
1296534823687917568
1296534826728783879
1296534827521511424
1296534841031380993
1296534851370115072
1296534865651748865
1296534873017114630
1296534873310666759
1296534874082488320
1296534887151828992
1296534889743998976
1296534904436654081
1296534906198253568
1296534910627446785
1296534918558867458
1296534918839914499
1296534919980646400
1296534944508977153
1296534945603760134
1296534945641443334
1296534956584427520
1296534961332387841
1296534967346958337
1296534969796440065
1296534971168034816
1296534973533495296
1296534996010676226
1296534996702945283
1296534999160807426
1296534999286657030
1296535003094847488
1296535005070589953
1296535012179927041
1296535022003015682
1296535022514499584
1296535043171590150
1296535053841903619
1296535057339953154
1296535107852029959
1296535117960294400
1296535130119561216
1296535135169454083
1296535142022995968
1296535147131543552
1296535148939423745
1296535170376499200
1296535187413766145
1296535195370364928
1296535197098237952
1296535231047098368
1296535245618139136
1296535246662508547
1296535247232864257
1296535247815880704
1296535255713820675
1296535259186528257
1296535267222990851
1296535275074592768
1296535288173473794
1296535289545072644
1296535305617629191
1296535310449299456
1296535342355447808
1296535344356233218
1296535372231516160
1296535372051226626
1296535384323694593
1296535388719325186
1296535398903160835
1296535456788742147
1296535466502651904
1296535468650246144
1296535472693534720
1296535493434384389
1296535511088201729
1296535523683471360
1296535524874899456
1296535540284698624
1296535542218203137
1296535554415190016
1296535561570865154
1296535599420235776
1296535649378430976
1296535652587261960
1296535669351706624
1296535670698250241
1296535675546800129
1296535683553689601
1296535702801223680
1296535706035081216
1296535718538489857
1296535728156024832
1296535733239517186
1296535751040151552
1296535751144996866
1296535753229467654
1296535755632902145
1296535760544215041
1296535766634344448
1296535789799485440
1296535791750000644
1296535795738775552
1296535813782740997
1296535839493808135
1296535842786291715
1296535876378320897
1296535879809286144
1296535883181510656
1296535893981855745
1296535900688723968
1296535927028764672
1296535963863150593
1296535964249141249
1296535964337098753
1296535975930277894
1296535980485365766
1296536000806522888
1296536009275068416
1296536019815211008
1296536041025933317
1296536042477035520
1296536046751055872
1296536066351038466
1296536067932336128
1296536075196755969
1296536097363697664
1296536101528666121
1296536111586488320
1296536115751657472
1296536123813105664
1296536127587987458
1296536127793508352
1296536143715074050
1296536145170272256
1296536147196178432
1296536159212904448
1296536181765799941
1296536185460985864
1296536185767165953
1296536188480892931
1296536194243866626
1296536199054663680
1296536200182763521
1296536206067617793
1296536211117551625
1296536214573649920
1296536236606332930
1296536238187577345
1296536244005097474
1296536256676089861
1296536257183571968
1296536258127319042
1296536261465788416
1296536266281037826
1296536270542446592
1296536286174621698
1296536295746019329
1296536296601661440
1296536299319500800
1296536304251998208
1296536304411435010
1296536304872640512
1296536312300920834
1296536312489664514
1296536313336717312
1296536336145539073
1296536355233832961
1296536360094924803
1296536366537465857
1296536370853249024
1296536375043522560
1296536380605173762
1296536392495968268
1296536397235576835
1296536397986185216
1296536414180474881
1296536414205677576
1296536415912812545
1296536433012822016
1296536433180606464
1296536446040305666
1296536454563164160
1296536491896631296
1296536492811132936
1296536500453224449
1296536505817673728
1296536508728586244
1296536517729570822
1296536526562775040
1296536534318043138
1296536536087801856
1296536547936866304
1296536550675816449
1296536550675750912
1296536560557535232
1296536567415279618
1296536574419767298
1296536574549790721
1296536580962779137
1296536583525539845
1296536618657079296
1296536623673274368
1296536623690194944
1296536653381672960
1296536659127934983
1296536659996147712
1296536665054486533
1296536664970534921
1296536668535689217
1296536670884462594
1296536683018625025
1296536684683829248
1296536689892929536
1296536690258042880
1296536741646438405
1296536752212062208
1296536752744738816
1296536752941707265
1296536763968741376
1296536778946555905
1296536799993565186
1296536801859928064
1296536814514311168
1296536829055950848
1296536831702568962
1296536832545439744
1296536836722974720
1296536853592649728
1296536854246957058
1296536874526208000
1296536886106828801
1296536886731657216
1296536886014599173
1296536899235053570
1296536902565273604
1296536911415316483
1296536912610680832
1296536928741883904
1296536969875542022
1296536970139586561
1296536974497652739
1296536976112472064
1296536991438258176
1296536996844843009
1296537008656003072
1296537029963132930
1296537057603588099
1296537057930752002
1296537059369328640
1296537077471944714
1296537078768054272
1296537086976286721
1296537088448397314
1296537091397111808
1296537095671099399
1296537104294580227
1296537104671899648
1296537139551899648
1296537156089982976
1296537173441814531
1296537176998440962
1296537177598210048
1296537193851256832
1296537194224549893
1296537196757790720
1296537215120502784
1296537217498861568
1296537218274570240
1296537218891251713
1296537221370195968
1296537221403746305
1296537225774206976
1296537226470461441
1296537239695118342
1296537247181934598
1296537249002160128
1296537251594166272
1296537259358015489
1296537260238819330
1296537267264258048
1296537267419389954
1296537275828928513
1296537284133543936
1296537288801910788
1296537298075451393
1296537302219599872
1296537306455846915
1296537307533791233
1296537314647146496
1296537318111817728
1296537322914295808
1296537343390887936
1296537345676554241
1296537355491446786
1296537372482576384
1296537374244167685
1296537390992039948
1296537400168964096
1296537400412340230
1296537401662353409
1296537407018414080
1296537418737176576
1296537423569203200
1296537425167224832
1296537441302650880
1296537448458018818
