1304208008537403393
1304208008847785985
1304208013981409285
1304208016217124864
1304208025821929472
1304208037448683520
1304208059338817536
1304208076711645185
1304208082898223105
1304208084437553153
1304208087755059201
1304208100786876416
1304208105962704896
1304208109381079045
1304208110135975937
1304208116792389632
1304208119090774017
1304208130268684290
1304208150581653505
1304208150900420609
1304208152846532615
1304208163642765312
1304208167144955904
1304208168478814210
1304208171066626052
1304208171121115142
1304208177450217473
1304208184366829570
1304208192231092227
1304208200837640192
1304208214733586432
1304208217673576450
1304208238666227712
1304208252888952832
1304208285743157248
1304208295775932416
1304208299676573697
1304208305464565760
1304208312368607233
1304208328432648193
1304208330999488513
1304208339413467138
1304208349517422595
1304208353191632898
1304208358065528832
1304208360879816704
1304208361806655489
1304208366810480640
1304208381192871937
1304208391322112005
1304208399299731456
1304208406509768704
1304208411048005632
1304208419608502272
1304208424197120000
1304208431222534144
1304208435865477120
1304208440928227330
1304208456577175554
1304208456971415553
1304208458636386304
1304208466580447235
1304208491830222848
1304208492102914048
1304208495160578049
1304208499761655812
1304208500768354305
1304208502643191809
1304208516476002304
1304208519269355520
1304208528740155392
1304208534352138241
1304208555357151232
1304208558221864962
1304208559245156353
1304208566098653184
1304208572209790976
1304208596767399936
1304208598856237064
1304208603969187841
1304208641931784192
1304208642711805953
1304208654711783424
1304208658251751425
1304208662945239040
1304208674467045377
1304208697292283904
1304208710353457152
1304208722324066311
1304208727256506369
1304208729689198593
1304208735318011905
1304208743131799552
1304208747577962496
1304208748437811202
1304208748773339136
1304208748806844419
1304208751973597185
1304208752531435522
1304208759594651648
1304208771367960576
1304208773653950464
1304208787721588737
1304208830604218368
1304208832042799107
1304208834534277121
1304208852339097600
1304208855295959040
1304208863625871365
1304208898400886786
1304208905988460545
1304208920391700481
1304208921872146433
1304208936820592640
1304208944030781441
1304208948912889857
1304208968584224768
1304208975156490240
1304208988964179969
1304208997751324674
1304209003266727936
1304209011219279874
1304209012452470785
1304209048909340672
1304209049899143168
1304209052419977216
1304209057327112193
1304209071013343233
1304209094061031431
1304209095055077376
1304209103447887872
1304209110611701760
1304209117070852096
1304209119285567494
1304209129326731264
1304209134204657665
1304209134301057025
1304209137413349376
1304209146573660161
1304209148712751106
1304209153691353089
1304209165523484672
1304209170674180096
1304209173572456449
1304209174323228672
1304209184792236033
1304209186671063040
1304209187732414464
1304209191834456066
1304209200856276993
1304209204538941443
1304209222335332352
1304209225623764992
1304209226445750275
1304209230388486145
1304209245899026432
1304209262298701827
1304209270855077895
1304209276194308096
1304209276123197450
1304209283177906184
1304209288672481282
1304209295135784960
1304209309627187201
1304209310109532161
1304209341596217345
1304209345736052737
1304209347619311617
1304209352170053637
1304209363813445632
1304209388878483456
1304209393630683137
1304209410923933698
1304209414597963776
1304209414623170560
1304209427482972162
1304209431077543937
1304209433506000897
1304209439243866113
1304209459720355842
1304209460844470273
1304209468285161474
1304209476623282176
1304209477479075840
1304209499121647623
1304209502628016128
1304209517568299008
1304209526099505158
1304209530616717313
1304209540221730818
1304209543824437249
1304209551579910151
1304209565186220034
1304209565441982465
1304209569661554689
1304209577135620098
1304209585662763009
1304209591165579264
1304209606277623808
1304209618416136196
1304209653094592513
1304209656684847104
1304209662795939840
1304209666327543810
1304209673495740416
1304209679002730496
1304209682064486400
1304209689450872832
1304209694538567681
1304209696040001537
1304209698279825409
1304209699072483328
1304209724095647744
1304209753384431619
1304209771399004162
1304209786741825537
1304209808732622848
1304209812318806016
1304209821059756033
1304209825526689793
1304209826277400583
1304209833181286400
1304209836545126408
1304209846338826241
1304209857596338177
1304209857936068608
1304209905612713985
1304209905923035137
1304209921903390720
1304209922247229440
1304209924810051584
1304209935308292096
1304209942363201537
1304209967017267200
1304209971899318273
1304210001813286912
1304210002450755584
1304210005936144384
1304210025477480448
1304210027008397314
1304210027197079552
1304210031026544641
1304210033555636224
1304210038433746944
1304210042640633856
1304210044288995328
1304210046167977984
1304210046356660224
1304210080339034112
1304210088639561729
1304210093861371907
1304210109447442433
1304210126220353536
1304210134126735361
1304210152946622466
1304210157426159616
1304210159393296384
1304210160135610370
1304210163562409984
1304210164619390978
1304210177269411840
1304210178880012288
1304210194919026689
1304210209527668736
1304210233368236032
1304210240393506816
1304210243899912192
1304210244810215425
1304210260362633217
1304210270214975496
1304210272933023744
1304210285587247104
1304210286111387650
1304210306588176385
1304210316260245505
1304210356370276352
1304210356663771136
1304210357154508800
1304210360996696065
1304210365601984512
1304210370844860417
1304210373269225477
1304210373428609026
1304210403308707840
1304210420413214721
1304210425932738561
1304210441539854336
1304210442483630080
1304210446560432130
1304210454932152320
1304210464369385472
1304210465375940609
1304210491003342848
1304210492886601729
1304210499148578817
1304210504815120450
1304210504831905793
1304210511643512839
1304210524700381185
1304210530773676032
1304210538885296128
1304210541708156928
1304210545491542016
1304210547169140736
1304210547349446656
1304210562054844420
1304210570925801473
1304210588223115264
1304210595647041536
1304210597983203328
1304210603825745920
1304210604396146689
1304210613049217025
1304210624688394241
1304210630782537733
1304210634712678405
1304210640106647552
1304210647173996544
1304210651510759424
1304210657152204800
1304210676643233792
1304210680086761472
1304210689058394112
1304210696939474947
1304210723086761988
1304210728182788096
1304210747002585088
1304210755793891329
1304210759698788356
1304210780120907777
1304210781236596736
1304210792624123905
1304210801763512322
1304210805315915776
1304210822495961090
1304210831891140616
1304210839893954562
1304210844301946882
1304210848022495233
1304210852208349186
1304210856172040192
1304210857111379971
1304210857572827136
1304210862555762688
1304210869547540480
1304210870260527105
1304210873959854080
1304210876782776320
1304210882612858881
1304210894189199360
1304210894176559108
1304210907296419842
1304210912606408706
1304210919119925248
1304210919946289153
1304210928255336450
1304210933191974912
1304210936274644992
1304210936383725568
1304210937071558656
1304210939571515398
1304210940251049989
1304210962522746882
1304210983372689408
1304210986929324032
1304210995603070976
1304210999625441281
1304211012350963713
1304211040192753664
1304211046023004160
1304211049562779648
1304211052721254406
1304211057968283653
1304211066365251584
1304211074204479490
1304211074191896580
1304211075244724224
1304211109075845121
1304211124565360640
1304211128617115648
1304211129242185729
1304211133025353733
1304211138700292098
1304211140730388484
1304211142433075200
1304211150880604162
1304211156064768000
1304211158774226946
1304211159252377610
1304211193360506882
1304211195948277760
1304211195994550272
1304211198041300994
1304211209101557760
1304211222665949185
1304211241448034305
1304211242521964544
1304211251120222208
1304211272599248896
1304211275740782593
1304211276332036096
1304211280333479938
1304211288872988675
1304211293746782208
1304211296271859712
1304211317016805377
1304211345030733824
1304211351238111232
1304211355390504961
1304211359274381313
1304211384071151617
1304211386197831687
1304211392359206915
1304211406347264001
1304211417588019200
1304211428996456448
1304211430913306624
1304211448021876738
1304211451180064768
1304211455009419265
1304211490577276934
1304211494238855169
1304211514455240706
1304211526530760705
1304211537289117696
1304211539117785088
1304211544482480129
1304211586794622977
1304211613319335938
1304211623914041345
1304211644944441344
1304211645233848320
1304211647091953664
1304211650287812608
1304211653131735044
1304211661524471809
1304211680117825537
1304211690708512768
1304211697285115910
1304211713336553472
1304211720244613120
1304211720580132864
1304211720907509763
1304211721024925696
1304211733024825344
1304211750632542208
1304211766642171905
1304211807595356160
1304211807641403392
1304211817275764736
1304211825857355779
1304211842018009089
1304211843209101312
1304211851295694848
1304211883528945664
1304211901187055616
1304211917502898176
1304211923454636034
1304211925652430851
1304211936289132545
1304211955482329091
1304211956216328194
1304211956639834112
1304211964118347778
1304211989124833280
1304211997135761408
1304212019663564801
1304212026202480646
1304212027959894018
1304212028052004864
1304212038986629120
1304212045156569089
1304212047085830146
1304212050877599752
1304212051091501057
1304212059463266306
1304212068103581697
1304212071987515392
1304212076764725249
1304212078018715648
1304212089779752961
1304212094192148481
1304212098734534657
1304212103675490304
1304212107999752192
1304212115079786496
1304212117915136003
1304212119076864000
1304212124479127554
1304212147581390849
1304212152090124289
1304212185128857601
1304212185921531906
1304212218616205312
1304212228284059648
1304212233635930112
1304212237423456257
1304212244318871556
1304212245019156482
1304212254464897025
1304212256960331781
1304212261490380805
1304212274517651456
1304212275369136128
1304212279722868736
1304212286878351360
1304212304163041280
1304212316263723009
1304212327575752706
1304212328754409472
1304212332013330432
1304212333540126720
1304212350313074688
1304212353928568833
1304212354603782144
1304212386698735617
1304212387650842625
1304212396735524868
1304212405359173633
1304212429128306689
1304212436854079488
1304212467535413248
1304212496421720064
1304212497449263104
1304212502251737091
1304212512850796544
1304212516520648704
1304212517284007937
1304212523126751233
1304212556744192003
1304212558790959104
1304212585185673219
1304212588641898496
1304212592794181633
1304212602315247616
1304212627141394434
1304212632019312645
1304212635261558785
1304212635999592448
1304212635769024513
1304212642974715904
1304212647294963713
1304212654869934086
1304212669034094596
1304212669566791686
1304212676449579014
1304212677192036359
1304212682388594688
1304212684574019589
1304212690093502464
1304212698331193350
1304212714512764928
1304212718241619970
1304212718564659206
1304212723065118720
1304212732489728000
1304212745848528898
1304212769411985408
1304212773589585921
1304212778329276421
1304212785883090944
1304212791558111232
1304212799552450565
1304212802236633088
1304212803209891841
1304212807789899777
1304212814257561601
1304212814916128769
1304212820008017926
1304212827163504640
1304212849166868486
1304212860944474113
1304212861858836480
1304212862383140864
1304212866527105024
1304212874752143361
1304212875314036736
1304212903470407680
1304212911464894465
1304212911456313344
1304212916770660352
1304212929139490816
1304212932436389888
1304212948395663362
1304212948877848577
1304212957065359360
1304212962299781121
1304212969362866176
1304212969841143809
1304212970872791040
1304212976656887808
1304212983548182529
1304212986417033217
1304212987167887360
1304212987868319745
1304212988140945417
1304212991693524993
1304213010194395136
1304213011347902465
1304213037176500229
1304213046009540608
1304213046961811456
1304213053785997313
1304213054926839808
1304213056268926976
1304213062724001793
1304213080751120385
1304213081006813184
1304213083070427136
1304213089294843904
1304213100153905152
1304213112359448577
1304213113194110977
1304213121247125504
1304213124996767744
1304213125336428550
1304213129308454912
1304213138942943235
1304213142512181248
1304213145951428608
1304213146236628998
1304213147503464448
1304213147616645121
1304213150422761473
1304213158551343104
1304213166872768513
1304213176767086600
1304213177509400576
1304213184979652611
1304213187454214144
1304213189874286592
1304213206068420609
1304213213953757184
1304213214213877762
1304213215086284807
1304213215165976576
1304213221478477824
1304213231217635334
1304213242617556993
1304213243829813248
1304213252377894913
1304213263358603264
1304213269259976707
1304213281243123714
1304213293188472833
1304213298561212416
1304213303506415617
1304213319729938433
1304213327120232449
1304213376424443905
1304213378701852673
1304213385031024640
1304213393604317186
1304213398297571328
1304213400160002049
1304213420322033664
1304213424801423360
1304213430891544581
1304213431764082688
1304213445663883265
1304213465381384192
1304213465632927746
1304213467222749185
1304213467252039681
1304213470288715777
1304213470565601280
1304213477242920960
1304213482343206913
1304213495701880833
1304213515419488258
1304213520062406656
1304213530267324417
1304213536936284162
1304213545517805568
1304213549200404482
1304213554363609089
1304213563955982337
1304213567269269504
1304213569958014976
1304213572235358210
1304213573653200897
1304213575251222529
1304213576983420928
1304213583627259909
1304213586844086273
1304213599553048578
1304213611036971010
1304213615298273280
1304213616657412099
1304213629286461446
1304213666859016193
1304213671338487808
1304213699637293056
1304213703663874049
1304213703697616902
1304213714246262786
1304213734018158595
1304213738678095882
1304213746017943552
1304213746982809600
1304213750459830273
1304213772886835207
1304213774971232256
1304213777852911619
1304213784605659138
1304213788518948865
1304213800120455173
1304213819011534849
1304213820852916227
1304213830134902785
1304213835180466177
1304213846169706497
1304213852666519552
1304213871054389248
1304213884073582600
1304213885977874453
1304213902398423041
1304213910803734529
1304213914025177089
1304213915811934209
1304213917720166400
1304213918282387456
1304213934631718912
1304213948355555328
1304213951803256832
1304213952927338499
1304213957243219968
1304213967737241600
1304213972522991616
1304213976314720258
1304213989014908929
1304213990067843072
1304213999404417026
1304214006186549248
1304214018769342465
1304214019914555401
1304214034930114560
1304214039845842944
1304214074302050307
1304214082329874432
1304214090366083072
1304214090626347008
1304214106279346177
1304214110259863552
1304214116068982784
1304214123090124800
1304214123056517122
1304214123815858176
1304214124948156416
1304214124981878785
1304214128911937536
1304214136130338825
1304214156875366400
1304214156850192390
1304214162130841602
1304214162952859648
1304214175598731264
1304214192212373504
1304214208314249217
1304214221408923649
1304214229902176256
1304214254875152384
1304214269601419265
1304214297371787264
1304214299259396102
1304214301687926785
1304214320222531585
1304214321334046725
1304214334143430657
1304214342209019904
1304214355882409984
1304214370424107009
1304214379458560001
1304214396495892482
1304214398119161856
1304214398156840961
1304214399876386822
1304214399864000512
1304214400396529664
1304214418566381568
1304214430788587520
1304214438988230656
1304214442343911429
1304214442696212481
1304214450078015488
1304214467673305088
1304214482034384897
1304214493367398402
1304214493812137985
1304214515366662149
1304214521301659649
1304214521364447232
1304214526674391040
1304214535247724544
1304214544462548992
1304214568437190656
1304214576343384064
1304214576918077442
1304214581364092929
1304214589631074306
1304214593510801409
1304214598233591808
1304214610329964545
1304214611676332032
1304214619976658950
1304214622233407488
1304214628378042368
1304214647206105088
1304214664025378816
1304214672539820033
1304214673533710336
1304214677711474689
1304214693414924296
1304214704068399105
1304214707675582464
1304214712142487553
1304214716752031745
1304214732497473537
1304214739552284672
1304214744308555776
1304214754102325248
1304214757826686976
1304214758737018880
1304214766727045120
1304214767209414656
1304214774033428480
1304214778597048325
1304214780018929665
1304214785827852290
1304214796191981568
1304214803964219393
1304214804350070785
1304214823492780032
1304214827594899462
1304214836528603136
1304214841540800512
1304214850671910919
1304214865154912257
1304214888001142784
1304214894921879552
1304214924042940416
1304214929596129281
1304214937045172224
1304214938148372485
1304214993181847552
1304214993173467142
1304215001914318850
1304215004586049542
1304215008977461249
1304215034390740992
1304215035829518339
1304215050354384904
1304215058243817473
1304215062949830657
1304215076698718208
1304215080423190529
1304215109754068994
1304215116901158913
1304215126162067457
1304215135423062017
1304215147297165315
1304215149285240834
1304215151961346056
1304215168830889986
1304215185306116096
1304215214632710144
1304215232160706565
1304215242814095360
1304215248900100104
1304215251739537408
1304215252381335556
1304215252360404994
1304215265270398976
1304215282697732096
1304215285659041792
1304215294559293443
1304215295372996615
1304215302914285568
1304215307616161798
1304215309944066048
1304215347122196480
1304215349223714821
1304215364822118400
1304215381234548736
1304215387664461824
1304215391057649666
1304215392542433280
1304215399928672256
1304215412587073542
1304215428919709696
1304215430261739520
1304215437895282689
1304215456644034561
1304215461878431745
1304215475510022146
1304215486876577792
1304215488059170817
1304215498951987206
1304215499996147713
1304215502655557639
1304215502957375488
1304215508972113920
1304215524075855872
1304215532342738944
1304215532221149190
1304215537615073282
1304215547215831044
1304215553842851842
1304215554140512256
1304215554341974017
1304215566081761280
1304215567298187267
1304215571760902144
1304215574331797504
1304215575615475712
1304215576253026311
1304215583278469127
1304215583383269377
1304215606170976256
1304215608750477315
1304215618326065152
1304215622742618118
1304215628560183299
1304215651528200192
1304215664404566016
1304215667927908354
1304215680007503874
1304215701918449665
1304215705894739973
1304215717190029313
1304215725222047744
1304215731546943490
1304215734780940288
1304215738555670528
1304215751021064192
1304215755353919488
1304215767743897600
1304215777416015872
1304215777281794048
1304215802472660992
1304215809896611840
1304215813642170370
1304215823859486722
1304215828666015744
1304215831891578881
1304215849373437953
1304215866289127424
1304215868952387584
1304215874207772672
1304215874211950593
1304215881627643904
1304215893342212098
1304215902997671938
1304215903605846016
1304215910069272584
1304215937235779584
1304215939617964032
1304215948715413504
1304215949457764352
1304215961269133312
1304215990159306753
1304215994320248834
1304215997923110913
1304216023172821003
1304216029443379201
1304216035621560320
1304216035784941573
1304216049882144768
1304216050091716608
1304216056941215744
1304216086666248195
1304216087232483328
1304216090894049280
1304216095398780928
1304216111093817349
1304216117863305216
1304216119553806336
1304216120031940608
1304216125002182657
1304216132090359809
1304216153691103232
1304216161371000832
1304216167091900416
1304216171542130689
1304216184284499971
1304216186549395456
1304216188948447232
1304216199824277506
1304216204836438018
1304216221416435713
1304216222515560448
1304216233076695042
1304216237577125889
1304216245936422912
1304216249572954117
1304216249719758849
1304216249719816194
1304216250617393153
1304216263321964544
1304216272218075137
1304216279780175873
1304216284867960832
1304216288416456714
1304216295760703491
1304216297840967681
1304216309094252544
1304216318011412480
1304216322579091458
1304216335610769413
1304216341868687360
1304216343273566208
1304216345781960711
1304216349963673601
1304216352304046080
1304216359161622528
1304216360109572096
1304216363204894721
1304216368279990272
1304216385812393986
1304216398290472962
1304216400723161089
1304216413855342592
1304216417340776449
1304216418817376257
1304216422277681152
1304216428275400706
1304216428237611008
1304216487020736513
1304216489369583616
1304216497120833538
1304216505484300289
1304216514388664320
1304216518490615809
1304216522928328705
1304216523129548800
1304216523469455360
1304216530650099713
1304216549855813633
1304216561251737601
1304216561297829888
1304216602326503424
1304216620206759941
1304216640964288513
1304216657825419269
1304216665996095490
1304216674577666054
1304216690926866432
1304216692269043712
1304216694156488704
1304216703648194561
1304216710715600900
1304216720735834112
1304216723260878849
1304216735919243265
1304216746212106248
1304216751001882624
1304216752956542976
1304216755246477312
1304216755624005632
1304216757536727040
1304216758010540032
1304216759344472067
1304216766864859137
1304216778671783937
1304216779821068288
1304216790604476416
1304216796006735872
1304216800377397249
1304216806664613888
1304216809332256768
1304216859294814208
1304216874910199808
1304216878483746817
1304216908561080321
1304216920724574208
1304216924868444160
1304216939598929921
1304216943180775424
1304216971714670593
1304216975078498304
1304216979323060224
1304216993311191043
1304216994120716291
1304216996871954432
1304217029709238273
1304217047363137536
1304217047908270080
1304217060428443648
1304217072038301701
1304217080045228039
1304217081634787328
1304217085707509760
1304217096721752064
1304217102337761280
1304217106016333824
1304217114379776001
1304217117491974145
1304217123066126336
1304217135573602304
1304217143739854850
1304217160370270210
1304217165617393665
1304217178762145792
1304217182193307650
1304217186391785476
1304217187436109826
1304217189730353153
1304217194478415875
1304217213356969984
1304217218180239360
1304217219551973381
1304217223825850376
1304217227013619716
1304217256340131841
1304217260886831104
1304217261117505537
1304217273754882048
1304217273662615554
1304217281883525123
1304217291186253825
1304217292738375680
1304217307623968768
1304217316146720780
1304217324757581826
1304217345947299843
1304217367292063744
1304217371427704832
1304217388032770048
1304217389752610816
1304217396895457283
1304217399173042176
1304217400234176519
1304217401110781952
1304217403685965824
1304217407091879937
1304217421536997377
1304217429145419777
1304217442974138368
1304217453208109057
1304217516588269568
1304217538834898944
1304217546346897413
1304217559093264384
1304217564726267904
1304217567448489984
1304217587786477569
1304217588302569473
1304217612742787078
1304217616517660672
1304217622896979969
1304217625300365315
1304217634846670848
1304217639665967107
1304217642870300673
1304217657407950849
1304217663997083649
1304217675216941056
1304217676026388481
1304217704568586240
1304217726660022272
1304217731366084614
1304217764266156034
1304217764601556992
1304217781131530242
1304217782284726272
1304217797430521860
1304217801851244546
1304217806016335872
1304217812039213057
1304217816258748417
1304217817147940865
1304217826593562624
1304217831446401024
1304217841693085703
1304217844410773504
1304217844712910848
1304217861192380426
1304217873733292037
1304217881165561857
1304217902460018688
1304217903408058369
1304217903777026048
1304217914531340291
1304217914917244928
1304217925788762118
1304217933074362379
1304217936207515651
1304217940552757253
1304217943950209024
1304217945313337346
1304217949767569409
1304217952997142529
1304217953349464065
1304217957309075456
1304217961725452289
1304217978054025222
1304217987356872704
1304217991295512581
1304218004033597440
1304218016918446081
1304218029014675457
1304218033427304448
1304218037827055618
1304218049600524290
1304218057624047617
1304218062867005440
1304218063156506625
1304218066742652933
1304218080931917829
1304218083117195266
1304218096157093888
1304218099005239296
1304218109251911681
1304218146891472896
1304218179829407748
1304218182950031366
1304218187987263493
1304218209986502656
1304218218253385728
1304218224788221953
1304218227443195905
1304218228093325312
1304218235399675905
1304218254890741761
1304218260175384576
1304218263031873538
1304218273731563520
1304218277044826112
1304218285936971777
1304218309102047233
1304218311417360385
1304218323455037446
1304218327963914240
1304218331847823360
1304218360197140480
1304218369613275142
1304218376395390981
1304218386163957763
1304218386117865473
1304218397081776129
1304218422050521089
1304218427498868737
1304218428161642497
1304218435220537344
1304218440476110852
1304218441264570371
1304218444108148737
1304218444166885376
1304218448717852672
1304218452438192128
1304218468313686018
1304218468573573121
1304218470028996609
1304218470284886016
1304218472491163649
1304218476974952455
1304218481974538240
1304218494272245760
1304218502522429442
1304218504032182272
1304218511280091139
1304218511728877568
1304218521237364738
1304218527679811584
1304218535489671168
1304218556897398791
1304218570285441027
1304218581488422913
1304218586534289413
1304218590204366849
1304218591223521281
1304218616926285826
1304218620675928070
1304218623855132672
1304218630176100352
1304218635842453504
1304218643329359874
1304218666330804224
1304218674815881216
1304218675839287296
1304218677710028808
1304218682038640640
1304218683485507584
1304218691647672321
1304218691853320192
1304218704142626818
1304218709880438784
1304218733104320512
1304218737256660992
1304218737374003202
1304218737395019778
1304218741014626304
1304218742767996929
1304218743137017858
1304218783331028994
1304218792667602946
1304218793254805504
1304218813538471937
1304218829116108802
1304218835550117891
1304218837940748293
1304218842680434690
1304218842806312961
1304218843552849920
1304218847071866880
1304218850418974721
1304218863018573827
1304218864461381632
1304218870882938885
1304218889681764353
1304218893943287808
1304218929817153538
1304218937945714688
1304218946300784640
1304218951505846273
1304218957382000640
1304218959479222272
1304218971424673792
1304218984003391490
1304218988952653829
1304219018879021056
1304219029956177927
1304219031222677504
1304219031654871040
1304219043256307712
1304219043914809344
1304219063267332099
1304219064869384192
1304219069676220416
1304219076299042821
1304219081512452096
1304219082049421313
1304219089968259072
1304219091004207106
1304219114408497153
1304219115784146945
1304219123992399872
1304219136441151490
1304219146532655105
1304219160919113728
1304219162458435584
1304219162630410241
1304219164739997696
1304219165029531658
1304219179428573189
1304219181554872321
1304219197942136837
1304219199124971521
1304219199305396224
1304219215805714434
1304219216103518210
1304219219559473152
1304219220041818112
1304219233199554560
1304219261775343617
1304219265088643072
1304219266007412741
1304219273804480512
1304219279613665280
1304219279974436864
1304219283090669570
1304219300568485888
1304219311968452608
1304219321267228673
1304219336861573120
1304219342691737600
1304219349809418240
1304219353152446464
1304219363709513728
1304219375084462081
1304219396060127233
1304219400086659073
1304219411952394241
1304219412430454791
1304219413193912321
1304219417769771009
1304219438330212353
1304219438657474562
1304219452460814336
1304219454780223490
1304219460639830023
1304219462527315971
1304219467648466944
1304219481921724416
1304219483205038080
1304219484077592576
1304219485398872064
1304219488485769217
1304219500833730560
1304219505300852736
1304219509386088449
1304219514612133890
1304219517242028032
1304219517426556931
1304219553099120641
1304219575387664384
1304219600792379392
1304219618815475712
1304219618345709568
1304219620086173696
1304219622061887489
1304219622736969733
1304219627141189633
1304219627711496193
1304219665779044355
1304219669419773955
1304219670380249088
1304219681474002944
1304219687224512513
1304219695122350081
1304219706358865920
1304219724339916800
1304219766287151105
1304219777775423490
1304219798205689856
1304219799749357572
1304219806560907266
1304219812642598918
1304219848516472834
1304219855030226944
1304219864836562949
1304219886852476928
1304219895156977664
1304219903633879041
1304219904460165122
1304219924538286081
1304219928493535234
1304219930120912897
1304219941474885634
1304219959933845505
1304219976379895809
1304219979886329856
1304220001256136705
1304220012627013632
1304220021414154240
1304220021460172801
1304220026111758338
1304220042020696066
1304220050363052034
1304220071540264961
1304220075617144832
1304220088938061824
1304220091953938444
1304220126271733760
1304220130877022208
1304220138930020352
1304220139315957762
1304220150875541504
1304220151076843522
1304220160660844544
1304220164414636033
1304220169393377281
1304220169347227650
1304220176661929984
1304220201538539521
1304220231234138118
1304220249139617792
1304220253686083584
1304220255984771074
1304220276129816576
1304220282111037441
1304220294316470274
1304220297688756226
1304220301958344704
1304220309608775680
1304220311592800256
1304220318450544646
1304220320740438016
1304220326239248384
1304220329078816769
1304220332128116736
1304220334703476745
1304220343477907457
1304220361576402944
1304220373488148480
1304220377694887937
1304220401791389696
1304220418816045056
1304220432531324931
1304220438667685892
1304220446972284934
1304220460964429824
1304220478702149633
1304220482934243330
1304220482888228866
1304220486679879680
1304220490081345536
1304220498457395201
1304220503163297792
1304220511040237568
1304220527893118976
1304220538076684288
1304220540551430167
1304220540937400320
1304220545907658752
1304220562349273088
1304220575980597248
1304220595052146688
1304220604694888449
1304220629525127168
1304220629932142593
1304220637133778945
1304220641323823106
1304220643181944834
1304220650987429888
1304220668029014016
1304220681060712449
1304220683531059200
1304220687700238338
1304220700950093824
1304220704687230979
1304220714631860225
1304220715047157760
1304220718037688321
1304220718515867650
1304220725792960515
1304220755304079361
1304220760139919367
1304220781161799681
1304220788132806656
1304220794017390592
1304220793702879233
1304220810656256001
1304220831669657600
1304220844093321216
1304220860681609216
1304220876951314433
1304220885814042630
1304220890280923136
1304220895372693504
1304220901651689480
1304220901911691267
1304220915144839168
1304220921893330944
1304220923050983425
1304220932324700161
1304220939278848000
1304220939861725184
1304220943053537280
1304220953069498368
1304220959893721088
1304220976989704192
1304220997998927872
1304221004772921347
1304221014398775296
1304221016063791105
1304221024880394240
1304221028646748161
1304221035252809730
1304221041758142464
1304221045164068871
1304221050738151424
1304221052902559745
1304221056161415170
1304221056086036480
1304221056337616901
1304221070225006592
1304221074406682624
1304221074662490112
1304221100029685760
1304221100365185024
1304221103502622720
1304221107994624000
1304221115108282368
1304221120313413632
1304221124666982401
1304221128634884103
1304221141834313728
1304221144245891072
1304221146028670976
1304221154203365376
1304221161056681984
1304221162294181889
1304221175434928128
1304221186000379904
1304221188609187840
1304221200940519424
1304221205038166017
1304221216400650243
1304221220498558982
1304221228887166977
1304221261707579392
1304221262710018048
1304221270242988032
1304221278593847296
1304221285057269761
1304221320297676800
1304221324412362752
1304221337615888384
1304221338547171329
1304221342317850625
1304221346893791238
1304221351725604864
1304221355739623424
1304221360005222402
1304221366489690112
1304221367550840835
1304221385120571392
1304221388018941954
1304221400736002048
1304221401201750018
1304221421493776385
1304221452346875906
1304221488464134146
1304221501692968960
1304221504989614080
1304221510199119873
1304221511004426247
1304221535629172739
1304221553043832834
1304221556462301185
1304221572979478529
1304221581862932480
1304221582013988864
1304221582781370368
1304221589697957889
1304221612091174912
1304221616906424322
1304221626750218240
1304221629371871233
1304221641011011585
1304221646031646722
1304221663429496833
1304221698363981824
1304221711936749569
1304221746774638593
1304221752646660097
1304221754043305989
1304221754148171776
1304221800914513921
1304221813891829760
1304221841297494016
1304221861958553600
1304221882804310023
1304221892824371200
1304221909224095751
1304221928824213505
1304221936394948609
1304221970888757248
1304221971559804928
1304221993378574336
1304222002480386057
1304222008046092288
1304222014249603074
1304222014433931265
1304222018217353217
1304222019312144386
1304222019655929856
1304222022948528128
1304222038765248512
1304222041797791745
1304222060592406528
1304222064618987521
1304222067353554944
1304222093169565704
1304222101105074177
1304222104552910848
1304222106293395457
1304222123653763073
1304222127948660736
1304222132335861760
1304222153089245184
1304222159896809473
1304222161046056960
1304222161649926144
1304222164309032960
1304222169321283584
1304222173117124608
1304222177244323841
1304222189630099456
1304222190171295744
1304222197351944193
1304222205899943937
1304222211495145479
1304222231040602112
1304222239852822529
1304222240184184840
1304222248950067202
1304222252632887297
1304222270194360325
1304222272983633922
1304222299269332993
1304222307972345856
1304222308056399874
1304222311512379392
1304222319749988352
1304222346585272320
1304222348162338817
1304222353010970625
1304222362284494848
1304222362825404416
1304222366126481410
1304222375144284160
1304222379569295365
1304222379623747589
1304222383235047424
1304222393993396226
1304222415854149633
1304222420090400768
1304222423743594496
1304222424238403585
1304222424842604545
1304222455062429697
1304222461781737473
1304222486339313664
1304222492249198598
1304222492287000576
1304222505272573958
1304222507713671168
1304222512897814532
1304222516018401280
1304222516970491904
1304222519646466049
1304222530446606336
1304222534049705991
1304222534892548096
1304222541121282052
1304222541456654336
1304222554173984769
1304222554383499264
1304222559500529664
1304222566945452032
1304222567297961985
1304222582959493121
1304222583303348230
1304222588961460225
1304222605445074948
1304222608339144710
1304222617713414145
1304222622473793538
1304222632317919232
1304222651657981955
1304222654400999424
1304222658222002182
1304222668724432896
1304222681261277185
1304222683970772992
1304222685505839105
1304222694586699778
1304222696310534150
1304222696839016449
1304222697791127552
1304222714111066113
1304222714438266880
1304222719207186432
1304222727394426881
1304222758922977280
1304222763197116416
1304222771501703169
1304222777029910528
1304222781035380742
1304222789516365824
1304222799138095109
1304222806079545345
1304222823687352320
1304222828498006016
1304222831320989697
1304222844658896899
1304222870659362816
1304222873977057281
1304222874354544646
1304222878594994178
1304222882835423232
1304222883435216896
1304222889328209920
1304222907254607876
1304222924346449923
1304222926699257857
1304222927433486337
1304222929274638337
1304222937311043584
1304222948623032320
1304222952091774981
1304222953790492672
1304222959628742657
1304222971175731200
1304222973029748736
1304222987634302976
1304223013445857280
1304223020324655106
1304223020895162369
1304223028050567170
1304223045305819136
1304223057825927168
1304223067191771137
1304223074045145090
1304223087148371968
1304223088029048832
1304223091338477573
1304223105775271942
