1301882690585718785
1301882695706869760
1301882699121127425
1301882699498442754
1301882708692475905
1301882714841382912
1301882731337482240
1301882736278462467
1301882737805029382
1301882739927506944
1301882740573433861
1301882746696904704
1301882749637324800
1301882753508683778
1301882765714096128
1301882775566344193
1301882783514664963
1301882784252915712
1301882807124291589
1301882808600846337
1301882812505743360
1301882822479749123
1301882824056688640
1301882841421160448
1301882849113579525
1301882852804501504
1301882872912109571
1301882875940409355
1301882919158312960
1301882934727770112
1301882937898487815
1301882939098234882
1301882942483050498
1301882943569301504
1301882946710843394
1301882954050830336
1301882954990399488
1301882955212578817
1301882956047294468
1301882958433968129
1301882967120318464
1301882970635083778
1301882979015430145
1301882979573067776
1301882990541275136
1301882998560894979
1301883012599156736
1301883016877232133
1301883018043428864
1301883030236270598
1301883060259098626
1301883076948099073
1301883079808573443
1301883079817154561
1301883081503039489
1301883085496020993
1301883109743489024
1301883113354735617
1301883114470412290
1301883131721547778
1301883134405947397
1301883137048412160
1301883148041674753
1301883156413534208
1301883159471104000
1301883161232764928
1301883169470177282
1301883173484130305
1301883181692456962
1301883189393326083
1301883191301746693
1301883191402336258
1301883194346737664
1301883210650058756
1301883211937533954
1301883232875614211
1301883248142737408
1301883249795489794
1301883251632603138
1301883258599342081
1301883265310224386
1301883269022179331
1301883269445808129
1301883274042564613
1301883281420570625
1301883285707149314
1301883287418306562
1301883291264520195
1301883292522696707
1301883297396654082
1301883302299697156
1301883315650064385
1301883315977441280
1301883320482123776
1301883323258732544
1301883328547741699
1301883340761464833
1301883370742444035
1301883383136485377
1301883390124326912
1301883390929534977
1301883400547074049
1301883412115009537
1301883434277638144
1301883435846373378
1301883437695995905
1301883438232817664
1301883441043005441
1301883442242650112
1301883444712976384
1301883458944458752
1301883462048194561
1301883467945316352
1301883469715451907
1301883470512259073
1301883484336779265
1301883489243996162
1301883503395639296
1301883503492112384
1301883504582557696
1301883513348567043
1301883517798817794
1301883518054789120
1301883526606917638
1301883532952961029
1301883571557326848
1301883575021826048
1301883581111902212
1301883588846075906
1301883600879656962
1301883604251881472
1301883614444105728
1301883616872595456
1301883618856325125
1301883634010468354
1301883634597662723
1301883662670221314
1301883671662792709
1301883683603976193
1301883688855187456
1301883689241108480
1301883689077530624
1301883696568512515
1301883701077434368
1301883709835141120
1301883723332440067
1301883724053741570
1301883728009015296
1301883731750379521
1301883735135182848
1301883744874147840
1301883751014645761
1301883751757160449
1301883755066396675
1301883759109705728
1301883768781893632
1301883770040135680
1301883773743706112
1301883800033529856
1301883816236249088
1301883822812717056
1301883824096382984
1301883835039150080
1301883836666540037
1301883857202016256
1301883869046747139
1301883883319775232
1301883893537099777
1301883897857204225
1301883914475143168
1301883929650057216
1301883931269103617
1301883937040609280
1301883937145393154
1301883942065377281
1301883944737087489
1301883944883937284
1301883956804100096
1301883967214440456
1301883971157008385
1301883979369385985
1301883979176566785
1301883995278290946
1301883996176035843
1301884003209957378
1301884007316156425
1301884024458223627
1301884057761058821
1301884075070767105
1301884099427262464
1301884100249292800
1301884108491153409
1301884125889126402
1301884138295685120
1301884138673385472
1301884149201076224
1301884161838460929
1301884167576313857
1301884176522674180
1301884178980638720
1301884185540538369
1301884196777009152
1301884213575192578
1301884217169711105
1301884223540932612
1301884234047590400
1301884239907094531
1301884240011853825
1301884253999947782
1301884265022525441
1301884267392368644
1301884275181203457
1301884292952326145
1301884293698981894
1301884296135872513
1301884302272028672
1301884306273439746
1301884314402127874
1301884315442257920
1301884330608939012
1301884346442412035
1301884357129322497
1301884357276176391
1301884367334076416
1301884377413095424
1301884386565001216
1301884390000259072
1301884419674902530
1301884420736143360
1301884428558372867
1301884436225564674
1301884439341854724
1301884440830910464
1301884447638392832
1301884449102221312
1301884466080571393
1301884477602516995
1301884485940715529
1301884486280515585
1301884499634974720
1301884503045083141
1301884505712721920
1301884512704573444
1301884516789821442
1301884520195665921
1301884529251094531
1301884548955942914
1301884558158168065
1301884566215561216
1301884567687770112
1301884590575869953
1301884591431725058
1301884598775939072
1301884616115195906
1301884653968805888
1301884659421401088
1301884663862931458
1301884671777796099
1301884683261587456
1301884687820840966
1301884699976052737
1301884708330954759
1301884712437207040
1301884717621563392
1301884738156687364
1301884741600321536
1301884742162407425
1301884746905968641
1301884747338088450
1301884748885684225
1301884755273814017
1301884767068184579
1301884773204463616
1301884774194315265
1301884783245627397
1301884804409876485
1301884807853625347
1301884824940982274
1301884828191686657
1301884830406246400
1301884845770133505
1301884848274112513
1301884856406859776
1301884871560880128
1301884883648864256
1301884898421231617
1301884926531309568
1301884930067234816
1301884942842867714
1301884946450010112
1301884952812965888
1301884959465123840
1301884972979150848
1301884990146322433
1301884996467208199
1301885000963354624
1301885011067535361
1301885011331817472
1301885019384934400
1301885026024468481
1301885031137398785
1301885049386786819
1301885057028816897
1301885061227311105
1301885061676105728
1301885072790953984
1301885077773856770
1301885081397522433
1301885084686061569
1301885090729844736
1301885094374768640
1301885111709757441
1301885124192219136
1301885128118095873
1301885130789842945
1301885132211617792
1301885141829201920
1301885156366581767
1301885166697115649
1301885178751586304
1301885179137417216
1301885188918652930
1301885191892459521
1301885196812181504
1301885210804604929
1301885221151760389
1301885228688896001
1301885231385853953
1301885236947550208
1301885237149003778
1301885244652445696
1301885252697292802
1301885269734559744
1301885277783416833
1301885282007109638
1301885286939594759
1301885295407882241
1301885325443305473
1301885326093213697
1301885329729892354
1301885330409349126
1301885332573564928
1301885361925361664
1301885366673248258
1301885370250952706
1301885376223760384
1301885379008704514
1301885392560427008
1301885395307843587
1301885429923409920
1301885434952286215
1301885438249111553
1301885439813414912
1301885472638148611
1301885487632855044
1301885506553360389
1301885534256726018
1301885534571200516
1301885546323750913
1301885554515152897
1301885554464894982
1301885559418359808
1301885564883435520
1301885567844659200
1301885575872483328
1301885588128366594
1301885622869782532
1301885651596513281
1301885653018390528
1301885672324620290
1301885672106721282
1301885685058531333
1301885693350891520
1301885693464109057
1301885702808899584
1301885713651134467
1301885718508326912
1301885719011618817
1301885730524991490
1301885745867747329
1301885751332872199
1301885761814487046
1301885769175441416
1301885770123354112
1301885778868412417
1301885786263085057
1301885787894673414
1301885789756887040
1301885796232892418
1301885808392183816
1301885808593571846
1301885816097079296
1301885824682795013
1301885837836079106
1301885840377946114
1301885873974173698
1301885879892537346
1301885883616952321
1301885892295118850
1301885900402708480
1301885919738249216
1301885919742644230
1301885920065576962
1301885928173178882
1301885931692097540
1301885936977018880
1301885954521804802
1301885961647734784
1301885962310610947
1301885966605365248
1301885967364743175
1301885976306790402
1301885979029053442
1301885979142189056
1301885979461124101
1301885979880546304
1301885980346023938
1301885980316594177
1301885980299812867
1301885991419105280
1301886000092852224
1301886021731119104
1301886034712682503
1301886042501459973
1301886053817692164
1301886054471958528
1301886079503564801
1301886080052989955
1301886080187330563
1301886089234440193
1301886095437762560
1301886100999340034
1301886101544726528
1301886122801463296
1301886126882525187
1301886134327406593
1301886139419115520
1301886150228037632
1301886171337945088
1301886172613029888
1301886209560469506
1301886218301575168
1301886234600583171
1301886259850366976
1301886261779718147
1301886263696543745
1301886264254377985
1301886273024667658
1301886273666179073
1301886284860801025
1301886305614397441
1301886315877851136
1301886331056984067
1301886344608845824
1301886346831818754
1301886351193894919
1301886359930626049
1301886364607160320
1301886372936994816
1301886383297105921
1301886390607675392
1301886391182331906
1301886399101231105
1301886407766618122
1301886412120379394
1301886415962337281
1301886420290658310
1301886421029081093
1301886427488301056
1301886433595207681
1301886441337884679
1301886443627917313
1301886473759793152
1301886481401876482
1301886490067300353
1301886510828892161
1301886512380944387
1301886512158703616
1301886514855632898
1301886524250755072
1301886524284436480
1301886528327692291
1301886542135267328
1301886548879736833
1301886555053723654
1301886561584386049
1301886562767171584
1301886565392642048
1301886577862377474
1301886586272002054
1301886591787577344
1301886604437598208
1301886610049564675
1301886629058093063
1301886655536574465
1301886659278114820
1301886665951195143
1301886670082514945
1301886674549518336
1301886680912125958
1301886684481679360
1301886696179589120
1301886700239683586
1301886725246136321
1301886727385223174
1301886732967620611
1301886739020161024
1301886755784790016
1301886775913148418
1301886780292173824
1301886805071900672
1301886810491154434
1301886812957356032
1301886825267523585
1301886827285098497
1301886830619406338
1301886840438509570
1301886860810092544
1301886863205191680
1301886867340632066
1301886888693899274
1301886901289246725
1301886906251259904
1301886913587089410
1301886922764083202
1301886923787640833
1301886930833924096
1301886934524936192
1301886939776323584
1301886948466929665
1301886949242875906
1301886951776190464
1301886951839141888
1301886959875493890
1301886964501626881
1301886964946276353
1301886969950228480
1301886977722155010
1301886989894025221
1301887019006783488
1301887026761932802
1301887035872088065
1301887052473151490
1301887056285556737
1301887056658882562
1301887064993148931
1301887080415596544
1301887093791232000
1301887107611402242
1301887111285608450
1301887114574000128
1301887120257298436
1301887122941640705
1301887123839016960
1301887145427247105
1301887152381399040
1301887152184147968
1301887153182474241
1301887154000363520
1301887166537228289
1301887167002804225
1301887167447392258
1301887175039094790
1301887175173251074
1301887186091081728
1301887186913112065
1301887188112564224
1301887202830491649
1301887203400802304
1301887212309544962
1301887225324548097
1301887230164729857
1301887241782833152
1301887246614835200
1301887269754691584
1301887278915219456
1301887295717404672
1301887299463114752
1301887305377099783
1301887309843963904
1301887311949500419
1301887343281004550
1301887350033838085
1301887356337893376
1301887363627364354
1301887370967408649
1301887387354763264
1301887397471289344
1301887408536014849
1301887408737259521
1301887410138157058
1301887410427637761
1301887416937009157
1301887419696975873
1301887425656926214
1301887425958965250
1301887451640848384
1301887451875680256
1301887471245025283
1301887473987903490
1301887490429775878
1301887492531126273
1301887529927561218
1301887537858916352
1301887552320757762
1301887555139371012
1301887559237337093
1301887565751037952
1301887573271498753
1301887585674027010
1301887592636411904
1301887602618966016
1301887603315216386
1301887605798182912
1301887606007967744
1301887624483753984
1301887639977590789
1301887640820527104
1301887644893351936
1301887651935551489
1301887662324940808
1301887669186764800
1301887671221002243
1301887677365653506
1301887677910913027
1301887678233874432
1301887687524220929
1301887702351130625
1301887706687926272
1301887711645581312
1301887732478812160
1301887733783293952
1301887734357864448
1301887741622464515
1301887743698460673
1301887744143052800
1301887749398634507
1301887753039216640
1301887757388861441
1301887761041948673
1301887762816090113
1301887769308884994
1301887769455796229
1301887775336206337
1301887777676627968
1301887781875126272
1301887782369898497
1301887790494486528
1301887791983403011
1301887799231090689
1301887815383478272
1301887815874220033
1301887817304420358
1301887822224412672
1301887833804857347
1301887836988284928
1301887843116122113
1301887849499955200
1301887851395645440
1301887853140475905
1301887862867210240
1301887867631804416
1301887883243122688
1301887883616321543
1301887888716640262
1301887890675453952
1301887908190859265
1301887930479202304
1301887938683449351
1301887942886141952
1301887950062522376
1301887959122284544
1301887966097227777
1301887967959556097
1301887980534034433
1301888005389524992
1301888008266878976
1301888008765894656
1301888014679863301
1301888018626818048
1301888022678507520
1301888030962331649
1301888038302363651
1301888062742499330
1301888085031034881
1301888089405628416
1301888093859979271
1301888096020041733
1301888109186088960
1301888118266576896
1301888130937761793
1301888132275724288
1301888150646607873
1301888176240439296
1301888180904275971
1301888181256642561
1301888193613107200
1301888217814237184
1301888226257403905
1301888226437861376
1301888240224538624
1301888244905324545
1301888253168152577
1301888265234952193
1301888265981759488
1301888286395371520
1301888289088196608
1301888290291941376
1301888293869629440
1301888293991321600
1301888301956247553
1301888315029938181
1301888328900509696
1301888336118845440
1301888337402265600
1301888349268041728
1301888350052323333
1301888358688477184
1301888359070142466
1301888365365583873
1301888378355560449
1301888397062021122
1301888427793821698
1301888445065826305
1301888470034636800
1301888487847796738
1301888499281428481
1301888504545161216
1301888517157642241
1301888526250897409
1301888529350504450
1301888542067634176
1301888550590451713
1301888567501705216
1301888574825140224
1301888580525199366
1301888583503163397
1301888596601954304
1301888612389335040
1301888635017494528
1301888637295099904
1301888643385233408
1301888650523873281
1301888664293773313
1301888666328064001
1301888667053690881
1301888667380744192
1301888679175172097
1301888691665657856
1301888694039658498
1301888706236813314
1301888713195008000
1301888715757948928
1301888723093684227
1301888739749306368
1301888742081298432
1301888742173573121
1301888747785596935
1301888777091084288
1301888779578470400
1301888780157280256
1301888781772107776
1301888788436717569
1301888791238660098
1301888793650307073
1301888798255710210
1301888799182528512
1301888813351014400
1301888824105148419
1301888826319597568
1301888831235522560
1301888843642216449
1301888843650654217
1301888864559263744
1301888869734977543
1301888872201191424
1301888877771317249
1301888888810680320
1301888890115063808
1301888899204087809
1301888908645588999
1301888916837011459
1301888927301804032
1301888934860017672
1301888946452836352
1301888947535052800
1301888948294295553
1301888952887054337
1301888987489992705
1301888995127951360
1301888998483415041
1301889007345897472
1301889023963791361
1301889041105858560
1301889048986910722
1301889057228763136
1301889082360958976
1301889086794289152
1301889087129833472
1301889087754973184
1301889088509808640
1301889090481262593
1301889094914658304
1301889115755929600
1301889128171175940
1301889128850743297
1301889142318665730
1301889146756182017
1301889172068855811
1301889174174183424
1301889202615844864
1301889211918934017
1301889222111047680
1301889229279113217
1301889233846665217
1301889243430739968
1301889246043795456
1301889247532720130
1301889248388419584
1301889249738854401
1301889257880072192
1301889266302308352
1301889267858366468
1301889270475497472
1301889283259863041
1301889305158115334
1301889318575898624
1301889323126620162
1301889323822911491
1301889335659298823
1301889355615674369
1301889373085093889
1301889379820920832
1301889389396598784
1301889440500125696
1301889446762213380
1301889455846948869
1301889464747397120
1301889467913891842
1301889469549867014
1301889469822513154
1301889476885585922
1301889477892210688
1301889482526986240
1301889495105703938
1301889502294822913
1301889506182717440
1301889514504413186
1301889527598833664
1301889536767725570
1301889539401805826
1301889543398883331
1301889543529009153
1301889547802832898
1301889548398596099
1301889551988715524
1301889552538316800
1301889553490345984
1301889570733260800
1301889582884098050
1301889598864478213
1301889610276941824
1301889614853156864
1301889614978805760
1301889624256606209
1301889627683348480
1301889629826822153
1301889637036830721
1301889639884570626
1301889641398833152
1301889645039489027
1301889648495489026
1301889654048858112
1301889656225705984
1301889657286737920
1301889659534884866
1301889665650262024
1301889666740883456
1301889670104612864
1301889684088512513
1301889688396013569
1301889695371202562
1301889723992928256
1301889729332469760
1301889732151050240
1301889742661988352
1301889744603811841
1301889755454550019
1301889766221180929
1301889771032195073
1301889778640711683
1301889786697912321
1301889799897460741
1301889808713703424
1301889813658902529
1301889841303519233
1301889841924395009
1301889842058612737
1301889842398203904
1301889854377267200
1301889896576102401
1301889900392910848
1301889904469712898
1301889904532770816
1301889908504698880
1301889910136172544
1301889916968656898
1301889917291724800
1301889932521279488
1301889935394340869
1301889946110685184
1301889947042021376
1301889950879809539
1301889954197303298
1301889960962744320
1301889963001217026
1301889964842643462
1301889975940722693
1301889977484062721
1301889979824603137
1301889992051036162
1301889992332107778
1301889993502269441
1301889996941557763
1301889999365906437
1301890006743756801
1301890017279856640
1301890028088426499
1301890037856960512
1301890039362842629
1301890047893999618
1301890049311674369
1301890059197722624
1301890065438826496
1301890068215410689
1301890081624666118
1301890086422937600
1301890090248089600
1301890090692562947
1301890094157058048
1301890106752720896
1301890112251293696
1301890134477090816
1301890148876136452
1301890166215397378
1301890173286969344
1301890184968011776
1301890207382474754
1301890220879740932
1301890227565453312
1301890260272590853
1301890282208796673
1301890295139885056
1301890306544197632
1301890311803854848
1301890331592491008
1301890340950085632
1301890349246414850
1301890366971555843
1301890370939150338
1301890369588731905
1301890375636975616
1301890377704669185
1301890390753251328
1301890392305152004
1301890403407409153
1301890411896725504
1301890420599816192
1301890424223784960
1301890426341855233
1301890433308659714
1301890433996304385
1301890436626292736
1301890450614185984
1301890450987524101
1301890458289876996
1301890466053586944
1301890472085000198
1301890475482324995
1301890484688875521
1301890491638837249
1301890500346236928
1301890505924513794
1301890526782791680
1301890530943668224
1301890532994699266
1301890541764980737
1301890554867851265
1301890557778604033
1301890559053828096
1301890574954291201
1301890588506312704
1301890593002532864
1301890604843126785
1301890634517753857
1301890637885771776
1301890638187769857
1301890646798528512
1301890651143970818
1301890672157290497
1301890672585322496
1301890673843593216
1301890676641206274
1301890701492449280
1301890707175682048
1301890723202174978
1301890723265077248
1301890735168339968
1301890744916025351
1301890770496970752
1301890795881062402
1301890807851626496
1301890810309472257
1301890818207363075
1301890819259904000
1301890827489247233
1301890828365975552
1301890832132444163
1301890845759680514
1301890853020086273
1301890854148210697
1301890854668374020
1301890856950136834
1301890874146721792
1301890882510245893
1301890886427701250
1301890887379636226
1301890896124755968
1301890899870445571
1301890905935409152
1301890919541678082
1301890921118806016
1301890924075720706
1301890955101040641
1301891002895151105
1301891009102729216
1301891017159970817
1301891017260457984
1301891032267853825
1301891041289809921
1301891051007946755
1301891057274232835
1301891059543347202
1301891080950931466
1301891100815192066
1301891111963643904
1301891112697765888
1301891121614917632
1301891124559138816
1301891130221625344
1301891140354940929
1301891145413271554
1301891154020007940
1301891154313703426
1301891172416147457
1301891176644182026
1301891188493103104
1301891200585101312
1301891200346214400
1301891201436512258
1301891202002845696
1301891222018154498
1301891230977097728
1301891271888457734
1301891285154967552
1301891301080805377
1301891301047259136
1301891302729166849
1301891304897548290
1301891311298138112
1301891330688327681
1301891340016345093
1301891357515149312
1301891360694259713
1301891380936159234
1301891390234910727
1301891402083827712
1301891407259467776
1301891408643588096
1301891420362399745
1301891426876305414
1301891447982096384
1301891453921107968
1301891454495850496
1301891456026791936
1301891465107312643
1301891473063976960
1301891473923866624
1301891475446345731
1301891479108046849
1301891485730852864
1301891486548742146
1301891486884257794
1301891516034617344
1301891520132509696
1301891525106900993
1301891525400506369
1301891532929335296
1301891536465129477
1301891535655571457
1301891537349926912
1301891543612223489
1301891558170677259
1301891560947228674
1301891570237468672
1301891571386908672
1301891573240590336
1301891573165113344
1301891586482110464
1301891591678779392
1301891624411295751
1301891632569167872
1301891640798244864
1301891644728455168
1301891645504393218
1301891649753227266
1301891665544622080
1301891666186510336
1301891670250749952
1301891678517723144
1301891704035799042
1301891704107266050
1301891705788968960
1301891712026128384
1301891725204615169
1301891725204619264
1301891732754386945
1301891736751480832
1301891740865945600
1301891745529999366
1301891759874555904
1301891763695529984
1301891787347365889
1301891795744436224
1301891800358170624
1301891804430831616
1301891813914087425
1301891821950259200
1301891825066676224
1301891834147483649
1301891839486832641
1301891839453257732
1301891859988570114
1301891876988035074
1301891877306761216
1301891880549060609
1301891894406975488
1301891905115099136
1301891906406932480
1301891908734648323
1301891913562292224
1301891923553259520
1301891927957094403
1301891929936863233
1301891964166647808
1301891968730099713
1301891969757646848
1301891980092350464
1301891985809178627
1301891989017952258
1301891997947617284
1301892005430210561
1301892028255604736
1301892032105938952
1301892055535239171
1301892063039049737
1301892065870127104
1301892079056977920
1301892091082137600
1301892098476576769
1301892106840141826
1301892106835820547
1301892114360479745
1301892116038258689
1301892133826170882
1301892138209140737
1301892141170397190
1301892142227365888
1301892149819006976
1301892165270896643
1301892175316135936
1301892186213175296
1301892187022594048
1301892190717657089
1301892211487850504
1301892224439943169
1301892240223227904
1301892246879563776
1301892258740932612
1301892278483595264
1301892281725747202
1301892299761291269
1301892311568310275
1301892311681384448
1301892325048610818
1301892330312601600
1301892331076030465
1301892334523568130
1301892337480675328
1301892350214647808
1301892358708121601
1301892359098163200
1301892369890119682
1301892371504705537
1301892377167233030
1301892381034319872
1301892388907102210
1301892389284589568
1301892391004180480
1301892401233973249
1301892412579684352
1301892430292226048
1301892439171641345
1301892443080740865
1301892462340968448
1301892464266092546
1301892475351597056
1301892485355053056
1301892489692024834
1301892511326244865
1301892522319507456
1301892551524274176
1301892591059955714
1301892592368484354
1301892595384233985
1301892601193402368
1301892607715532801
1301892610823516162
1301892611775631360
1301892614489141249
1301892639160061954
1301892640187662339
1301892646986629120
1301892647615737857
1301892669312888833
1301892678590791682
1301892679702323202
1301892685154979840
1301892690498523136
1301892703651794947
1301892706600443912
1301892707422539777
1301892714993074181
1301892735348232193
1301892746035240966
1301892748623204353
1301892765165510656
1301892767015149568
1301892790671024130
1301892795981008901
1301892804231258112
1301892811478896641
1301892819116720132
1301892819452391425
1301892837923983361
1301892844442058755
1301892857167572992
1301892865728151554
1301892873332367361
1301892886695473157
1301892894345834502
1301892897147584515
1301892925161439233
1301892932987830273
1301892934204305409
1301892941456142339
1301892942714601475
1301892947437207557
1301892962599817217
1301892966219350016
1301892969730052098
1301892984837791748
1301893003448061952
1301893009353723904
1301893019067711488
1301893019201867776
1301893034142040064
1301893050956951553
1301893063145664513
1301893064642957314
1301893093936033792
1301893096725270528
1301893112462270464
1301893117260431360
1301893123363151872
1301893130778808327
1301893132313788416
1301893140421500930
1301893144292847616
1301893153595760641
1301893156653465601
1301893163548897283
1301893169668218881
1301893188811067393
1301893194897129472
1301893205797908480
1301893206200721414
1301893211389071361
1301893217990967296
1301893225754406914
1301893252111450118
1301893260152115200
1301893285062074368
1301893285087150080
1301893289227038720
1301893299452735494
1301893317962223623
1301893320629723137
1301893322403966978
1301893323905523712
1301893326401146886
1301893332285693953
1301893340242358273
1301893350056955904
1301893365575942144
1301893366578401282
1301893366691627009
1301893372563554304
1301893385012342784
1301893397674893313
1301893406508158976
1301893408194088960
1301893408353480705
1301893413009317894
1301893415894999040
1301893423511863298
1301893428335251456
1301893433024557058
1301893450724450305
1301893469259132930
1301893474984239106
1301893492151595009
1301893508580679680
1301893511168450560
1301893511739068419
1301893524472778752
1301893537538215936
1301893559751028736
1301893565715488768
1301893571612729351
1301893579061825536
1301893583084105728
1301893597185400832
1301893599941079042
1301893630416891911
1301893634011344900
1301893646032068608
1301893655871987712
1301893662930948097
1301893668316631041
1301893676873003008
1301893683260919813
1301893688474382338
1301893694132453376
1301893697055993856
1301893706753150976
1301893733571411971
1301893747970637824
1301893751737143304
1301893751883870210
1301893760540987392
1301893772071104512
1301893779620876290
1301893792153374721
1301893793541652480
1301893802911768577
1301893809794617344
1301893813863022592
1301893822625001472
1301893826898845698
1301893828203298816
1301893852912115715
1301893853595787266
1301893876991524869
1301893884579139584
1301893886940450816
1301893887368335360
1301893905290588160
1301893905840046081
1301893910319583232
1301893915759587328
1301893918062190593
1301893928501809153
1301893930762600448
1301893936579919872
1301893936596824065
1301893937007861760
1301893941000839170
1301893966850392065
1301893981727600641
1301893990544015361
1301893993500991489
1301894028766580737
1301894040888193024
1301894070759981059
1301894074287357955
1301894082499956736
1301894103412531200
1301894109574107136
1301894119107813377
1301894130243637251
1301894132856578051
1301894133162835972
1301894138133196802
1301894142105018375
1301894148937506816
1301894162820870147
1301894171150688256
1301894185121918983
1301894187441217537
1301894192457711619
1301894212934340609
1301894225076781061
1301894228109295618
1301894236850323456
1301894259252039680
1301894271503663110
1301894278327742465
1301894303694884867
1301894303673843723
1301894312070909959
1301894312758841345
1301894316953133056
1301894323638861826
1301894329045266438
1301894333487026176
1301894342781566979
1301894343603691520
1301894361056190469
1301894373529985025
1301894375455232000
1301894384074387459
1301894385576017921
1301894415481409536
1301894418492985345
1301894418622853120
1301894434418819074
1301894438764138496
1301894462281527297
1301894465708273667
1301894468858253319
1301894489619873795
1301894491310370818
1301894503226314752
1301894513506607105
1301894514529972227
1301894517755392002
1301894523476496385
1301894526940794880
1301894535832895490
1301894540266213379
1301894543818797056
1301894577012396038
1301894612320219138
1301894619962265601
1301894628908634119
1301894645463609346
1301894652665229313
1301894653512429568
1301894654783377408
1301894657023127553
1301894665944276992
1301894687301787648
1301894699452493826
1301894702338322440
1301894705576370176
1301894707031801858
1301894711515389953
1301894711859388416
1301894711947472896
1301894712576540672
1301894718922674179
1301894719233024001
1301894727474782211
1301894729236389889
1301894730003951618
1301894761146658817
1301894774593433602
1301894782629806080
1301894795279900672
1301894804259835905
1301894813411934209
1301894825529217033
1301894825940152320
1301894829329317888
1301894829798981634
1301894845548638209
1301894847264157696
1301894849981947904
1301894863072489472
1301894867010727937
1301894867354890240
1301894874564714498
1301894880730390530
1301894885218287616
1301894893963411456
1301894902075318273
1301894909968998401
1301894918588321794
1301894921062940674
1301894925160652800
1301894943368187906
1301894951903600640
1301894980521267200
1301894995968888833
1301895004198023168
1301895022854451202
1301895025534685184
1301895043964383233
1301895047692996608
1301895052172685313
1301895055591051264
1301895059529297920
1301895060477194240
1301895064893890561
1301895068656250880
1301895072544428032
1301895106266619910
1301895131319226368
1301895136876601344
1301895152563359745
1301895161715331073
1301895172947574786
1301895177561419778
1301895179041996800
1301895183152316428
1301895226764689410
1301895231059755008
1301895235945947138
1301895261808193536
1301895273254322176
1301895279222943744
1301895281177325569
1301895285149499392
1301895294813077505
1301895295970586629
1301895296050442242
1301895306380849152
1301895323455979521
1301895325330931712
1301895417605451776
1301895421422448647
1301895427852324864
1301895431962624002
1301895433011290113
1301895440623833088
1301895444574990337
1301895448198668289
1301895457480769536
1301895458055499779
1301895462316843008
1301895488749424641
1301895493098909698
1301895509376933888
1301895518663122944
1301895526846169088
1301895534450540545
1301895538040807424
1301895545162792963
1301895550095093760
1301895567237406721
1301895574829109251
1301895577165332480
1301895587533529090
1301895596320595969
1301895612498096131
1301895617153626114
1301895620785917954
1301895642160209921
1301895651895185408
1301895655326191616
1301895659285549057
1301895661084987400
1301895664561872897
1301895665220370433
1301895686057730048
1301895705720549377
1301895708325355522
1301895710720372742
1301895715132768258
1301895730504892416
1301895740697051137
1301895776046546946
1301895790668009473
1301895793851478016
1301895794036027395
1301895835966341121
1301895836641751041
1301895843134550017
1301895853662236673
1301895854647803904
1301895864210857996
1301895866031190018
1301895874923040768
1301895882745540609
1301895897941377024
1301895906132930561
1301895916203302913
1301895923338022913
1301895936822697986
1301895940656242688
1301895943671832582
1301895960088412160
1301895974865047554
1301895979227119616
1301896002786402307
1301896015264591874
1301896019052048385
1301896024798109696
1301896028451463168
1301896029265068037
1301896037234335745
1301896038530322432
1301896040069521414
1301896045098668032
1301896046310838277
1301896048659574785
1301896060869070848
1301896060995088390
1301896063142563841
1301896074446229507
1301896093240897537
1301896108172509185
1301896120512188416
1301896120625434625
1301896151147466753
1301896163306725376
1301896170285854722
1301896176074199040
1301896188891992064
1301896196823216131
1301896214045229058
1301896222593216514
1301896223960358912
1301896227483652097
1301896227663917058
1301896230700630019
1301896231623561217
1301896234878156800
1301896235335536641
1301896247528361985
1301896267560255488
1301896278088056832
1301896279329517568
1301896284949876736
1301896301274001408
1301896307506806791
1301896308786163717
1301896326519484416
1301896327056498688
1301896331137613827
1301896343129075713
1301896348384530432
1301896350796328961
1301896363890757632
1301896368286576640
1301896369410539520
1301896397873053696
1301896398233907200
1301896406144294912
1301896414902054913
1301896434413793280
1301896436733313025
1301896439325429760
1301896440483061765
1301896459911004160
1301896468303720448
1301896473039310848
1301896477157945345
1301896481725505536
1301896483885789186
1301896486217752576
1301896502265155584
1301896505691758592
1301896518648172544
1301896519881232384
1301896531432419329
1301896536603783174
1301896554341642242
1301896556971462657
1301896560272269312
1301896581038383104
1301896602689458176
1301896603607994369
1301896613196173312
1301896648369614851
1301896649132748802
1301896654996549633
1301896667843751936
1301896688664223745
1301896698898321408
1301896700248944641
1301896709375553537
1301896712139804674
1301896721736196097
1301896751683702790
1301896758096691200
1301896762089771009
1301896785108049925
1301896799444250627
1301896805655994368
1301896811980955648
1301896821006938112
1301896829823586304
1301896834395394050
1301896839420145667
1301896881111531520
1301896901823025153
1301896908709998595
1301896913902395393
1301896926678470658
1301896964347514882
1301896975286239234
1301896977156767744
1301896977081393152
1301896996811227136
1301896997717204993
1301897030298726401
1301897030676119555
1301897032148418561
1301897042847961091
1301897050200694785
1301897052159266817
1301897052322852871
1301897053270933507
1301897053186920449
1301897055871275010
1301897056655736839
1301897059382046721
1301897059709190145
1301897068571758592
1301897076180226050
1301897085021716483
1301897087030886402
1301897095247527938
1301897099886256128
1301897111966044160
1301897114528575494
1301897122896318475
1301897153158107136
1301897153355436034
1301897155708432384
1301897178810646528
1301897194275065856
1301897198297284614
1301897203640938497
1301897224486518784
1301897233508466688
1301897235609907207
1301897241146331142
1301897256728174594
1301897271638986754
1301897273408978946
1301897279666753536
1301897283756331011
1301897284704182272
1301897291540774912
1301897315465207811
1301897316492865539
1301897333928534021
1301897349967630337
1301897351301410816
1301897360281341953
1301897362332356609
1301897365654310912
1301897374835658752
1301897383794614272
1301897386080509952
1301897395844845569
1301897420423520256
1301897420364709888
1301897421035720710
1301897425943175172
1301897433975320576
1301897441420038144
1301897446004490240
1301897453520777220
1301897484214702088
1301897488316731392
1301897517811015680
1301897522605182977
1301897535569752064
1301897538816086021
1301897548009889793
1301897548618113024
1301897551424024576
1301897552749629441
1301897565571489793
1301897612908310528
1301897634580508672
1301897644424519681
1301897651172990986
1301897667899949057
1301897671695839233
1301897683322507264
1301897689551036417
1301897692839391238
1301897695376875520
1301897695401967617
1301897695896973312
1301897696865738753
1301897705451646976
1301897712359469057
1301897737097617409
1301897744735494145
1301897778071851008
