1304751591732449281
1304751600011935745
1304751602142711810
1304751603396747264
1304751604155981827
1304751619012255745
1304751624011821059
1304751625102393345
1304751629493821441
1304751632203341825
1304751633260216320
1304751634212425730
1304751644631019520
1304751648061952000
1304751654261207040
1304751658866483202
1304751675119415296
1304751676398731266
1304751682199252993
1304751682610323459
1304751688084058114
1304751690445475843
1304751703003193344
1304751706446721025
1304751715917365248
1304751717490270209
1304751724016611328
1304751732048695297
1304751750004576256
1304751753238376448
1304751758061699077
1304751764315365379
1304751772431515648
1304751776311078912
1304751778446151681
1304751778538205185
1304751784771035137
1304751788730580999
1304751788608937986
1304751799518326786
1304751799816126467
1304751810444365824
1304751811241406466
1304751811769888769
1304751818832920576
1304751822251331584
1304751827204833282
1304751855965286400
1304751856476979201
1304751883555344385
1304751908121243650
1304751909920673794
1304751931370475522
1304751936093200384
1304751961384923136
1304751967051415552
1304751968930484230
1304751975469330432
1304751980661755904
1304751982498979840
1304752007769665538
1304752009967546368
1304752014396719105
1304752015256563712
1304752017223675904
1304752021770207232
1304752031886958593
1304752049045876736
1304752049389621248
1304752074530394113
1304752090405892098
1304752102506246148
1304752109514944513
1304752112140771329
1304752140200472576
1304752144306839557
1304752183590748160
1304752198346211328
1304752208160923652
1304752221326733312
1304752225772765184
1304752239416934406
1304752265501134851
1304752270920351746
1304752288712491009
1304752291795234819
1304752305640701953
1304752305867313155
1304752315123904514
1304752325706354693
1304752346933551107
1304752364474249217
1304752374087548928
1304752392374816768
1304752396866859008
1304752412171919360
1304752436599496705
1304752438541508609
1304752446325940225
1304752454672678914
1304752475631648768
1304752477711990784
1304752478731239424
1304752500860432386
1304752504345751552
1304752521349488641
1304752527221682176
1304752559014453254
1304752562432806914
1304752565192548355
1304752568136953856
1304752569189715969
1304752573946228736
1304752575040937985
1304752581995098112
1304752596209602560
1304752603989852161
1304752622398828544
1304752672931749888
1304752680137621504
1304752705919909889
1304752709342560257
1304752715541688320
1304752734583873538
1304752756910063622
1304752759841992705
1304752767605583872
1304752775113236483
1304752781547405312
1304752794004488194
1304752796152066055
1304752805811572742
1304752812535033856
1304752814757826561
1304752816641146880
1304752817584902145
1304752819761807360
1304752825201647616
1304752838120218624
1304752846072676352
1304752855375585280
1304752871167193090
1304752874132398080
1304752879639687169
1304752879886950408
1304752883578134530
1304752887193575425
1304752894974005250
1304752907103993857
1304752909528313862
1304752914385326084
1304752918550196225
1304752954117820416
1304752993917521920
1304752999223488512
1304753001794539522
1304753027534991362
1304753034254258176
1304753047978074118
1304753053673938945
1304753067032707072
1304753069129977856
1304753070350446602
1304753105528029184
1304753108841623553
1304753109047152640
1304753119184777217
1304753125387976705
1304753128131063809
1304753129234235392
1304753133684273152
1304753147299196930
1304753154035253248
1304753163564711938
1304753167767351304
1304753175212306432
1304753176088903680
1304753177334435841
1304753180937392132
1304753194065629184
1304753198935289857
1304753205956562945
1304753214043164673
1304753229503311872
1304753235190853632
1304753237686390790
1304753240479760384
1304753246293032961
1304753254564200449
1304753258746064896
1304753260679569408
1304753260830625793
1304753264546652161
1304753265242972160
1304753277159051267
1304753282275880963
1304753284335493122
1304753286562476034
1304753302232539136
1304753302643580935
1304753335212240896
1304753349875707904
1304753356464951297
1304753357949734913
1304753361623842818
1304753365105225729
1304753365956481027
1304753374177505282
1304753374357749760
1304753390875021319
1304753393173438464
1304753395279036417
1304753403390763009
1304753410705469440
1304753419610132481
1304753427252162562
1304753443425390592
1304753460903018496
1304753462660472833
1304753470138916864
1304753490871414792
1304753491303374848
1304753500887318532
1304753503538159616
1304753515986784256
1304753520881565704
1304753546059939840
1304753548559777792
1304753549356589056
1304753566377275393
1304753569526996992
1304753577752227843
1304753586996350976
1304753590251249664
1304753593321435136
1304753599881256961
1304753609536671744
1304753611218595842
1304753621607673857
1304753632340971520
1304753635104944128
1304753651056095234
1304753652419231744
1304753670060417024
1304753672778285056
1304753675701825536
1304753681036967936
1304753707980996609
1304753720886927363
1304753724116566016
1304753731616018438
1304753740038238208
1304753742277877760
1304753748007411718
1304753754235781122
1304753770866319361
1304753775438172163
1304753785202511873
1304753792034967559
1304753802042515456
1304753810544496641
1304753813744685058
1304753826935656450
1304753842467344384
1304753863258509312
1304753863556296704
1304753866878210048
1304753873823961088
1304753882891980800
1304753915750240262
1304753917675307009
1304753926458224641
1304753938902577155
1304753939112370177
1304753942346321921
1304753957500317696
1304753957718446081
1304753998109577218
1304754023233392642
1304754031705960448
1304754045559517184
1304754051452669952
1304754053168140290
1304754099364061184
1304754100622503936
1304754107350044672
1304754111670177792
1304754122084753409
1304754133409378309
1304754135523356676
1304754139222568972
1304754140858392576
1304754143878434818
1304754148915785729
1304754163306442752
1304754167429259265
1304754170638020609
1304754188015071232
1304754194776195074
1304754200505495559
1304754202107838464
1304754211662381057
1304754234470969345
1304754250547892225
1304754250799603714
1304754265731211264
1304754267811577857
1304754291660541952
1304754293463973889
1304754294147756033
1304754294181236736
1304754296404111360
1304754298186797061
1304754300363530240
1304754304608329730
1304754328180228108
1304754337323786246
1304754363349512192
1304754387311628290
1304754396643889156
1304754409063116805
1304754409348435972
1304754416529092608
1304754427207790592
1304754427597787141
1304754443599183874
1304754460137156608
1304754461143740418
1304754469960331266
1304754472246272003
1304754500800925698
1304754501451218944
1304754506819948544
1304754509516804096
1304754513945874435
1304754524603719682
1304754540793585667
1304754559273889792
1304754559844315136
1304754564332244993
1304754569411522561
1304754572976680960
1304754577150009347
1304754592744443910
1304754594464116737
1304754597446193152
1304754597614030849
1304754603184074752
1304754607118331904
1304754616152850435
1304754616404500480
1304754619751510016
1304754620007362561
1304754623195107328
1304754626714128384
1304754670381027331
1304754678777946114
1304754690685636608
1304754692686147586
1304754735036145670
1304754744473382913
1304754745240887296
1304754749552635905
1304754749682536448
1304754761820971010
1304754769827856384
1304754778073952257
1304754787494305792
1304754787720847361
1304754789461487616
1304754792166690816
1304754804456128515
1304754815990456325
1304754817521381377
1304754831832170497
1304754835611213825
1304754839889547265
1304754840917155841
1304754864396865536
1304754867118899200
1304754870973464576
1304754875130163201
1304754881920602114
1304754881526484993
1304754883015438337
1304754889432526849
1304754895476547590
1304754906155438081
1304754912702603264
1304754928842354690
1304754940749979648
1304754947913920514
1304754954201047040
1304754955698479104
1304754958722641920
1304754958902988801
1304754976758132736
1304754978569895936
1304754983615823873
1304754985779904512
1304754990691606529
1304754991895375872
1304755004620800001
1304755011520471041
1304755017698676736
1304755029694275586
1304755062724612097
1304755067094999040
1304755070622412800
1304755079308812289
1304755083402412032
1304755083679277056
1304755103275024385
1304755105300914176
1304755110745124864
1304755114243239940
1304755114960396288
1304755126171840513
1304755140478545920
1304755150939131906
1304755155577892866
1304755174653689857
1304755178432876546
1304755183981912064
1304755187110875136
1304755190634106881
1304755222217187328
1304755222552641538
1304755227610894336
1304755235618017281
1304755242630750209
1304755262297866240
1304755279372918785
1304755294434668544
1304755297119019008
1304755302521286664
1304755322343620609
1304755336365182976
1304755344762114048
1304755349300281345
1304755354421559297
1304755363950940161
1304755365725310982
1304755381017681922
1304755387615162373
1304755389448073216
1304755389725057024
1304755390341623808
1304755398440751105
1304755404015128576
1304755407898972161
1304755412437217282
1304755416396705792
1304755417122103297
1304755421392048128
1304755440979521546
1304755450659864576
1304755453872594945
1304755454724263936
1304755459627397120
1304755461418229760
1304755465210007552
1304755467307155457
1304755469542588423
1304755470075265026
1304755473434902528
1304755512228171777
1304755541575708672
1304755542540398593
1304755592905388038
1304755600656605185
1304755600799268864
1304755605987622913
1304755608487428098
1304755612333608960
1304755613508005889
1304755617685479425
1304755622320263171
1304755628188086273
1304755632776634373
1304755635272073224
1304755639177052160
1304755642624860162
1304755647133614082
1304755671577968642
1304755691169615874
1304755702204977153
1304755705459740672
1304755711122046976
1304755726515154944
1304755728536793088
1304755780193783808
1304755788066500608
1304755790306316293
1304755795024904193
1304755797868642305
1304755800653561857
1304755800884174848
1304755808798830593
1304755822669561856
1304755824657661952
1304755827878715394
1304755829984432128
1304755843221450753
1304755851236868099
1304755852373569537
1304755853115953152
1304755853287858177
1304755859633983490
1304755865199632384
1304755868811001856
1304755873198362624
1304755877337939968
1304755890977939466
1304755899073007627
1304755906442178560
1304755923706171392
1304755927480848385
1304755930626695169
1304755935731159040
1304755952873332736
1304755955867869184
1304755962260205568
1304755969130459142
1304755977183469569
1304755983118344192
1304755998259851266
1304756003259510785
1304756003360079873
1304756003536162816
1304756008766656512
1304756019592081408
1304756022746189825
1304756032103682048
1304756041859690499
1304756045089255424
1304756050831253504
1304756068954902528
1304756078027120640
1304756090203185154
1304756103717191681
1304756109119500288
1304756112927920129
1304756113930412032
1304756121203363842
1304756121480044552
1304756155734990848
1304756159836954624
1304756160495579136
1304756192691081216
1304756224064446469
1304756234302754816
1304756234965446658
1304756243999993859
1304756246013079553
1304756267832012800
1304756273519439873
1304756276912562181
1304756278917509121
1304756292641226752
1304756301508083712
1304756309892444161
1304756330696237058
1304756331375661056
1304756336417075201
1304756338317287424
1304756342960402433
1304756344801509376
1304756348752728065
1304756363843768326
1304756380352602119
1304756381774352387
1304756396446175234
1304756396815253504
1304756401345105920
1304756416717103106
1304756421968494592
1304756431392890885
1304756436984094723
1304756445125259264
1304756446639210496
1304756453694214145
1304756454595887105
1304756468265021442
1304756501198888960
1304756537131438080
1304756544660103171
1304756560720203777
1304756562087604225
1304756564373381122
1304756582920736769
1304756600389939201
1304756603682516993
1304756607931293697
1304756614390575105
1304756618727391234
1304756628118413312
1304756629657788422
1304756631037714432
1304756649912135680
1304756650163810306
1304756653657649152
1304756653825257472
1304756654534266883
1304756653582147585
1304756659986878464
1304756664235470848
1304756670019575810
1304756675220512769
1304756713267048448
1304756720976134144
1304756722280480770
1304756729704398848
1304756731948433409
1304756734444081152
1304756738877526023
1304756748423659522
1304756749480665089
1304756763099648001
1304756763942686725
1304756767029682177
1304756771668529152
1304756771945213952
1304756793290227713
1304756799707512832
1304756809765449732
1304756825984765954
1304756834297876480
1304756841507815424
1304756847555928064
1304756858507362304
1304756864618500100
1304756875716694016
1304756883052474369
1304756885287911426
1304756887519281155
1304756891713777664
1304756905978605568
1304756913679335424
1304756913679130630
1304756914400776192
1304756916464152576
1304756945480450058
1304756947401531393
1304756951356768257
1304756956637401089
1304756969534885892
1304756976853942272
1304756980582670338
1304756984999104512
1304756990657339392
1304756996818698240
1304756997225615361
1304757027328065537
1304757028448079872
1304757039370035200
1304757053160853506
1304757088623697921
1304757093162012678
1304757095120736258
1304757101617651713
1304757116398456837
1304757117715394560
1304757124279476224
1304757131300700166
1304757139840405504
1304757141891235841
1304757148992376832
1304757165664632833
1304757173273210882
1304757181804355585
1304757186430730240
1304757212183748609
1304757213546852352
1304757214847078405
1304757236229500928
1304757236636368897
1304757254780891136
1304757264281202688
1304757264763453440
1304757268290904071
1304757270673121281
1304757273064017920
1304757273416269825
1304757285663760385
1304757298582167553
1304757298913517568
1304757303082659846
1304757330068807686
1304757340680466432
1304757341523521536
1304757344635584518
1304757362650218496
1304757365934190592
1304757375929286656
1304757379993665539
1304757383659487235
1304757388667506688
1304757405230587904
1304757407302598660
1304757410083602432
1304757411471937536
1304757438575329282
1304757438936240128
1304757455973482498
1304757482368057344
1304757486218485761
1304757487699070976
1304757502341513217
1304757507773128707
1304757512718217216
1304757522352476160
1304757545320419328
1304757564911972354
1304757567713734657
1304757595576520704
1304757596671279105
1304757625985392640
1304757657966911488
1304757658231230464
1304757658810044416
1304757661112688640
1304757669824065536
1304757673057976320
1304757674136002560
1304757676589678592
1304757684101578752
1304757687008325633
1304757689906495488
1304757698655916033
1304757700698439680
1304757715013599232
1304757722227896321
1304757734403907585
1304757735100162050
1304757740582117376
1304757745480998913
1304757754301562881
1304757759372488705
1304757773419384833
1304757773968703490
1304757789307187200
1304757800111935489
1304757806680223746
1304757815437860869
1304757816197087232
1304757821158850564
1304757835335696384
1304757851907383296
1304757852423118850
1304757856051146753
1304757858299502593
1304757863642955776
1304757864863535106
1304757867497521158
1304757869070352385
1304757870454624256
1304757888397848588
1304757894160752641
1304757941929680896
1304757993666424832
1304758017464778753
1304758020950421509
1304758026339889152
1304758040189644800
1304758074247270401
1304758079913775106
1304758082073919489
1304758088789102594
1304758100281434112
1304758118337765376
1304758164890345472
1304758173081972736
1304758191536975873
1304758196750479361
1304758221714923520
1304758228153237504
1304758254644457479
1304758260487065600
1304758265297870848
1304758275276255233
1304758281638948865
1304758285371871237
1304758290086268929
1304758294087573505
1304758299317989377
1304758302782431233
1304758305819156481
1304758306267787266
1304758306314039302
1304758307488489472
1304758311787679745
1304758311938646023
1304758315499446279
1304758318968320000
1304758334579290112
1304758343660113924
1304758344197066753
1304758355467132929
1304758360676458496
1304758374249172992
1304758385951219715
1304758391747817474
1304758400782229504
1304758401545764865
1304758404318101506
1304758407451222017
1304758407933628416
1304758426606530560
1304758435901304832
1304758438027649024
1304758456444956672
1304758482634186752
1304758493954490368
1304758495221350400
1304758504993906689
1304758506952761344
1304758516092149762
1304758556521123848
1304758563148042240
1304758573424140289
1304758577727406081
1304758586216771585
1304758586464141312
1304758604306747392
1304758627979460609
1304758635978010624
1304758638964342785
1304758648711901184
1304758669456928769
1304758676087959553
1304758683256139776
1304758699257409538
1304758709076275200
1304758719566082051
1304758728672108545
1304758729615736832
1304758735777263616
1304758742790139906
1304758746523021312
1304758757075963904
1304758758782844930
1304758759005319168
1304758765720399872
1304758766919987201
1304758778999508993
1304758787971088384
1304758793385857024
1304758825262755841
1304758829696024576
1304758839233871873
1304758839015809025
1304758843130470406
1304758852836098050
1304758892962836480
1304758893524983809
1304758898759528448
1304758913615659009
1304758938773094401
1304758945630900224
1304758946280865794
1304758951653892096
1304758961825107968
1304758966526894081
1304758972310794242
1304758997703176193
1304758999192154113
1304759002467913729
1304759003411607555
1304759023238086657
1304759029021814785
1304759061938941954
1304759063704743936
1304759067953344513
1304759077206216704
1304759091764420613
1304759092251037698
1304759093282983936
1304759099108864001
1304759103315640320
1304759118935199744
1304759124081680385
1304759130306105344
1304759164544131075
1304759171875774466
1304759177110269952
1304759180864225289
1304759182592217088
1304759189462417408
1304759211180675072
1304759219250442242
1304759227399897089
1304759228972896257
1304759262053388291
1304759309063139328
1304759312468725760
1304759327673266178
1304759342806204417
1304759347369648129
1304759348825067523
1304759350385356806
1304759355405869059
1304759359403110400
1304759370853412868
1304759375832035328
1304759384296189952
1304759386213158912
1304759390835216384
1304759396921208840
1304759416554577924
1304759434376220673
1304759435743633408
1304759440466415616
1304759458262900737
1304759462150967301
1304759463518154753
1304759465477054467
1304759466353594368
1304759479339290624
1304759483747512320
1304759500856086528
1304759501413847040
1304759520812564482
1304759521903083522
1304759546947293184
1304759548427866114
1304759558162837505
1304759562696683522
1304759564634644480
1304759567096655874
1304759572431732738
1304759573958582276
1304759590504992770
1304759601062084608
1304759611195633665
1304759647853842432
1304759648264826881
1304759659153313793
1304759660617105409
1304759661111861249
1304759673304776704
1304759690145017856
1304759690698657794
1304759691315208192
1304759705693282304
1304759707970666496
1304759707945504769
1304759724030791680
1304759728430604288
1304759733459451904
1304759765831159808
1304759769618698241
1304759772756021252
1304759782830608384
1304759784051298305
1304759786576248832
1304759790380355589
1304759791768809474
1304759806331322376
1304759808290099200
1304759821523009537
1304759824782159872
1304759825188880384
1304759829890822144
1304759841655861249
1304759853278085122
1304759856637894658
1304759857636139008
1304759879165292545
1304759886216155137
1304759888124411906
1304759918302384128
1304759919606980609
1304759929828409350
1304759930730283008
1304759963085086723
1304759967086411776
1304759971402444800
1304759979430166528
1304759987261108224
1304759990977085441
1304759991522521088
1304759994840211457
1304759999248429057
1304760001785987072
1304760009360904194
1304760015752892420
1304760020920348673
1304760023034322944
1304760027610189826
1304760046920892416
1304760051194892288
1304760059096952833
1304760062905253890
1304760070606147585
1304760096673746947
1304760113429991425
1304760124083298304
1304760138058936320
1304760139631783937
1304760148104294400
1304760165267386372
1304760184770670593
1304760186004025344
1304760194346352640
1304760201690611712
1304760202378407936
1304760209114529793
1304760221248688128
1304760225887645697
1304760229574320128
1304760238319505408
1304760274591903745
1304760292090327040
1304760301934587907
1304760314769137666
1304760315914129408
1304760323866611712
1304760345328644098
1304760355575525383
1304760357999783936
1304760369836167175
1304760373946519555
1304760385602547713
1304760389234647042
1304760390031732738
1304760392401457152
1304760395626942466
1304760403755376641
1304760404418101254
1304760414643859456
1304760421119860737
1304760433618964486
1304760458750996483
1304760469622870016
1304760481509507072
1304760504645087232
1304760509607153664
1304760515856609282
1304760534047358977
1304760536496775169
1304760549113298944
1304760557627531264
1304760566691565571
1304760579446497280
1304760596458422274
1304760603215638531
1304760605182656512
1304760611276980224
1304760613311254528
1304760617039953920
1304760617371406337
1304760618596130818
1304760619007057921
1304760624380104704
1304760640968339458
1304760652817477633
1304760654650388486
1304760678767562784
1304760683473571840
1304760684559753222
1304760687781195776
1304760687923785733
1304760713903177731
1304760728918929408
1304760740264456192
1304760748493557761
1304760758081912832
1304760760481001473
1304760787987243008
1304760792877858816
1304760797516771329
1304760810779025408
1304760815610929152
1304760819947900930
1304760820321193985
1304760821709332487
1304760823437459456
1304760826004414467
1304760829552848902
1304760835919638533
1304760837102501889
1304760840239931392
1304760848926347269
1304760852344647680
1304760863782563840
1304760880794660871
1304760902001086464
1304760910796513281
1304760924268527620
1304760925962919936
1304760927078821888
1304760928034938881
1304760933642899458
1304760945265250305
1304760951632048129
1304760964085145601
1304760964601053184
1304760973040005120
1304760973840900102
1304760976974245888
1304760978765209600
1304760981910740992
1304760986713366530
1304761023883165696
1304761026726985729
1304761035467956225
1304761039800733698
1304761041159680005
1304761066921037824
1304761068539924483
1304761072797261835
1304761096549609472
1304761115495235585
1304761128971624450
1304761134008995844
1304761137959972864
1304761142259064832
1304761162588921856
1304761167185838081
1304761170407108609
1304761170700591104
1304761175633141761
1304761181006172163
1304761201398870016
1304761232910675970
1304761249285115906
1304761253462597635
1304761265877909505
1304761280541200384
1304761292012609536
1304761316150775809
1304761351508619270
1304761357061980162
1304761365035462662
1304761366482497536
1304761369896521736
1304761390624890880
1304761394999459840
1304761400892387329
1304761437642842113
1304761439291400192
1304761448338518017
1304761471449133056
1304761477316870145
1304761484681949184
1304761504680484864
1304761513174065153
1304761518970474496
1304761522112081921
1304761523122905089
1304761534892122113
1304761548188119040
1304761563707052040
1304761565355401216
1304761577476849665
1304761601740943360
1304761603372593154
1304761623282941954
1304761641922375680
1304761673165742081
1304761679063003138
1304761728782270464
1304761731265298433
1304761737959227393
1304761742451408896
1304761756879695877
1304761769450184705
1304761774281957377
1304761789842968578
1304761791067705344
1304761792015609857
1304761802937569280
1304761819869974528
1304761820067041280
1304761825653915649
1304761850442272769
1304761858541453312
1304761864086224898
1304761878946738177
1304761891466608640
1304761893001674754
1304761899054112768
1304761918851182594
1304761926535307264
1304761929169358848
1304761930293194752
1304761962585354245
1304761976393003010
1304761990334885889
1304761992595603456
1304762012342407168
1304762013898375171
1304762026275659777
1304762046940999680
1304762048484700161
1304762048476336130
1304762049373908993
1304762049537413120
1304762053110968321
1304762064905342976
1304762067703001089
1304762071209447427
1304762079673425921
1304762104608686081
1304762114406526978
1304762118466662400
1304762126397915137
1304762129044692993
1304762151890948097
1304762153702916096
1304762164104900610
1304762167376392193
1304762177098842113
1304762216072187904
1304762220736393217
1304762245067542528
1304762245868642304
1304762248402001923
1304762248603332609
1304762257562316801
1304762269562269698
1304762274905718785
1304762277388840960
1304762279158861828
1304762281197219841
1304762282065440775
1304762282975649795
1304762290424680448
1304762293310418945
1304762298104332294
1304762310590967808
1304762316815302656
1304762324247437314
1304762347840516103
1304762354517893121
1304762354815516672
1304762357260877824
1304762357235748864
1304762380086321152
1304762386654662656
1304762395731144705
1304762399501713413
1304762406376288256
1304762419009462272
1304762427867901954
1304762432695365634
1304762436386512897
1304762442099101696
1304762458221895680
1304762462244306945
1304762471908081664
1304762484432285696
1304762495119306753
1304762496780300288
1304762505173110784
1304762520109023232
1304762520931049473
1304762529915125760
1304762535774531585
1304762558071545857
1304762566808399872
1304762572223070209
1304762583702999041
1304762590396964869
1304762606281011200
1304762613268713478
1304762613822377985
1304762614539583491
1304762625675481088
1304762628867330049
1304762640070107136
1304762647703769091
1304762649960423427
1304762655790567424
1304762661188575232
1304762662996316160
1304762663126269952
1304762671120687104
1304762680348114946
1304762689508573184
1304762706721865728
1304762734475608064
1304762741140402181
1304762748551811074
1304762755577126913
1304762760501235713
1304762763504431104
1304762769581830144
1304762771872059392
1304762775839731713
1304762781422346241
1304762785172258816
1304762788145897472
1304762788426981376
1304762792314941441
1304762802414985218
1304762813370359808
1304762839085854720
1304762842680307712
1304762843837857793
1304762866575310851
1304762867040890882
1304762868999442433
1304762870022905856
1304762883541172225
1304762884208164865
1304762903631998983
1304762916323893248
1304762920677539840
1304762921491324929
1304762924519563267
1304762931750539264
1304762943649742849
1304762970510159879
1304762987970879490
1304762996225241088
1304763017138188288
1304763019193446403
1304763020728565762
1304763023823863808
1304763040840273921
1304763047572103168
1304763060846911488
1304763072549183488
1304763073236840448
1304763080853815298
1304763081034170368
1304763081327812611
1304763081835393025
1304763089296949248
1304763112059473922
1304763122427654145
1304763134910042113
1304763142233378817
1304763146217947141
1304763151163035656
1304763167575339014
1304763170423279616
1304763178614751234
1304763191616921601
1304763207517642753
1304763209962971137
1304763234327629824
1304763238438010880
1304763258033917956
1304763263478042625
1304763275561893890
1304763276786507777
1304763286571962374
1304763287637233664
1304763305756692480
1304763337281019904
1304763338346422272
1304763342079238144
1304763346995097600
1304763368474062849
1304763370541780993
1304763372584407040
1304763385863712768
1304763387537022977
1304763394298441730
1304763397758685185
1304763402632531969
1304763403060338688
1304763410580725760
1304763413197979648
1304763413420077056
1304763418587660292
1304763429027282944
1304763440695828482
1304763446991486977
1304763451609239553
1304763470035013632
1304763474229174273
1304763474493362176
1304763498753335298
1304763506781294593
1304763527203295232
1304763531515002880
1304763550234062848
1304763559998402560
1304763561101545472
1304763568173256707
1304763581871816704
1304763583079669761
1304763593943121920
1304763606173655041
1304763619909853184
1304763626142732288
1304763627262664705
1304763632883060737
1304763649064448008
1304763652923437056
1304763652856258560
1304763661907628034
1304763665485238273
1304763694358966272
1304763704442007554
1304763707872821248
1304763721940635648
1304763723685466114
1304763736545165312
1304763742576619520
1304763749358804993
1304763749937614848
1304763759253172226
1304763763145543681
1304763768942014466
1304763786746900480
1304763795886297093
1304763796859174913
1304763818116079616
1304763826651435008
1304763828756983808
1304763831474814976
1304763834540883968
1304763847350255617
1304763847308382209
1304763857022283777
1304763865230716928
1304763871262134273
1304763884969041921
1304763897149378561
1304763902677393408
1304763915293859840
1304763918582263814
1304763931874004998
1304763962932690946
1304763975045967872
1304763981383434240
1304763992670236672
1304763997221277703
1304764002820653057
1304764012559728640
1304764023662170112
1304764029622251521
1304764031123812353
1304764089105776640
1304764090993315844
1304764099478335489
1304764110027075587
1304764121980841984
1304764158051676160
1304764160270569472
1304764166855561218
1304764168311050241
1304764169837850625
1304764173218447366
1304764181363798017
1304764185935360000
1304764186493431809
1304764195594842113
1304764206114193409
1304764210321137664
1304764223474610176
1304764237626122242
1304764243539943424
1304764248187236358
1304764249743425536
1304764268932468737
1304764273038708736
1304764274217299968
1304764274196320256
1304764277853761539
1304764278361202688
1304764297495506946
1304764315312902145
1304764324804800513
1304764327912779776
1304764340239765504
1304764339438510083
1304764356530503681
1304764358816227328
1304764358929514501
1304764361123209216
1304764362381549568
1304764365875404800
1304764367758602243
1304764372196225024
1304764387660627974
1304764397001342976
1304764421818978304
1304764422112661505
1304764431835049987
1304764466953891842
1304764468157652994
1304764472884690946
1304764472859348992
1304764474424020993
1304764475254476801
1304764475225014272
1304764475497762816
1304764479218036736
1304764479717216258
1304764480702656512
1304764484909633539
1304764489447989249
1304764497425383424
1304764507726721025
1304764513472794624
1304764514437599237
1304764516526428160
1304764516517982208
1304764529969188865
1304764552437886977
1304764556049350657
1304764564534448128
1304764575443632130
1304764576311910402
1304764579961077770
1304764585497563143
1304764590308421632
1304764608708780032
1304764614236831744
1304764626899554311
1304764636655386625
1304764646583345153
1304764657643794438
1304764672499945473
1304764684000784384
1304764685963714560
1304764686236184577
1304764690967347201
1304764698550775815
1304764702690607105
1304764709522923521
1304764714845483009
1304764715747295242
1304764719581061120
1304764729060098048
1304764741286494209
1304764746198126592
1304764759712169984
1304764774882910209
1304764776728399874
1304764776883527681
1304764785028993025
1304764785481875459
1304764789785325573
1304764790741643264
1304764795942469632
1304764802015821825
1304764807040708610
1304764810874159105
1304764812195442689
1304764835826151428
1304764852217540611
1304764854121754624
1304764861570846720
1304764870810886144
1304764875709665280
1304764885868322816
1304764887009243138
1304764892357054474
1304764893879586820
1304764925630447619
1304764926548783104
1304764932798312450
1304764947407273987
1304764955820994561
1304764955955286022
1304764956785639426
1304764991917129729
1304765008954318850
1304765018509111297
1304765026155278336
1304765029040914433
1304765030320218112
1304765042794004480
1304765059432886272
1304765075035770882
1304765084447715329
1304765091959787521
1304765093272485889
1304765099039772672
1304765100406878208
1304765106526584832
1304765106681769984
1304765110280269826
1304765122146193408
1304765133818912769
1304765139573301249
1304765146019979265
1304765161497153537
1304765183726776322
1304765185387683840
1304765185853280256
1304765190119059456
1304765197823877120
1304765199384281089
1304765202127233024
1304765209744224259
1304765238416478208
1304765244531642368
1304765286697099264
1304765290043990016
1304765305823137793
1304765306464866309
1304765309597908993
1304765324185673729
1304765339239055362
1304765344410673153
1304765347908792320
1304765348139413506
1304765351171948545
1304765352677572609
1304765365839441921
1304765374026493954
1304765381505101826
1304765389101043712
1304765394650124288
1304765418956038144
1304765430909644802
1304765432868597767
1304765452657160192
1304765460387373056
1304765465449893889
1304765477579886593
1304765485532282880
1304765487667187712
1304765512149327873
1304765516855336960
1304765518331736065
1304765525076185089
1304765528867708928
1304765536946008066
1304765545393389571
1304765551089274881
1304765553828073473
1304765562669723649
1304765576150216710
1304765578264051712
1304765582328430592
1304765585910267904
1304765598933581827
1304765620504924160
1304765624778924034
1304765625835966464
1304765633666531329
1304765640901906434
1304765641895948288
1304765684468133893
1304765697050816512
1304765703292030976
1304765713635139584
1304765724871634945
1304765725501018112
1304765733235286017
1304765733453389824
1304765760124968961
1304765763878875138
1304765778235920384
1304765810431242248
1304765837753167873
1304765847131615236
1304765872729452545
1304765876336570371
1304765876990652418
1304765914424852480
1304765914848559106
1304765939867553794
1304765941285347329
1304765955638259713
1304765961388474369
1304765964291125248
1304765980187516931
1304765988953522176
1304765991625383936
1304766012647145472
1304766019366539264
1304766020544937984
1304766044398137344
1304766050265952260
1304766050119151619
1304766056775299073
1304766066971865090
1304766067827499008
1304766084453670917
1304766089822429185
1304766093471502337
1304766118725332994
1304766125771837440
1304766133585752064
1304766161779748865
1304766169690316805
1304766170168471554
1304766179207151618
1304766190301179904
1304766192280797184
1304766218075877376
1304766234077138945
1304766238128779264
1304766246815232003
1304766269586051072
1304766278037635072
1304766296748371968
1304766305321525255
1304766305304805378
1304766316763635712
1304766318814486530
1304766338901180416
1304766343728697349
1304766358534709250
1304766363853094912
1304766373160054784
1304766374640840706
1304766396690173956
1304766419234680833
1304766422548054016
1304766435458244614
1304766437970579457
1304766439765794818
1304766439979581440
1304766446191271937
1304766452692516864
1304766455880339458
1304766472275652609
1304766485122908166
1304766492488204288
1304766493868130310
1304766496799952902
1304766509416415232
1304766510519418880
1304766516219400195
1304766517444251648
1304766520032202756
1304766539007242240
1304766543763574784
1304766544350715904
1304766555323068416
1304766560561758208
1304766563560628229
1304766565418766336
1304766574944038913
1304766589087232001
1304766593558175744
1304766598927069185
1304766599136600071
1304766602001281026
1304766603100221440
1304766620536115201
1304766628865798147
1304766630870880257
1304766639167229952
1304766645383069697
1304766649753415680
1304766659765379072
1304766672310611970
1304766672503484418
1304766675338883072
1304766681949114368
