1310882007635955713
1310882013625290753
1310882021753802753
1310882023519780864
1310882030243270656
1310882030708719617
1310882031665115141
1310882038245974016
1310882041001582592
1310882047485853697
1310882054528065538
1310882062103183363
1310882065404100608
1310882074300219392
1310882078733381638
1310882079555624972
1310882080985763840
1310882094474817536
1310882107464523777
1310882107363819521
1310882109872058368
1310882110220259328
1310882124959035392
1310882125978259456
1310882130050928641
1310882150829318144
1310882157296975872
1310882157561294848
1310882159067099137
1310882161197711366
1310882165358383106
1310882167036108800
1310882168126791680
1310882186510438400
1310882194764820480
1310882247873093632
1310882261051604992
1310882261521235968
1310882267187814400
1310882277690236928
1310882287219888128
1310882306823983104
1310882312519856128
1310882337362714625
1310882342429487104
1310882346527109120
1310882351996645376
1310882361651998721
1310882361039630336
1310882364084625408
1310882386582949889
1310882395118166016
1310882395416125440
1310882395596283910
1310882399656574976
1310882406186930177
1310882412616966145
1310882423513780224
1310882431688351744
1310882432808366080
1310882465330999296
1310882466530570240
1310882471072931841
1310882473274900480
1310882506560942081
1310882548856348672
1310882568712138752
1310882570393931777
1310882573770465280
1310882579348938753
1310882584348340225
1310882599783391232
1310882622550151169
1310882648441655296
1310882676954419200
1310882697385041921
1310882709988806657
1310882716598980610
1310882725927165952
1310882727961403393
1310882734269706240
1310882736685621249
1310882738128343040
1310882739328032773
1310882741903187969
1310882748157001729
1310882774061023233
1310882778922311682
1310882784899215360
1310882787839352833
1310882799574974464
1310882801357664256
1310882811868524544
1310882816427585536
1310882817279131648
1310882821033070593
1310882855954898947
1310882859670929409
1310882884962660354
1310882891694444544
1310882897159741442
1310882899202387969
1310882906148020224
1310882928696725505
1310882939094339587
1310882943892586497
1310882951752810496
1310882951815671808
1310882972275335170
1310882980789776384
1310882990684282880
1310882998892425220
1310883012310048769
1310883019323068416
1310883046170791936
1310883049890934785
1310883057826779136
1310883083013574656
1310883091200712704
1310883110708486144
1310883119336247296
1310883127573835777
1310883144107778048
1310883150550020097
1310883158888460288
1310883159500873729
1310883173467815937
1310883183290806272
1310883192048623617
1310883236793384960
1310883242455830528
1310883248982106113
1310883254191435777
1310883265339850752
1310883265864138752
1310883272872931328
1310883274647130113
1310883275175411713
1310883277969018881
1310883280561082373
1310883281412317186
1310883282620473344
1310883282863697920
1310883283824066561
1310883299380822017
1310883302262427652
1310883313977118720
1310883336806707200
1310883346722029568
1310883352602382336
1310883354565398528
1310883356809334789
1310883386269904896
1310883389759787008
1310883389810135040
1310883391600984064
1310883396772454401
1310883407245832192
1310883409510699008
1310883414904573952
1310883416410329093
1310883422953500673
1310883426426331138
1310883431312699393
1310883451579572229
1310883452473036800
1310883457594163203
1310883464015753217
1310883478553198592
1310883490724945921
1310883512204042241
1310883512375967750
1310883517866229760
1310883521309937666
1310883550758154240
1310883562699321344
1310883583956054017
1310883604063563778
1310883614888996866
1310883615216218113
1310883640163721216
1310883665954697216
1310883705154494472
1310883707063017473
1310883710439391238
1310883715711729665
1310883722556776449
1310883724138086400
1310883733264887811
1310883750151155712
1310883786083766273
1310883789489528835
1310883794631553024
1310883800344334336
1310883806090592260
1310883818652545024
1310883822800691200
1310883829557551105
1310883834947346433
1310883843835138048
1310883844984311808
1310883850202034177
1310883861493096448
1310883874390577152
1310883880644165632
1310883881877295105
1310883898642096128
1310883898705010688
1310883899321585665
1310883902257471489
1310883913754181633
1310883919710093312
1310883920225869824
1310883943378489345
1310883957685325826
1310883978799325184
1310883997766090755
1310883998042906624
1310884003050815489
1310884025389780992
1310884074597343232
1310884088400707585
1310884089000583168
1310884095388385281
1310884104750215168
1310884113294004226
1310884132780748801
1310884135423094784
1310884142150688768
1310884178783764480
1310884189647114240
1310884203752493056
1310884227634798594
1310884244680515584
1310884246760947714
1310884259264180224
1310884281569349632
1310884287839907841
1310884294156574721
1310884307322404864
1310884313676816384
1310884330525224960
1310884340201672704
1310884341837213702
1310884375035289601
1310884376637370373
1310884404714061824
1310884408975474689
1310884419801092097
1310884426042101761
1310884432786595842
1310884440751706113
1310884444547547138
1310884453124911104
1310884458330042368
1310884462608166912
1310884466093686784
1310884486205394944
1310884491565699072
1310884492203220994
1310884493033713664
1310884492773650432
1310884502777016322
1310884509387235328
1310884520653197313
1310884533500366850
1310884544824967168
1310884551892369408
1310884571412672512
1310884606313402369
1310884609454899202
1310884618464309248
1310884619705749505
1310884641214214144
1310884658448666625
1310884658796691459
1310884702178422787
1310884711674376192
1310884713586974720
1310884715977732096
1310884719974907906
1310884740371632129
1310884745740513280
1310884779278176258
1310884780230217728
1310884782008459269
1310884787905687553
1310884789168353285
1310884801642147845
1310884808004788224
1310884829542612992
1310884836295532544
1310884848970727424
1310884863181021184
1310884869375893504
1310884886530740224
1310884888124547072
1310884889034502144
1310884889454088193
1310884894369812481
1310884899956514816
1310884925407592448
1310884937852219392
1310884955921158144
1310884964892839937
1310884993321836545
1310885002788265985
1310885020026966016
1310885033876631553
1310885036351057921
1310885048539897856
1310885062339104770
1310885063744278529
1310885067288346629
1310885082362605574
1310885096472231936
1310885106370846721
1310885112477880321
1310885124066729984
1310885129267458048
1310885132442710020
1310885137454903297
1310885154852868098
1310885159839858690
1310885161232285696
1310885166844383232
1310885175732113408
1310885180886769665
1310885184494018560
1310885185479749632
1310885185697714177
1310885197441716225
1310885220783132672
1310885223828250624
1310885231608639491
1310885260297732096
1310885266501046273
1310885276022046720
1310885283974574083
1310885287019474944
1310885289192161280
1310885332687224832
1310885346293559296
1310885364303884288
1310885366690394112
1310885410277666817
1310885431307837441
1310885432536768512
1310885436928200704
1310885448361955330
1310885462895210498
1310885470063284225
1310885483774386179
1310885495455526912
1310885504888508418
1310885514753585153
1310885527504195592
1310885550971334656
1310885553647292416
1310885566746177536
1310885596777328640
1310885605220339713
1310885607078612993
1310885607057633280
1310885627320303619
1310885634643558406
1310885642914672641
1310885662149681155
1310885667358949376
1310885677421166592
1310885679581335552
1310885686996643840
1310885693200019457
1310885698539597824
1310885701940989953
1310885707431452679
1310885716130508800
1310885738066538497
1310885742361505792
1310885742420406272
1310885754424504321
1310885755779190784
1310885758580994054
1310885758677417984
1310885774980575232
1310885776633159680
1310885777342038017
1310885780672348160
1310885782278684672
1310885790818263040
1310885796656734209
1310885798586261506
1310885815690629120
1310885837958262795
1310885845642035200
1310885847827460096
1310885850113355777
1310885871080570880
1310885883470655488
1310885894061273088
1310885913451356160
1310885918576869376
1310885920401321985
1310885928207081478
1310885930375483392
1310885932283949057
1310885937123962880
1310885945235976193
1310885958607409154
1310885964332462080
1310885973190828033
1310886000017711104
1310886005742931968
1310886006699315201
1310886010570641409
1310886011656974336
1310886020850823168
1310886022994169857
1310886027742117888
1310886040190644224
1310886045748060160
1310886046788456449
1310886068732952577
1310886078572834816
1310886095102464008
1310886098663608320
1310886104497881088
1310886106553090049
1310886112177647616
1310886118825562112
1310886120507367424
1310886128115908609
1310886147703349249
1310886162844626944
1310886228615553026
1310886246340792320
1310886266318327809
1310886302708051968
1310886312501796867
1310886332042866688
1310886343380283399
1310886345473249281
1310886350556721152
1310886352762875905
1310886372371292161
1310886377978986497
1310886383062482949
1310886383960064000
1310886432697794560
1310886436556681217
1310886446681776129
1310886470933245952
1310886474590584832
1310886509977808897
1310886525752803328
1310886527766011905
1310886531817779201
1310886543389798400
1310886544337768448
1310886552906719232
1310886560464855040
1310886575212036096
1310886600264609794
1310886607130509313
1310886631612784641
1310886641846964224
1310886644250222593
1310886676642881536
1310886676995149829
1310886678358298636
1310886700722393095
1310886707051597826
1310886709903724546
1310886716853583872
1310886732301099009
1310886732716335104
1310886741977346048
1310886780791484416
1310886785392623617
1310886806699864065
1310886808599891974
1310886816594231301
1310886826555645953
1310886845304246272
1310886848604991489
1310886862035341313
1310886869039800320
1310886873158557696
1310886879588425731
1310886888237080576
1310886890900344835
1310886891508690945
1310886907568676864
1310886917962039296
1310886919807660032
1310886925167984641
1310886929290854400
1310886944117850112
1310886947238211584
1310886952389013504
1310886958584008704
1310886959204634624
1310886970621657088
1310886971925917696
1310886988837515265
1310886993921019905
1310886996311781376
1310887004708757505
1310887009070833665
1310887021213298688
1310887100884094982
1310887102435950592
1310887128872742913
1310887131594723330
1310887147176689668
1310887147281551360
1310887151391985664
1310887156106309634
1310887188431867905
1310887218949562369
1310887236284624896
1310887262066966533
1310887269918806019
1310887295411793920
1310887306367176706
1310887307025686530
1310887325090504705
1310887334141927425
1310887339623878656
1310887342413148166
1310887360163438600
1310887376282177538
1310887394372018178
1310887412692922369
1310887412919422978
1310887440744415232
1310887440907821056
1310887442375991297
1310887450567348225
1310887450571661312
1310887473774460929
1310887486122459136
1310887501993832448
1310887504581595137
1310887508826349568
1310887513821593600
1310887525775368193
1310887529755955200
1310887540870860801
1310887560022052865
1310887575431917574
1310887595698802688
1310887603328212992
1310887603709902848
1310887608445140993
1310887622827536384
1310887636077166592
1310887636794564608
1310887640464420865
1310887650270654466
1310887650275004416
1310887658693025795
1310887659238117378
1310887660127485952
1310887660882407424
1310887670424514560
1310887687730069504
1310887689206542336
1310887694583705602
1310887702695473152
1310887710479900673
1310887713135099904
1310887736174313473
1310887740872044545
1310887766104965120
1310887766230790144
1310887773398806528
1310887776762703872
1310887783364468738
1310887802515722241
1310887818533593088
1310887828360962049
1310887831045275648
1310887838825828352
1310887840490938368
1310887840746745856
1310887843242356736
1310887853333925889
1310887901513814017
1310887923387043841
1310887926574841858
1310887926826442752
1310887927132676103
1310887932463443969
1310887937714917376
1310887937933012992
1310887948972220416
1310887951837138945
1310887952877318145
1310887979280457729
1310887983646732288
1310887985534050309
1310887999580889089
1310888009097568256
1310888028395778050
1310888036276858880
1310888051959369729
1310888052005494786
1310888098209955840
1310888100583944193
1310888107408003072
1310888119550373888
1310888124847919104
1310888129537224704
1310888133102362624
1310888138882060292
1310888150454108164
1310888152265969665
1310888158704422912
1310888175573897216
1310888192330141696
1310888212878053377
1310888231420997634
1310888248441483264
1310888259581620225
1310888266267160577
1310888273880002560
1310888285020057600
1310888292766932992
1310888298227937281
1310888311989305345
1310888325184618497
1310888331388084229
1310888336878309376
1310888345476706304
1310888365005340672
1310888385817522176
1310888388623568899
1310888411423797253
1310888419304910849
1310888432932184064
1310888439122923520
1310888441387929601
1310888459641319425
1310888459972816901
1310888466079719424
1310888471674974214
1310888485776228352
1310888517346631680
1310888523277500416
1310888552956219397
1310888555644817408
1310888555510673408
1310888578545745920
1310888603631808512
1310888613656358912
1310888631138242560
1310888646107688961
1310888673832034304
1310888681394196480
1310888702726545410
1310888709148024832
1310888728215379969
1310888739594407936
1310888754672959489
1310888769277566976
1310888777511063554
1310888789523521536
1310888812625657861
1310888814752067584
1310888817692422146
1310888834801061888
1310888848524824577
1310888892812402688
1310888894359941120
1310888905160392706
1310888905705545728
1310888932624588802
1310888933237182470
1310888939050479616
1310888946143035392
1310888950299492353
1310888969547198469
1310888980133666817
1310888997917523968
1310889024828002304
1310889025272602624
1310889078167080960
1310889080197206021
1310889083128995841
1310889087755190272
1310889089575645187
1310889093878951938
1310889102913437697
1310889116582776832
1310889135805272064
1310889148350369792
1310889151538044928
1310889158467112960
1310889164527800324
1310889182387150854
1310889193069895691
1310889194340802560
1310889201726971906
1310889229136793603
1310889241510113280
1310889242663419904
1310889267879649283
1310889269096067072
1310889279850242053
1310889280735191041
1310889284996485120
1310889286280138753
1310889286884044800
1310889287173517317
1310889292349075457
1310889294572204032
1310889313270411265
1310889314688012288
1310889341653258241
1310889343007911937
1310889348427112449
1310889360649191425
1310889363237040128
1310889366592655360
1310889370023596032
1310889386175733760
1310889387387879425
1310889417222098944
1310889422783643651
1310889449249628161
1310889454740164609
1310889487539621888
1310889535262334978
1310889535979618305
1310889544703594497
1310889549460049921
1310889584759377920
1310889589830307842
1310889600865402881
1310889609686069249
1310889610013097984
1310889610621399042
1310889615532859394
1310889615310630913
1310889621509865472
1310889637490040835
1310889642284253185
1310889649410371584
1310889663939346432
1310889664564334593
1310889665868816386
1310889671115845634
1310889701600092167
1310889716695343106
1310889719002206210
1310889728678359041
1310889731991851010
1310889738123882497
1310889752976121858
1310889784718614530
1310889785033134081
1310889788984172544
1310889799910387712
1310889824518172672
1310889845296967681
1310889859993665537
1310889871733592064
1310889880013201410
1310889882798100481
1310889888376651777
1310889891920666624
1310889911902441472
1310889915253624832
1310889927387742208
1310889931196321792
1310889939538567168
1310889960111824896
1310889985931870208
1310889990495240192
1310889993120907266
1310890000330956802
1310890028575457282
1310890032199208961
1310890039304433664
1310890043658178562
1310890081519976450
1310890086561701888
1310890089594068995
1310890094451068928
1310890096535711745
1310890096615403521
1310890107956850688
1310890121227628544
1310890126885740549
1310890144925462529
1310890145382625280
1310890152181596161
1310890155398631424
1310890157378166785
1310890158460461056
1310890159546695680
1310890162650398720
1310890180950204416
1310890196339048449
1310890199237505031
1310890199769993216
1310890206229417986
1310890207290425345
1310890211224612865
1310890220104167426
1310890220653428736
1310890221966426113
1310890243709480960
1310890253117394946
1310890284356640769
1310890284499087360
1310890291885375488
1310890299208671232
1310890306246791169
1310890322294046720
1310890323372056576
1310890328732217346
1310890335178981382
1310890338681327616
1310890339125940224
1310890380901126144
1310890413608153089
1310890414317146113
1310890430481956866
1310890430637064193
1310890438166011909
1310890440212836353
1310890443765415937
1310890453559128066
1310890460349714433
1310890462283264000
1310890477877633026
1310890477894459394
1310890498899369984
1310890509171412992
1310890517048295424
1310890518121836545
1310890529140350976
1310890540049678336
1310890573675597824
1310890633322590209
1310890636975931392
1310890674670059521
1310890683792855040
1310890685944532993
1310890701186633728
1310890703841636359
1310890706622451713
1310890706811195396
1310890708228812801
1310890709860470785
1310890712947453953
1310890720073576448
1310890737899274241
1310890746019557377
1310890749685194752
1310890749790220291
1310890780152811521
1310890780408639488
1310890795139043329
1310890797101993984
1310890803812691974
1310890806975377409
1310890838566875136
1310890839728627714
1310890851330031617
1310890855985606657
1310890858250633216
1310890868874776576
1310890878186254338
1310890899858128902
1310890905814130689
1310890906296385536
1310890920481624067
1310890931273502720
1310890935228796928
1310890936646471680
1310890942195531783
1310890951011962881
1310890957085212672
1310890960289779713
1310890961011122176
1310890965209579522
1310890996394270720
1310891003830771712
1310891014601793536
1310891018623922176
1310891028707266562
1310891048789405696
1310891051637379075
1310891051843039233
1310891057056419840
1310891063138299906
1310891070482313216
1310891079512645632
1310891096524947456
1310891097590321152
1310891102950559750
1310891134823141378
1310891153412288513
1310891169514127360
1310891188015304704
1310891195711868928
1310891212589727744
1310891214242230277
1310891216955793408
1310891219678044161
1310891223587205120
1310891225071988736
1310891226367811585
1310891228125429760
1310891245544312832
1310891265387630592
1310891265714610177
1310891293690662912
1310891294735003648
1310891297801207808
1310891302087782410
1310891350619947015
1310891353128173568
1310891367414018048
1310891368332419073
1310891371222437888
1310891374900727810
1310891391745220615
1310891392743411712
1310891410653093888
1310891411911262208
1310891414633365505
1310891415115882497
1310891417586278401
1310891437202878465
1310891442693382146
1310891450461237249
1310891481398476801
1310891488579063809
1310891488851537920
1310891497953394689
1310891500155404290
1310891502852345856
1310891507805757441
1310891513312755712
1310891538994659329
1310891559462801408
1310891572897157120
1310891573316591618
1310891574205845504
1310891589976252416
1310891589972250624
1310891594803937281
1310891597848915969
1310891602970320896
1310891603905712128
1310891613070139392
1310891655223009280
1310891657647321088
1310891663926190080
1310891667017195521
1310891676668432384
1310891679529005056
1310891681982689282
1310891709254037504
1310891752044335104
1310891770008535040
1310891788106956801
1310891801033596929
1310891824148512769
1310891852170756096
1310891855584940032
1310891871451963399
1310891893501440001
1310891898333204480
1310891902971990017
1310891922819555328
1310891924061122560
1310891929345892353
1310891943443009536
1310891951382605824
1310891960660443138
1310891961969192960
1310891994034569217
1310891998132547591
1310892007796084737
1310892016792940545
1310892024950910976
1310892040117465089
1310892044055764992
1310892047407042564
1310892056802332673
1310892080038723584
1310892082664439810
1310892093494054913
1310892097361326081
1310892137710587904
1310892152931532800
1310892156740132868
1310892160531734530
1310892162674900992
1310892171340451843
1310892182837092352
1310892183566811136
1310892189774471169
1310892198162886656
1310892214659231744
1310892215309279232
1310892215200288768
1310892228697419776
1310892235077169152
1310892242177937414
1310892252433133568
1310892270321831936
1310892270422568960
1310892279620685824
1310892305046536192
1310892313569374209
1310892326194237442
1310892330660978688
1310892332825313280
1310892345676701696
1310892351309611008
1310892351703965698
1310892373531152385
1310892379990306816
1310892383031230464
1310892383601557510
1310892391914708992
1310892393391157248
1310892407555330048
1310892412303101953
1310892413804785666
1310892414710808577
1310892417768468480
1310892420704415744
1310892428535181314
1310892431332835328
1310892434717585410
1310892438408568832
1310892448432959488
1310892453935882241
1310892455697448962
1310892456326684672
1310892457954025472
1310892512752660480
1310892520956727296
1310892528405798915
1310892552686653441
1310892565302972417
1310892569442820097
1310892570290073600
1310892592469544960
1310892594558201856
1310892598953828352
1310892604716916736
1310892615605379076
1310892616838504448
1310892618818220033
1310892622681169921
1310892631963193346
1310892637466103809
1310892637776416770
1310892638841659392
1310892659893035009
1310892669623767044
1310892690989625344
1310892698820280321
1310892774544289793
1310892782614183937
1310892788695937024
1310892793343160325
1310892799835942919
1310892801828302849
1310892808623005699
1310892817183584259
1310892826096480258
1310892831750275072
1310892835487584256
1310892862771531782
1310892874372874241
1310892883822759936
1310892886196707328
1310892897072484354
1310892904227971073
1310892924939448320
1310892934636634112
1310892945755770880
1310892947433500672
1310892948620562432
1310892990991343617
1310893007567228935
1310893013250584577
1310893013514760193
1310893020338958337
1310893031600590849
1310893033660067840
1310893066845392899
1310893069106114562
1310893072826458112
1310893129336270849
1310893141310963713
1310893155965956098
1310893158876602373
1310893169383550976
1310893171564449792
1310893177595932679
1310893183451176965
1310893197879586816
1310893198194204672
1310893202778525696
1310893208415723520
1310893212702093312
1310893213968891905
1310893215973859328
1310893223347453958
1310893250266509312
1310893282340163584
1310893321590456326
1310893322714705922
1310893322957799424
1310893336018862083
1310893339558981632
1310893344114040832
1310893361881116672
1310893392889552897
1310893401160773635
1310893408106491904
1310893424422330368
1310893427710660608
1310893432127324160
1310893440419483649
1310893449869176839
1310893453258166272
1310893457141952512
1310893461898498048
1310893474758242305
1310893475139903488
1310893476356255745
1310893480382586881
1310893482119102465
1310893484186902532
1310893484929409025
1310893492290416640
1310893501131812865
1310893526817751041
1310893533558190080
1310893535147810816
1310893536804438018
1310893580869939201
1310893583084462080
1310893646741483520
1310893653036916738
1310893661798821889
1310893662952452096
1310893702798344193
1310893714139643905
1310893714416566274
1310893736998494209
1310893748667248645
1310893756229521408
1310893764593025024
1310893767411597313
1310893777066786816
1310893777377259521
1310893783089848326
1310893799128928261
1310893799766241282
1310893801133748224
1310893802278858754
1310893803528769536
1310893823053135872
1310893824571572224
1310893830523281409
1310893832947474432
1310893835208347649
1310893835627696131
1310893845798957056
1310893846771961863
1310893895006466050
1310893895912435715
1310893900333277185
1310893900492681222
1310893921711591424
1310893922533748737
1310893935263449091
1310893940950925312
1310893954154590208
1310893970214486017
1310893987365031936
1310894009062129665
1310894039009382400
1310894040188030976
1310894040846659584
1310894047771451394
1310894049763766273
1310894055593668610
1310894061067345920
1310894091304136705
1310894102221918208
1310894102515462146
1310894103920545793
1310894121318526976
1310894125806477312
1310894135138807809
1310894155929997312
1310894163311890437
1310894214214045696
1310894214759231488
1310894220148760577
1310894236691238914
1310894237983014912
1310894254995144705
1310894268454768641
1310894269285179396
1310894281457045504
1310894286460907523
1310894287534600193
1310894358015537152
1310894369088700417
1310894387702968321
1310894433198632960
1310894455944171520
1310894455935979520
1310894461795278853
1310894472813785089
1310894483827904512
1310894484952055813
1310894487531651074
1310894493596561409
1310894494573899782
1310894496872312832
1310894518498144262
1310894524454113282
1310894526438027269
1310894538689519618
1310894570989850624
1310894578333958145
1310894595165663233
1310894598194163715
1310894601310474241
1310894607601983490
1310894618347675648
1310894626035896320
1310894629470875648
1310894655966412800
1310894661763039232
1310894672282185730
1310894689604833280
1310894702518915072
1310894708797968384
1310894714749673472
1310894716129554432
1310894722869792771
1310894723612188672
1310894723935109120
1310894744474714114
1310894744877363201
1310894746500358147
1310894772928864256
1310894778779922432
1310894803958202370
1310894854528839681
1310894864624648194
1310894872489058305
1310894887722680322
1310894904441274370
1310894908010631168
1310894910581747712
1310894933138526208
1310894942542155777
1310894942475165697
1310894951182544896
1310894963203272704
1310894969314476033
1310894969561985024
1310894970178613248
1310894971806003200
1310894974481833984
1310895000511754240
1310895000583114753
1310895023563706372
1310895032598171648
1310895039258730502
1310895040579989504
1310895063845797890
1310895068014940161
1310895101191782401
1310895102781526021
1310895128572121088
1310895133903196160
1310895147153059843
1310895159727587328
1310895171299491842
1310895173380042752
1310895183509192705
1310895199095271425
1310895204392722433
1310895205869064192
1310895210969231360
1310895215637606401
1310895217122435073
1310895218930135040
1310895219290894336
1310895226882527232
1310895230866972672
1310895232150573056
1310895233069199360
1310895245165498368
1310895249229836289
1310895260076249094
1310895264308236288
1310895268557139969
1310895280213102594
1310895285669773314
1310895293877989377
1310895299674673152
1310895303965499392
1310895334084706305
1310895335254917120
1310895374006136835
1310895397926309888
1310895400786722817
1310895416574128128
1310895421955256320
1310895429119340550
1310895434936672256
1310895442373283842
1310895450472448000
1310895456021483520
1310895481594155008
1310895511784894464
1310895513017946112
1310895514431320064
1310895516914536450
1310895533238751232
1310895534413090816
1310895539521761281
1310895546077306883
1310895548740722688
1310895618597027841
1310895621088227329
1310895626603892736
1310895644370894849
1310895657985757186
1310895658790989824
1310895659382341632
1310895661085265920
1310895675975127040
1310895680630726657
1310895691879706624
1310895730593234946
1310895736167563266
1310895758560899073
1310895759051628545
1310895771248594944
1310895781638008832
1310895784242577408
1310895784766763009
1310895785391861761
1310895795982544896
1310895814114500608
1310895820137521153
1310895824168259587
1310895828765204480
1310895846813315074
1310895855289790464
1310895856447614977
1310895859232628738
1310895865477902337
1310895870376902656
1310895882435469312
1310895883718885376
1310895888114438144
1310895891344166919
1310895929680105478
1310895945920524288
1310895948244099073
1310895949066260482
1310895963695915014
1310895966682148866
1310895977239392256
1310895980246491143
1310895997560729602
1310895999288631297
1310896010198097920
1310896012987301888
1310896043006087170
1310896044364853249
1310896046906789889
1310896049393774592
1310896064854208512
1310896081425793024
1310896096470679553
1310896100375748609
1310896104498757632
1310896108349140992
1310896123364519936
1310896125105364995
1310896133288333312
1310896135465123840
1310896137671454720
1310896148295622656
1310896160882782208
1310896162937942018
1310896174640099329
1310896182231785477
1310896186656796677
1310896196177854464
1310896200778952704
1310896229669371904
1310896231627907072
1310896263148244992
1310896280575635456
1310896299693289472
1310896302205661184
1310896308073439232
1310896311969906688
1310896341430738946
1310896344765140992
1310896387546968069
1310896389073772545
1310896404508934144
1310896406132068353
1310896411987197952
1310896414306652161
1310896418014605312
1310896420535308288
1310896423743954944
1310896423995494402
1310896426306514946
1310896427242004481
1310896431419584513
1310896431390167041
1310896436482109440
1310896458363670528
1310896463413743617
1310896479846846467
1310896484444000256
1310896490101964801
1310896494837403648
1310896503087665152
1310896506128527360
1310896520913321986
1310896523534761984
1310896523992092672
1310896526349217792
1310896535853510656
1310896552085512192
1310896556678279170
1310896561061326848
1310896570871803905
1310896579738513413
1310896608230473728
1310896612588347393
1310896615398440960
1310896618070212608
1310896626337296384
1310896630711955456
1310896635908628481
1310896645559783424
1310896650089459713
1310896665726005248
1310896667105914880
1310896679843889152
1310896680053727237
1310896685003034626
1310896707685830657
1310896726564364288
1310896731433963520
1310896744016670720
1310896749301633024
1310896764334075905
1310896770289786880
1310896788140748801
1310896811683446787
1310896816880222208
1310896827101708288
1310896830096519168
1310896838766219265
1310896849453187072
1310896851848175616
1310896872920293376
1310896874824568832
1310896922002034688
1310896928968921089
1310896931267375104
1310896943997095944
1310896963362066433
1310896970689589253
1310896978868547585
1310896982848929792
1310896984711200768
1310896992902688769
1310897005816958976
1310897014247493633
1310897017460322305
1310897028637978624
1310897053208203264
1310897060414205952
