1308783158796705797
1308783168112259073
1308783180238000129
1308783196486631424
1308783196897767427
1308783206334902274
1308783209270910976
1308783210357088256
1308783222185250817
1308783230854868997
1308783238416969728
1308783256226205698
1308783259170385920
1308783263738200065
1308783269077540864
1308783271866781696
1308783271862509571
1308783277029888003
1308783294717267971
1308783298416578560
1308783301520429058
1308783314485104640
1308783319811682309
1308783369329586176
1308783372806901761
1308783384613789697
1308783389277908993
1308783405996277764
1308783420928122880
1308783435604013056
1308783440079269890
1308783444474855425
1308783456432746496
1308783469582077954
1308783474497720320
1308783494064009217
1308783498526896128
1308783540298035202
1308783545196969992
1308783548833300482
1308783561474965512
1308783575014100993
1308783588297515008
1308783591745150986
1308783596430340098
1308783603392937984
1308783607608115200
1308783613391953925
1308783625295605760
1308783625907830790
1308783629494083585
1308783638461505537
1308783667188293633
1308783671260909568
1308783679313862664
1308783682598195201
1308783684070248452
1308783687123697667
1308783692878241792
1308783693213835264
1308783692643434502
1308783695956975617
1308783696527405057
1308783700486782987
1308783704643440641
1308783713329840129
1308783726416064514
1308783726546087936
1308783733651062794
1308783739237998593
1308783759513268226
1308783767885156354
1308783771424976896
1308783777116807168
1308783779553697796
1308783780811796480
1308783783622123520
1308783817633730561
1308783821760806914
1308783825514901504
1308783835560251392
1308783843382525958
1308783864341393410
1308783864530309123
1308783864211484674
1308783872721657857
1308783886244016129
1308783926685642752
1308783940736618496
1308783948433182722
1308783951323037698
1308783952568578051
1308783959866834944
1308783960567287811
1308783965818548224
1308783968964292609
1308783970272841734
1308783972525264897
1308783977008955392
1308783980553154560
1308783980976787457
1308783994125922306
1308784002942283777
1308784010471116801
1308784011402194946
1308784027621564416
1308784035930476544
1308784041072656384
1308784043979206656
1308784053450141699
1308784068629352449
1308784069292023811
1308784074102837249
1308784077349191680
1308784086639620096
1308784104419348480
1308784136572866560
1308784149684260867
1308784158739755010
1308784170374705152
1308784212120485890
1308784223214620672
1308784236963323905
1308784238464913408
1308784242403368960
1308784271469850624
1308784274682851330
1308784274716397569
1308784300544929793
1308784307817902083
1308784313341743104
1308784329506672641
1308784329984794624
1308784347378601992
1308784350981427200
1308784360095731712
1308784362419183616
1308784367452459017
1308784372103872512
1308784388570673158
1308784418023247872
1308784418543337473
1308784437946011649
1308784456036122625
1308784459249053697
1308784459236347904
1308784476110163971
1308784489452023808
1308784489586458624
1308784496733380611
1308784505117913089
1308784505608695814
1308784506208284673
1308784529889472516
1308784544967921664
1308784547266469891
1308784551074897920
1308784548889714691
1308784562617626625
1308784576349732864
1308784578505703424
1308784586395127811
1308784596679618561
1308784628354801664
1308784631181799424
1308784623355191297
1308784631878242308
1308784631957860352
1308784632918405125
1308784702095007744
1308784736840671233
1308784680020344832
1308784747095625729
1308784748513370115
1308784794633940995
1308784748534231040
1308784741647290368
1308784779849076737
1308784844827234310
1308784812765913088
1308784789860777985
1308784792314486788
1308784802863165440
1308784720164139010
1308784723335016451
1308784897750970368
1308784872970829824
1308784859670818818
1308784915564113921
1308784953715568641
1308784979544100865
1308784929623486470
1308785012104474624
1308785034002866181
1308785062998142977
1308785088012996609
1308785093532504064
1308785096560963584
1308785101153673216
1308785108896415747
1308785109370363904
1308785113262628867
1308785122842296321
1308785149040091138
1308785152349405185
1308785155444748288
1308785160620511234
1308785167662829571
1308785168157675520
1308785181629743111
1308785188428591105
1308785189770985473
1308785190047813635
1308785197522079753
1308785202320285697
1308785206002814981
1308785223388332034
1308785231667712000
1308785240568193025
1308785240798720000
1308785255575441408
1308785257014013952
1308785259828449280
1308785260591828998
1308785269689245701
1308785278270746625
1308785285065572356
1308785291377823744
1308785294368534528
1308785307274432512
1308785315885314048
1308785319597178881
1308785345576800258
1308785357467480068
1308785377679990784
1308785387125510144
1308785399419097090
1308785400052408321
1308785403005227009
1308785405018349568
1308785408680112130
1308785420394811396
1308785424387768320
1308785428733063175
1308785445740769282
1308785448907681798
1308785479488241667
1308785482818555905
1308785487763705856
1308785496198385664
1308785499243307008
1308785526183518209
1308785533167054856
1308785541450805249
1308785558424936450
1308785576368205826
1308785578654146560
1308785604445065220
1308785613961940996
1308785626813272065
1308785634199441413
1308785639979089923
1308785639958159363
1308785655376420864
1308785664482316291
1308785666822733827
1308785687928463360
1308785688003964929
1308785692449923072
1308785698112241671
1308785701853360129
1308785709478752256
1308785709248114695
1308785718190276612
1308785734241914882
1308785744555790336
1308785746585817092
1308785756551479296
1308785789447409665
1308785790265167872
1308785818656538624
1308785819042435072
1308785826067812354
1308785860242890757
1308785866417078276
1308785872574185472
1308785877859078149
1308785885949972480
1308785889120837634
1308785899384299521
1308785911421980674
1308785918996819970
1308785923098914816
1308785931651026946
1308785936264646658
1308785941029556231
1308785941444808705
1308785945345503232
1308785948642045953
1308785952005947393
1308785961011154945
1308785968879550466
1308785973359247362
1308785973757702152
1308785979558449154
1308785985749123078
1308786006833786880
1308786010650824705
1308786024949182467
1308786027725762560
1308786041348698112
1308786041952714752
1308786056859283457
1308786057593458690
1308786058801426432
1308786066963521536
1308786083585548290
1308786086966157312
1308786091592482817
1308786099758739456
1308786129521401857
1308786137348165633
1308786153512861696
1308786154234286080
1308786158080593923
1308786167643549697
1308786175600193539
1308786180511670272
1308786184068493313
1308786192981270528
1308786221561204736
1308786221804552198
1308786225751363586
1308786234924335105
1308786246186082305
1308786250497667074
1308786253970706433
1308786275177115648
1308786279304364035
1308786283649445890
1308786291698315265
1308786293061619719
1308786297117573126
1308786297918513152
1308786317396852738
1308786325751906305
1308786328037859329
1308786328188878849
1308786330583752704
1308786342151634944
1308786347403022342
1308786347553873921
1308786351433809933
1308786359096807425
1308786380361920514
1308786384572948485
1308786388167348224
1308786406815391750
1308786431251214338
1308786436209020929
1308786461055967232
1308786469683843072
1308786473924063232
1308786476671434753
1308786485508931585
1308786497869484034
1308786501740892161
1308786528102100994
1308786532019515399
1308786545533607937
1308786564663836676
1308786602253180935
1308786607328116736
1308786607814778880
1308786608154513408
1308786608913612800
1308786610692132865
1308786615356190720
1308786623341981696
1308786627288936451
1308786628257869824
1308786633613873152
1308786643978137600
1308786656980459526
1308786660876918784
1308786669261389824
1308786695026995206
1308786703080067072
1308786724022042624
1308786729365712899
1308786744989540353
1308786749787734018
1308786761955385344
1308786770889158657
1308786786819244032
1308786789457502216
1308786821061652480
1308786828716187650
1308786829840314369
1308786830196781056
1308786840921608192
1308786841211097090
1308786846684520448
1308786858227314690
1308786858323714049
1308786859997360128
1308786867798790148
1308786872362115074
1308786880805089281
1308786883288276992
1308786891500728326
1308786921963958274
1308786929291472896
1308786938225328134
1308786947905650689
1308786954927058947
1308786959163314177
1308786959532392449
1308786968357081088
1308786968449384455
1308786971607789569
1308786975252582401
1308786979761532931
1308786988905046017
1308786989752147972
1308786997499179008
1308787015203291136
1308787017791213570
1308787038574043138
1308787050754248706
1308787055791661057
1308787056148197379
1308787089752944640
1308787098401595392
1308787101354389508
1308787114960719874
1308787135852539906
1308787135927865344
1308787140160094210
1308787151996366848
1308787157251903489
1308787177543872514
1308787181092245504
1308787185097859075
1308787190336544768
1308787195583422470
1308787199102644226
1308787244912783360
1308787249824366592
1308787253536337922
1308787257705246720
1308787260519788544
1308787273182437376
1308787275375943681
1308787277682765824
1308787294837649409
1308787295093272583
1308787307684782080
1308787323954278400
1308787324868853761
1308787337535594496
1308787344514920458
1308787348621197314
1308787354119749632
1308787370519441408
1308787374499995651
1308787374542008320
1308787378996346880
1308787395006017536
1308787396524163074
1308787404757561344
1308787408087867394
1308787408503222274
1308787417260994560
1308787420968566784
1308787421656559616
1308787428723888128
1308787433572577280
1308787434197520385
1308787434235269122
1308787437079060482
1308787442359709699
1308787453680025601
1308787462718787584
1308787475465351169
1308787475473559553
1308787491961483265
1308787495660851201
1308787501096558592
1308787513176154112
1308787513411211266
1308787513352486912
1308787520616964098
1308787537452834817
1308787552271454216
1308787566875828228
1308787572009824256
1308787580071276544
1308787587713314818
1308787593648070664
1308787596538064896
1308787614074515457
1308787614472957953
1308787618809810944
1308787619191377921
1308787636098789382
1308787642692034562
1308787643250077697
1308787647989665793
1308787655099011072
1308787655396655104
1308787667367231490
1308787676359938052
1308787676787740673
1308787677182021633
1308787678238867458
1308787689882300418
1308787694076485632
1308787698987986944
1308787699340505091
1308787701131481089
1308787701760626694
1308787710883229696
1308787715157024769
1308787736166490113
1308787738930540544
1308787743095480320
1308787743913160704
1308787744135688197
1308787753388322819
1308787756114407425
1308787756882178049
1308787765891522563
1308787768223584257
1308787773176864769
1308787797579493376
1308787803174703104
1308787811441684481
1308787811965952000
1308787824406204416
1308787835584090112
1308787844706480128
1308787853632172032
1308787853866930176
1308787860691193856
1308787887593394176
1308787895097069574
1308787933219094529
1308787937195077633
1308787941246812160
1308787941377028102
1308787944598253568
1308787953636986890
1308787956895932418
1308787958015766532
1308787961744494593
1308787964986654723
1308787986763526145
1308787999421935619
1308788019768430592
1308788019915296768
1308788025661550593
1308788051267801088
1308788075502297089
1308788083538554880
1308788087233769472
1308788092053205000
1308788104287920130
1308788121207746561
1308788129357234178
1308788147359289348
1308788151222181889
1308788151268372482
1308788154732744706
1308788166925660160
1308788170616696838
1308788202795421696
1308788225373278209
1308788237083832321
1308788238589583361
1308788238883188736
1308788242439954432
1308788243048157187
1308788247699632132
1308788263189180424
1308788264136966149
1308788267370852354
1308788268905922560
1308788271326007298
1308788272923983872
1308788282193575937
1308788297028706304
1308788306834939904
1308788314648899584
1308788328016338945
1308788330201583618
1308788347205070848
1308788389446119428
1308788394693144577
1308788397666906112
1308788415236841475
1308788423134605312
1308788425072414722
1308788432768884737
1308788449487384576
1308788465765625856
1308788466109612034
1308788469653811201
1308788473537556481
1308788473617199106
1308788474707873799
1308788481494331395
1308788482031181826
1308788493548625920
1308788507591073797
1308788510879633413
1308788519066832900
1308788527912620035
1308788532656451586
1308788536905207812
1308788545352466432
1308788552625463296
1308788569364811776
1308788570283479041
1308788570824605697
1308788573404049417
1308788587282997248
1308788594991980549
1308788599979114497
1308788611437993985
1308788616878006273
1308788621596594186
1308788625971318786
1308788628135571458
1308788629783949313
1308788645583826947
1308788649279057921
1308788654207311872
1308788661413060615
1308788670649040900
1308788678496415752
1308788679704375297
1308788700919275524
1308788713065938944
1308788722712932355
1308788734549282816
1308788742367387650
1308788753989857284
1308788767034048512
1308788784561967105
1308788787997220869
1308788793911246851
1308788797409198081
1308788805340729345
1308788809434304517
1308788821690118145
1308788827352444928
1308788843181674496
1308788843106234369
1308788847707381760
1308788851196952579
1308788856053837825
1308788860500017153
1308788864320860161
1308788876006363141
1308788888517980160
1308788897758031878
1308788905731223553
1308788909577351168
1308788914459734016
1308788914765914112
1308788922202423298
1308788925805232128
1308788931010408454
1308788934118383616
1308788943240953856
1308788964166311940
1308788981535051777
1308788984504414210
1308788985221836802
1308788997037187073
1308789006700892162
1308789043530956800
1308789049579143170
1308789066025103360
1308789068679897088
1308789075160305673
1308789086346448897
1308789089794174976
1308789090091962368
1308789093673906177
1308789095292903426
1308789101928144896
1308789119536033793
1308789140134203392
1308789145641168899
1308789157913931777
1308789174468784133
1308789194748121088
1308789208870420483
1308789224779386884
1308789236456402944
1308789236703821825
1308789245939679244
1308789258422018049
1308789265904459777
1308789265749471235
1308789278047117313
1308789279376789505
1308789283868700674
1308789286410629122
1308789290818768896
1308789290982408195
1308789291708043273
1308789299073224706
1308789299811422208
1308789308376182785
1308789315846234112
1308789324435976192
1308789333537755137
1308789349786427392
1308789358141599745
1308789385131823105
1308789388617199616
1308789421412683776
1308789429679665154
1308789455004680193
1308789456158089217
1308789462810451971
1308789463749853184
1308789471458992128
1308789476781690882
1308789477859446786
1308789479331819521
1308789483261829120
1308789488387121157
1308789489691553792
1308789492241911817
1308789497262256129
1308789498046799873
1308789505239982082
1308789514001739776
1308789531907436545
1308789547313045506
1308789550635003904
1308789555320041473
1308789559279394821
1308789569270116353
1308789581635084288
1308789584243851265
1308789593727283202
1308789611351674889
1308789613532778498
1308789617953566725
1308789618565722114
1308789622181429248
1308789643047968768
1308789651943993346
1308789665055506433
1308789678070325248
1308789685825617921
1308789706310647808
1308789707053109249
1308789716104417280
1308789723352256514
1308789727454085121
1308789732663390213
1308789756751298560
1308789766163279872
1308789775252545537
1308789778620526593
1308789803186618371
1308789806994984960
1308789823516352517
1308789823612821504
1308789827471638528
1308789828725555200
1308789837361745920
1308789841958707200
1308789848443179012
1308789848531234816
1308789877966860290
1308789879233564672
1308789892273627137
1308789900154728451
1308789903421972483
1308789908966785025
1308789909025628161
1308789937643368452
1308789947210633218
1308789950804975616
1308789962209398791
1308789974628696066
1308789991099846658
1308789995436675074
1308790003938582528
1308790009324097537
1308790016819200000
1308790035064393728
1308790037971120138
1308790047450247169
1308790075464069121
1308790079197007872
1308790084012052480
1308790114269761536
1308790143978008578
1308790152060432384
1308790154530873344
1308790159178108929
1308790169173020672
1308790177305780228
1308790185174413314
1308790185505808385
1308790193969795077
1308790209832722434
1308790211053142016
1308790218682765312
1308790230544248832
1308790235342438400
1308790239465533440
1308790246859997185
1308790247543713794
1308790257240899585
1308790263821873153
1308790268091457538
1308790268288741378
1308790268477440000
1308790277377843203
1308790277801299969
1308790281588928512
1308790293878120448
1308790297552445441
1308790302573031424
1308790313968861185
1308790332650258435
1308790340632150019
1308790352694796288
1308790357337882624
1308790368532602882
1308790369451012096
1308790373649584132
1308790381623083009
1308790385812992000
1308790386652049409
1308790403483815937
1308790407799676930
1308790419887656960
1308790437449097216
1308790445758124033
1308790465420910592
1308790474040377348
1308790482944823296
1308790512158031872
1308790525311496192
1308790529459617792
1308790534035640320
1308790565597708289
1308790565698494464
1308790571797032966
1308790572283580419
1308790604776853510
1308790620534837251
1308790626536886272
1308790629338578945
1308790637181964288
1308790637550919680
1308790666940555265
1308790680546734082
1308790688058765313
1308790712880771072
1308790723630845952
1308790727116288003
1308790729196449797
1308790729750335490
1308790746095521796
1308790751317327873
1308790751543939076
1308790754471366656
1308790755767578624
1308790768035921920
1308790776642535432
1308790780341956609
1308790818958979074
1308790826995200007
1308790830203678724
1308790831697068037
1308790832141664257
1308790838760177665
1308790838915469314
1308790850768564226
1308790860482576387
1308790869521248257
1308790876072808450
1308790886294319106
1308790893344817154
1308790893588217856
1308790894024437760
1308790902157180929
1308790905424445441
1308790910658936832
1308790918661640194
1308790932259483648
1308790936609198082
1308790952497164290
1308790964874608640
1308790978241859585
1308790995027398658
1308791006402351104
1308791010768510977
1308791011611607040
1308791014589526022
1308791015449468930
1308791016330326019
1308791026933477376
1308791069803331585
1308791073951621123
1308791074698137600
1308791095355113472
1308791108940509186
1308791117257809920
1308791120474918912
1308791128003457030
1308791133456089088
1308791136992059394
1308791137348575237
1308791137575096322
1308791146752040960
1308791149038055424
1308791150011088899
1308791167635664897
1308791174728167424
1308791190985285635
1308791200355291138
1308791208974614533
1308791215723360258
1308791221041721344
1308791221851127809
1308791225718276099
1308791229786791939
1308791233058426883
1308791233087705088
1308791238573936642
1308791245934919681
1308791259444785152
1308791262041047045
1308791263739744262
1308791267384385536
1308791275945168896
1308791280177037313
1308791289081593857
1308791292193771523
1308791301039706112
1308791309109526528
1308791318173319169
1308791324317904896
1308791326348054530
1308791329334464514
1308791337806950400
1308791346078142470
1308791355007807489
1308791363362848773
1308791389774323712
1308791401262407680
1308791408967536644
1308791413086261248
1308791417712463872
1308791418165407744
1308791465154289665
1308791472368443393
1308791476067991554
1308791477439348736
1308791480840908800
1308791484338978816
1308791490093735936
1308791493231079424
1308791500973780993
1308791509831962625
1308791517750923267
1308791519235715074
1308791522863841282
1308791523773947904
1308791526517092352
1308791527175581698
1308791532561092610
1308791544988794880
1308791553209425920
1308791572314681346
1308791585400918016
1308791595161006080
1308791615369162752
1308791622692409345
1308791622835097602
1308791622159785984
1308791631240409089
1308791640149168129
1308791673741283328
1308791674248847360
1308791699968266240
1308791702057033728
1308791708428259335
1308791716929970176
1308791720209866753
1308791727755612160
1308791729093566464
1308791732876660737
1308791766053613568
1308791766611628034
1308791770428268544
1308791776036171784
1308791798890999808
1308791803580211200
1308791828246921216
1308791828922200064
1308791833825337345
1308791841580445699
1308791841744183298
1308791854549397505
1308791855316959234
1308791862103334912
1308791866767400961
1308791883599151105
1308791907863220225
1308791908097900544
1308791909226369024
1308791913739362305
1308791916268523520
1308791922593378304
1308791933465026560
1308791950464737284
1308791950556921862
1308791960132636675
1308791967883689985
1308791971725668352
1308792000129503236
1308792009004589056
1308792022669631490
1308792029774741505
1308792033889390594
1308792046929338368
1308792071453581314
1308792076751036422
1308792079829676037
1308792080651694081
1308792080760811522
1308792085496000513
1308792097793687552
1308792101166030849
1308792109869289472
1308792110208909312
1308792113715388418
1308792126927446016
1308792127308980225
1308792140353490945
1308792140701609984
1308792143293460481
1308792152332304384
1308792161186582531
1308792169247977473
1308792169323532293
1308792181864435715
1308792189418377216
1308792194585759744
1308792197194620929
1308792197781872641
1308792197689597953
1308792198079504385
1308792203297382400
1308792211945992192
1308792215460884482
1308792218304606209
1308792228312018946
1308792231583559681
1308792237581570048
1308792241377345536
1308792244959424512
1308792250059628544
1308792253482184704
1308792268732723200
1308792273170096128
1308792273774219268
1308792291147034626
1308792294963924994
1308792302199025666
1308792311615283200
1308792312256892928
1308792316023377921
1308792319928184832
1308792322797101056
1308792323648749575
1308792340853731328
1308792365243609091
1308792370000023558
1308792370696204290
1308792378266853376
1308792379374215173
1308792379860832256
1308792386500333568
1308792391743057920
1308792415411671041
1308792423821144064
1308792432188952576
1308792453412028416
1308792463029542912
1308792463629324290
1308792471078539264
1308792478481358850
1308792478833803264
1308792478938562560
1308792479584595971
1308792487813820420
1308792495615209472
1308792499708755971
1308792512031711232
1308792513000603657
1308792513520717824
1308792524841144322
1308792529106673664
1308792551063859200
1308792554037620736
1308792562573029376
1308792564250705921
1308792567971143681
1308792576107921408
1308792577001435137
1308792596748292096
1308792600854433793
1308792634337570816
1308792656030584833
1308792664616103938
1308792676565815299
1308792693275783168
1308792694093774848
1308792701970796544
1308792713593192449
1308792722522767362
1308792743288807425
1308792749567737857
1308792773030576131
1308792778730733575
1308792780454539264
1308792785303212032
1308792794287230982
1308792797835661312
1308792802181091328
1308792807549816832
1308792817913917440
1308792818052325379
1308792836410748930
1308792840110080000
1308792845248073728
1308792849127927809
1308792857365483524
1308792860473425922
1308792861194948608
1308792877489811456
1308792889540071424
1308792906392784896
1308792906854137862
1308792910561902592
1308792911740514304
1308792916270178304
1308792930211999749
1308792937552261121
1308792944334233600
1308792945311588353
1308792953289281540
1308792982691348481
1308792985870622723
1308792996159205376
1308792999162400769
1308793007693426693
1308793011480870920
1308793013880197124
1308793015612379139
1308793020117135360
1308793025032790016
1308793032502902785
1308793053436547074
1308793079642677254
1308793089071357953
1308793115709304833
1308793116523200512
1308793133879230465
1308793150706769920
1308793162903752719
1308793179832037377
1308793183632076800
1308793208919535617
1308793217735749633
1308793225256165378
1308793241932902401
1308793245984387072
1308793255048302593
1308793258894659585
1308793264431136770
1308793267295789057
1308793268264632324
1308793272395952129
1308793285754982402
1308793304440397826
1308793333943205889
1308793334337474560
1308793334484340737
1308793338859065345
1308793351903219712
1308793364339326980
1308793367418068992
1308793367531151360
1308793367703089155
1308793380520878084
1308793386053308417
1308793389626908674
1308793410095112193
1308793414599745536
1308793427325104128
1308793428222840836
1308793431066583041
1308793431150518281
1308793435411812355
1308793436011671558
1308793444429565953
1308793445016895488
1308793470249766918
1308793477627613191
1308793480764891138
1308793489556086784
1308793489044496384
1308793494123827200
1308793494970888192
1308793497571536897
1308793506039656450
1308793516202524673
1308793518962298885
1308793531348250624
1308793532614881283
1308793532727963651
1308793536003923973
1308793535890677760
1308793536406577153
1308793539623608321
1308793545290022913
1308793548125339648
1308793553523478531
1308793557185171457
1308793565422604289
1308793566387474435
1308793594556198912
1308793602508812289
1308793607055380480
1308793619294363649
1308793636935684096
1308793640458874889
1308793641213685760
1308793641964646401
1308793649480847363
1308793649413660672
1308793658355978241
1308793660927102977
1308793661413621762
1308793665310150656
1308793664626241539
1308793666983657473
1308793671202955264
1308793679344209926
1308793686948548608
1308793690949849090
1308793703562203137
1308793708343693317
1308793712336568321
1308793719869583360
1308793720003801088
1308793724630073344
1308793724927868930
1308793742921478146
1308793758247510016
1308793767684702208
1308793767806337025
1308793770171924482
1308793780032737282
1308793780531867649
1308793783689949184
1308793784541614087
1308793788131717120
1308793804011388929
1308793812815417351
1308793817626300418
1308793825754861569
1308793835011547142
1308793850559832066
1308793881044168704
1308793888765771777
1308793893765427201
1308793901256503308
1308793901982121984
1308793933825269760
1308793942851289089
1308793944197804032
1308793946428960771
1308793950870949890
1308793952221495298
1308793960601714689
1308793964271558656
1308793964703748098
1308793972580442113
1308793972807016449
1308793977349566464
1308793984425299968
1308793988984512512
1308793993078087680
1308793996865495040
1308794002771238918
1308794021905600516
1308794026544562176
1308794027391713284
1308794027911901185
1308794030399127552
1308794035948138496
1308794042935701506
1308794051324514304
1308794072186920962
1308794072207888384
1308794080713994240
1308794085478551552
1308794120056573952
1308794120454828032
1308794123030343681
1308794132639502336
1308794144521957383
1308794153149640705
1308794153837441027
1308794172166615040
1308794211018440709
1308794233730592776
1308794244237266944
1308794244811948035
1308794261048041472
1308794262931337219
1308794265619709953
1308794267129716737
1308794278743867393
1308794295827210240
1308794299299971077
1308794312713531397
1308794315733446657
1308794316190633986
1308794328047902730
1308794329767579649
1308794337409380353
1308794351351406594
1308794367222611969
1308794371370754048
1308794388768862208
1308794404988051456
1308794408691617792
1308794412684599307
1308794416090550272
1308794438408380421
1308794446310453248
1308794449967886354
1308794450299281408
1308794462722760704
1308794466631913478
1308794470578745345
1308794471027408903
1308794481207054337
1308794484591915008
1308794489088208896
1308794499926290432
1308794510160224256
1308794513054339073
1308794517219422209
1308794520838995973
1308794522315366400
1308794525851230209
1308794530162933766
1308794533690433538
1308794533577187328
1308794543505104901
1308794547380662275
1308794559204405249
1308794573272088576
1308794579919962112
1308794588052611072
1308794588660928516
1308794592247066624
1308794598769258499
1308794600820219913
1308794602149703681
1308794626116136961
1308794642352275456
1308794642536644608
1308794643622977536
1308794651957170180
1308794655233003520
1308794686967091202
1308794701907144707
1308794710992056321
1308794715303604224
1308794719909150721
1308794726586474499
1308794728033341440
1308794731929972737
1308794732215140361
1308794735574867968
1308794751659933697
1308794752607887367
1308794752750571524
1308794761436778496
1308794761256599552
1308794768667881472
1308794769309655045
1308794781477330951
1308794795733577728
1308794797977743368
1308794799240216576
1308794812670279683
1308794815870627840
1308794819116806144
1308794823319719937
1308794828352827392
1308794835436859393
1308794845998219266
1308794861961838594
1308794874586697728
1308794882241081344
1308794886347517953
1308794890424258560
1308794894861950976
1308794900457107457
1308794903359451137
1308794912716906497
1308794916240265230
1308794916504563712
1308794920208076800
1308794936846725121
1308794944681803776
1308794945034223616
1308794954857103360
1308794961450606594
1308794966144094213
1308794971982647301
1308794983277879297
1308794987472130053
1308794992689774592
1308794994854170626
1308794995818795008
1308794999946072065
1308795000214499329
1308795029792538624
1308795054358757376
1308795058603393024
1308795091486736386
1308795095546605569
1308795100252655618
1308795110403039232
1308795117105541122
1308795118132981760
1308795120783949824
1308795130170802176
1308795130657280000
1308795134818095104
1308795137556975618
1308795151104512002
1308795160088604672
1308795163846889472
1308795164442329088
1308795167323947011
1308795168028536833
1308795184034050048
1308795184306585600
1308795198009413632
1308795205500497934
1308795217601011713
1308795223028371457
1308795226572517377
1308795227830775810
1308795233036103684
1308795234696835072
1308795242993389569
1308795267437809664
1308795268331188224
1308795298056200194
1308795310475444225
1308795310886522882
1308795323981139970
1308795326606704640
1308795327512809472
1308795336568209410
1308795347926425600
1308795349067337737
1308795382118461441
1308795386816016385
1308795398136442880
1308795407347126272
1308795407598788608
1308795408290918400
1308795412002865152
1308795424187117568
1308795428473909249
1308795432320077824
1308795444873564162
1308795448673677320
1308795453249552385
1308795457653608448
1308795471989620736
1308795473688326144
1308795482538352640
1308795487571644417
1308795499072323587
1308795503421857792
1308795527702745088
1308795531670495233
1308795540684050434
1308795561374560258
1308795575354130438
1308795583407304707
1308795588272627717
1308795590428459008
1308795592068542465
1308795603883708416
1308795608182988800
1308795620719820800
1308795624817532928
1308795637383790595
1308795646045028354
1308795645642276865
1308795667146473474
1308795678798131201
1308795678882234371
1308795679431565312
1308795700054908928
1308795704375009282
1308795709206953984
1308795709617967104
1308795712721874945
1308795717180366850
1308795722024857602
1308795729633333248
1308795733525409792
1308795735060738048
1308795750059565057
1308795750869065729
1308795751103946758
1308795758842437633
1308795759777779714
1308795764244705280
1308795775154114560
1308795775963422720
1308795779071578114
1308795780447133697
1308795804795117569
1308795814425354242
1308795826395897856
1308795830560845825
1308795854669721601
1308795867240030208
1308795868666040325
1308795906792157185
1308795909568749570
1308795914736238602
1308795917601058816
1308795931018637312
1308795940418064384
1308795949033172993
1308795956268339200
1308795960139505664
1308795960563249154
1308795969035788289
1308795994801426434
1308796002577584131
1308796003441614855
1308796005702393856
1308796015558799361
1308796028456448009
1308796035267870720
1308796050128461827
1308796052959567878
1308796057091035141
1308796060689559553
1308796064439259138
1308796086346108929
1308796094416027648
1308796123079901186
1308796131858579457
1308796132601061383
1308796145414492160
1308796149218725888
1308796157016055808
1308796158098075648
1308796171075215363
1308796178360864771
1308796225362243586
1308796244966273024
1308796251240984578
1308796257385676800
1308796271986192384
1308796282572615681
1308796283189104643
1308796283277148166
1308796301228863493
1308796301094653953
1308796303757815811
1308796303942582279
1308796307729981441
1308796308518563840
1308796308799488001
1308796313182646275
1308796329934680064
1308796333692801029
1308796333822672896
1308796338365247489
1308796346443292672
1308796347466895360
1308796347642974208
1308796351405338624
1308796360360112135
1308796367993741314
1308796375103090689
1308796401338458117
1308796404136062985
1308796404840763393
1308796405071278080
1308796414286336004
1308796414651228167
1308796416907710466
1308796426126852097
1308796437602480128
1308796441851318274
1308796446108393473
1308796451397361669
1308796454513844224
1308796472557670400
1308796473094451200
1308796480136736773
1308796480451305472
1308796488240304129
1308796492862296065
1308796496389844997
1308796497409044480
1308796497622904833
1308796506099593222
1308796517424214021
1308796519198253062
1308796525728989185
1308796531324059648
1308796539851010048
1308796547304390656
1308796560587673601
1308796565046407168
1308796585556480001
1308796606662291456
1308796611263426562
1308796611372429315
1308796628334194690
1308796643366625280
1308796649251241985
1308796656503185411
1308796660898844677
1308796703210983425
1308796710790012933
1308796715500212225
1308796727332233216
1308796731811749888
1308796733363810312
1308796735947497474
1308796741962076160
1308796748333277184
1308796748807041024
1308796749742575616
1308796750455545856
1308796757644464128
1308796799730188291
1308796812199948294
1308796812250296323
1308796812560601088
1308796820085256194
1308796823629250560
1308796824954626048
1308796833016295425
1308796850116362240
1308796852939173888
1308796862036672514
1308796867816300545
1308796873910685698
1308796879367438338
1308796883519836160
1308796891115782147
1308796899885973504
1308796904671764480
1308796942151950336
1308796950561648640
1308796962968403968
1308796971168280580
1308796975769247745
1308797014055022596
1308797017204817921
1308797026113662977
1308797042576232452
1308797042546835456
1308797046804164608
1308797055377104897
1308797071101702154
1308797071869325312
1308797094510067712
1308797097408425984
1308797101732700160
1308797105494847494
1308797113648648193
1308797117994065922
1308797119529062402
1308797130455146496
1308797135274508290
1308797143482761216
1308797152227885057
1308797156216705027
1308797159454601223
1308797159551184897
1308797176303288323
1308797180719902720
1308797184951726080
1308797192480722946
1308797214177865729
1308797218892255232
1308797219169017859
1308797224692994048
1308797234729762816
1308797244217454592
1308797265696284675
1308797275095924739
1308797278941925377
1308797281769082882
1308797285858336770
1308797285619232768
1308797327180730369
1308797332981313537
1308797337406500870
1308797339444838401
1308797349251088384
1308797361200812033
1308797369027301379
1308797378057691137
1308797378481328128
1308797381996093441
1308797403441631235
1308797427990761472
1308797437260320769
1308797457661341697
1308797465378856963
1308797490888683521
1308797496693407745
1308797503735644161
1308797508651560960
1308797529765494784
1308797530247921664
1308797529975394305
1308797536799424512
1308797541853650944
1308797545041276928
1308797575085121538
1308797583549067264
1308797583754588160
1308797592420179968
1308797603807506432
1308797603903991813
1308797612368093187
1308797613601419266
1308797626352103428
1308797629132943361
1308797637630586888
1308797641564643334
1308797650230300674
1308797650960080896
1308797651085795328
1308797659210223616
1308797667863130112
1308797668349693952
1308797684766011392
1308797685433077762
1308797692961849344
1308797700322721794
1308797717368303616
1308797718442237953
1308797722414247937
1308797742530007041
1308797752407552001
1308797756736245761
1308797788734488576
1308797801657237505
1308797805939617792
1308797809873678337
1308797818396536833
1308797818610626562
1308797826839781376
1308797836335689728
1308797861023408130
1308797864940843015
1308797869382660099
1308797876340842496
1308797889678905344
1308797911988350977
1308797915658440704
1308797915687727105
1308797927901462530
1308797928002277378
1308797936134959106
1308797940530642945
1308797943433048069
1308797944238419969
1308797953033764866
1308797965646131202
1308797974831529984
1308797990086246401
1308797994528124928
1308798011171123201
1308798019719004167
1308798024387158017
1308798048756273153
1308798079408263168
1308798124840882184
1308798128406114304
1308798142075351043
1308798145338449920
1308798151801753601
1308798152045211649
1308798153110491136
1308798187243741185
1308798186937626624
1308798192759304192
1308798195951075330
1308798205480501249
1308798209825927170
1308798217388265474
1308798229253959686
1308798246152736769
1308798246479892480
1308798249604587520
