1308858665848496128
1308858666985181194
1308858690372595712
1308858697930637313
1308858698174025729
1308858697691660291
1308858708215111680
1308858711901900806
1308858713072111616
1308858752762875904
1308858762351054848
1308858763047297024
1308858766906068992
1308858771624558597
1308858778536890372
1308858786552123397
1308858808777740289
1308858822174429185
1308858825861193735
1308858828277063686
1308858829745074176
1308858830005194754
1308858832555249665
1308858831645167617
1308858834539229185
1308858836841910280
1308858842529378304
1308858848904728578
1308858848963420162
1308858891485302785
1308858893020336128
1308858896640094210
1308858900767215616
1308858903447379968
1308858921365524481
1308858941607211024
1308858951124103168
1308858960120864775
1308858963732111364
1308858978198343682
1308858979930583041
1308858980089901057
1308858983550267394
1308858990831505408
1308858996867108864
1308859031134638081
1308859042245287936
1308859043440664587
1308859047181979649
1308859059077087232
1308859068468076546
1308859093004754947
1308859098440634368
1308859101829619715
1308859109509390336
1308859109991763968
1308859111237390342
1308859113871474688
1308859118220972033
1308859121702252544
1308859121807101952
1308859122851479553
1308859129931411461
1308859131550408704
1308859142531174400
1308859144229785600
1308859168107958277
1308859186328080384
1308859194561507329
1308859203558219777
1308859244549230594
1308859265818537990
1308859298458542080
1308859302518677504
1308859324752637954
1308859324958154754
1308859328162680833
1308859332071743488
1308859335716540421
1308859336282832900
1308859337486594055
1308859352279920651
1308859353223622656
1308859357598281735
1308859362392387587
1308859370843799553
1308859379052089344
1308859398639452163
1308859400677974019
1308859407262978048
1308859409158864903
1308859417375449091
1308859417912389643
1308859420361793538
1308859421926227968
1308859446140043264
1308859471276503040
1308859512527499265
1308859522849607681
1308859551446429699
1308859551433842695
1308859557892980743
1308859572531191810
1308859585315385352
1308859593934680070
1308859595717312512
1308859601228619778
1308859614067339264
1308859618299441153
1308859634179018752
1308859638268473345
1308859652734582784
1308859662654214144
1308859688017108993
1308859689267081216
1308859693331251202
1308859717960204291
1308859722066464768
1308859726827057158
1308859740051697680
1308859742245314560
1308859743566528515
1308859755411144704
1308859755448983553
1308859761459433475
1308859764965888001
1308859785392148485
1308859788617490433
1308859789091524608
1308859801317847051
1308859806321709058
1308859809962381312
1308859810599837697
1308859811170332672
1308859826743762946
1308859826831851520
1308859832695484422
1308859836260524032
1308859844506652672
1308859845303365632
1308859853331484678
1308859853541171201
1308859868963573761
1308859886076334080
1308859903243677697
1308859908276793344
1308859910348779523
1308859918997499904
1308859933690130437
1308859936865243136
1308859939629268993
1308859939759296520
1308859944842788864
1308859953373995009
1308859961749970949
1308859962710466561
1308859965415849985
1308859982104981512
1308860007669260291
1308860023704096769
1308860031501242368
1308860036979077120
1308860044742733825
1308860046806331399
1308860058894315521
1308860061905760257
1308860063675801600
1308860074622881799
1308860078003490817
1308860090884202498
1308860100468264960
1308860101181218816
1308860107799830536
1308860133137690625
1308860135394217985
1308860141677281281
1308860142146981890
1308860145187917824
1308860156197965824
1308860162019557378
1308860178624843778
1308860202553421825
1308860216491073539
1308860224808255488
1308860229002711040
1308860234157428737
1308860234698551297
1308860234836910080
1308860248095064066
1308860250875990019
1308860251056336896
1308860260699045893
1308860272518533120
1308860275534245893
1308860286112276480
1308860300226162688
1308860301140467716
1308860314839023619
1308860325551316992
1308860326314684418
1308860334447513602
1308860337924575232
1308860350993965056
1308860355934855171
1308860363220361216
1308860363979599878
1308860371982311424
1308860374066880514
1308860375790649352
1308860378516992000
1308860389212422145
1308860411576492040
1308860424222388224
1308860435844739084
1308860440039034882
1308860445067968512
1308860447337086976
1308860448008216576
1308860455692177408
1308860459827834882
1308860476886056961
1308860491503226884
1308860499283652608
1308860511979802626
1308860518489296901
1308860519579877378
1308860536520683524
1308860560524693504
1308860581668179969
1308860596276932612
1308860603482673154
1308860607630802956
1308860608335486979
1308860629017604100
1308860642326188035
1308860644842778624
1308860652925194241
1308860654728642561
1308860657824137221
1308860666112024576
1308860684747395073
1308860704015998978
1308860713641836544
1308860720315084800
1308860722714161153
1308860724513570818
1308860732755279874
1308860742058344449
1308860742175731715
1308860742469378049
1308860745371865090
1308860750627299328
1308860758374182912
1308860763495444480
1308860767505199104
1308860768704696323
1308860775809904647
1308860778888548354
1308860796714319874
1308860805044146177
1308860808143818759
1308860821922086913
1308860825508229127
1308860826804277254
1308860838325948416
1308860838439198721
1308860846584541185
1308860863730851841
1308860867451252737
1308860909197103110
1308860922144972800
1308860942017605633
1308860947486986240
1308860961256804353
1308860963135852545
1308860963328856066
1308860965107175425
1308860980571635712
1308860994320502797
1308861001916448769
1308861002063192064
1308861013891088386
1308861014109282304
1308861017959608321
1308861021642203139
1308861036267810822
1308861036624334850
1308861043326812162
1308861052000571392
1308861059260911618
1308861061739708419
1308861068807229444
1308861070224896002
1308861081926930432
1308861101975769089
1308861108061638658
1308861119147245569
1308861128806748160
1308861133055549444
1308861135240802304
1308861135291117571
1308861148649979907
1308861166026973184
1308861171609546753
1308861191117254659
1308861194887933952
1308861199157809152
1308861208062291969
1308861208313856000
1308861215163248642
1308861215331037184
1308861233077137410
1308861238823223297
1308861254136717312
1308861263125131265
1308861266405056512
1308861277763141637
1308861278652436483
1308861282041425920
1308861303704956929
1308861308423602178
1308861313003720706
1308861328170287112
1308861336508608515
1308861350412726276
1308861350865707008
1308861366984474625
1308861383069573120
1308861404020174848
1308861417525850113
1308861422001180674
1308861425197121536
1308861437415231493
1308861442087620608
1308861449784029184
1308861458533490689
1308861459477270531
1308861500644302853
1308861506319265799
1308861517501263876
1308861527106236421
1308861542486675458
1308861547503128576
1308861580851982342
1308861584438177799
1308861593929822213
1308861621788344320
1308861623591989248
1308861626196602880
1308861630181265409
1308861661424615425
1308861665652375554
1308861669293142017
1308861672069754889
1308861678554099719
1308861685780840449
1308861692730839041
1308861702633648128
1308861706005884939
1308861706299420674
1308861718651699202
1308861739849654272
1308861744627015685
1308861745176477697
1308861768157073410
1308861774507241475
1308861786293182464
1308861794727886856
1308861795076059136
1308861798020509709
1308861798595137545
1308861845927874566
1308861853586649099
1308861860624699393
1308861874491011074
1308861891754823683
1308861891880669187
1308861892568457218
1308861892568514560
1308861906145480706
1308861912642445312
1308861917751062528
1308861936667447296
1308861959253749765
1308861965377433601
1308861971618566145
1308861971937230850
1308861975364071433
1308861976081301506
1308861986432782338
1308861986537639936
1308861988253171717
1308861991428263936
1308861999556833281
1308862000924176385
1308862012320079872
1308862024529645579
1308862033409044485
1308862037129338880
1308862039524356096
1308862043076919306
1308862045232803841
1308862045320863749
1308862049666117641
1308862049611665408
1308862078753607680
1308862079579959296
1308862087272292353
1308862092292882432
1308862092993232898
1308862095799259136
1308862114086498305
1308862129848692737
1308862131220160513
1308862137666863105
1308862138220523520
1308862143635259402
1308862150769807360
1308862151315132418
1308862167513473024
1308862187935596544
1308862194252230656
1308862202053570561
1308862202808590342
1308862209511038981
1308862213323620360
1308862225684271105
1308862260211847168
1308862263844012032
1308862265324720128
1308862279996370946
1308862285356699648
1308862285667078145
1308862285566353409
1308862292415700992
1308862292562456576
1308862305363521537
1308862319045283840
1308862320366546949
1308862331464626176
1308862332764856321
1308862335503740930
1308862335491158016
1308862339928788997
1308862343951024134
1308862355602890753
1308862378092769284
1308862390331731968
1308862398737113088
1308862404370014220
1308862412217561093
1308862422959169540
1308862424808927235
1308862428046864386
1308862440793419777
1308862441548328962
1308862448406073344
1308862449085550598
1308862476986052608
1308862486813249536
1308862509538045958
1308862515212890112
1308862523274395648
1308862530236841984
1308862532245950466
1308862540882079745
1308862551367843855
1308862553452417024
1308862554714918921
1308862554865889285
1308862558816931842
1308862562855985160
1308862575799668744
1308862587149451264
1308862601070284800
1308862608238403588
1308862609630916608
1308862611845533698
1308862626076688387
1308862629864189954
1308862635191029766
1308862645202812929
1308862647023083522
1308862671278796804
1308862675011670018
1308862679411568645
1308862700039086082
1308862710201942016
1308862713498611713
1308862713985105920
1308862730741391363
1308862731588599811
1308862734054850563
1308862739322990596
1308862742187708417
1308862758662922240
1308862760449708032
1308862763213770752
1308862768599175169
1308862785422594063
1308862803168686081
1308862804108161028
1308862804733157376
1308862807073488896
1308862809833431040
1308862814912679939
1308862818519744514
1308862818825928704
1308862831568314376
1308862833841631238
1308862835372556289
1308862844516081665
1308862853101821952
1308862854595051522
1308862855354163203
1308862855693950978
1308862856146935813
1308862888237555713
1308862892293476359
1308862892452786176
1308862910404464640
1308862910605778955
1308862914565156864
1308862919292190723
1308862930558038022
1308862935025037314
1308862943224832001
1308862946873835522
1308862948627165201
1308862956231372804
1308862956562677767
1308862962619252741
1308862963776974852
1308862976619933696
1308862976733179904
1308862984689782785
1308863007804534785
1308863010237231104
1308863011105501184
1308863045284790274
1308863048988397571
1308863049273610244
1308863049370042371
1308863054977867776
1308863056064241666
1308863062494056450
1308863066377945090
1308863069897064448
1308863090075762689
1308863099777290243
1308863106605555712
1308863123105906690
1308863129137315841
1308863129653256194
1308863140810104833
1308863145256128517
1308863146128482304
1308863163190964227
1308863163648147466
1308863164029825028
1308863165137145857
1308863165812408326
1308863170740727811
1308863171260813314
1308863174146510848
1308863187526324227
1308863194849587201
1308863203431125000
1308863204211163136
1308863208359448583
1308863216676728834
1308863230597640201
1308863237967020035
1308863241846751237
1308863244656877568
1308863245927755777
1308863246561153027
1308863259433459713
1308863259420876806
1308863266773446656
1308863271307563009
1308863291318566912
1308863299308728320
1308863301569392646
1308863304836710401
1308863305050722304
1308863320053686276
1308863329440616449
1308863383211569152
1308863395718930433
1308863408448720896
1308863413410562052
1308863423170711557
1308863447833214982
1308863471291904001
1308863472583815170
1308863477159809028
1308863480292954113
1308863489176489984
1308863534974013445
1308863536047837184
1308863538274996227
1308863540107849731
1308863544855851009
1308863550891360257
1308863550992023556
1308863561062641665
1308863568318734336
1308863582323576833
1308863589986586624
1308863592935165955
1308863605736116224
1308863615802503173
1308863623771705347
1308863640154636294
1308863643619033089
1308863643828850691
1308863648862003200
1308863652024463360
1308863652745940993
1308863669028237313
1308863673155420161
1308863681770422274
1308863685084024835
1308863702494523393
1308863708123344901
1308863710417612801
1308863728268517376
1308863732500410368
1308863732974526465
1308863736933949445
1308863752335486987
1308863765065207809
1308863775114702856
1308863777375481856
1308863794563645440
1308863799542325249
1308863819184246786
1308863823475023875
1308863825639354369
1308863825861541888
1308863858224889860
1308863865296490496
1308863865594273792
1308863877988442115
1308863878923726849
1308863887920463872
1308863897059897347
1308863899022884866
1308863899224223744
1308863921881862144
1308863945965535232
1308863953523671040
1308863958435213313
1308863961933189120
1308863980182614016
1308863989850533889
1308863992518119424
1308863993046601728
1308864014051614720
1308864022578683906
1308864031780995074
1308864034410770438
1308864038852587525
1308864066979536896
1308864089352024066
1308864101096005632
1308864106854862854
1308864108721311744
1308864112898736128
1308864113716727810
1308864119483895810
1308864131152437252
1308864148160360448
1308864163930943489
1308864164039983104
1308864164425805824
1308864170381770755
1308864181354065921
1308864181526040577
1308864182071287810
1308864202044473344
1308864202749210626
1308864207094534144
1308864222080782339
1308864230725169154
1308864262006341632
1308864269065302016
1308864286257811456
1308864289281900545
1308864302187769862
1308864312472207361
1308864315957686272
1308864327101931521
1308864344906756096
1308864361692356613
1308864377353728000
1308864382278021132
1308864385503367168
1308864387021709313
1308864387847983106
1308864388254830594
1308864408685285376
1308864442705285120
1308864445771325440
1308864445964267521
1308864453316878347
1308864475685171200
1308864479283814400
1308864479556501505
1308864483050352641
1308864492760117249
1308864499655626753
1308864500842614789
1308864505062084609
1308864511210905601
1308864511600885760
1308864520543182849
1308864526381649920
1308864528353046529
1308864533851709448
1308864562691796998
1308864562846982144
1308864570014998529
1308864570971348993
1308864580052025349
1308864583424266241
1308864588880982016
1308864596359479300
1308864599232581637
1308864604953608193
1308864611882598402
1308864618576646145
1308864629930684421
1308864637304217600
1308864639397228552
1308864643297837056
1308864650252029953
1308864651426492422
1308864658145775619
1308864659160735746
1308864671320100864
1308864674960736262
1308864680597827595
1308864684016242688
1308864688046866433
1308864689070379010
1308864692862017536
1308864722427666434
1308864726932357120
1308864731302723584
1308864738106003456
1308864743038504963
1308864752433672194
1308864759765372932
1308864760763551751
1308864765113110533
1308864769500340226
1308864777972846592
1308864781185699842
1308864789926604802
1308864789897252865
1308864793235857410
1308864797480554497
1308864797774094337
1308864801255415809
1308864801532268544
1308864801645514755
1308864810478698501
1308864813293096965
1308864839637512197
1308864855299035137
1308864856779632646
1308864860223045637
1308864861531709447
1308864868251054081
1308864868473339905
1308864889767841792
1308864901998313476
1308864906272350209
1308864927457857536
1308864928443518976
1308864940468559875
1308864952392986624
1308864953642815488
1308864956549468164
1308864957782597639
1308864962538987532
1308864969170210817
1308864969891557379
1308865005190877186
1308865011939500033
1308865015500468225
1308865016641265665
1308865021284409350
1308865024480473095
1308865028246908929
1308865033481445377
1308865033972191232
1308865035633135618
1308865042058805248
1308865056545869824
1308865066234777604
1308865077697744904
1308865079249641478
1308865080189165571
1308865081653047303
1308865089886445568
1308865113068384257
1308865115106623488
1308865130051108865
1308865132206993408
1308865136317419526
1308865136405471234
1308865149097345024
1308865159880998916
1308865186841976832
1308865191887736834
1308865224951443461
1308865229137358851
1308865233428115457
1308865234208272384
1308865237798580225
1308865243100188673
1308865250540822532
1308865251958566918
1308865263262195714
1308865272124706823
1308865274859401217
1308865297621946369
1308865304005677056
1308865315380645893
1308865317200965633
1308865321781137410
1308865339296546816
1308865342647795712
1308865354467364865
1308865364055425024
1308865390840295424
1308865409442107392
1308865418854006785
1308865430686228482
1308865434972835853
1308865436029784068
1308865443323670531
1308865443558567936
1308865447723446272
1308865457236172803
1308865457508753409
1308865459396116480
1308865463770808323
1308865470179815428
1308865474248220672
1308865477704388613
1308865484733980672
1308865491180621825
1308865493596598273
1308865497077813254
1308865523795595264
1308865536294608897
1308865536613183488
1308865543227797510
1308865551469613064
1308865553705164800
1308865553981935617
1308865564413227008
1308865565767991303
1308865568116740102
1308865579072323586
1308865623364075522
1308865640577544193
1308865652481032192
1308865657400954880
1308865661775548416
1308865666074783744
1308865687545356289
1308865699406925826
1308865703647248385
1308865717249413125
1308865736417456131
1308865739202473984
1308865744474644482
1308865748694114309
1308865769774747648
1308865783037079558
1308865783150383106
1308865795359989768
1308865817354919938
1308865817426178048
1308865833490354177
1308865858018717701
1308865862682771456
1308865866193424385
1308865867380330497
1308865878516269056
1308865906341220352
1308865922074017794
1308865934162038788
1308865942823350272
1308865952457555973
1308865964109443075
1308865979326312448
1308865979972190209
1308865980966285312
1308866013358960644
1308866013992230918
1308866017817432064
1308866022838095872
1308866025664978944
1308866027862798343
1308866031432105984
1308866034519150598
1308866048721125377
1308866060347674624
1308866063879278592
1308866065196363777
1308866076034437121
1308866076395081731
1308866077825347590
1308866101724565504
1308866102047502336
1308866106740879361
1308866107915337729
1308866113548300289
1308866126147973121
1308866127599108096
1308866138865053698
1308866147060781058
1308866149002682368
1308866164383191040
1308866165234708481
1308866168552411136
1308866176982962176
1308866202320723968
1308866208167530496
1308866211023904769
1308866211002884100
1308866232653938689
1308866236604993540
1308866240220483584
1308866244565757952
1308866251960315907
1308866300022845440
1308866302707146755
1308866302845517825
1308866302933643264
1308866306888929281
1308866328363765762
1308866334193840130
1308866342116831236
1308866365156139012
1308866370369654784
1308866374857617414
1308866391374737416
1308866396030414849
1308866420411899905
1308866438300655621
1308866449155514372
1308866463898497026
1308866470676492289
1308866474614886405
1308866480033931271
1308866480591773700
1308866484257595393
1308866484597338114
1308866485167755275
1308866492386209792
1308866500661514240
1308866504872656897
1308866510199365634
1308866514649575426
1308866521297543169
1308866530143358983
1308866533804912640
1308866544231907328
1308866548459884545
1308866551089639430
1308866563009843203
1308866566457569282
1308866571364896769
1308866571692060674
1308866587487858690
1308866596065153026
1308866597478686720
1308866605158461443
1308866610535567360
1308866614482415624
1308866626243223558
1308866629686759424
1308866655674658817
1308866665359302657
1308866672426713096
1308866676763561984
1308866677300441088
1308866677761871874
1308866688549629953
1308866693201047554
1308866697483431940
1308866706308243458
1308866719226703873
1308866730136084483
1308866741099991041
1308866753536163847
1308866774268604417
1308866774331527170
1308866782145515528
1308866783202496517
1308866785660358657
1308866795399413760
1308866806518611968
1308866813514711040
1308866815624445952
1308866831462133762
1308866839154487304
1308866839724916737
1308866841654296581
1308866848277114880
1308866855684186114
1308866856741199873
1308866865373077511
1308866869848428544
1308866872960520195
1308866873308655621
1308866919651586048
1308866927394258945
1308866949632397315
1308866957068963841
1308866957341536256
1308866962123096064
1308866979172945921
1308866986617733127
1308866995572613120
1308866996033982465
1308867008541405185
1308867012366610432
1308867050450939904
1308867064375980033
1308867070503903233
1308867070822625283
1308867072365981696
1308867099541069825
1308867119388536840
1308867122630725635
1308867133120577542
1308867139705729024
1308867146613743616
1308867147750404097
1308867155769917448
1308867168981913603
1308867175734751232
1308867181476749312
1308867188036702208
1308867199797473280
1308867201320005667
1308867234786402304
1308867241300164608
1308867251060248576
1308867273789243392
1308867285327765504
1308867289765351428
1308867289819865095
1308867290524512263
1308867292009291776
1308867292235735040
1308867298862784513
1308867313165316097
1308867313261858819
1308867330986958850
1308867334652801025
1308867340680003585
1308867348129026050
1308867352725946381
1308867369310326785
1308867376499261452
1308867381025034241
1308867410771030016
1308867410867433473
1308867435404177415
1308867444212224007
1308867447261454337
1308867456958636034
1308867458527383552
1308867478873931779
1308867493461659648
1308867506849882112
1308867514458353664
1308867519738982406
1308867524843507713
1308867542195351555
1308867557147934720
1308867558003617792
1308867579105157122
1308867579247816704
1308867594678657031
1308867604468109318
1308867612705685506
1308867616807804930
1308867636726509568
1308867640992108550
1308867641898082304
1308867645584879617
1308867653172432898
1308867658700468226
1308867658885017605
1308867662030811137
1308867670171955201
1308867676387901440
1308867679210663936
1308867683551711234
1308867696042401798
1308867696839229441
1308867701004271618
1308867718104444929
1308867722416193538
1308867725364781056
1308867726463709185
1308867745065426944
1308867770730323971
1308867777952919554
1308867792242909185
1308867798064599040
1308867808374251520
1308867816381124609
1308867817417117696
1308867818398646273
1308867820604796929
1308867829106724864
1308867831052804097
1308867879237021697
1308867880059129858
1308867904805498880
1308867918676078598
1308867918722142209
1308867921389727744
1308867948065566723
1308867951748055042
1308867957293035522
1308867968667971586
1308867977622814720
1308867991141076994
1308867994207088641
1308867997117943809
1308868019549069312
1308868038670905350
1308868039434293252
1308868039912370181
1308868049169199105
1308868057532715008
1308868073022255104
1308868073991143431
1308868081624719368
1308868082841124864
1308868089099046913
1308868089644224512
1308868107461701640
1308868119260286976
1308868123681005570
1308868125165785089
1308868125476225026
1308868150264565760
1308868151925518340
1308868152508461057
1308868160720957441
1308868161572343810
1308868170606956546
1308868172846686211
1308868200201965568
1308868202336849920
1308868202743640065
1308868206799577090
1308868216891101191
1308868250990776330
1308868253259792384
1308868258020421633
1308868270712393730
1308868275229556738
1308868291478388738
1308868292933816327
1308868294632452096
1308868294489841672
1308868304266723331
1308868315713089537
1308868342523088901
1308868345970790402
1308868346176208899
1308868359480639489
1308868367965663232
1308868376098463746
1308868380280139778
1308868389046231048
1308868408205746176
1308868408973422592
1308868416409948161
1308868432784482305
1308868438006419463
1308868439528931329
1308868439432462341
1308868458516488193
1308868461012156416
1308868467152621569
1308868468524175361
1308868479412469762
1308868488388317184
1308868496533618688
1308868500325363715
1308868500656656386
1308868504423223299
1308868506495188993
1308868508885962759
1308868515248705539
1308868525323366403
1308868552565370882
1308868560941469699
1308868560899444738
1308868563038547968
1308868576070242305
1308868589047480322
1308868589533966337
1308868595351457794
1308868602808893444
1308868604868415489
1308868610639695878
1308868614888599552
1308868620349583360
1308868630986227713
1308868639328792587
1308868644768747530
1308868648979881985
1308868652368879616
1308868656345079810
1308868665736134656
1308868669573926915
1308868684602060802
1308868695129829378
1308868702192967680
1308868706311835649
1308868709956677632
1308868714528468995
1308868718286471173
1308868720262078470
1308868735885770752
1308868743355826176
1308868760762281987
1308868761781497856
1308868765753409537
1308868769381593090
1308868778466390019
1308868778709733380
1308868781633081346
1308868782631407617
1308868789753262080
1308868811878215680
1308868820015214593
1308868828059885571
1308868832963035136
1308868850855948294
1308868852760092678
1308868852961472513
1308868858074353665
1308868858770587649
1308868870665572353
1308868871114366977
1308868898461188101
1308868898897514497
1308868899795070976
1308868917285224449
1308868920611405824
1308868929025081357
1308868932292489221
1308868933420748811
1308868937044709379
1308868945252888578
1308868945483571205
1308868950395158528
1308868979327488002
1308868992266887169
1308869004187049985
1308869004677840897
1308869007617994756
1308869008381349893
1308869025859067905
1308869042770411521
1308869055118561282
1308869080783388673
1308869084243730437
1308869104384856064
1308869125461233665
1308869131274420227
1308869131526180864
1308869134344761345
1308869138568359937
1308869151507836928
1308869151772082176
1308869158797479941
1308869159187611651
1308869175352406021
1308869201793363970
1308869213570899968
1308869218515988485
1308869228213219332
1308869231707066371
1308869240552914946
1308869255790813184
1308869281459974145
1308869282021994502
1308869282672017408
1308869286820282368
1308869288648994817
1308869289458401280
1308869303320576000
1308869306919407618
1308869313890267142
1308869314074816512
1308869319816892417
1308869331078578178
1308869344378654725
1308869343908892673
1308869347385970689
1308869372950261760
1308869385227034625
1308869393422659585
1308869414238986245
1308869420618584065
1308869435617406977
1308869440835145728
1308869449420812289
1308869451589316609
1308869453988483075
1308869461160726528
1308869463035572224
1308869485751873537
1308869504345178114
1308869511366561792
1308869514088587265
1308869516093517824
1308869519629332481
1308869525241245696
1308869536003784705
1308869537123663873
1308869546263154688
1308869546388926464
1308869561261928449
1308869574247567360
1308869577657454596
1308869583986659328
1308869603536384000
1308869616215691265
1308869620779167745
1308869628890935298
1308869646590922753
1308869659119190016
1308869662776741889
1308869672494870535
1308869691662839811
1308869692883382273
1308869695458684929
1308869700827439104
1308869711438974976
1308869720578437131
1308869729046720514
1308869743995244544
1308869773267283973
1308869802887458816
1308869818901311488
1308869827151433730
1308869831521980417
1308869839251963908
1308869847682609152
1308869856285126658
1308869861041475589
1308869864405250052
1308869874177978374
1308869880330977280
1308869892746215425
1308869903202562061
1308869924245430273
1308869935683317761
1308869936492810247
1308869952858918913
1308869962136727552
1308869968306593797
1308869977290797056
1308869982261055488
1308869994458025996
1308869995116597248
1308870002599227396
1308870003337330689
1308870014800400386
1308870015110852613
1308870027723132930
1308870039873957897
1308870060551921671
1308870061504057347
1308870065522118657
1308870082173509632
1308870104432750595
1308870103291891713
1308870127815921667
1308870142642749441
1308870145222291457
1308870168026767367
1308870192521453569
1308870193096069120
1308870195411329024
1308870213396582406
1308870215728590850
1308870216286437378
1308870216500248576
1308870251594084358
1308870254756589574
1308870268681695236
1308870287002341378
1308870301112053761
1308870303653793793
1308870321429192704
1308870347907891212
1308870367579168768
1308870375862931456
1308870377226014721
1308870377817415682
1308870385497182211
1308870402496704512
1308870404459630593
1308870446935404546
1308870489788624896
1308870490132484097
1308870536378953731
1308870537096187905
1308870539713417216
1308870556855435266
1308870557719552000
1308870560106119168
1308870564510150656
1308870572525473800
1308870586169528321
1308870597393473545
1308870604041445379
1308870605874307072
1308870614904705027
1308870628477472773
1308870629236658178
1308870631958736898
1308870636429889537
1308870645581836289
1308870649683808263
1308870651940306949
1308870653811003394
1308870657392902148
1308870662413484032
1308870668461780994
1308870673239072768
1308870677324353536
1308870682260930562
1308870689634553856
1308870703656169472
1308870707204575233
1308870711256199168
1308870715739983877
1308870717505757189
1308870720668217349
1308870724329889793
1308870732470988800
1308870736275275777
1308870741237137408
1308870742046638080
1308870750057701376
1308870773617184772
1308870781682753536
1308870784170037249
1308870804810104832
1308870807284781057
1308870807603548160
1308870809054834688
1308870817485402112
1308870855401902080
1308870864134451213
1308870871197548545
1308870909500035072
1308870922141663233
1308870946158239744
1308870947638857728
1308870949622755330
1308870951686279171
1308870957881229312
1308870959449939969
1308870966911655938
1308870972200624131
1308870980845084673
1308870997236486144
1308871000231161859
1308871030648307712
1308871030736326656
1308871046011981824
1308871068812300289
1308871075472781312
1308871076148056065
1308871090433916929
1308871094305263617
1308871106741362701
1308871115100565505
1308871121765269504
1308871151779708928
1308871168078819328
1308871168984784897
1308871189226545154
1308871199020249091
1308871211821273101
1308871222122381313
1308871221128376326
1308871226740428800
1308871227155656704
1308871230934712322
1308871234638274564
1308871244239044609
1308871257732124672
1308871259732803584
1308871273368477699
1308871281509642241
1308871289369755654
1308871302393065477
1308871303122870274
1308871314753687553
1308871315714117634
1308871327810555906
1308871332327718915
1308871335976865799
1308871344273199109
1308871345804062720
1308871349696262144
1308871349876797441
1308871356872880130
1308871369233494021
1308871394336411648
1308871396420997122
1308871424904515585
1308871427681116164
1308871432043220992
1308871437596397568
1308871445532094464
1308871454285594624
1308871471180271616
1308871471410876417
1308871473831055363
1308871475227766784
1308871477975015428
1308871488716574723
1308871492009156609
1308871508283002882
1308871533750779905
1308871538289016832
1308871538947612682
1308871549613731840
1308871558652481537
1308871562574082049
1308871572623683595
1308871576809623555
1308871583230984192
1308871593603616769
1308871616730935303
1308871619360813057
1308871629347454982
1308871635378876418
1308871638323167233
1308871639870959621
1308871642421043211
1308871646493671427
1308871648116977664
1308871649803079680
1308871655343697926
1308871659147980801
1308871668056633344
1308871668417417217
1308871673664491521
1308871680903778306
1308871685421125632
1308871706447163392
1308871709982892038
1308871729612312577
1308871732686737409
1308871735060594696
1308871742740467716
1308871767482662912
1308871768267001858
1308871777616121857
1308871780107538432
1308871784188579849
1308871786541584389
1308871801620004864
1308871823451357185
1308871830300696580
1308871839775682562
1308871843567284232
1308871852404748288
1308871853730148352
1308871857194643456
1308871861598597120
1308871865360945166
1308871869328764929
1308871881580216321
1308871881957748738
1308871894054187012
1308871903550025735
1308871915138953223
1308871927004631042
1308871928606846977
1308871931865825281
1308871932230676486
1308871953898450946
1308871957333651463
1308871981354418178
1308871986718875651
1308872027940548609
1308872028850708484
1308872043035852800
1308872044516380672
1308872045661483009
1308872062711345153
1308872079320719360
1308872083439603713
1308872090636947458
1308872099935682568
1308872107149979650
1308872109163196424
1308872109326819329
1308872111583305728
1308872112162197504
1308872134001913857
1308872139349651456
1308872141908176899
1308872142428221440
1308872150120620044
1308872163458510848
1308872184505552899
1308872193120636930
1308872201949634563
1308872221503389697
1308872226624671745
1308872230315720704
1308872230491820033
1308872241342488577
1308872241984221186
1308872254206476289
1308872262817325056
1308872280051716101
1308872284044767238
1308872305200762883
1308872306408726528
1308872312637345793
1308872315195789312
1308872325820022793
1308872343012474882
1308872351338168322
1308872355045945349
1308872360876015616
1308872364604694528
1308872371835678721
1308872372808810496
1308872385655959552
1308872390697537538
1308872393247649801
1308872394623328256
1308872406694588418
1308872435106811904
1308872459609923584
1308872472339664899
1308872473979559937
1308872482200457218
1308872489112612865
1308872497971036163
1308872502156963841
1308872516103004160
1308872518778974211
1308872518648954880
1308872523896020995
1308872527364550656
1308872528727805952
1308872552887050246
1308872565352476672
1308872585854300160
1308872586722508802
1308872602480521221
1308872607694049286
1308872615877115904
1308872618985037825
1308872620285231106
1308872629126864899
1308872636164976642
1308872650807283713
1308872663088201730
1308872677814345730
1308872678242168835
1308872691013779458
1308872698886582272
1308872700077789186
1308872718188769281
1308872726136979464
1308872728632537089
1308872736329134083
1308872754909847556
1308872767136313344
1308872770302902273
1308872804880863233
1308872809297444864
1308872817904152578
1308872825445519361
1308872831107768321
1308872838342938624
1308872851651522568
1308872851890593804
1308872875550572545
1308872876100116480
1308872900926205953
1308872901890891776
1308872917451771904
1308872920974987265
1308872922665189379
1308872922900160512
1308872934652612610
1308872935403388931
1308872937601150979
1308872944077230086
1308872947403239424
1308872948204343298
1308872954323841025
1308872954852278273
1308872963391979525
1308872963391975431
1308872968517419010
1308872975630860294
1308872992903114753
1308872993179746305
1308873004601016321
1308873034531561475
1308873039245959173
1308873047114424323
1308873056455188490
1308873063602229253
1308873102089236481
1308873102143770631
1308873128815321091
1308873128987291648
1308873161082056710
1308873170204659714
1308873178576490497
1308873195471208451
1308873203050258438
1308873207475326979
1308873209861885952
1308873221412925446
1308873224487342080
1308873229428285451
1308873236361424897
1308873252492673029
1308873265075552256
1308873265478283271
1308873274760327168
1308873299242430469
1308873300664373249
1308873312756477953
1308873316065841154
1308873337167327234
1308873345241415681
1308873357027414016
1308873357371281408
1308873359233609729
1308873366158311426
1308873375071318017
1308873395883225088
1308873417324670979
1308873442209521664
1308873451277619206
1308873454851158018
1308873467081691136
1308873470693052422
1308873470881792001
1308873482877501441
1308873499830898688
1308873502225825792
1308873532760363013
1308873548052729861
1308873563483635712
1308873599202340864
1308873602868150275
1308873608983441409
1308873608769437699
1308873613613948942
1308873613316157441
1308873615509782528
1308873618718363654
1308873622849806336
1308873639681552384
1308873640197398532
1308873642273583107
1308873665463934979
1308873669209477121
1308873672803913728
1308873678260666369
1308873684149579777
1308873685105770496
1308873685588160512
1308873697286148098
1308873698636636162
1308873706639437827
1308873706974990338
1308873714235322369
1308873730928660481
1308873747554873345
