1302667868685963265
1302667873987559425
1302667880794935296
1302667912084365312
1302667941708804100
1302667943864565760
1302667962453823488
1302667965125468160
1302667973702725633
1302667973224730625
1302667990853398531
1302667994439528448
1302667996691935233
1302668002932989961
1302668010063376385
1302668020960112650
1302668023627747332
1302668023539658755
1302668027071062016
1302668027540860928
1302668032666406912
1302668040031686659
1302668043810738179
1302668045941317632
1302668052975120384
1302668079533641729
1302668081488187397
1302668081693708290
1302668089809567744
1302668108147163138
1302668113012494336
1302668124379119618
1302668138002165760
1302668142427004928
1302668153739030528
1302668157006557186
1302668182658916352
1302668185997467648
1302668189285875712
1302668195178983427
1302668201298460674
1302668206050603008
1302668206784512003
1302668217135951872
1302668222160752640
1302668235280494592
1302668235226189824
1302668259318067200
1302668278695890944
1302668282651193346
1302668315060396032
1302668331233804290
1302668335486648321
1302668346245238787
1302668354432495622
1302668367007023105
1302668371511574530
1302668371998248960
1302668373424312325
1302668376414842880
1302668379455619072
1302668379963101184
1302668382219767808
1302668388456488966
1302668398728548352
1302668405678407681
1302668411978133505
1302668414037630977
1302668420807356417
1302668421675409408
1302668426318688259
1302668430894600192
1302668442240258049
1302668447105519616
1302668447692840962
1302668457239027714
1302668459092979712
1302668463681474562
1302668472124571648
1302668475991818240
1302668476218306560
1302668482216067074
1302668485542248448
1302668508476575745
1302668512377233409
1302668514357129220
1302668516080803840
1302668518006104066
1302668523047661569
1302668535571808256
1302668536687386624
1302668543675174912
1302668549803048960
1302668550490947584
1302668589774909440
1302668592039653376
1302668597752401920
1302668610280853505
1302668610394107904
1302668641742262275
1302668654467846144
1302668655910551553
1302668662575374336
1302668677293256706
1302668687720103942
1302668690308042752
1302668698843398144
1302668702173757440
1302668712613425155
1302668714685411330
1302668721455009792
1302668727482224643
1302668727901618176
1302668733505089536
1302668738228113408
1302668741210238979
1302668744477433856
1302668748772593664
1302668751326846978
1302668757689565185
1302668758578688000
1302668759606255616
1302668766354919424
1302668768875819008
1302668773640429568
1302668788974845952
1302668791722192896
1302668795174170624
1302668805462687745
1302668809296375808
1302668812962213888
1302668813620707330
1302668814014967808
1302668815642185729
1302668833254039553
1302668845744902145
1302668850257948674
1302668850513805312
1302668850769678336
1302668854288678914
1302668862756974592
1302668863071547393
1302668864715739137
1302668879307530241
1302668880280576000
1302668891504685058
1302668894763495424
1302668901080326144
1302668904293167104
1302668905039757315
1302668908298735618
1302668909892399105
1302668926896279552
1302668930549415940
1302668930889125888
1302668942083723264
1302668950837194752
1302668954263891968
1302668955207696384
1302668956096966656
1302668958055706632
1302668966494699521
1302669006868897792
1302669010979287040
1302669013072457730
1302669025416286210
1302669028922662913
1302669038032691201
1302669040909918211
1302669042260611072
1302669050812735490
1302669069896822786
1302669079711449091
1302669099114225665
1302669101202960384
1302669101492445185
1302669113060478982
1302669129233633281
1302669151484272640
1302669161924120576
1302669162611904512
1302669175282958336
1302669178395070470
1302669198469017601
1302669211588853760
1302669218018742274
1302669239145304064
1302669254966341632
1302669270627897346
1302669277342900226
1302669291397971968
1302669296464785408
1302669302621847552
1302669307135041536
1302669340207198208
1302669346301456385
1302669348767772673
1302669367541366784
1302669376726818816
1302669380099203072
1302669383232376833
1302669392304635905
1302669428904136705
1302669436495843334
1302669440438370311
1302669442355204096
1302669442489495552
1302669449418469379
1302669450777329669
1302669461955268609
1302669464459268104
1302669476110843904
1302669484990369794
1302669487687323648
1302669489314689025
1302669491122442241
1302669508230823936
1302669519081660418
1302669520734244866
1302669525494697986
1302669536051843074
1302669542347374592
1302669557845422080
1302669561272115202
1302669584059764742
1302669587591442433
1302669604980961281
1302669610228027392
1302669613076041729
1302669614447579137
1302669626581622784
1302669640427016196
1302669643388252164
1302669646269689857
1302669667102871552
1302669671997472768
1302669678381330433
1302669690175713280
1302669691165405184
1302669728897470465
1302669743082545152
1302669763835904001
1302669767539658762
1302669790260142085
1302669798233509889
1302669802448859141
1302669831314046979
1302669836439498753
1302669840784732160
1302669843100053504
1302669851564085251
1302669885630230528
1302669887576444929
1302669894249410560
1302669899001745408
1302669920119844867
1302669921567027201
1302669922900873218
1302669923634864128
1302669926570827778
1302669941594882050
1302669945407508487
1302669951019384834
1302669956622974977
1302669957193400326
1302669957675864066
1302669985744064519
1302670005230854144
1302670009458724867
1302670029985636354
1302670036428099590
1302670045143801856
1302670052702007296
1302670072423616512
1302670078140231680
1302670079763656705
1302670112076500994
1302670116753113088
1302670125527715843
1302670134624964608
1302670138458673155
1302670146369069058
1302670156003520513
1302670158658297857
1302670160298422273
1302670162387185671
1302670182800818176
1302670240946454528
1302670242296991744
1302670252950446081
1302670298634952705
1302670306784374790
1302670310215303170
1302670310857113600
1302670323528142848
1302670325872816129
1302670331564285952
1302670348291371009
1302670356562444290
1302670359645368321
1302670363831263234
1302670368306376705
1302670369728405506
1302670383443828736
1302670402687242240
1302670405820325888
1302670409544994816
1302670410341847040
1302670425911185415
1302670427693563907
1302670448816201728
1302670481858887681
1302670493171019783
1302670500796100609
1302670506257244161
1302670506949095425
1302670513240760323
1302670517179224066
1302670531062366209
1302670534132428800
1302670537592918025
1302670539396460553
1302670546094571521
1302670554772779008
1302670556970528768
1302670561412362242
1302670573592391681
1302670587026911232
1302670586896773120
1302670603955171328
1302670604785647616
1302670611651551233
1302670622871486465
1302670631536939008
1302670644111380483
1302670645751209984
1302670669524557830
1302670673006006273
1302670674469818370
1302670695533608960
1302670703129489410
1302670714743463936
1302670720653307905
1302670730987880454
1302670741041745920
1302670743315120130
1302670744942452737
1302670746913837057
1302670755340132353
1302670768401121280
1302670787300790277
1302670806812512256
1302670809731919872
1302670809752907777
1302670815968636929
1302670817583603712
1302670834033713158
1302670838513070085
1302670848759717889
1302670852509532160
1302670866594050049
1302670875871850496
1302670877423624197
1302670887448121347
1302670888022585345
1302670892347068417
1302670896054837253
1302670896918925318
1302670902656557056
1302670913352142850
1302670924148211712
1302670929848270848
1302670931450564609
1302670932952182785
1302670953105813506
1302670953512611840
1302670955748249603
1302670965210480643
1302670966577942535
1302670970335920129
1302670980612059136
1302670982184869888
1302670983258542080
1302670989684125697
1302670989952724993
1302670996814458881
1302671005811269632
1302671014417973249
1302671022538199040
1302671024786477056
1302671066695962625
1302671072219652096
1302671079199125505
1302671096404156416
1302671097251287040
1302671097553473536
1302671118336131077
1302671139454451715
1302671144353492995
1302671150237937664
1302671178557845504
1302671185994547201
1302671196849418243
1302671198569017354
1302671199076519936
1302671201941303296
1302671201983246342
1302671207817523201
1302671212544430081
1302671214264094720
1302671240105205760
1302671242051440640
1302671277501546497
1302671285680365568
1302671288822124544
1302671293175734272
1302671303808299008
1302671316143747073
1302671322275811329
1302671334342897666
1302671338746732544
1302671341263491074
1302671342270066688
1302671344656683008
1302671344958668802
1302671351241732100
1302671353963782144
1302671358653018112
1302671363912556546
1302671377124790273
1302671382812164097
1302671384104009735
1302671395046846464
1302671398050168832
1302671404517781506
1302671415049678850
1302671422125412358
1302671431302557698
1302671431545884672
1302671434930630656
1302671454685868032
1302671458712391682
1302671461979693058
1302671463447658496
1302671464315981824
1302671464307589121
1302671467738402816
1302671471232376832
1302671475221069825
1302671487376138241
1302671493529305090
1302671500923764737
1302671502005821440
1302671504216391687
1302671516891455488
1302671517189275649
1302671527268282371
1302671559438422017
1302671566375919619
1302671568103858176
1302671580791795714
1302671584373567488
1302671598009356297
1302671610869026816
1302671616942383104
1302671617290428416
1302671621690400768
1302671632591286274
1302671640896118787
1302671643546976257
1302671647338565633
1302671667630546944
1302671673255133190
1302671676958801921
1302671680976965633
1302671681237004288
1302671681882914816
1302671685758279681
1302671686165319680
1302671686517563392
1302671696961339393
1302671699842928643
1302671722932363264
1302671735809093636
1302671750929375232
1302671761092247553
1302671763113799680
1302671775168299008
1302671782667845633
1302671788174905350
1302671798673301505
1302671802095874048
1302671803727458305
1302671813030424581
1302671813286064128
1302671837588062212
1302671846391898115
1302671846974853120
1302671850238074882
1302671853639610370
1302671857284345861
1302671857934573568
1302671865396097026
1302671865941389312
1302671874200141825
1302671888624357376
1302671890679582720
1302671908840771584
1302671913219690496
1302671913269903360
1302671919758503936
1302671925525716993
1302671928021389312
1302671949634494464
1302671954768527363
1302671965623324680
1302671967862968321
1302671988977209350
1302671992051687431
1302671992244633600
1302671994853437441
1302671996480872448
1302672009390747648
1302672020069441536
1302672024670670849
1302672027892035586
1302672028651196418
1302672034225426432
1302672057889685504
1302672057998606337
1302672059575595009
1302672060733362176
1302672067708571648
1302672075438555145
1302672087165722626
1302672093545406464
1302672093738344448
1302672095860666370
1302672102991048704
1302672105188847621
1302672108795965443
1302672118929215488
1302672128819507203
1302672130962649089
1302672155021398023
1302672167570739202
1302672173241430017
1302672181621592070
1302672188932337664
1302672191654420485
1302672202928721921
1302672203616485377
1302672208737824770
1302672215800909824
1302672222931255296
1302672224420233219
1302672240375468032
1302672243139506176
1302672243575730176
1302672257102360576
1302672264584863744
1302672265167777793
1302672284210155520
1302672285950791680
1302672303482957824
1302672312223883272
1302672340573093889
1302672341672095749
1302672348101988353
1302672352891875330
1302672353386729473
1302672377206235137
1302672380716777475
1302672383451381761
1302672390963380225
1302672406780219392
1302672411737849859
1302672412044128257
1302672424865988608
1302672457317388288
1302672469401182209
1302672481732435972
1302672485591191553
1302672486337830912
1302672506679996419
1302672514842152960
1302672532890357763
1302672534828015616
1302672546442227712
1302672574523019264
1302672586833375232
1302672595414913024
1302672604583657472
1302672613790154753
1302672618684928002
1302672633885007872
1302672649932476417
1302672654676054017
1302672675731505152
1302672683893764096
1302672685131067392
1302672693653843971
1302672721004953600
1302672723127103488
1302672724708524036
1302672742483886080
1302672745499635718
1302672754374840321
1302672760662102017
1302672760683016193
1302672778051477505
1302672792840736770
1302672825518567430
1302672834586726400
1302672836813701120
1302672840819224577
1302672847404511236
1302672877070807041
1302672878085656578
1302672912441196551
1302672913271644160
1302672922511892480
1302672941373558785
1302672942707273729
1302672953474265094
1302672970570248198
1302672972629540864
1302672973283852290
1302672975070724098
1302672997246009344
1302673003021398018
1302673009224933381
1302673012949487616
1302673014908006400
1302673022491353088
1302673030766882816
1302673042007633926
1302673065898373122
1302673073569755137
1302673089612767232
1302673096483233803
1302673106373242880
1302673117144326149
1302673121216999424
1302673124157206528
1302673124543148033
1302673139877412864
1302673142184378369
1302673146747580417
1302673158030454786
1302673183464542209
1302673186887213059
1302673199340163073
1302673215538388992
1302673230470279173
1302673232223326208
1302673237537509376
1302673238523342850
1302673243460042754
1302673250107813888
1302673254658629633
1302673255350890496
1302673255451389952
1302673262795726849
1302673268013518850
1302673282395770881
1302673283553398784
1302673296173998081
1302673301525934080
1302673305749643264
1302673311986577410
1302673322723872768
1302673331431243778
1302673338557497349
1302673342571347973
1302673354399395846
1302673356118986752
1302673376507551755
1302673377057017856
1302673403556638720
1302673403527168000
1302673404655554563
1302673407247556611
1302673418232397824
1302673432761565189
1302673436104429569
1302673446871105536
1302673471776849920
1302673490202460160
1302673495302836226
1302673502240202755
1302673511467499520
1302673547794546689
1302673555608547330
1302673556489138179
1302673557303054343
1302673561845366785
1302673570544353280
1302673572096335873
1302673582120751104
1302673592203776002
1302673609303961611
1302673612026118144
1302673618518802434
1302673622155366405
1302673621673029633
1302673627054182401
1302673637540089860
1302673650252947456
1302673652870242306
1302673657265782784
1302673670708617218
1302673674215006208
1302673676735639552
1302673700702040065
1302673709145231361
1302673716288139264
1302673727092523010
1302673740061388800
1302673765134938112
1302673766569345025
1302673768540561408
1302673782272819201
1302673783644467206
1302673786400124929
1302673787935219714
1302673791240343557
1302673797296791552
1302673858353344512
1302673877303091200
1302673884756480008
1302673891261927426
1302673893648408582
1302673908332662785
1302673913189605376
1302673916889042945
1302673922144440320
1302673945129353223
1302673952343494657
1302673953530544130
1302673966335537153
1302673966478364680
1302673973826727936
1302673982546735104
1302673991568625665
1302673993288372233
1302673995658125319
1302674008257765376
1302674015807582208
1302674029627740162
1302674038117072897
1302674040323297283
1302674055858982917
1302674060652863489
1302674106244980736
1302674115455836160
1302674150717378560
1302674153485541376
1302674160749965314
1302674166831669248
1302674178794020864
1302674212348407814
1302674214332387335
1302674214948724736
1302674222146150400
1302674224679727108
1302674243931471873
1302674248801177601
1302674276374503424
1302674293214638082
1302674312051273728
1302674314358124546
1302674314722906112
1302674315113095172
1302674320708128768
1302674329788993540
1302674335455379456
1302674352110841856
1302674362236010504
1302674363095883777
1302674376727306242
1302674387959721985
1302674395010338816
1302674401180233732
1302674412383207425
1302674422202064898
1302674430296956930
1302674436315807744
1302674446499676164
1302674457685786631
1302674475192856577
1302674479395602433
1302674488082018304
1302674490560831489
1302674504867610625
1302674504959832065
1302674513826639873
1302674517400211456
1302674518532599811
1302674529387458562
1302674532575002629
1302674554314256386
1302674585108742144
1302674591228321795
1302674603035287556
1302674624602419201
1302674632013619200
1302674634874040320
1302674635658592261
1302674662791548930
1302674667761737734
1302674675810664448
1302674680470548480
1302674683469467650
1302674699328131074
1302674702767448066
1302674714922569729
1302674730114150400
1302674740205608960
1302674741103407105
1302674745289129984
1302674760057401344
1302674768399945728
1302674772413775876
1302674775865729024
1302674781922263040
1302674797760053248
1302674811789942785
1302674820824530944
1302674838662725632
1302674845260550145
1302674850524409858
1302674855779737600
1302674861534466058
1302674874519949312
1302674897634648064
1302674915036983296
1302674918631452673
1302674926709735424
1302674928567803906
1302674930987868167
1302674952185884674
1302674956518592512
1302674966178082817
1302674981743017984
1302675001594740738
1302675005231312896
1302675019588186112
1302675020385341440
1302675020636999681
1302675021056405504
1302675025993007104
1302675027830214657
1302675039771336704
1302675047170166784
1302675058825986048
1302675073493618689
1302675084511817728
1302675098806161408
1302675104573267968
1302675108721569794
1302675116002697216
1302675121329463296
1302675122579480577
1302675143815094272
1302675149817249795
1302675152455397376
1302675157459312641
1302675157530619904
1302675158700703744
1302675158994497537
1302675159673864197
1302675161565376512
1302675171808030724
1302675177231339525
1302675183409549312
1302675189155745793
1302675193437929473
1302675199914119168
1302675201814147072
1302675207757484032
1302675209317687296
1302675210831826951
1302675212174008320
1302675239697092611
1302675276627836929
1302675276762144768
1302675282101501957
1302675293975523334
1302675297217601536
1302675299000365061
1302675306571067399
1302675306977914880
1302675343455793152
1302675348052676611
1302675352242794497
1302675363387052035
1302675363609407488
1302675364599271424
1302675368294440963
1302675377903394821
1302675379841310720
1302675380353019905
1302675381502304257
1302675388074729473
1302675388448100352
1302675392080146432
1302675392948563968
1302675405279821831
1302675455905083399
1302675494333222912
1302675494756810752
1302675495893512192
1302675507406868480
1302675518253412357
1302675536502829056
1302675541317705729
1302675543884734466
1302675544811728898
1302675552239865859
1302675570472484866
1302675573219577857
1302675595936096259
1302675603116773376
1302675603854823424
1302675607860412416
1302675620724461570
1302675623488491521
1302675637212262400
1302675642790678528
1302675669063790593
1302675675753648129
1302675678689726464
1302675686512001031
1302675690811056128
1302675698394509317
1302675702299254784
1302675705168384000
1302675713586200577
1302675727804841985
1302675747040096257
1302675763657953282
1302675766665048066
1302675767311175681
1302675771379445760
1302675771845218311
1302675774617645057
1302675775087415296
1302675796914565120
1302675803356966917
1302675808473948161
1302675842691026944
1302675867936739328
1302675872760070145
1302675892099936256
1302675893668786177
1302675901218533380
1302675906876637185
1302675909678309377
1302675911150534656
1302675933355298817
1302675935603249153
1302675935527727104
1302675942154874881
1302675956914688007
1302675961599660039
1302675972689334272
1302675981321334784
1302675989042991110
1302675993413459968
1302676010358525956
1302676010626932739
1302676017115521026
1302676022714920962
1302676040175759367
1302676050682548226
1302676074019450880
1302676085725958147
1302676103002292226
1302676122371534848
1302676130605027329
1302676132387598337
1302676140012773381
1302676141451378694
1302676145834467330
1302676213069119490
1302676224041512978
1302676241699475458
1302676247852519426
1302676277141397510
1302676281746579456
1302676284418535428
1302676292308000770
1302676294375792640
1302676315779162112
1302676316899213312
1302676321504550912
1302676335886766080
1302676341997711360
1302676349639970816
1302676382200336385
1302676383341125632
1302676384192638976
1302676384444227585
1302676384960196611
1302676392723853312
1302676397819822080
1302676402920022017
1302676418824937473
1302676432011878400
1302676433920307201
1302676456284143616
1302676458146590722
1302676466438676481
1302676487611523072
1302676496750981121
1302676497367474178
1302676502513889281
1302676517932224514
1302676538597531650
1302676544326963201
1302676549083246594
1302676551679512576
1302676553520746496
1302676564077838336
1302676568255401984
1302676582071504897
1302676585519157248
1302676592922107909
1302676595862376448
1302676596051107840
1302676611385430016
1302676615659499520
1302676623943061504
1302676645048979457
1302676647544590336
1302676651139096580
1302676661045927936
1302676663054950401
1302676663386484739
1302676682093072384
1302676687964995584
1302676690129375233
1302676694269124609
1302676698568126469
1302676700879294466
1302676740989480961
1302676772463411200
1302676774053203968
1302676774988525570
1302676775252750337
1302676777723101185
1302676782399750149
1302676784769650690
1302676790792663040
1302676792247894016
1302676797977440256
1302676808056426497
1302676818307276800
1302676820865593348
1302676824548429825
1302676826771394560
1302676831594659840
1302676836414038016
1302676837135417345
1302676852008509440
1302676862334894086
1302676868903165953
1302676911517085696
1302676913878638597
1302676924523839493
1302676925773737990
1302676939346456577
1302676941665980417
1302676945935663111
1302676946975969286
1302676948401881089
1302676950058700800
1302676950398439424
1302676953791692800
1302676954777300997
1302676961832169472
1302676970245894147
1302676971017646081
1302677007516360704
1302677025346351104
1302677025447174156
1302677035777748993
1302677041607634945
1302677055943979008
1302677062658990082
1302677067562008577
1302677081965248512
1302677087917142017
1302677108943192066
1302677117495201793
1302677120443977729
1302677129503490054
1302677137908994049
1302677145974530053
1302677155004911616
1302677159396474881
1302677169215344640
1302677183261884417
1302677183333371906
1302677183656329216
1302677223913197569
1302677239809609728
1302677242653421570
1302677253172518912
1302677256368660480
1302677279517048837
1302677282398433280
1302677289675653121
1302677291416387584
1302677298714476544
1302677307849502720
1302677315911143435
1302677316108156935
1302677351541755904
1302677355815751683
1302677372144029698
1302677386635468800
1302677386912178177
1302677393778372609
1302677398471823361
1302677399688052738
1302677404272463873
1302677415483719680
1302677422165426177
1302677423360806919
1302677444797833217
1302677465161138176
1302677474006843392
1302677474866851841
1302677479908405250
1302677492021460994
1302677498241495040
1302677507716640769
1302677508467417090
1302677510895828993
1302677519389405184
1302677523541626882
1302677524665626624
1302677525420822529
1302677532903432193
1302677541958881283
1302677564910166016
1302677573768536065
1302677575437873152
1302677583537020930
1302677602730217472
1302677603493515264
1302677610992988160
1302677632342020097
1302677643242897408
1302677654601117697
1302677661920063489
1302677662901575680
1302677663363084294
1302677671898423296
1302677672170987520
1302677680316469248
1302677683118243842
1302677683654946816
1302677701833175049
1302677704756654083
1302677743394598912
1302677747618271236
1302677760050069505
1302677767427825664
1302677768942039040
1302677771546750978
1302677774499491840
1302677796284698625
1302677802974687233
1302677811199504385
1302677815729426432
1302677819365957633
1302677834620698625
1302677835992248320
1302677850982682624
1302677854082269185
1302677861086699522
1302677863901081601
1302677864651710464
1302677872642076679
1302677872533012482
1302677877201268738
1302677877750673413
1302677885493358595
1302677885984047110
1302677890484572162
1302677895832190976
1302677903164026883
1302677911137386502
1302677914874339328
1302677916250243073
1302677939880890368
1302677942208811008
1302677948839981056
1302677957245317126
1302677963494756352
1302677963805093888
1302677976547553281
1302677991143739392
1302677995577106432
1302678002875215874
1302678004045352967
1302678004997541889
1302678011192455170
1302678015193776132
1302678018192744449
1302678019543359490
1302678020231245824
1302678028489838593
1302678044247818241
1302678045107597315
1302678059640926209
1302678095816613888
1302678124635852802
1302678124589658114
1302678130021326848
1302678135218073609
1302678154671263752
1302678154742501377
1302678158609649665
1302678161986138112
1302678162552356864
1302678169913188352
1302678177546940428
1302678181296484352
1302678194953359361
1302678203799142402
1302678205153722369
1302678219473084416
1302678223860518912
1302678230290305025
1302678240633421824
1302678247252131840
1302678252461461505
1302678257926455297
1302678259650437123
1302678260866838533
1302678263072919552
1302678265602211840
1302678266256519168
1302678267711938567
1302678271683964930
1302678274615713794
1302678275840528384
1302678292533637122
1302678298770706432
1302678298854531073
1302678299072659456
1302678310275739648
1302678312909713410
1302678322049097729
1302678357654614017
1302678357738491904
1302678362163470336
1302678364210098176
1302678372225626112
1302678374503022593
1302678379418640384
1302678383940104193
1302678384250687493
1302678386985373698
1302678391682985984
1302678400876924929
1302678401371852801
1302678402210713604
1302678404052004865
1302678419264634881
1302678422259404802
1302678437795188743
1302678443994296325
1302678452034772992
1302678481990553602
1302678484570066946
1302678490307649536
1302678531617566720
1302678542631735297
1302678555441192961
1302678556636520448
1302678561531203585
1302678567013298177
1302678580980318213
1302678590165745664
1302678590287470593
1302678592980017152
1302678606208995329
1302678614111068160
1302678618229952518
1302678623531433984
1302678631043543040
1302678640086454274
1302678645228662784
1302678644347875331
1302678647979958272
1302678648026214404
1302678648332455941
1302678649296941057
1302678652031696896
1302678655269769216
1302678665948520449
1302678674597195784
1302678680989323266
1302678698542403584
1302678702602563586
1302678743576608769
1302678761478017031
1302678763294068736
1302678779391868929
1302678800342294528
1302678801588146176
1302678814661709824
1302678817492922370
1302678829413130240
1302678830189080576
1302678831669620737
1302678844013309952
1302678846618193922
1302678860018995204
1302678874359201801
1302678890280890370
1302678891111342082
1302678891824402432
1302678901618081793
1302678915304038400
1302678916319064066
1302678925617827841
1302678928298049539
1302678938150490112
1302678939261784065
1302678941212254209
1302678948762054657
1302678949990989826
1302678953568632834
1302678957557383168
1302678959218454528
1302678964192804864
1302678967556554752
1302678968429162501
1302678975211352069
1302678975043395584
1302678975609737216
1302678979825070087
1302678983394226176
1302678989136441345
1302679004961476610
1302679009088606208
1302679014692343811
1302679064176594945
1302679068312297473
1302679086179987456
1302679093717196802
1302679093977083904
1302679111744270337
1302679115233976323
1302679114856488960
1302679128299241472
1302679152059793408
1302679160217886723
1302679168413364225
1302679173572497412
1302679178270199808
1302679181734694917
1302679185454968832
1302679204652253185
1302679206975778817
1302679213539958785
1302679222574632960
1302679227846864897
1302679234704367616
1302679235149078528
1302679244250722306
1302679244913467393
1302679247664734213
1302679249673949184
1302679263590723584
1302679269269618688
1302679274483195904
1302679280766287874
1302679285266698240
1302679287724683267
1302679302165667841
1302679324286423041
1302679328677920769
1302679336055521280
1302679360453906437
1302679377306628098
1302679382402752517
1302679385317703680
1302679387259777024
1302679389042339841
1302679389839200257
1302679391491829760
1302679398018056192
1302679420096872449
1302679440032292864
1302679446768541703
1302679448353898496
1302679455144394753
1302679458936127493
1302679458688700416
1302679460903297029
1302679465206702080
1302679487658823682
1302679491974705153
1302679499398619136
1302679504645693444
1302679512044445696
1302679516909907970
1302679545259200513
1302679549931524096
1302679555380047872
1302679566469693442
1302679601274028036
1302679601450291207
1302679618177175552
1302679638221578240
1302679642260885506
1302679647617003524
1302679660082294784
1302679664574390272
1302679671855865859
1302679694777749509
1302679695637581825
1302679712498700289
1302679731909820421
1302679742836076545
1302679743238516736
1302679743821524992
1302679746044669953
1302679756526309378
1302679758615044097
1302679762633216003
1302679764969414656
1302679770233278464
1302679784498094080
1302679786314256386
1302679793402609670
1302679800751042564
1302679805947793408
1302679813077991438
1302679822804475904
1302679833634201600
1302679849140727808
1302679857156050944
1302679860351918080
1302679862256324609
1302679871458402304
1302679882556731398
1302679889905102848
1302679892757221383
1302679894334287873
1302679894619553792
1302679902122991616
1302679907059879939
1302679909303750657
1302679923270639618
1302679930547961861
1302679943558713345
1302679945399934978
1302679952995897349
1302679973933834240
1302679977603862528
1302679982356017158
1302679990484504584
1302679993160359936
1302680002496995334
1302680003818196993
1302680023728562176
1302680072961372160
1302680086315851779
1302680088257978372
1302680094675148802
1302680096348819456
1302680099867832321
1302680103072092161
1302680102606700545
1302680103764340736
1302680110680731649
1302680111746035715
1302680142314168322
1302680146240065536
1302680150786670594
1302680207401287681
1302680212044353536
1302680213537591296
1302680224425861120
1302680229198983169
1302680238036381696
1302680239521366024
1302680243577159680
1302680269078622210
1302680285700452353
1302680289584582656
1302680296526020608
1302680308844818434
1302680326817406976
1302680328331497472
1302680338859163648
1302680352150958080
1302680355942600705
1302680368492019712
1302680370479947776
1302680389241061376
1302680409696854017
1302680417657597954
1302680425748463616
1302680430102151175
1302680432073478151
1302680438025191427
1302680438591361026
1302680454479278082
1302680455578349569
1302680458778402816
1302680465573400576
1302680485739606016
1302680492605616136
1302680497496227840
1302680499962425344
1302680500914487297
1302680501250076675
1302680511178059776
1302680511358394375
1302680514067943424
1302680527967719424
1302680534603059200
1302680546259206144
1302680548184403974
1302680557969715201
1302680566572224512
1302680575401172997
1302680583269748738
1302680603930890240
1302680624977776640
1302680625569243136
1302680659509620737
1302680665205420033
1302680678585180160
1302680682267844609
1302680692518793223
1302680702119362560
1302680714954059777
1302680720754774030
1302680724915580929
1302680740098904064
1302680764283342850
1302680773288488960
1302680782310383616
1302680786617982977
1302680799729397762
1302680811775328257
1302680828112183298
1302680829412302848
1302680830670757893
1302680855299665920
1302680872307568647
1302680876426432512
1302680879911837697
1302680884676636673
1302680897557278721
1302680900967301123
1302680938305015808
1302680961017151491
1302680972106833920
1302680973293780992
1302680974786879488
1302680988053577729
1302680988787539969
1302680988988977152
1302680993996910598
1302681004193099776
1302681004465778689
1302681018491494400
1302681023650689027
1302681030831280128
1302681031326269442
1302681046408998912
1302681047373680640
1302681067346952194
1302681079103381505
1302681082761015299
1302681085025890311
1302681102633631746
1302681110476926976
1302681124574035969
1302681147340730368
1302681165690802183
1302681219008659456
1302681219973419011
1302681226873122821
1302681244052992001
1302681255486529536
1302681263241916417
1302681263459852290
1302681265951444995
1302681291456798720
1302681296364134400
1302681296972296192
1302681304002179076
1302681304413220868
1302681307533709312
1302681313145692167
1302681315997868035
1302681321030983681
1302681332057886725
1302681358008029190
1302681358087655424
1302681361669672960
1302681365809332225
1302681370267971585
1302681374839787520
1302681378182627329
1302681382372675585
1302681394435555337
1302681397098930177
1302681400949305346
1302681406825431041
1302681407052025856
1302681409375670274
1302681415922913283
1302681427612438529
1302681441327874051
1302681444897054721
1302681449661739008
1302681456825769991
1302681462282444800
1302681471031812096
1302681474647326725
1302681487649759235
1302681521111916546
1302681530251108353
1302681537704529922
1302681563201757187
1302681564258725888
1302681569489018883
1302681573725278209
1302681574413008896
1302681579282550784
1302681587180605441
1302681593195175936
1302681604276580355
1302681606709219328
1302681611041996800
1302681612283457537
1302681633280135170
1302681643262586884
1302681653949628416
1302681660278923265
1302681666243174401
1302681671989440512
1302681681133010947
1302681685226663942
1302681688909254656
1302681706160222208
1302681723440857089
1302681725953171457
1302681727601647617
1302681734467649537
1302681744882233344
1302681745209331714
1302681754969538560
1302681767879626756
1302681772224925696
1302681773319565313
1302681778143006721
1302681778713395200
1302681779078393857
1302681781083213829
1302681781347516418
1302681781364113408
1302681782026932227
1302681795515822082
1302681805254995976
1302681830504697856
1302681834577428482
1302681835508465664
1302681841678331911
1302681855796355073
1302681877015408640
1302681877556408321
1302681896732766209
1302681908699164678
1302681911668731904
1302681912029229057
1302681927426637825
1302681928944898048
1302681939128848384
1302681953653731332
1302681961304121344
1302681966379180032
1302681969545883650
1302681970049265664
1302681972964163584
1302681979775864834
1302681986256056320
1302681988055302146
1302682007596535808
1302682011992285185
1302682014890496000
1302682026479321089
1302682029964898309
1302682041960423424
1302682057269747717
1302682068653092875
1302682073052966913
1302682074550120449
1302682082393518080
1302682082892632064
1302682086831198209
1302682089444302855
1302682106380931079
1302682107924353024
1302682108008099840
1302682111854477312
1302682112596770816
1302682120805068802
1302682133358505985
1302682143022288899
1302682155458465795
1302682167101870080
1302682171463925760
1302682183425982469
1302682187804954626
1302682201058881537
1302682204083040256
1302682207455244288
1302682237431881728
1302682266427031553
1302682272588419073
1302682317614469127
1302682322295304194
1302682324807553026
1302682360950018052
1302682371888738306
1302682379312660480
1302682399738863617
1302682401022316544
1302682412682485761
1302682413437509632
1302682413676605441
1302682424007102464
1302682447650324481
1302682460375977984
1302682464041734146
1302682468080906240
1302682470500970496
1302682472316981249
1302682473508241408
1302682477882998784
1302682480479215618
1302682481926246402
1302682482928648198
1302682490428162049
1302682502860083200
1302682506479767553
1302682532098449408
1302682540298383362
1302682550855503873
1302682552495415296
1302682565636227072
1302682581129998338
1302682583151579142
1302682594040053760
1302682595424174080
1302682604219629568
1302682609806315520
1302682638948405251
1302682639183167488
1302682641100136451
1302682641259466753
1302682649471971329
1302682650566627329
1302682651351035905
1302682666081320960
1302682674482548740
1302682681944272898
1302682690664030208
1302682709660114944
1302682711073738755
1302682716563963906
1302682728631095298
1302682730195345409
1302682745433358338
1302682759220137991
1302682775800213504
1302682788966076416
1302682804942110720
1302682817525149696
1302682826513559552
1302682833362837505
1302682833526435840
1302682834289688579
1302682838811246595
1302682854896271361
1302682866652983296
1302682882092216321
1302682893043601408
1302682915176939521
1302682935972298752
1302682936286740480
1302682952883728386
1302682955769434113
1302682957405093888
