1302154484932468744
1302154498077417474
1302154508047323136
1302154527357894658
1302154538388918275
1302154548543279105
1302154578046009344
1302154583104462848
1302154600498167808
1302154602855297026
1302154609801142272
1302154620760805376
1302154627610107904
1302154636422344705
1302154647524663297
1302154662582329344
1302154678868742149
1302154682777792513
1302154691179024387
1302154707725500417
1302154735173025793
1302154742806634496
1302154754181574656
1302154760439517186
1302154767448174595
1302154781713207296
1302154823693815809
1302154828894724097
1302154835907588098
1302154852080824320
1302154859026604038
1302154868556062720
1302154883370418190
1302154895986888706
1302154921878401024
1302154938265468928
1302154940329025536
1302154945194422272
1302154950244327426
1302154964328828928
1302154978971140096
1302154982905454592
1302154986227249155
1302154987573858304
1302155003348439040
1302155005865074688
1302155012248805378
1302155019194523648
1302155020440186880
1302155030795968512
1302155032427544576
1302155054250520576
1302155063960498176
1302155071275245568
1302155080414629889
1302155080574013441
1302155084671803392
1302155092049768449
1302155095555977216
1302155150044336128
1302155150639861760
1302155161893130240
1302155169476427778
1302155176095092736
1302155194076020736
1302155198853341189
1302155203484024832
1302155207946592256
1302155210404454400
1302155210727415808
1302155230428233728
1302155231329955841
1302155238049112065
1302155241652068353
1302155249860276226
1302155265316278273
1302155266926886912
1302155274430500865
1302155283808968704
1302155315740205057
1302155375215427585
1302155389471842312
1302155395813666822
1302155415644299264
1302155445683986434
1302155459831291905
1302155477304766464
1302155482497298432
1302155489317285888
1302155491737436161
1302155508346843138
1302155517385613312
1302155523098161154
1302155532313268226
1302155540357734400
1302155557600595970
1302155561119563777
1302155579880660993
1302155580232982528
1302155625485357056
1302155647287398401
1302155652391866368
1302155656921673728
1302155659874500608
1302155674361552898
1302155684398559232
1302155696343924737
1302155702857641984
1302155707551158272
1302155708935274502
1302155713679040512
1302155716279455744
1302155728975659009
1302155739897626624
1302155751436115968
1302155776652238849
1302155790233423873
1302155795941842944
1302155802078257153
1302155802980032512
1302155826124279808
1302155845271126016
1302155855614423040
1302155856042221569
1302155861888884736
1302155897679097856
1302155912870674432
1302155951554703360
1302155952506859520
1302155952699842562
1302155978570334208
1302155983037165570
1302155985713127424
1302155990037491712
1302155994965749765
1302156012070121472
1302156014175662080
1302156016960724995
1302156017178824706
1302156020215508992
1302156020525932544
1302156021767438336
1302156027932979200
1302156056286560259
1302156117774987265
1302156138058780673
1302156145600024576
1302156149450448896
1302156153850216448
1302156155490246656
1302156164407259138
1302156166865104899
1302156170392526848
1302156173450383360
1302156174528110595
1302156183403466752
1302156188184846337
1302156225224863744
1302156226889789440
1302156240550731776
1302156259781570561
1302156267150999552
1302156272809119746
1302156276416221185
1302156279838769153
1302156289342992384
1302156301892374528
1302156309601480705
1302156312344555520
1302156331646771201
1302156346003828736
1302156348876943361
1302156349560614914
1302156357395648512
1302156362890113031
1302156372184723461
1302156373413605376
1302156376429400064
1302156378996264961
1302156383383502854
1302156393382686720
1302156399124729859
1302156399300898818
1302156422331772930
1302156436202430465
1302156453092888577
1302156482088022016
1302156482213851138
1302156492108451841
1302156500152926208
1302156502757564416
1302156507333582848
1302156514073870336
1302156541840121856
1302156553391235072
1302156555375185921
1302156557438930944
1302156563713609730
1302156564069982209
1302156605363027968
1302156632814579713
1302156633309544448
1302156648845201410
1302156652653637633
1302156685541167104
1302156687034335235
1302156705262759936
1302156720928559104
1302156733188456449
1302156736971776002
1302156749940510721
1302156753543389184
1302156779883622406
1302156784048599041
1302156791971631104
1302156812154581000
1302156816965488640
1302156838163509248
1302156855175647234
1302156859537633283
1302156872443506688
1302156905238859776
1302156908082601984
1302156908384497666
1302156908715888640
1302156917112893441
1302156933395226624
1302156947555147776
1302156957311098882
1302156962759548928
1302156988759982080
1302157013468631040
1302157016794714112
1302157035182731267
1302157040723177477
1302157052286885888
1302157054459559937
1302157054732169217
1302157069429030914
1302157086634065920
1302157098348732416
1302157102752739329
1302157107496591360
1302157111737028608
1302157111917334529
1302157116312973312
1302157121878802439
1302157129617297408
1302157152241569793
1302157156763004928
1302157159455625216
1302157165226942465
1302157182620688389
1302157212740067330
1302157213159440384
1302157233891897349
1302157246701301761
1302157246722236416
1302157258705391618
1302157262861905922
1302157278129209345
1302157279576223751
1302157285473435648
1302157286949879810
1302157287268601859
1302157294050799616
1302157296709988353
1302157300698767361
1302157303940960256
1302157307254505472
1302157312082108416
1302157341471596549
1302157363181314049
1302157366809497601
1302157367489056768
1302157370340982785
1302157381116112896
1302157405371863040
1302157409268297729
1302157409280864258
1302157411021537281
1302157412615454720
1302157425877770241
1302157441195372544
1302157447512039429
1302157448166256640
1302157457834221568
1302157459591749634
1302157464226287618
1302157509256450049
1302157513886806016
1302157516038574081
1302157526754967552
1302157531142209539
1302157538260144128
1302157539795062784
1302157549219717120
1302157596636266497
1302157610741903360
1302157612616687616
1302157632749408257
1302157648561729536
1302157657860521985
1302157663908708352
1302157668921073665
1302157675753431040
1302157678324539392
1302157689670180871
1302157694359547904
1302157712659152896
1302157722591272960
1302157724050837505
1302157725346852864
1302157754547593217
1302157800567521281
1302157800781512704
1302157812810878976
1302157812949110786
1302157826408681474
1302157834834960384
1302157850354085889
1302157852211994624
1302157873682808832
1302157876404789248
1302157899423252483
1302157930372894725
1302157939189321728
1302157944046276609
1302157951210201088
1302157953215078400
1302157980486365184
1302158017241120768
1302158034823598080
1302158050069868544
1302158062338285568
1302158073230917632
1302158077836230661
1302158079409168384
1302158089760714759
1302158095494205440
1302158128251887618
1302158155867017217
1302158172552003584
1302158173428572160
1302158178033922049
1302158189677473792
1302158197818441728
1302158200326807552
1302158214008430592
1302158215828836353
1302158216323710976
1302158236896751616
1302158265434988546
1302158283990589440
1302158291817189378
1302158341964288003
1302158342736019457
1302158366056349696
1302158372196831234
1302158397035274240
1302158467273306113
1302158491969294336
1302158492489232384
1302158503063236608
1302158510315118594
1302158534058979328
1302158540480688129
1302158570130038784
1302158584495534080
1302158617861402624
1302158630699950080
1302158656612384770
1302158659556798464
1302158661679226880
1302158663658778624
1302158664669622273
1302158665818931205
1302158704918360064
1302158705958572032
1302158712052776961
1302158718516174849
1302158743019323393
1302158751881781248
1302158758013882370
1302158758483648512
1302158766876565504
1302158775042879488
1302158784077258755
1302158791413170179
1302158792881127424
1302158793279594499
1302158794642743296
1302158798417608704
1302158800124809219
1302158801840209920
1302158831670169600
1302158859470024704
1302158860984221697
1302158869079224320
1302158870492585991
1302158871339859968
1302158887202598915
1302158888075063296
1302158889614532608
1302158897440940032
1302158902511824896
1302158905443844096
1302158927006588928
1302158933222551554
1302158950171803650
1302158985642926086
1302158986620395520
1302158991854768128
1302159001807974400
1302159015917416449
1302159017389817857
1302159029607702528
1302159041376985088
1302159071772995585
1302159111878926336
1302159128186380288
1302159143688601600
1302159153830404097
1302159158339403781
1302159166790721536
1302159172948185088
1302159179860254720
1302159209690214400
1302159209891590148
1302159216665387008
1302159219357921280
1302159228736602112
1302159229185175553
1302159236919689216
1302159261775081472
1302159282482417665
1302159296613023744
1302159319534907392
1302159319950135297
1302159330318274561
1302159351143161856
1302159392066777090
1302159412862173184
1302159438220947456
1302159457045053440
1302159464275959808
1302159478532513792
1302159482898784256
1302159499239845888
1302159507015991297
1302159530558713857
1302159540683567105
1302159549747605505
1302159561931980801
1302159576557445121
1302159603505872896
1302159616164483074
1302159618601373698
1302159626796892161
1302159643402149889
1302159645088178176
1302159693134077952
1302159713124126721
1302159720933777409
1302159726436904961
1302159728563433472
1302159755926999045
1302159769088663552
1302159775145381889
1302159783428894725
1302159787141013504
1302159803272241152
1302159815683256320
1302159833588621312
1302159834800771073
1302159866471956480
1302159873841520641
1302159878648213504
1302159880082653185
1302159884138344453
1302159892317380608
1302159899418415104
1302159903960621059
1302159907958009856
1302159910944219137
1302159911686680576
1302159919504744450
1302159937334775808
1302159961468928001
1302159985217069056
1302160001243508737
1302160013360640000
1302160023490039810
1302160040506392576
1302160047942893571
1302160071678398467
1302160080675262464
1302160092696113153
1302160102506532864
1302160106361171969
1302160113206210560
1302160113730371585
1302160118851735553
1302160125050880000
1302160138816503810
1302160198216413184
1302160212896473089
1302160225709907968
1302160228943757312
1302160234950131713
1302160263374934021
1302160284396580864
1302160299642945538
1302160306056069122
1302160334837485569
1302160338750767104
1302160357776150536
1302160358036123648
1302160360451915776
1302160368928579586
1302160369021054976
1302160370866380801
1302160378542075904
1302160380010135554
1302160386670563329
1302160393012346880
1302160403649236993
1302160425140793344
1302160424901570560
1302160431218397185
1302160432744939520
1302160441737646080
1302160447215300608
1302160447882264577
1302160454987345920
1302160465095659521
1302160485517873154
1302160490999607296
1302160499954515970
1302160504085938176
1302160533202898946
1302160534016602112
1302160537640415232
1302160539515146240
1302160539452203009
1302160550454063104
1302160565071228929
1302160566241419265
1302160572297785344
1302160580908851200
1302160596763324417
1302160602563928065
1302160602622603264
1302160616585535494
1302160618443677696
1302160620788224005
1302160628597972993
1302160637309714433
1302160658943934464
1302160681941204992
1302160682255699969
1302160684579397634
1302160714187112448
1302160722827378690
1302160733724176384
1302160737117196290
1302160757602226176
1302160793350418433
1302160809989148678
1302160833552756736
1302160847796662274
1302160854171803648
1302160861289742336
1302160866557616129
1302160873012842496
1302160876175327233
1302160908836372484
1302160913265557505
1302160919120805890
1302160923117989889
1302160930134831105
1302160932819394560
1302160944173326337
1302160946845155328
1302160951613956097
1302160979778732033
1302160982521901057
1302160993481633798
1302161014847307777
1302161020849393664
1302161025945403393
1302161041254526980
1302161043276345344
1302161043964284928
1302161073361924098
1302161092664324097
1302161094518034433
1302161097349369856
1302161098305495040
1302161100746534913
1302161108409618432
1302161111127666688
1302161119105163269
1302161132522676224
1302161135135854594
1302161151212564488
1302161158850387969
1302161160033177600
1302161163937935361
1302161184972509186
1302161234121297920
1302161235606200320
1302161252047900672
1302161258804908034
1302161285438607361
1302161301054005248
1302161311846072323
1302161387917983744
1302161390858383362
1302161395350265856
1302161402904358912
1302161439864561665
1302161463218335744
1302161486266142720
1302161493245464580
1302161504066703361
1302161577970466821
1302161591127818240
1302161596236603392
1302161603568205826
1302161612199964673
1302161638091522049
1302161658681458689
1302161661021757441
1302161678394630144
1302161703916847104
1302161735005110273
1302161758002569218
1302161758904365056
1302161765103329281
1302161775522127877
1302161815430860801
1302161830861832192
1302161831436447745
1302161857357127682
1302161866823737345
1302161868488765441
1302161870502141957
1302161870858719233
1302161881050701824
1302161886952280070
1302161900168515587
1302161915033124865
1302161920758222848
1302161949728403457
1302161950663675907
1302161963691122690
1302161978258075649
1302161988051591168
1302162007559299074
1302162014345650177
1302162021996134400
1302162035535417345
1302162047581511680
1302162063767351296
1302162075930767362
1302162099670593538
1302162100375048192
1302162105378811906
1302162107941650439
1302162109883510784
1302162111053926401
1302162120482590720
1302162122630148096
1302162136727134208
1302162145107423234
1302162171976007681
1302162180578648064
1302162189403467776
1302162204087648256
1302162221288493057
1302162222723014656
1302162237679960067
1302162247049863169
1302162256990318592
1302162274313003009
1302162309436133376
1302162312300691456
1302162325521215488
1302162347109355522
1302162349248450560
1302162351685165056
1302162353191104512
1302162364721180672
1302162382857199617
1302162405946920960
1302162413106597888
1302162441455824896
1302162480999919618
1302162497135415297
1302162498947252224
1302162524436148225
1302162539657203713
1302162563803656193
1302162564185567234
1302162566576136192
1302162568610492416
1302162576122544134
1302162583097614337
1302162596901146624
1302162597764984833
1302162617750806531
1302162618816233473
1302162640488210432
1302162671324639232
1302162671286980608
1302162675208658944
1302162681336672256
1302162683446226945
1302162690463469569
1302162697300054016
1302162698029785089
1302162706636693504
1302162719424966657
1302162721555664897
1302162741025738752
1302162768544501760
1302162775310061568
1302162778665496577
1302162786072408064
1302162803638165504
1302162808927391744
1302162815319498752
1302162817311739916
1302162817655746560
1302162820570775553
1302162833757491201
1302162838849347586
1302162858088701952
1302162880721293313
1302162881602084864
1302162896181436417
1302162908089118720
1302162933137305601
1302162945095335937
1302162952490037249
1302162958370385926
1302162958743527425
1302162964808695809
1302162966737952768
1302162968667279360
1302162970206593024
1302162986421817345
1302163000401428480
1302163002632876033
1302163003228520448
1302163010350469120
1302163028419338241
1302163037676335104
1302163055518855170
1302163085445214208
1302163096975347717
1302163118718627841
1302163133109211136
1302163143364403207
1302163154336731136
1302163161265692673
1302163185844318208
1302163195537190912
1302163211463122944
1302163224255778817
1302163234993123328
1302163236037558272
1302163252470845440
1302163283948994561
1302163311518076928
1302163361912635397
1302163399040618496
1302163404518551553
1302163408117272576
1302163416388374528
1302163416514134016
1302163427306209280
1302163429197844482
1302163435644424193
1302163438249160704
1302163463712768001
1302163464375406592
1302163471044239360
1302163479281967105
1302163485346861057
1302163485762007041
1302163498344968193
1302163513859665921
1302163517441814529
1302163520092475393
1302163537008168961
1302163542750060545
1302163561431486464
1302163562324996097
1302163563788681217
1302163566125084673
1302163575935467522
1302163588761575427
1302163635050082305
1302163642243137537
1302163643472187392
1302163650745118721
1302163736589930496
1302163753048379393
1302163755846041600
1302163756999352321
1302163757867597826
1302163775496294400
1302163777882914816
1302163784509816832
1302163787521421312
1302163787647258624
1302163828394790914
1302163843393740800
1302163852520566785
1302163884560834560
1302163900956377088
1302163917465149440
1302163939426533376
1302163944983924736
1302163948297482242
1302163949295550469
1302163978622173184
1302163983663804416
1302164009978863616
1302164041029152769
1302164042430246912
1302164067625435136
1302164068539695104
1302164075703660544
1302164078308122625
1302164079906258944
1302164085140680709
1302164104359018496
1302164107685228544
1302164107718615040
1302164109199388672
1302164116698734592
1302164148462252033
1302164180267667456
1302164202690232320
1302164203348856832
1302164232314802182
1302164240568991745
1302164251906396160
1302164274194903041
1302164292859551744
1302164298253381632
1302164301554348039
1302164327042920448
1302164335205244928
1302164340339019776
1302164348475973633
1302164362342268930
1302164368885506051
1302164380021395456
1302164380126121984
1302164395083079680
1302164400875462656
1302164406370000896
1302164416826421249
1302164428369125377
1302164429434355713
1302164432538218498
1302164436275195904
1302164436313092096
1302164438313771009
1302164455921463296
1302164459050471424
1302164463236255745
1302164466990186496
1302164471687901184
1302164478742519810
1302164483788419073
1302164497621282816
1302164504218869760
1302164512259350528
1302164520731897856
1302164535915159553
1302164537068711939
1302164544718946304
1302164554764423170
1302164566147825664
1302164572699328512
1302164575241072640
1302164598498430977
1302164612989816832
1302164615363616769
1302164627502006272
1302164637497135105
1302164656673484800
1302164665640902657
1302164677783425024
1302164701502078977
1302164704350134273
1302164707315519489
1302164710293372929
1302164721064239104
1302164734540537857
1302164740307853312
1302164751145996289
1302164767558303744
1302164782959665154
1302164795102289921
1302164799099297793
1302164811086729217
1302164829071839234
1302164829579419650
1302164842569175040
1302164860298461185
1302164886324039680
1302164894670893056
1302164907224301568
1302164907312513025
1302164926363045890
1302164928049098752
1302164934034415616
1302164938597658624
1302164951771963392
1302164987901865984
1302164995820617728
1302165000254099457
1302165001747288064
1302165012828557314
1302165018738212864
1302165022664261632
1302165025189228544
1302165025507942400
1302165034613854208
1302165083561357312
1302165083670433793
1302165088682434560
1302165101840084992
1302165104147009536
1302165110874501120
1302165136560488450
1302165147620786176
1302165181905211395
1302165193468698625
1302165196555780096
1302165206781636608
1302165247193538560
1302165255540408320
1302165271105343490
1302165285395460096
1302165297982517249
1302165308099170304
1302165320803721216
1302165364193648640
1302165380908056576
1302165384838156288
1302165388747177986
1302165391058272256
1302165411048361984
1302165419139178497
1302165429956214784
1302165430354804736
1302165457416454144
1302165499363512321
1302165504904376320
1302165506565210113
1302165518284140545
1302165544301289472
1302165548793503744
1302165561418248192
1302165566271008768
1302165569043599361
1302165594935099392
1302165604816781312
1302165622130913280
1302165624311951360
1302165686341386240
1302165692246941700
1302165707510157312
1302165708885782535
1302165716649406470
1302165733451890688
1302165747259658240
1302165759045533697
1302165766507290625
1302165768499585025
1302165775290118145
1302165779274752000
1302165827089846275
1302165836958842880
1302165843846062082
1302165880831438849
1302165886711795712
1302165900695670784
1302165924007432198
1302165938968686593
1302166002407481346
1302166004538245120
1302166008027852800
1302166038637805568
1302166043490574336
1302166062318800897
1302166063254298629
1302166064500027392
1302166068681736192
1302166118027546624
1302166134301626368
1302166145881919490
1302166148574711808
1302166159828168704
1302166172176019456
1302166177800740865
1302166220695908353
1302166230464425985
1302166233685532672
1302166254648729605
1302166258553675782
1302166277239308288
1302166287334797312
1302166287532068864
1302166310206541825
1302166319262060544
1302166330875863041
1302166337201074178
1302166345107345408
1302166356868071424
1302166360567558145
1302166366871597056
1302166387067027458
1302166398664204289
1302166400354709504
1302166410219593733
1302166416779599872
1302166431505678337
1302166441077112833
1302166443883200512
1302166444881264641
1302166449356668928
1302166455815794688
1302166459901075456
1302166459855110146
1302166481992519680
1302166490196697089
1302166493933703168
1302166523176517632
1302166527425294338
1302166531850330112
1302166542176661504
1302166577391992833
1302166602956242944
1302166609616928768
1302166616474517506
1302166618282360832
1302166623273529344
1302166625479798785
1302166635835322369
1302166642638483456
1302166645125808128
1302166691837669377
1302166692324352002
1302166699320451073
1302166716797997056
1302166727715946496
1302166749366771712
1302166795885801473
1302166800860360704
1302166806010896385
1302166806845513730
1302166809559232513
1302166814387036160
1302166818929475584
1302166823970811906
1302166825162043393
1302166834716635139
1302166868828938245
1302166892346568704
1302166906624004096
1302166907529854976
1302166922000203776
1302166947308675073
1302166958784217089
1302166990182785028
1302167008205836290
1302167015927345153
1302167016086867968
1302167017794007041
1302167082402865152
1302167090699399169
1302167100169940992
1302167114208468992
1302167166087643136
1302167169833283586
1302167188409733120
1302167194617307137
1302167203022692352
1302167204629225472
1302167216536731648
1302167233314123776
1302167247205654528
1302167253039759362
1302167261474467842
1302167285512040449
1302167288838201349
1302167297478610944
1302167317858725888
1302167320182157312
1302167322900205574
1302167335919325185
1302167351530418176
1302167353745178625
1302167368446214144
1302167372938108928
1302167397676220416
1302167412318646277
1302167425908183041
1302167448590876672
1302167453682872321
1302167462318923777
1302167465397346304
1302167477040939008
1302167485303664640
1302167490089422849
1302167496787623936
1302167522444218368
1302167528622358528
1302167554341793798
1302167590928744449
1302167595211280385
1302167602068938752
1302167604358938625
1302167604820279297
1302167611359322113
1302167622524567552
1302167631995207680
1302167647057043456
1302167676727570432
1302167677994139650
1302167687632572416
1302167718053978112
1302167720755068929
1302167723577946112
1302167733480689664
1302167749460930560
1302167753860820993
1302167780570038273
1302167783350792195
1302167790703587333
1302167792389558272
1302167793148727297
1302167795350740994
1302167810450305029
1302167811297546240
1302167831824359424
1302167846395564034
1302167852066185222
1302167855329312768
1302167856499449856
1302167860006006793
1302167866112798720
1302167871636647937
1302167879010451457
1302167882868994048
1302167891618430976
1302167899658952704
1302167910744432640
1302167912136888322
1302167916729765889
1302167923004518401
1302167927807004672
1302167936744841221
1302167946958172160
1302167947813642240
1302167950711877633
1302167952947589120
1302167959415271425
1302167959649939456
1302167976670425089
1302167983943450624
1302167999965573120
1302168002708688896
1302168032312266753
1302168034442870784
1302168034782502912
1302168044584665088
1302168095021322240
1302168109881548800
1302168115007164416
1302168118450679810
1302168119302029314
1302168136477798400
1302168141578067968
1302168145797365760
1302168149173829633
1302168189917372416
1302168191116828672
1302168193948155906
1302168196909326336
1302168218228973568
1302168218291896321
1302168220103618560
1302168222750461952
1302168235887013888
1302168239829442560
1302168241620398080
1302168249287626753
1302168257533808641
1302168259593207808
1302168259890876417
1302168274327740416
1302168293093126146
1302168307471020032
1302168311053127680
1302168320318353409
1302168324063731712
1302168353977622528
1302168364173922304
1302168367357456384
1302168375343214593
1302168402170126338
1302168431622385665
1302168438929010690
1302168460475146240
1302168464711278593
1302168464824717314
1302168467039072258
1302168507044556800
1302168519245615104
1302168536127766529
1302168547414609921
1302168563181002752
1302168565680713728
1302168565764837376
1302168574178390017
1302168582449704968
1302168597444177921
1302168609163075584
1302168617799254016
1302168619896336384
1302168638800179200
1302168668688666625
1302168679816335362
1302168682462883844
1302168691094761473
1302168695221792774
1302168702964699136
1302168706160758786
1302168715128180741
1302168719620296704
1302168724087209986
1302168735822872577
1302168737001299968
1302168779384782848
1302168786368426117
1302168787207290881
1302168829527691264
1302168854852898816
1302168855930834944
1302168865070350337
1302168878848466946
1302168891129434114
1302168906799472641
1302168908045017091
1302168912067399680
1302168912503746560
1302168956749266945
1302168957923753984
1302168979679608832
1302168988307214336
1302168994607181824
1302169016216281088
1302169018145488896
1302169024684457984
1302169029524635648
1302169052937416705
1302169058889080832
1302169063444148224
1302169096587534338
1302169106897043456
1302169111598780416
1302169124869738497
1302169153915281411
1302169154703613954
1302169158986104832
1302169161259298817
1302169165684453379
1302169186945261569
1302169206541213697
1302169213692448768
1302169217660264449
1302169218922639360
1302169229718769671
1302169233321844737
1302169237104988161
1302169237725868032
1302169260366729216
1302169266460950529
1302169271921852416
1302169277718560770
1302169284920180736
1302169285771636737
1302169285951778820
1302169287038324737
1302169295523323905
1302169307418300416
1302169314565341184
1302169315874086913
1302169335746588674
1302169336384073729
1302169357372583936
1302169359222059008
1302169388313964544
1302169393087029248
1302169394231955456
1302169394383028225
1302169397746860034
1302169410480812034
1302169412636729344
1302169419322478592
1302169430667878400
1302169436082917377
1302169437202767872
1302169527933743104
1302169542433669120
1302169553481412610
1302169572041129989
1302169573135798272
