1301943084503138305
1301943108884508672
1301943117722124293
1301943127507378176
1301943134897745926
1301943142145560578
1301943173678325762
1301943205345349632
1301943207048212487
1301943235950948352
1301943280989433858
1301943283007066113
1301943293220139008
1301943298651639809
1301943301457747969
1301943312023248897
1301943319237406721
1301943326984343553
1301943326992732165
1301943329500860425
1301943329525911552
1301943351931887616
1301943358592442369
1301943360563949569
1301943363516739585
1301943373465399301
1301943373880856582
1301943374220460034
1301943379383799809
1301943382319783937
1301943385951887366
1301943387898155010
1301943390452490240
1301943400447356929
1301943412438962177
1301943414947225601
1301943425659531265
1301943429144948737
1301943444756074496
1301943454000394240
1301943454310817793
1301943455493611521
1301943456651194372
1301943461038391296
1301943475986935808
1301943480122515456
1301943497545723904
1301943498971795456
1301943508924858373
1301943520043896834
1301943521109184512
1301943533713199104
1301943537232211968
1301943541623529472
1301943546153402371
1301943544865849344
1301943551568367616
1301943553938030595
1301943567527669760
1301943578957152265
1301943583969173504
1301943589539401728
1301943593712537600
1301943616231714816
1301943631520112640
1301943634925936643
1301943673085554690
1301943673375129601
1301943688520663041
1301943706182975488
1301943712709181441
1301943719155978240
1301943729830334465
1301943734653812737
1301943739254931461
1301943759928729602
1301943760276905986
1301943778249519109
1301943780652785669
1301943783823749120
1301943784046030848
1301943785249800192
1301943796532355073
1301943805856407553
1301943819487723521
1301943822230982658
1301943827490574346
1301943856003387394
1301943856741650436
1301943865344172035
1301943868745805826
1301943872667353090
1301943884763877376
1301943894490439681
1301943898458091520
1301943914652467204
1301943927235383297
1301943929122689024
1301943961582555138
1301943968960192514
1301943973343264776
1301943974781947907
1301943978657447938
1301943987322880000
1301943995887689735
1301943999448649728
1301944004557373445
1301944023142346753
1301944040825520128
1301944053467029505
1301944061830606848
1301944067526459395
1301944078905618432
1301944079492677634
1301944096076881920
1301944096924327936
1301944100745347075
1301944140775796737
1301944150443667458
1301944179002675200
1301944179610677248
1301944187252805632
1301944191572992001
1301944196291465216
1301944211940560898
1301944211923767296
1301944217221111808
1301944237135716354
1301944244492476416
1301944245348114435
1301944246426054656
1301944255007592449
1301944259231318017
1301944266269229056
1301944273609383936
1301944287903592449
1301944299823804424
1301944306698276867
1301944321965424645
1301944322632237056
1301944323051790342
1301944325656506368
1301944330811305985
1301944338788818945
1301944339585785856
1301944350084136960
1301944351623319560
1301944380874354689
1301944392870100992
1301944393193136128
1301944394681954304
1301944410482061313
1301944415494254595
1301944417528541184
1301944434813267969
1301944447140114432
1301944450818736128
1301944457181499393
1301944478710870016
1301944502861664258
1301944505315323906
1301944510256218113
1301944518732910592
1301944518934233089
1301944523061448705
1301944569056165894
1301944573703393282
1301944579764215809
1301944587456446465
1301944610512666624
1301944610617425921
1301944618704011264
1301944624001417216
1301944624618012672
1301944634361499653
1301944647200038912
1301944649410662401
1301944657572761602
1301944662819778560
1301944682256179201
1301944695904333824
1301944702619602946
1301944703710048265
1301944704892907520
1301944707640066049
1301944712933171201
1301944715600736257
1301944716485894144
1301944718712995842
1301944718671085575
1301944725289734147
1301944729068863488
1301944733061832705
1301944733514649605
1301944749818089473
1301944750635970560
1301944757053202432
1301944757111799808
1301944758059687936
1301944763713826818
1301944765597003778
1301944784274296832
1301944789294813184
1301944792063016962
1301944801240264710
1301944803148660738
1301944817493082112
1301944820533989376
1301944825286217728
1301944826217353216
1301944832861048833
1301944839190315008
1301944842751299591
1301944879967215616
1301944882701897729
1301944883192590338
1301944897436610560
1301944898233552896
1301944904906665985
1301944904826851328
1301944905401544707
1301944913244884992
1301944922505793536
1301944927979368448
1301944930642857984
1301944956874100739
1301944971143131136
1301944984652972035
1301944985235918848
1301945004567474177
1301945005997613058
1301945010410016768
1301945013098737664
1301945021164183552
1301945022322028544
1301945068706836485
1301945071751909378
1301945077862993926
1301945079741861891
1301945082262683648
1301945100143075328
1301945103964012544
1301945104010293251
1301945107776708608
1301945112331792387
1301945115926294530
1301945132657319937
1301945145076707330
1301945146649477125
1301945147954008065
1301945152055971841
1301945157609123840
1301945168686321664
1301945176315891714
1301945189297201160
1301945190136057857
1301945194510778369
1301945195412574209
1301945199208411148
1301945203016830984
1301945203297857537
1301945204581240832
1301945224126758915
1301945227037507585
1301945229457547264
1301945236801765381
1301945238504656896
1301945253545476096
1301945261451694085
1301945262043066368
1301945262148128771
1301945262336815105
1301945271245570048
1301945290895880192
1301945294523830272
1301945294674780161
1301945294775488512
1301945295526400000
1301945298420408320
1301945302870495232
1301945307136024576
1301945316116029441
1301945332239138816
1301945332671094788
1301945335896567811
1301945344918458369
1301945352942125061
1301945353512595457
1301945355043561473
1301945357300043778
1301945370558320641
1301945383434760194
1301945388262326273
1301945388774039552
1301945406352429056
1301945415932219392
1301945424295735297
1301945424924864513
1301945429496606721
1301945446219370496
1301945449570603008
1301945457275531264
1301945474337865728
1301945476791574528
1301945488682475520
1301945491404599297
1301945508886347776
1301945518470377472
1301945536065404928
1301945537780838402
1301945556617502720
1301945568088846336
1301945568353292290
1301945573570834433
1301945576842506241
1301945585851867136
1301945593837821952
1301945606521397253
1301945606693421057
1301945619200839680
1301945630298902529
1301945657037484033
1301945668416811011
1301945673307234304
1301945675802968076
1301945677996589057
1301945692793917440
1301945697592160257
1301945698061959168
1301945698640896001
1301945702872829953
1301945707537063937
1301945728219127810
1301945730773520384
1301945736318398465
1301945736267886593
1301945743633072129
1301945749526126592
1301945753359855617
1301945755624767489
1301945773551165440
1301945778722676741
1301945788902371333
1301945797928509441
1301945803309748225
1301945808368152576
1301945816219754496
1301945824625201152
1301945830694367236
1301945833143885830
1301945835282993156
1301945836784570368
1301945838051131398
1301945839422767105
1301945844606828546
1301945864324149249
1301945864773136385
1301945873035915265
1301945874998849540
1301945878287192065
1301945896301596672
1301945906095370242
1301945912571371520
1301945916241321984
1301945921006112773
1301945922922913793
1301945925552582657
1301945927092113409
1301945936541822977
1301945940807495680
1301945944875905025
1301945953734340609
1301945959627317250
1301945971627175936
1301945986307076097
1301946009648496641
1301946011133399040
1301946018410516483
1301946029361766403
1301946032620736514
1301946034931761152
1301946037033148423
1301946041810419714
1301946070159765505
1301946076560322561
1301946080469417985
1301946085158445057
1301946087268204544
1301946124929044482
1301946128913633281
1301946134613708800
1301946143782440962
1301946150996586502
1301946158898581504
1301946187948290048
1301946208978518017
1301946215043653638
1301946216071090176
1301946217367310344
1301946223239159808
1301946226582069249
1301946235088187401
1301946239471292416
1301946251529814016
1301946264951681024
1301946265127792647
1301946300431306753
1301946305565073408
1301946306978512897
1301946322753409025
1301946326209327104
1301946336443588608
1301946354055475202
1301946359487041536
1301946360099475456
1301946360229494794
1301946381200797697
1301946394559864833
1301946397948874752
1301946406975004674
1301946411768979456
1301946411911720963
1301946444803387392
1301946473752518658
1301946476654817280
1301946482451415040
1301946522855112704
1301946527703760896
1301946569470742528
1301946577905430530
1301946580929376257
1301946591448891395
1301946595349594113
1301946602932719616
1301946616774037504
1301946620401954817
1301946636554256384
1301946640807399424
1301946658943623168
1301946695757033474
1301946701608034306
1301946706658045954
1301946718158610432
1301946736827682821
1301946741768556545
1301946761695637504
1301946767173443584
1301946787792654337
1301946788664967169
1301946793941495808
1301946796739039232
1301946800362926081
1301946808189333504
1301946821401546752
1301946830486413314
1301946863097184258
1301946886975348736
1301946889328181249
1301946897251344386
1301946900350930945
1301946909444255745
1301946913361625088
1301946919321849858
1301946921800601601
1301946923876675584
1301946952754618369
1301946955178930182
1301946959436091392
1301946963110264838
1301946974065897472
1301946984832610304
1301946989542666240
1301946997918896129
1301947009880985600
1301947030336614400
1301947033843052545
1301947059524702208
1301947061252825088
1301947074183864320
1301947074704027648
1301947083579174912
1301947097634103298
1301947097663508480
1301947107625107456
1301947123210964992
1301947136737644544
1301947137631162371
1301947152369819649
1301947161450557440
1301947165124816898
1301947174050082824
1301947177225408519
1301947189879541760
1301947191670403072
1301947219516456960
1301947221689208839
1301947241486315521
1301947252823396352
1301947257617412096
1301947257932087301
1301947265200857088
1301947267159654400
1301947270099730432
1301947274839437312
1301947274780651521
1301947282145894401
1301947289100001281
1301947290706350080
1301947309878513664
1301947317713547264
1301947328019001345
1301947330967621635
1301947332477571072
1301947332762583041
1301947338248712192
1301947340228444160
1301947349535805446
1301947353826496514
1301947370351939584
1301947378929414150
1301947384801394693
1301947385048895495
1301947397187145728
1301947405462581255
1301947416933851136
1301947421602148354
1301947429474971649
1301947431379243011
1301947437830078470
1301947465696817153
1301947467659911176
1301947472978341889
1301947491693113344
1301947493547044864
1301947505119117313
1301947509103906817
1301947525822177280
1301947537205735424
1301947540246388736
1301947551218716672
1301947561553559552
1301947569375830016
1301947573360623618
1301947575705186306
1301947582676164610
1301947583909199873
1301947584215425026
1301947585616392198
1301947585922584576
1301947586262245377
1301947630608617474
1301947631040692225
1301947632923947010
1301947662577565700
1301947666948128769
1301947670597193728
1301947695360143361
1301947704256483329
1301947708261924864
1301947710510170112
1301947719368560642
1301947731842228224
1301947751060721665
1301947759998775297
1301947765384122368
1301947782287298560
1301947783897907201
1301947796380102657
1301947808648486913
1301947823508910080
1301947826411167744
1301947837173960704
1301947844350234624
1301947850037891072
1301947870744985600
1301947874033324033
1301947875040034823
1301947875388256256
1301947890412253186
1301947904194744321
1301947915573899264
1301947915884204033
1301947926843924482
1301947927821201409
1301947930862145537
1301947934368583680
1301947988609204225
1301947990710550530
1301947991973036034
1301947993680039937
1301948005025677312
1301948024202170368
1301948038714359808
1301948054984175616
1301948060386439169
1301948079650807809
1301948083530539010
1301948100676907013
1301948114673246208
1301948123129020418
1301948123934199809
1301948125196824577
1301948129130901505
1301948138337468416
1301948154766659585
1301948158889660418
1301948173511004161
1301948173523587073
1301948176170131461
1301948190502117376
1301948197787426818
1301948201340198915
1301948213893660673
1301948259712237569
1301948261599715330
1301948272609619974
1301948285884731394
1301948294923390976
1301948315580469248
1301948344185556993
1301948348509949954
1301948348891574273
1301948350019694592
1301948351995432960
1301948352830021632
1301948364989362176
1301948365907787776
1301948381477007360
1301948404268924928
1301948421398462470
1301948423067713537
1301948446174138368
1301948474041270275
1301948477333581825
1301948486879907840
1301948486787760128
1301948491678142470
1301948503497871361
1301948511269916673
1301948520568705024
1301948523538051074
1301948528193867776
1301948532748845058
1301948541951246337
1301948542873825280
1301948544731938816
1301948546749521924
1301948560104189952
1301948561710604295
1301948563044405250
1301948566567616514
1301948570224918528
1301948580333150209
1301948588486991875
1301948593276891137
1301948597248782337
1301948633076633603
1301948643252097025
1301948650969595907
1301948653913780224
1301948671949324288
1301948679465717761
1301948683416743943
1301948686348488708
1301948690379272194
1301948695932530691
1301948708964184067
1301948724965408770
1301948733274222593
1301948734658555905
1301948749057593348
1301948763645370378
1301948768451997696
1301948783866019845
1301948783828369412
1301948812940861440
1301948815059058690
1301948827667177482
1301948830905176064
1301948832809463812
1301948835024044036
1301948840107483144
1301948852262645771
1301948865151549450
1301948866355363840
1301948885578002435
1301948887557484545
1301948888379785220
1301948890246070272
1301948904108224512
1301948902548013058
1301948909539917824
1301948914388684808
1301948934730870784
1301948949390000128
1301948962044350470
1301948968239329281
1301948983011692546
1301949008726777856
1301949010245107712
1301949011272888327
1301949012870934531
1301949020772982784
1301949022530424833
1301949040393936896
1301949042352680967
1301949049210171392
1301949062149791748
1301949062242070539
1301949074594242561
1301949082554990594
1301949084123586560
1301949094751993857
1301949097998508032
1301949115874541568
1301949136699301890
1301949158996299778
1301949164092260352
1301949182333329409
1301949197151801345
1301949198812753920
1301949203308933122
1301949205120987139
1301949209013354504
1301949228189650944
1301949234363740160
1301949238293729285
1301949247579971584
1301949271520968704
1301949307810131969
1301949316819550210
1301949330115276800
1301949342526435332
1301949347660214273
1301949366605942784
1301949390127538176
1301949390798561280
1301949406539853824
1301949406359420928
1301949425904836609
1301949429935734784
1301949430543740929
1301949431453868033
1301949480821035018
1301949502367174657
1301949511548297218
1301949538702254086
1301949539570475016
1301949552656674817
1301949561443766273
1301949578678280193
1301949584957153281
1301949606280953857
1301949614220873731
1301949617924382724
1301949641311875078
1301949643891367937
1301949646059835392
1301949647011733504
1301949654477799425
1301949656855871488
1301949672781762566
1301949672727117830
1301949692910108677
1301949702800371719
1301949702938730496
1301949714452054018
1301949714775052288
1301949740041400320
1301949744969908226
1301949745926213644
1301949753434009602
1301949779941953538
1301949796257853445
1301949800279990272
1301949808878518272
1301949820085522432
1301949827127934976
1301949832240787456
1301949832748322816
1301949835562684416
1301949838586777600
1301949840889393154
1301949846623006720
1301949850288713728
1301949850976571394
1301949851316355074
1301949869750272000
1301949883377758215
1301949886343131137
1301949889446842371
1301949895494889472
1301949900536643585
1301949903850086400
1301949904433164293
1301949908224823296
1301949912096141312
1301949918345678850
1301949928093048832
1301949935756210176
1301949949471461376
1301949954471190529
1301949955247083522
1301949968090005504
1301949971231461382
1301949972754071553
1301949979120906240
1301949979225853955
1301949980828143617
1301949984695345164
1301950001099104256
1301950018488762368
1301950034217496578
1301950035542847488
1301950086142996482
1301950097484283904
1301950099044605955
1301950104144736256
1301950118451703808
1301950119676346374
1301950121437995013
1301950121685458946
1301950121899364357
1301950134473953282
1301950143760080898
1301950147811778562
1301950156024283136
1301950160583483394
1301950165134110721
1301950166862241792
1301950176454639618
1301950178811838467
1301950184511823872
1301950196843188228
1301950197665153024
1301950202991968256
1301950205361872901
1301950231521767424
1301950233555992576
1301950243525844999
1301950246834941952
1301950248240033792
1301950252736372736
1301950265675915265
1301950269769609218
1301950293916168192
1301950295967109121
1301950306054475780
1301950306960502786
1301950320420028423
1301950323670487040
1301950329597157376
1301950341794103296
1301950406797398016
1301950409280565251
1301950416599609345
1301950424505896967
1301950431044698113
1301950436778237952
1301950448795086849
1301950457812840449
1301950467631648769
1301950472039796736
1301950475676381191
1301950476322209793
1301950486795427840
1301950488036995074
1301950491610370048
1301950504751300608
1301950507779600384
1301950507905355776
1301950518173016066
1301950519049674752
1301950538167312386
1301950545582645248
1301950547591917569
1301950555963756544
1301950559092580353
1301950562628501510
1301950567321931776
1301950570358386689
1301950581620314112
1301950591548219393
1301950594060611586
1301950597252427777
1301950597583777794
1301950645944176640
1301950658527072257
1301950662872305666
1301950669000237057
1301950688289869833
1301950696959471618
1301950700939882497
1301950711941472257
1301950720137195522
1301950734779453441
1301950739049336833
1301950740227854336
1301950742383607808
1301950768958799873
1301950776605110272
1301950790073036802
1301950799182999553
1301950801544458240
1301950805671641092
1301950807500378112
1301950823916863489
1301950852064632833
1301950852995964929
1301950853176274944
1301950855713820675
1301950856305217536
1301950861971685377
1301950876551122949
1301950890270629888
1301950894712520705
1301950895350001666
1301950903638011905
1301950908280995840
1301950915889557504
1301950921358872576
1301950924512874496
1301950926702419970
1301950929055264769
1301950937456504833
1301950973011607552
1301950978338377728
1301951003969773568
1301951007069356032
1301951017500712960
1301951017907613697
1301951020717674498
1301951041643016192
1301951045074116609
1301951054670635008
1301951059930288128
1301951062526619648
1301951062954242048
1301951070588088322
1301951082227216384
1301951083888205825
1301951092100460545
1301951100992524290
1301951104926834690
1301951109725147137
1301951115857027073
1301951122354003968
1301951130684059649
1301951131225133056
1301951171968593920
1301951182936723456
1301951187034558464
1301951187365826565
1301951195909632001
1301951196488503296
1301951233826066432
1301951250569654272
1301951280252882944
1301951287748104192
1301951290478440448
1301951293716529153
1301951315103211530
1301951344639488000
1301951346220953606
1301951352524939271
1301951353175015424
1301951362993971200
1301951367104401411
1301951373433597953
1301951392744181760
1301951398129565698
1301951443906310146
1301951460926722049
1301951462260473856
1301951470690906112
1301951474386251780
1301951487581597696
1301951490488184832
1301951523736432642
1301951528165609475
1301951530765922304
1301951531860848641
1301951537909043202
1301951540601794562
1301951541822316544
1301951546347798530
1301951552656031745
1301951566048636934
1301951574093246465
1301951578589597702
1301951581374394368
1301951585279500290
1301951596813721602
1301951615222640640
1301951624789794819
1301951626266116096
1301951640757506049
1301951644129726465
1301951645232881664
1301951646130462720
1301951649653690368
1301951669455007744
1301951698798350338
1301951730712625152
1301951749385867264
1301951752774782977
1301951755811467267
1301951759628275713
1301951761524158466
1301951764233678850
1301951764757991430
1301951771934371841
1301951774346145800
1301951774404816896
1301951781291712512
1301951782705340418
1301951785284915201
1301951786907963393
1301951796018061312
1301951805081886720
1301951812694663171
1301951816284991488
1301951825256624129
1301951830923112461
1301951837025697792
1301951837248028677
1301951846475378690
1301951855073738752
1301951857896558592
1301951863345029124
1301951901018267649
1301951908274475008
1301951910912692232
1301951923310870528
1301951929052852224
1301951936552263680
1301951942193754118
1301951944622329864
1301951948418146304
1301951952629178368
1301951956290809856
1301951964666880002
1301951976851210240
1301951984354824192
1301951986707968003
1301951990730121216
1301952002084212736
1301952005980729344
1301952009558523906
1301952018358112257
1301952023131123715
1301952024880328704
1301952033637924866
1301952042550702081
1301952042659962881
1301952043930783745
1301952074230501383
1301952087677382657
1301952089128656901
1301952112172118018
1301952114302869504
1301952117393862656
1301952122418798592
1301952152919826432
1301952156648583168
1301952157571317760
1301952166085746698
1301952185081659393
1301952190916034560
1301952194950955014
1301952204375457792
1301952211036131329
1301952211933683715
1301952225045090304
1301952241797140480
1301952248113758210
1301952256280006657
1301952269013987335
1301952299254702081
1301952301393821697
1301952302874386433
1301952330070470657
1301952335044685824
1301952348777058305
1301952350609797125
1301952370570596353
1301952377235349505
1301952382952235011
1301952388262170630
1301952398534082561
1301952399406444544
1301952404225699846
1301952413079748608
1301952416653303809
1301952421091049472
1301952453684928513
1301952462543179776
1301952466775400448
1301952469451395074
1301952483972050952
1301952503081316353
1301952504272388098
1301952514141626370
1301952526430826497
1301952526653313024
1301952580327600128
1301952580721860608
1301952588061974528
1301952589806923782
1301952591924989952
1301952602570096640
1301952604466032641
1301952607112630274
1301952610392514561
1301952614389620736
1301952618558754816
1301952627916365825
1301952635080265736
1301952635931684864
1301952640117551105
1301952643401687046
1301952655409979395
1301952655472943104
1301952664553496576
1301952668126949378
1301952694085656577
1301952702646083584
1301952703103287296
1301952710300762112
1301952718190198784
1301952723965927429
1301952736620027904
1301952737593241601
1301952768232419329
1301952770690420738
1301952772783452162
1301952776528777216
1301952791271944197
1301952794593832961
1301952795076157442
1301952811119382529
1301952818551627777
1301952822527877121
1301952838269054976
1301952848503152640
1301952852152274946
1301952852982747137
1301952857508380672
1301952857923563520
1301952863292194816
1301952908779548675
1301952909274427392
1301952913212928000
1301952914852909057
1301952921399996416
1301952925867159552
1301952925938388995
1301952930849923072
1301952952446271488
1301952973615050753
1301952988609761281
1301952999632314369
1301953008700448768
1301953020532383746
1301953026886742022
1301953029403336704
1301953030749855745
1301953034185068544
1301953051549368322
1301953060671901697
1301953064337891328
1301953071501783040
1301953092943073280
1301953117257379842
1301953147649351680
1301953152250531843
1301953177919483904
1301953188552224769
1301953194759729153
1301953196923985921
1301953200120045570
1301953218285625346
1301953220860956677
1301953234920120320
1301953239135420419
1301953239915601931
1301953261000327169
1301953272207429632
1301953305489354754
1301953330969796609
1301953336283992064
1301953343556706304
1301953348548079616
1301953349642846210
1301953352272674821
1301953362259140609
1301953365916741634
1301953371167834113
1301953376356196352
1301953381725089792
1301953390927200256
1301953397541793792
1301953398095437827
1301953398917398528
1301953414549524480
1301953429900722177
1301953446162190338
1301953447046987776
1301953448234156033
1301953452889845760
1301953458384384001
1301953462503120896
1301953471411884035
1301953504597217280
1301953513543675904
1301953537195339776
1301953541490323456
1301953541687386117
1301953547211337729
1301953557592068096
1301953569344684032
1301953576349192192
1301953587266891776
1301953590521716737
1301953608229949440
1301953614295052288
1301953615456731136
1301953633517535232
1301953634549202944
1301953637778767873
1301953650290561028
1301953666161745922
1301953673057107969
1301953678232879104
1301953678308327425
1301953680640479235
1301953681714229248
1301953707517636611
1301953709375717376
1301953714442428417
1301953717172924416
1301953730666024964
1301953732926681092
1301953732901437442
1301953743248855042
1301953744607739904
1301953793542758400
1301953797032296448
1301953798445858818
1301953798479507456
1301953810487750659
1301953820688134147
1301953834693128192
1301953860530044931
1301953867236737027
1301953881770012673
1301953882436833280
1301953890036985856
1301953892956209153
1301953894193471490
1301953903848755200
1301953909674700800
1301953909359964161
1301953919048978432
1301953926774824963
1301953934370709505
1301953945850478592
1301953946660089857
1301953949780639757
1301953956537491456
1301953960815722499
1301953965379133442
1301953968030048256
1301953968264880128
1301953987437101056
1301953989802692609
1301954002863755268
1301954024447434752
1301954026829996034
1301954043762405377
1301954049051447297
1301954061781159936
1301954071297957891
1301954076201156611
1301954086892441600
1301954115342413825
1301954121881325571
1301954126016851968
1301954142957641730
1301954151182725124
1301954168643559425
1301954175639515136
1301954178722476033
1301954195768201216
1301954200449015808
1301954203603042304
1301954212029444098
1301954224805343238
1301954242907865092
1301954256669470721
1301954257575440392
1301954293206077440
1301954294804082694
1301954303477850115
1301954322415185920
1301954325288292352
1301954333215424514
1301954335786500096
1301954345773101056
1301954364865642496
1301954398466142208
1301954405424656386
1301954418728988673
1301954419068669953
1301954434763816962
1301954447006785536
1301954450895110145
1301954454011416577
1301954456230256640
1301954471547809792
1301954484046880769
1301954488018796544
1301954495715463168
1301954505299374082
1301954508570861568
1301954509850193920
1301954521506160646
1301954535427014657
1301954555366838272
1301954569233207297
1301954571577831426
1301954571825274880
1301954579337302018
1301954597620121605
1301954614691061760
1301954624677703680
1301954648522321922
1301954667723792388
1301954672299663360
1301954673881092097
1301954680923226112
1301954683179798528
1301954691333488646
1301954706101727234
1301954734933204992
1301954739916210184
1301954740381720580
1301954751165345793
1301954752725557248
1301954776138223619
1301954781364334594
1301954792630042626
1301954799613677569
1301954812465098753
1301954840420114439
1301954853359554572
1301954855637053441
1301954855624294400
1301954855825805312
1301954864298299395
1301954865049088002
1301954865455792129
1301954865493671938
1301954866642923520
1301954874918268933
1301954877774536704
1301954883600281600
1301954895118041088
1301954903057862656
1301954905708486656
1301954911509164032
1301954919776350208
1301954920971526144
1301954926357086208
1301954928064200705
1301954931239407620
1301954938315190274
1301954941217538054
1301954945323679744
1301954962738548737
1301954988889997318
1301954989695406081
1301954991024898049
1301954997341622274
1301955006376140801
1301955013699395588
1301955047610351619
1301955060050661378
1301955063078891521
1301955067512225792
1301955084964835336
1301955088819388417
1301955094431309827
1301955105609125893
1301955112634642434
1301955134994485250
1301955142498091008
1301955145467596803
1301955149808766979
1301955154762137605
1301955155424931842
1301955167840014338
1301955185112219652
1301955186685030401
1301955196994695169
1301955203755843590
1301955215982239744
1301955219576717312
1301955222210633728
1301955226946031617
1301955230624411648
1301955255928791040
1301955257782734853
1301955272307552256
1301955274903678976
1301955286811377664
1301955295485321216
1301955301621542912
1301955304158969858
1301955304276529153
1301955312145047561
1301955318059065346
1301955332005036032
1301955353584820225
1301955354817753089
1301955363630190594
1301955365249187846
1301955375990747137
1301955390679248896
1301955391375507457
1301955393774596102
1301955393837559810
1301955406550437888
1301955407007551489
1301955409222172675
1301955411906629634
1301955412384718856
1301955421033369601
1301955431888113664
1301955457251184642
1301955470488473604
1301955476406571008
1301955481049604097
1301955481288802306
1301955499861200897
1301955499995230209
1301955504650903552
1301955511391223809
1301955529435160576
1301955532966694913
1301955537261793282
1301955548993269760
1301955555100184576
1301955578600849408
1301955578647007234
1301955579200454656
1301955599660470278
1301955605272256513
1301955629683146752
1301955634443833344
1301955637463703565
1301955641003487233
1301955647181742080
1301955653649403905
1301955656706977793
1301955670737027073
1301955671454253056
1301955673563987968
1301955676412014592
1301955677582229504
1301955689703710720
1301955696012001285
1301955719038726147
1301955722633125894
1301955725913067522
1301955727561551878
1301955742652682240
1301955751426940928
1301955763599011841
1301955781013712903
1301955794896736257
1301955808234811395
1301955809610477568
1301955815541288961
1301955815591628800
1301955816602435585
1301955859535269890
1301955883665035265
1301955896180867073
1301955899422994432
1301955902292070401
1301955904649089025
1301955911620202496
1301955925452955648
1301955937419190272
1301955944545476608
1301955951331864579
1301955956582957057
1301955962639659009
1301955981375660039
1301955990707998724
1301955994130329600
1301956004377169923
1301956008978386944
1301956013306916866
1301956018017050625
1301956029886771200
1301956050988531717
1301956062824878085
1301956066184507392
1301956077538467843
1301956082131111936
1301956086862413824
1301956088456253440
1301956091333541895
1301956119737188352
1301956122077794306
1301956130302832640
1301956134174154754
1301956157209112576
1301956160472395785
1301956160602296320
1301956170148704263
1301956171163742209
1301956173986439173
1301956180634267653
1301956181217275904
1301956193066389504
1301956193049612288
1301956200712396802
1301956209696702467
1301956214721523718
1301956223261184002
1301956231817461761
1301956245453246465
1301956253032292354
1301956257788710913
1301956260041027586
1301956321395249152
1301956326419988482
1301956331319037952
1301956333990744064
1301956339288207373
1301956342194659329
1301956342719143936
1301956343507558400
1301956354987433984
1301956355348140032
1301956363099279360
1301956377389289472
1301956385027039233
1301956390144090114
1301956398335406080
1301956411124068352
1301956411329519616
1301956413833408512
1301956417272897536
1301956423388147719
1301956432263368704
1301956440580653058
1301956444984545280
1301956452924428291
1301956455013191681
1301956455294218243
1301956468376301569
1301956482498527234
1301956484704673799
1301956497459556355
1301956503499231232
1301956517965508610
1301956529806077952
1301956530607190016
1301956530691092480
1301956532641255424
1301956532830003200
1301956535380254720
1301956541508194307
1301956550249140224
1301956558499328001
1301956567026335747
1301956582868226048
1301956588056518658
1301956591487463429
1301956611704004608
1301956632813821952
1301956633036169217
1301956640334401536
1301956644402679808
1301956648941031425
1301956658596380675
1301956674492792832
1301956703622135813
1301956711700410373
1301956726233739264
1301956739965820928
1301956746102157312
1301956761717538819
1301956763017777152
1301956763567222784
1301956779211804675
1301956780814077953
1301956793636188161
1301956797868118016
1301956800095358977
1301956813072392192
1301956831409913856
1301956832865349632
1301956849550450688
1301956855682551810
1301956867212611586
1301956875580211200
1301956878650544131
1301956886019932161
1301956891065556992
1301956893070553088
1301956897025585152
1301956906290999296
1301956910443311104
1301956926205554688
1301956933029523456
1301956981746552839
1301956984413978624
1301957007147139072
1301957012146790405
1301957017381330949
1301957026419965953
1301957032392695808
1301957049052475394
1301957053368406017
1301957056639967232
1301957056992292865
1301957058066026497
1301957067159343104
1301957075954577408
1301957093398806528
1301957120607256578
1301957126940766208
1301957128265981952
1301957143814340611
1301957152488091648
1301957165591203848
1301957193680510977
1301957202467532802
1301957212844232704
1301957215792836608
1301957227167846401
1301957235296342017
1301957240879042560
1301957257303916544
1301957269568061443
1301957286936576000
1301957294440280066
1301957295295823874
1301957295748730880
1301957301562208256
1301957305190080512
1301957321531289600
1301957328032477189
1301957334240038912
1301957352518639619
1301957354657845248
1301957365714083843
1301957377755840513
1301957379504836609
1301957401239846914
1301957404981170177
1301957408152059906
1301957415991156742
1301957425239658496
1301957432059469824
1301957435398254592
1301957446311739393
1301957463755780096
1301957530285797377
1301957539009949696
1301957545918164994
1301957547629457408
1301957552708694018
1301957555074355201
1301957554948526080
1301957555372068872
1301957568009564167
1301957573252395010
1301957601031270401
1301957605083041794
1301957634476580865
1301957635646783490
1301957648183701504
1301957652465893376
1301957658946265091
1301957661521477634
1301957663195123712
1301957671571070976
1301957683914977280
1301957693867847682
1301957700524421120
1301957702856343552
1301957706991853568
1301957721835569152
1301957742442184706
1301957767822012421
1301957778576211970
1301957803586846721
1301957805730037762
1301957815406387200
1301957826005397504
1301957827716509696
1301957828287102977
1301957829167927297
1301957837954875393
1301957845697560576
1301957863120801792
1301957870703931392
1301957872872427520
1301957873560363008
1301957881013698561
1301957902224236550
1301957919806816258
1301957936714051584
1301957948357435394
1301957954225295362
1301957966799671296
1301957967810646017
1301957979038720001
1301957984193581056
1301957992099786752
1301957992548462593
1301957992468938753
1301958017085308930
1301958040783118337
1301958047141683205
1301958058516639744
1301958068381642758
1301958084684898307
1301958087260221440
1301958091219415041
1301958093803319297
1301958098022576128
1301958100031692800
1301958107871039493
1301958109204819969
1301958117463224320
1301958138158080000
1301958151592382465
1301958155161792512
1301958159880400897
1301958163051159552
