1305687770694742017
1305687783231623168
1305687809060110337
1305687810431574016
1305687846779588608
1305687846678822913
1305687859672870913
1305687862990565376
1305687867943825408
1305687868799680512
1305687881600696320
1305687881760092161
1305687889632657408
1305687913594851330
1305687915364864002
1305687923480842243
1305687926227886080
1305687926911586305
1305687928023199744
1305687939524038656
1305687945307926537
1305687951398129665
1305687956481617920
1305687990707122179
1305687993932419072
1305687993987063808
1305687998844014592
1305688002316902401
1305688009736695809
1305688044947693568
1305688049146191872
1305688053998968833
1305688064430411776
1305688064891781120
1305688075184623622
1305688077818494977
1305688078443524101
1305688096609054721
1305688100887080960
1305688104464941056
1305688111863787525
1305688115638611969
1305688120684208129
1305688130075471872
1305688138463862784
1305688148475871232
1305688166582685699
1305688172446146561
1305688190624301056
1305688211633602560
1305688222354341889
1305688248753123328
1305688251316002817
1305688262359609346
1305688268562980864
1305688272388141056
1305688301081448449
1305688308052357120
1305688309394534400
1305688316503883776
1305688330135166977
1305688333066973189
1305688334816161797
1305688335168540672
1305688341892001793
1305688342655315968
1305688347541606401
1305688350943334400
1305688376251748352
1305688376662790145
1305688388339605504
1305688396480868356
1305688421038424064
1305688434808426497
1305688445738799104
1305688448368508928
1305688451052785664
1305688451052982272
1305688455750586369
1305688462927056896
1305688486331195393
1305688490580021248
1305688492345888774
1305688496485675008
1305688502122811393
1305688521924055040
1305688523987709958
1305688526709817346
1305688535425601536
1305688536658505730
1305688541071106048
1305688546569846785
1305688551418363907
1305688552211087364
1305688556095107074
1305688558221635584
1305688558905126912
1305688601804627968
1305688602068705280
1305688614593060865
1305688625770688512
1305688631605161984
1305688639423352832
1305688643407949824
1305688643697340418
1305688660583489538
1305688672516190209
1305688673229316103
1305688681643233280
1305688682888863745
1305688685132820482
1305688704137211906
1305688714304200704
1305688722072100865
1305688723493920769
1305688723393253376
1305688724332834816
1305688744301912064
1305688745325158400
1305688745530753027
1305688758331809798
1305688769841037312
1305688773158731783
1305688778938429442
1305688794289508353
1305688819111530499
1305688820243980290
1305688820835328002
1305688823301578754
1305688823628783617
1305688825457520641
1305688825625112576
1305688825734344704
1305688834651422720
1305688856868646918
1305688862161883136
1305688862942007296
1305688863340244992
1305688865668124672
1305688876510568449
1305688883762475009
1305688888137207816
1305688909322612737
1305688926427009024
1305688932634570752
1305688948509995011
1305688950892359680
1305688955904499714
1305688961835098112
1305688962732683264
1305688971888832514
1305688975567474693
1305688976263651329
1305688989785964544
1305688993200132097
1305688996211822593
1305688997167915010
1305689001383387137
1305689003782479873
1305689007565582337
1305689017741201408
1305689019888668672
1305689039270543360
1305689039404662787
1305689050435719168
1305689070849396741
1305689072053125121
1305689076679540736
1305689078227234824
1305689080550830080
1305689123567661059
1305689126868582401
1305689131910074368
1305689138398662656
1305689141275848704
1305689150545211393
1305689152214593536
1305689161089777664
1305689168698368001
1305689175698665472
1305689193570500618
1305689209819275265
1305689236851568640
1305689247400235008
1305689277527986177
1305689304451051520
1305689306649030657
1305689320939048966
1305689330883670021
1305689335107219456
1305689345098014720
1305689354073972736
1305689363083395072
1305689369324523520
1305689373191487488
1305689378237435905
1305689386722439169
1305689396839145476
1305689399766716418
1305689402262327297
1305689406368436224
1305689407329099777
1305689423133184001
1305689427403038720
1305689428635971584
1305689438459236352
1305689440023609345
1305689442389237761
1305689444029280257
1305689444414939136
1305689445493071872
1305689453566992385
1305689456725209089
1305689458562523136
1305689462467330050
1305689462744272897
1305689473615683585
1305689477994643456
1305689491454259208
1305689502883536896
1305689503445561345
1305689516829679618
1305689516976594945
1305689518226452480
1305689521086959616
1305689539051102208
1305689548412907520
1305689550686167040
1305689559020318723
1305689561549463552
1305689563747287040
1305689564321906688
1305689567115112448
1305689572324630529
1305689574300147712
1305689581044465664
1305689583670059009
1305689592033693697
1305689597104582656
1305689598027325440
1305689605472169985
1305689614565416965
1305689616859770880
1305689626649255936
1305689631405625344
1305689633506951170
1305689635297914887
1305689638321807360
1305689640221933568
1305689665475878913
1305689667438690305
1305689669133164544
1305689692273340417
1305689695851098112
1305689699919564800
1305689704759619591
1305689706148044802
1305689722832945152
1305689726054064129
1305689744521662464
1305689746492944384
1305689750993547264
1305689751379468288
1305689771436634112
1305689772136955906
1305689779820994560
1305689800033304577
1305689811299307520
1305689813769568256
1305689814230941697
1305689818106658817
1305689836804857856
1305689848360075264
1305689849144446976
1305689849303719936
1305689852885819393
1305689861710426112
1305689873567817728
1305689874004168704
1305689886234677248
1305689893721571336
1305689935895244802
1305689943914639360
1305689944472596486
1305689947869855744
1305689969642463233
1305689970192134147
1305689976709898240
1305689977934802945
1305690011669426176
1305690021329080321
1305690022981636096
1305690025623945216
1305690027435929600
1305690028870336513
1305690054204043264
1305690062454050818
1305690071992078340
1305690081840242689
1305690088156860417
1305690117181448193
1305690119769382912
1305690125163061248
1305690125582635008
1305690136185798657
1305690145975349249
1305690148311498752
1305690158918901762
1305690167815086080
1305690171761922051
1305690174689509377
1305690183782735873
1305690192888684546
1305690195594014720
1305690196894257153
1305690213998628872
1305690217857396737
1305690222009765888
1305690230121349120
1305690246034546689
1305690252246265856
1305690280318902276
1305690293199499264
1305690295917514753
1305690300338319362
1305690305140727808
1305690308970196995
1305690309871902721
1305690314519142401
1305690318067634177
1305690321246969856
1305690324409430016
1305690326145921024
1305690329039986691
1305690336518443008
1305690346173595650
1305690350376366082
1305690364322381830
1305690365266067457
1305690369691189250
1305690385046355968
1305690385524559872
1305690391816142850
1305690406114471936
1305690408496902144
1305690410984116224
1305690446975447040
1305690448871198720
1305690450708303872
1305690457188560897
1305690470618595329
1305690481800736770
1305690490604453889
1305690491376340992
1305690497411960834
1305690500377260033
1305690502147305472
1305690502902116352
1305690541351297024
1305690547387068416
1305690553611247616
1305690558275313664
1305690573723107328
1305690575757164544
1305690578575917057
1305690581037977600
1305690586045849600
1305690587555934210
1305690594530951168
1305690599924936707
1305690600088506370
1305690616278511617
1305690616219795457
1305690624843288577
1305690665100091392
1305690678832193538
1305690681382514689
1305690691071287296
1305690695898980352
1305690713070473216
1305690725733085185
1305690761938247687
1305690780552638464
1305690792179179520
1305690800223916032
1305690805873586178
1305690812651462658
1305690813389660160
1305690824454279168
1305690828128555009
1305690838027116544
1305690839641853952
1305690840690352128
1305690850815553536
1305690856880582658
1305690868901347336
1305690881777950720
1305690884093116417
1305690898001526785
1305690900014624770
1305690900668936192
1305690914900254722
1305690920713674754
1305690927453872129
1305690946785488902
1305690947724996609
1305690954985160704
1305690955656429569
1305690955576741889
1305690967035580416
1305690967169667072
1305690976913174531
1305690977286447105
1305690994730561536
1305691000590012418
1305691010614190080
1305691010937360384
1305691021443887104
1305691038183374848
1305691049180889088
1305691052473569281
1305691082395533312
1305691083142299648
1305691102473646081
1305691129107615747
1305691134862045184
1305691136531542022
1305691140499308545
1305691142927929346
1305691147877179393
1305691153874911232
1305691155598843904
1305691160069971968
1305691162548809728
1305691169477853187
1305691170018791424
1305691172590030851
1305691186569633793
1305691205011992576
1305691212503023619
1305691231712948225
1305691263706906624
1305691265141358592
1305691274364715013
1305691275471941632
1305691282791112704
1305691290638704640
1305691292890873856
1305691293780066304
1305691317100580865
1305691333449969664
1305691345479241728
1305691354912010241
1305691365108449280
1305691371831996417
1305691373929140225
1305691392136507398
1305691395928203264
1305691416794980353
1305691418137165825
1305691422381703174
1305691445349810176
1305691447216295946
1305691449007243264
1305691453717245952
1305691460101115905
1305691470343495680
1305691495157166080
1305691498181046272
1305691520830443520
1305691528711548934
1305691551948050436
1305691564178538497
1305691572017795077
1305691593463271429
1305691598269935616
1305691604477501441
1305691652313559040
1305691656641945600
1305691685343485952
1305691689890316289
1305691692956151809
1305691707816566784
1305691726909145088
1305691730117832704
1305691730197360641
1305691738879688704
1305691748275023872
1305691756743348226
1305691767207915520
1305691770693529601
1305691772560048128
1305691776133496832
1305691777354084352
1305691781569413123
1305691799944658944
1305691807347625984
1305691823013343232
1305691836325994498
1305691846224478208
1305691854378356736
1305691861869375488
1305691862011797505
1305691867632160768
1305691872921366528
1305691874460463104
1305691890411606016
1305691903988576256
1305691906480001025
1305691908937863169
1305691924410630144
1305691928709812224
1305691932098793474
1305691949261709312
1305691956681609221
1305691975111397377
1305691975891419136
1305691979955798017
1305691981725618178
1305691982153625602
1305691983130832898
1305691996334497792
1305691996112130049
1305692016437755904
1305692021391269888
1305692037883330563
1305692050705313792
1305692064051605504
1305692079641817088
1305692080186957824
1305692080392433664
1305692091993985024
1305692098017058817
1305692100831449089
1305692103842897926
1305692109039640576
1305692109303721986
1305692120309796864
1305692122683781121
1305692133731565568
1305692134100541440
1305692138944917505
1305692145500565504
1305692147144962050
1305692150361927681
1305692162445783042
1305692164001689600
1305692174181306369
1305692175141928960
1305692182196568064
1305692183551504384
1305692183559909376
1305692206171213824
1305692212261519360
1305692218640875520
1305692227105161224
1305692229160153088
1305692247032238080
1305692253504114689
1305692266921508864
1305692269081583616
1305692273221410816
1305692285745717248
1305692290598539265
1305692299620495361
1305692318092210177
1305692330461143042
1305692343727730688
1305692355853516811
1305692356843204608
1305692356960825344
1305692368071471104
1305692368033714177
1305692376141238272
1305692380587229195
1305692399272783873
1305692411759337472
1305692416700104705
1305692418122096640
1305692437332070400
1305692440721002497
1305692448019156993
1305692458810966016
1305692461637857281
1305692472505442305
1305692474715901952
1305692482378768385
1305692486040350721
1305692507691462666
1305692523281735683
1305692531783536640
1305692557582761984
1305692558194962432
1305692572443185153
1305692582966489089
1305692585785085952
1305692591447592962
1305692605859074048
1305692631549214720
1305692638528647168
1305692645151379456
1305692651388317698
1305692669742665735
1305692671281950722
1305692699656364035
1305692704689532929
1305692721923977217
1305692725560270849
1305692728504668160
1305692734087245824
1305692734703820800
1305692759177732097
1305692762931634176
1305692763627950080
1305692766593331201
1305692770686963712
1305692785064935426
1305692789292711937
1305692801938731009
1305692814349541380
1305692818007101446
1305692827083563009
1305692827674845185
1305692834654072833
1305692842338201601
1305692842723926017
1305692844301127680
1305692847719448577
1305692864605814787
1305692868908953600
1305692877935325184
1305692880602886149
1305692905667989505
1305692931563479041
1305692939448922118
1305692943571988480
1305692946600210433
1305692972131004416
1305692982100795392
1305692984273379328
1305692986613747713
1305692987524087808
1305692988367134726
1305693004561289217
1305693007417618437
1305693011217543168
1305693014606708737
1305693014715662338
1305693047322226688
1305693047615782912
1305693049151016961
1305693049213743104
1305693051856322561
1305693060660166656
1305693069468106752
1305693073612177410
1305693087633530880
1305693099557961728
1305693114749730816
1305693140645326848
1305693152481873922
1305693154063134721
1305693158206914562
1305693164884221952
1305693183100190757
1305693190842986497
1305693199395102720
1305693203849510915
1305693204239593475
1305693207032983552
1305693210216333312
1305693220253257729
1305693226586771456
1305693230944727040
1305693240583221248
1305693243141763072
1305693250414473216
1305693258333351937
1305693280659800064
1305693286271606785
1305693287454371840
1305693291363667968
1305693293821353987
1305693301534797824
1305693308879081472
1305693315703201793
1305693316609183744
1305693317770870784
1305693326272651264
1305693341141676035
1305693388411461632
1305693395914874881
1305693413287686145
1305693416714645505
1305693421412196352
1305693425388355584
1305693447400153089
1305693460716908545
1305693470594674688
1305693477426978816
1305693479591243776
1305693491503271937
1305693501552762882
1305693529549799426
1305693534796668928
1305693539054030849
1305693543210467333
1305693546553454593
1305693551238488064
1305693561455882245
1305693561510338561
1305693574164611073
1305693579818545153
1305693584147001344
1305693595295535104
1305693595593248770
1305693611019833344
1305693619672809474
1305693628694700032
1305693632171782144
1305693638673018880
1305693651599679488
1305693656003862528
1305693660240019464
1305693670843330560
1305693673414422528
1305693673594793986
1305693692095868928
1305693698810941440
1305693702975754245
1305693706532519938
1305693707815985152
1305693715546148866
1305693718666600449
1305693719438544896
1305693725134209024
1305693728552574976
1305693733279666177
1305693734839791616
1305693749155115014
1305693752271360001
1305693753856860167
1305693756558127106
1305693761650020352
1305693774585135105
1305693789386944512
1305693793551749121
1305693804956200960
1305693806839451654
1305693813281894400
1305693814774992898
1305693823503392769
1305693834182045696
1305693837625421824
1305693840033099776
1305693842151153667
1305693860824264704
1305693881896505346
1305693894269689867
1305693909482315776
1305693941594042370
1305693947621187584
1305693949760278529
1305693984921186306
1305693999110463488
1305694000658231296
1305694011953483778
1305694022401290240
1305694026457284615
1305694028541751296
1305694029947056128
1305694030043451393
1305694030802481153
1305694034506194950
1305694037970767872
1305694039828606976
1305694046392922112
1305694046950576128
1305694061005869056
1305694064868687872
1305694084946784257
1305694092043653120
1305694106824441856
1305694123123499009
1305694140143788034
1305694155956420608
1305694183760580608
1305694185434030081
1305694185844953089
1305694188139208704
1305694202395856896
1305694213913403392
1305694235253972993
1305694241897709569
1305694255675998208
1305694256573579264
1305694261027975168
1305694262181339136
1305694264181968896
1305694281223602181
1305694282297335810
1305694291222618112
1305694306238431233
1305694319794298880
1305694328417812480
1305694330586370048
1305694331085479937
1305694343957708801
1305694345161392128
1305694348256911360
1305694364807712769
1305694380888555523
1305694381513551874
1305694386932588548
1305694387486236672
1305694390980169728
1305694399972532224
1305694400178204673
1305694404263337984
1305694427973914628
1305694433501904896
1305694434164576256
1305694435779342336
1305694450522357761
1305694453743591424
1305694461373091841
1305694484202549248
1305694496836005890
1305694508009615360
1305694513797750785
1305694520680443904
1305694523885060096
1305694528310063104
1305694545372479489
1305694553073242113
1305694563122794497
1305694563525222400
1305694574355120128
1305694576770985985
1305694579698675714
1305694587265060870
1305694592705191937
1305694599357239297
1305694629589729280
1305694659105239040
1305694659713224704
1305694666529157127
1305694668110336000
1305694688310185984
1305694692772904960
1305694701572546560
1305694703929630722
1305694704730808321
1305694705641033729
1305694710028173313
1305694712888729607
1305694720853712896
1305694738616668160
1305694752822755329
1305694752919023616
1305694754139766784
1305694755142033408
1305694762750619650
1305694763987988481
1305694787874422785
1305694789430513666
1305694790382743552
1305694792332894209
1305694796376399872
1305694797588500485
1305694805314412545
1305694811320545281
1305694811807248384
1305694812444798976
1305694813921120257
1305694814319661056
1305694817276624897
1305694841234501632
1305694856212344833
1305694863543816192
1305694873060741120
1305694873685721090
1305694873794871296
1305694884901384194
1305694886126071808
1305694888881684482
1305694891243077635
1305694912420216838
1305694912655097856
1305694913988890626
1305694913904992259
1305694927121195009
1305694932691300352
1305694935811719168
1305694944951177216
1305694948466057223
1305694969513078786
1305694974265061376
1305694994523717633
1305695006490005504
1305695008075296768
1305695012055851008
1305695045627019265
1305695050425413632
1305695052690268160
1305695052857917441
1305695071988195328
1305695077671477248
1305695087368826881
1305695090183204865
1305695092431257600
1305695119639818241
1305695133271076864
1305695150799237120
1305695161087864834
1305695161956151299
1305695167253540864
1305695186161463306
1305695199952334848
1305695212476354561
1305695212992253953
1305695226082648065
1305695232672096258
1305695237914996736
1305695239709945857
1305695239953428480
1305695242495164418
1305695261776375808
1305695262476771329
1305695264410406912
1305695278675222528
1305695283578191872
1305695284320587777
1305695293602578432
1305695305719922688
1305695310337974272
1305695316524625920
1305695330760089602
1305695347184930817
1305695352599830528
1305695355573596160
1305695372489097216
1305695382438121472
1305695383553814528
1305695400481951744
1305695404395298817
1305695406861344775
1305695417561014272
1305695425148616704
1305695443029045249
1305695450599653380
1305695453724303360
1305695454647267328
1305695455632863232
1305695462125694977
1305695482430324737
1305695493603852288
1305695499727638528
1305695503770947585
1305695511903711232
1305695512209874944
1305695514885668865
1305695524020985859
1305695530119344134
1305695560981123072
1305695580115492864
1305695581386481665
1305695590387384321
1305695639066546176
1305695640308113409
1305695641142784000
1305695647790780417
1305695647702671361
1305695649531297792
1305695656779149313
1305695661510275072
1305695668472872964
1305695669685030912
1305695700928417792
1305695702131990528
1305695705567301632
1305695707488231426
1305695714719281152
1305695729458049025
1305695733476028416
1305695754221101056
1305695760885977089
1305695772424372227
1305695783396823040
1305695788048285696
1305695809594437632
1305695817165156357
1305695827868884992
1305695829265612800
1305695835200647168
1305695837301829633
1305695844826525696
1305695882315206656
1305695882197770240
1305695883317583872
1305695884529860608
1305695890292711426
1305695919380234240
1305695933657567233
1305695939001298951
1305695942348333056
1305695955405041664
1305695968747167745
1305695971125465088
1305695975319777281
1305695983385239552
1305695985541230592
1305695989764890624
1305696014167203842
1305696026884542465
1305696033054158848
1305696034505465856
1305696038230069248
1305696071587422210
1305696082039640064
1305696086905024512
1305696096371568640
1305696096551751680
1305696102818230272
1305696114394501120
1305696115673763840
1305696116072050691
1305696128541884416
1305696129271566336
1305696130093780993
1305696134619369475
1305696141397446656
1305696144580780032
1305696145109286913
1305696171785097223
1305696171856363520
1305696177724289024
1305696198351818754
1305696199480143873
1305696209731022859
1305696211727519744
1305696217960189953
1305696223794360321
1305696233617416194
1305696244845563904
1305696248037388290
1305696252231847937
1305696297987354625
1305696298352308225
1305696299099054081
1305696306468278272
1305696318644457472
1305696325409759232
1305696335824261121
1305696349569060864
1305696367491387394
1305696369101934592
1305696370439925760
1305696377574359040
1305696386189422593
1305696387628257283
1305696390291623936
1305696390480162816
1305696396578750464
1305696400135524352
1305696407026913280
1305696407689613313
1305696414454829058
1305696428250013697
1305696429676011523
1305696437485760512
1305696441881427969
1305696442644865026
1305696442552639488
1305696451549442048
1305696457845092352
1305696467072450561
1305696474383052801
1305696483685986310
1305696512433938438
1305696519178391552
1305696518716809216
1305696525008470016
1305696526203838467
1305696529601232896
1305696532864225281
1305696533635952640
1305696537075503104
1305696542880395264
1305696544000217088
1305696545610903552
1305696550828625926
1305696554150395905
1305696559451889665
1305696576808026112
1305696583242129409
1305696585142145024
1305696604419055616
1305696609926217728
1305696610488377345
1305696618000285697
1305696634978750464
1305696637722001408
1305696642524471297
1305696646681026566
1305696656852021250
1305696659230187520
1305696673205714944
1305696685209784320
1305696688099586048
1305696693879439360
1305696698338029568
1305696727039700992
1305696730336370693
1305696731510771718
1305696738204815360
1305696740025098240
1305696749139431424
1305696752209723393
1305696753660895232
1305696778868551682
1305696780026290176
1305696781892595712
1305696786032533504
1305696790545674245
1305696801811435521
1305696803896143872
1305696805347307521
1305696805443825666
1305696810242125826
1305696811772862466
1305696814222512133
1305696817682710534
1305696823399473152
1305696824469094407
1305696845549703169
1305696848104042496
1305696865103601665
1305696877808177152
1305696879037087746
1305696889560600578
1305696893368823808
1305696901652676608
1305696901707321345
1305696932107636740
1305696933999251456
1305696936243101697
1305696951938105344
1305696961736192000
1305696965431365634
1305696971131363328
1305696987950407685
1305697013137199104
1305697016433999872
1305697020947116032
1305697021634973696
1305697025753862149
1305697030027784195
1305697058804895750
1305697070427172864
1305697079382204419
1305697083467366406
1305697107882409984
1305697117634093056
1305697133035577346
1305697133920690177
1305697137947152386
1305697142183325696
1305697155475267584
1305697171656904704
1305697171879067648
1305697175918145536
1305697180171161600
1305697187280584704
1305697221032194048
1305697223137779712
1305697229265678336
1305697234944548864
1305697239948496896
1305697256339898368
1305697261477933060
1305697272915734530
1305697284013936641
1305697338791530496
1305697342914310144
1305697351663865857
1305697386023604224
1305697389295153153
1305697391211814913
1305697408546828288
1305697427756736512
1305697449483280385
1305697453350334467
1305697455934246914
1305697456588554240
1305697493817135116
1305697495301976065
1305697497483018241
1305697519670829057
1305697522468433920
1305697524192288768
1305697534770380801
1305697549651570688
1305697549710434305
1305697571424346112
1305697589870891008
1305697603938639874
1305697611240931331
1305697633156165632
1305697634363912193
1305697636964618242
1305697650671525891
1305697667255689217
1305697667570376704
1305697680316719105
1305697692178415616
1305697699392520192
1305697709454774275
1305697744724660225
1305697758700019712
1305697765528350720
1305697787623821312
1305697788429131776
1305697788831899649
1305697795605753858
1305697805684613121
1305697809946095617
1305697817487441921
1305697817856360450
1305697820150816770
1305697827360665601
1305697833174142976
1305697850009858051
1305697855080988672
1305697870692134919
1305697872135028737
1305697877101088774
1305697878862635009
1305697887339372545
1305697892955373568
1305697900907958273
1305697909686575104
1305697914514059264
1305697925134196739
1305697925339795456
1305697941869350915
1305697949356355585
1305697950950064130
1305697955475841025
1305697956486578177
1305697967148544002
1305697983741091840
1305697994906443779
1305698009775247360
1305698018835005443
1305698021481431041
1305698022513229824
1305698027248726017
1305698028783894530
1305698036690157569
1305698038619557890
1305698051567349763
1305698053177958401
1305698060543107073
1305698078461059073
1305698081913020417
1305698082298896384
1305698085872439296
1305698089416622080
1305698090578518020
1305698101718638593
1305698111487004673
1305698118571184129
1305698119707836417
1305698131800137729
1305698140968886272
1305698147302338561
1305698154499788801
1305698173403291648
1305698177253695489
1305698184140697601
1305698185814241282
1305698186544263168
1305698191203917825
1305698206018281472
1305698219977039872
1305698222325805056
1305698231150678018
1305698270304333824
1305698270178668546
1305698271436832768
1305698275127898113
1305698300121591809
1305698311190454272
1305698326587867136
1305698361710981121
1305698384938848257
1305698385320697862
1305698386432200706
1305698405398859779
1305698422205292544
1305698425099505665
1305698430736412674
1305698435392307202
1305698443038527490
1305698493244334080
1305698506984714240
1305698513687281664
1305698518846386178
1305698521904041985
1305698522747076608
1305698527205498880
1305698542611132416
1305698550244929537
1305698557551431680
1305698559530946560
1305698560349007872
1305698584625590274
1305698608742903808
1305698621308846081
1305698626929397761
1305698639235276800
1305698648764960768
1305698661150593024
1305698673695887360
1305698678569668608
1305698680733827075
1305698686035537920
1305698693073559552
1305698694805684224
1305698695212605440
1305698709309513728
1305698710337118208
1305698711310303240
1305698715915624449
1305698719992430592
1305698727223582720
1305698727731040258
1305698741391773696
1305698749906407424
1305698760769417216
1305698769447649280
1305698769837731841
1305698773801340931
1305698782139604992
1305698788447850496
1305698788980400131
1305698791681474561
1305698791899701248
1305698794055532545
1305698807791972353
1305698808186187776
1305698816008622082
1305698818986520576
1305698856458485761
1305698864855302145
1305698884732309505
1305698892718239748
1305698896341991424
1305698896824406018
1305698896702709760
1305698948108169217
1305698953778933760
1305698955402059777
1305698969910042628
1305698974058319877
1305698978856611841
1305698979133431809
1305698988079763456
1305699003300941824
1305699024541020160
1305699024901566466
1305699055213916164
1305699057537413121
1305699074616832000
1305699077284388864
1305699082791514112
1305699083106086914
1305699091083481088
1305699098977333274
1305699119051272194
1305699135186710529
1305699153943629824
1305699168548261891
1305699171442319360
1305699180841758721
1305699183874248706
1305699185514086400
1305699196461293573
1305699198164140034
1305699216870834176
1305699242971983874
1305699246700666881
1305699257865965573
1305699258016739334
1305699258872586240
1305699260361564160
1305699260541804544
1305699271660929027
1305699271870685185
1305699287054065666
1305699290694647809
1305699310735159305
1305699314094796800
1305699320092602368
1305699326895837186
1305699330477756417
1305699338824413184
1305699396055695361
1305699398777671680
1305699399356604416
1305699401533468678
1305699418163892225
1305699440737435648
1305699446056005633
1305699452519354368
1305699458643091456
1305699469296533504
1305699469204258817
1305699473180426240
1305699477513211905
1305699477525684224
1305699492465790976
1305699504499372032
1305699504537001985
1305699510656655361
1305699512170676225
1305699532647231488
1305699533033279490
1305699541132414976
1305699561357352960
1305699563349647363
1305699563978645504
1305699571377602560
1305699612829913090
1305699617116483584
1305699618173456385
1305699636540211200
1305699642403938305
1305699645004410880
1305699650599440387
1305699675123544065
1305699678210732032
1305699678692847616
1305699696267198465
1305699699068821504
1305699705838604288
1305699713757458432
1305699731016830976
1305699738969411584
1305699743121715200
1305699775162003456
1305699799434440704
1305699810767499264
1305699811350331393
1305699814911414275
1305699834628718593
1305699840035360773
1305699843709366273
1305699851003404288
1305699864630751233
1305699877372874755
1305699902412845056
1305699911640334339
1305699918057627648
1305699951221960707
1305699955819065345
1305699957001695232
1305699960390856704
1305699977709182977
1305699977780322304
1305699982041735168
1305699999490232320
1305700011452370945
1305700020415496192
1305700024215457792
1305700043329069061
1305700052040589312
1305700060567568385
1305700072500330496
1305700073775529984
1305700086970814464
1305700100266754049
1305700100463669249
1305700104339435520
1305700108110123009
1305700113516572672
1305700115215126529
1305700124543258624
1305700141077164033
1305700145288413184
1305700182227640320
1305700195426951168
1305700197163397120
1305700243124580353
1305700245423022082
1305700245859266560
1305700248472424448
1305700249302978560
1305700253962833920
1305700261420179458
1305700274783350786
1305700276591091712
1305700280227381250
1305700283272425472
1305700290537181185
1305700290969186305
1305700304080367618
1305700329103781888
1305700344173924354
1305700352558346240
1305700358266777600
1305700371273142272
1305700372271575040
1305700379557007361
1305700379909210112
1305700384996909057
1305700390214672384
1305700405700067329
1305700412843008000
1305700414193573888
1305700424746520581
1305700430215655424
1305700446414213121
1305700448389812224
1305700452823040000
1305700485580689408
1305700489569464320
1305700499350585344
1305700505436348416
1305700517990064130
1305700524457631745
1305700526076682243
1305700544552501249
1305700556388937730
1305700569152212993
1305700569651257344
1305700580170412032
1305700582024450048
1305700582280302593
1305700590421454850
1305700593361510402
1305700602475810816
1305700606212882433
1305700607374684160
1305700610227032064
1305700611812405249
1305700627524149248
1305700647283589126
1305700656989302784
1305700671098884096
1305700676417146880
1305700677990125571
1305700687326699520
1305700695933431813
1305700697531396097
1305700698877833217
1305700710227402755
1305700712354119680
1305700716678316033
1305700717412388865
1305700720885325824
1305700725381529600
1305700726564249600
1305700732268552193
1305700773628489729
1305700782918963200
1305700795594280961
1305700809083101184
1305700841496678401
1305700842356568069
1305700845976203267
1305700847645601792
1305700854004166656
1305700857196011522
1305700862119927809
1305700881199816704
1305700889332723714
1305700891648036866
1305700904968966144
1305700908433649664
1305700908974706688
1305700928989741057
1305700942768230400
1305700976859533312
1305700977958322180
1305700981984948224
1305700986455953408
1305700996253921280
1305700997558304768
1305701012863430656
1305701025102344193
1305701033021239296
1305701033234980864
1305701036036825089
1305701054517055493
1305701069058703360
1305701073152339969
1305701079930212352
1305701080253120512
1305701080962138115
1305701083273191429
1305701093243064326
1305701112456966145
1305701121541828609
1305701151845867525
1305701152877694976
1305701155461238785
1305701158900690945
1305701163849875457
1305701178265591808
1305701193251864576
1305701193453371393
1305701201837785089
1305701214470967300
1305701219059617792
1305701223677546496
1305701231579426817
1305701236566564865
1305701245022334977
1305701256862732289
1305701267076009984
1305701267851927561
1305701268367777792
1305701280900317184
1305701282867539968
1305701286633971713
1305701301662158850
1305701327352336384
1305701328392458240
1305701332213522433
1305701339490652160
1305701350223740929
1305701352715227141
1305701364824064000
1305701365134614528
1305701368510861313
1305701368800346113
1305701373397344261
1305701378585579520
1305701380276064257
1305701385829257219
1305701386512822272
1305701389767708672
1305701392007401472
1305701399519539201
1305701406851047424
1305701414925209604
1305701419152936961
1305701419610120192
1305701433862270976
1305701435535884290
1305701469165821955
1305701477516746752
1305701481987727360
1305701496462352385
1305701500501602304
1305701500564447233
1305701503756152832
1305701513797525504
1305701513939959808
1305701515961618433
1305701530541207556
1305701542549479424
1305701545259008002
1305701549650391041
1305701561809731584
1305701566398177282
1305701579585196032
1305701588539813889
1305701589454327815
1305701595556884481
1305701598010765312
1305701614141845505
1305701633922273280
1305701642835300353
1305701650557014016
1305701653681549313
1305701678256193542
1305701679950561285
1305701694525919233
1305701714801033216
1305701715556077570
1305701719259709441
1305701721658671104
1305701727320961024
1305701737630760962
1305701744425529344
1305701746627538944
1305701748749873153
1305701761819107330
1305701784388730881
1305701794270584832
1305701797345087489
1305701798230065152
1305701811123302401
1305701816890470400
1305701828395495425
1305701828559089670
1305701841045516294
1305701876860682240
1305701886826287104
1305701898893160449
1305701908573835270
1305701922708615168
1305701938290397184
1305701952941174784
1305701967256342530
1305701974504099840
1305701978765430785
1305702015255957504
1305702030107799558
1305702033190772736
1305702047048753152
1305702047358967808
1305702048390733825
1305702054359375872
1305702064048177153
1305702073338560514
1305702079839772672
1305702083828490246
1305702099343142912
1305702106951815169
1305702111410257920
1305702116921663488
1305702125406740480
1305702125821808642
1305702131731697664
1305702155047796737
1305702171204255745
1305702175092412417
1305702182537375746
1305702184009347072
1305702191928229889
1305702195325792259
1305702204280430593
1305702209292820480
1305702211360522242
1305702236199309312
1305702243010658304
1305702260186308609
1305702262602231808
1305702269589925889
1305702283301269505
1305702313714094081
1305702324854284288
1305702334022983681
1305702337978093568
1305702340125573121
1305702359125893125
1305702360690294788
1305702365178204160
1305702374514728960
1305702390541107200
1305702415635677184
1305702470102978561
1305702474288898049
1305702476813922304
1305702478399393797
1305702479095566342
1305702495369523203
1305702496992665600
1305702501438631936
1305702505297383425
1305702514990473216
1305702517511081986
1305702534724505602
1305702539275325445
1305702545239793665
1305702551698976769
1305702556308570113
1305702556610433024
1305702557923278853
1305702563271016448
1305702577661763588
1305702578194391045
1305702585429450752
1305702600281530370
1305702602076819457
1305702602596909057
1305702636302274560
1305702652613812224
1305702658246946816
1305702662172676096
1305702673233129474
1305702682896855043
1305702690131902465
1305702695760588801
1305702712936402945
1305702713083265029
1305702716870660102
1305702719592697856
1305702723942313985
1305702729289994242
1305702738366476288
1305702751104425984
1305702753906245632
1305702764190797825
1305702769781858304
1305702770532593665
1305702771581243392
1305702775548854272
1305702806117117952
1305702815789191171
1305702821271089153
1305702821497630725
1305702825847148544
1305702845438599169
