1304343913629716481
1304343915923873797
1304343933829419008
1304343946605334530
1304343951491489793
1304343971536093184
1304343976720445440
1304343979505397760
1304343988791578631
1304343992612470784
1304343997385646080
1304344004507697152
1304344005463990272
1304344009708654592
1304344012342661120
1304344014074699776
1304344020513157121
1304344024967516160
1304344068546277377
1304344073109676038
1304344094664044544
1304344105133117440
1304344111038767104
1304344116889821186
1304344124540071937
1304344140956667904
1304344147936108545
1304344148766527488
1304344151174119425
1304344153141190656
1304344182677438464
1304344186116857856
1304344188813623296
1304344191707811840
1304344202633936896
1304344208472453121
1304344230421295104
1304344239812292609
1304344241548783616
1304344256299954176
1304344263086485504
1304344272813150208
1304344275476525056
1304344291737849856
1304344291905384449
1304344310712684544
1304344316899336192
1304344322746314753
1304344342199447553
1304344353955954695
1304344397866303490
1304344406212915201
1304344405986467840
1304344411497734144
1304344444477624321
1304344454808076288
1304344459782561792
1304344477507760128
1304344481706188801
1304344490614960129
1304344495765549056
1304344496856014849
1304344504279867392
1304344511045423104
1304344533728030722
1304344539327594496
1304344547019771906
1304344548794081280
1304344548932493312
1304344559053230080
1304344576237412353
1304344581215940608
1304344582398803968
1304344583682359297
1304344586521702400
1304344601592057856
1304344601394847747
1304344609846370304
1304344613428383744
1304344623402409989
1304344628812869633
1304344636463357952
1304344656352669697
1304344676615553025
1304344684186214401
1304344729811812352
1304344742180904960
1304344753002217472
1304344756579778564
1304344760426139649
1304344766591700992
1304344766931378178
1304344773399019527
1304344774028091402
1304344793166741509
1304344796723642368
1304344809331597312
1304344812078891009
1304344826075394049
1304344845549477888
1304344848615403520
1304344859822764035
1304344863962525697
1304344883755397120
1304344885412204544
1304344894387949568
1304344900847235072
1304344918802956288
1304344924934950913
1304344937215995904
1304344999400632320
1304345015850799105
1304345017717325825
1304345028425388033
1304345031558430721
1304345040848789505
1304345050147479552
1304345052030865409
1304345081533599751
1304345085467856906
1304345090857603072
1304345091578843136
1304345123480768514
1304345123841597442
1304345124151808000
1304345136105652224
1304345139985276929
1304345157161103365
1304345158113255431
1304345181366489089
1304345184935784448
1304345184889700358
1304345203692560386
1304345204783280128
1304345214220480512
1304345223057768448
1304345256272498689
1304345272164679680
1304345277785092096
1304345294495199234
1304345313872809984
1304345320231522304
1304345331711307777
1304345348421419008
1304345357099433984
1304345387168399360
1304345420072710144
1304345439278452737
1304345464586858496
1304345469355806720
1304345479963004930
1304345487194181632
1304345492860604416
1304345497541447680
1304345522489167872
1304345563220111361
1304345569490612224
1304345571973427201
1304345581024878592
1304345586506887168
1304345598376710145
1304345600515694592
1304345613677494272
1304345635152371714
1304345636494618627
1304345641737318400
1304345643490607104
1304345657218609152
1304345667666694144
1304345673693683714
1304345688977924097
1304345690445885441
1304345698796793857
1304345709735325696
1304345711912288260
1304345727511007232
1304345733215252480
1304345743352672256
1304345746267934720
1304345747383447552
1304345756669825024
1304345797732044800
1304345799514624001
1304345801976623104
1304345826123227136
1304345863980974080
1304345876886818817
1304345912207192064
1304345924798427138
1304345931463233541
1304345962819670017
1304345965197885440
1304345969870348288
1304345984982450177
1304345994910248960
1304346006855835648
1304346045078536193
1304346048123621376
1304346101517094913
1304346103945588736
1304346127215534081
1304346152796663808
1304346153035726849
1304346158530211841
1304346169854685186
1304346190348251136
1304346202322993154
1304346211076329472
1304346226066948096
1304346236938596352
1304346244291198976
1304346277174415361
1304346286892691457
1304346290571141120
1304346293456830465
1304346295885209600
1304346300956250112
1304346308505939969
1304346335672520706
1304346342714683394
1304346349786279937
1304346357138960385
1304346362666979328
1304346378240495616
1304346379624624128
1304346386314428416
1304346387551784960
1304346394065399808
1304346407382515712
1304346416136040448
1304346427032702977
1304346445991030784
1304346451275853825
1304346453788127235
1304346458057920512
1304346480828968960
1304346489456594944
1304346501779533824
1304346504681984002
1304346525066129415
1304346532993363968
1304346552845074433
1304346555781189633
1304346567940296705
1304346572075855872
1304346576236797953
1304346576920473600
1304346580422725632
1304346585032253440
1304346599120867334
1304346611221495808
1304346614731956224
1304346617676324864
1304346623468806144
1304346624425185280
1304346635544203265
1304346640128540672
1304346668205248512
1304346670721794048
1304346671438901248
1304346673737543680
1304346677621465090
1304346680968454145
1304346694470062085
1304346698722942976
1304346738929676288
1304346744746946561
1304346749310390272
1304346749868421120
1304346752456241152
1304346778624434176
1304346782890184705
1304346794768429057
1304346811084296192
1304346813139431425
1304346817543499777
1304346852335124482
1304346858995806216
1304346861768187904
1304346888901189632
1304346901190332416
1304346917846028288
1304346919486074880
1304346928508006400
1304346937521569794
1304346973101682689
1304346999832092673
1304347001518256128
1304347003296591872
1304347013446799361
1304347025937518593
1304347033088606208
1304347033831079936
1304347036725067782
1304347044337913856
1304347059126964224
1304347066567725056
1304347073211490306
1304347076264779777
1304347084917821441
1304347088608800768
1304347114672013312
1304347116115030016
1304347116995776513
1304347118400921600
1304347162193485826
1304347168254447617
1304347174524858368
1304347196062490626
1304347196448481281
1304347204149284864
1304347212537790466
1304347217029783555
1304347235682058241
1304347238630522880
1304347242434830337
1304347246067150851
1304347252538834945
1304347254254456832
1304347258025119744
1304347266052796416
1304347286546403329
1304347294477635584
1304347300345655296
1304347327382065153
1304347348739469313
1304347350723223552
1304347373867589632
1304347379831840769
1304347383149469697
1304347388732006400
1304347393354153984
1304347397439582209
1304347402153988096
1304347416246849537
1304347427080552448
1304347430578778113
1304347430972866560
1304347442561736705
1304347457141313536
1304347458755940352
1304347470135046144
1304347474576932865
1304347475696787456
1304347503370723329
1304347507355418624
1304347510090203136
1304347539701891072
1304347542499581952
1304347547595452416
1304347549877198850
1304347554440675328
1304347565211738112
1304347566973153280
1304347568076447744
1304347590796992512
1304347595721105409
1304347599617617920
1304347600234127361
1304347602763182081
1304347611286114305
1304347613874081792
1304347620257624067
1304347620798857218
1304347631708246017
1304347634606497792
1304347640843218945
1304347645326942208
1304347646879039489
1304347647990525953
1304347651102646272
1304347657855528961
1304347666361593857
1304347666487422976
1304347667615690753
1304347696606699522
1304347701560172546
1304347708484915203
1304347716311539712
1304347722871382016
1304347730865778689
1304347738809741312
1304347741192155137
1304347746636165120
1304347748221833217
1304347757260484610
1304347764495544326
1304347769633738752
1304347771541942272
1304347789221076992
1304347795760058369
1304347805931184128
1304347806405140480
1304347818895659011
1304347838852329473
1304347847777644548
1304347852185894914
1304347862906658821
1304347863909101570
1304347865397960705
1304347881911078912
1304347886684119050
1304347893206257664
1304347930011238400
1304347940543176705
1304347945882574848
1304347979009142785
1304347987162746881
1304347992720244736
1304347993789935617
1304348004690702336
1304348013574455296
1304348021543632896
1304348025578553344
1304348038165602304
1304348056737837057
1304348064879009793
1304348070658752513
1304348071527026688
1304348075503353857
1304348084705558528
1304348089743036416
1304348092435701762
1304348093941383168
1304348101734432768
1304348103198281728
1304348109674147840
1304348130494812160
1304348144440754178
1304348159758471168
1304348175747166208
1304348188166500352
1304348196643069954
1304348214766653442
1304348230730252288
1304348234102509569
1304348248681967617
1304348253014634496
1304348254151364608
1304348256454008832
1304348258869764097
1304348279107284992
1304348293372301313
1304348334761693184
1304348336254836736
1304348339626934276
1304348360799744002
1304348366671765505
1304348375622451202
1304348396321411073
1304348401203544066
1304348402734567425
1304348414985953281
1304348417238487041
1304348422955245571
1304348440604880896
1304348453963788289
1304348455943405568
1304348460397756423
1304348465816842241
1304348471928016896
1304348474993934337
1304348480018747398
1304348493985853440
1304348499509739521
1304348506409312257
1304348519579484160
1304348545512857600
1304348551833681921
1304348552051732483
1304348551779151873
1304348557101670400
1304348560578826246
1304348579843190786
1304348585388118016
1304348586688180224
1304348608469168128
1304348615645761536
1304348620611825664
1304348628040003584
1304348639003725824
1304348644703952897
1304348675439816706
1304348682498781185
1304348709124100096
1304348723544195072
1304348730947186688
1304348732201275392
1304348732314525696
1304348743546920966
1304348749070827524
1304348761758425088
1304348765374025729
1304348795082354690
1304348800530755584
1304348801692364801
1304348817328877568
1304348841882218497
1304348842935099394
1304348870525227008
1304348874061029377
1304348878838341632
1304348889818886144
1304348902087258112
1304348904670986240
1304348915332915200
1304348918189260800
1304348919439265793
1304348938280087552
1304348939974574080
1304348973507977216
1304348975336697856
1304348977714868224
1304348992294268931
1304349011957223430
1304349012871409665
1304349028054900736
1304349031938785281
1304349034405007360
1304349035923292160
1304349040625278977
1304349086066380800
1304349100352196609
1304349102210248705
1304349104730902529
1304349110930112512
1304349111639068672
1304349136699883523
1304349138805551104
1304349139275309057
1304349168086011904
1304349171458150402
1304349191011840001
1304349192232542209
1304349195642363904
1304349203750178816
1304349212491030528
1304349222607745025
1304349248490819585
1304349257948946432
1304349277054009344
1304349277859184640
1304349286503649280
1304349296465125376
1304349304929148928
1304349320179744769
1304349334637629443
1304349348487069696
1304349395702427648
1304349409233178624
1304349417349279744
1304349432582873088
1304349433946148865
1304349452476583939
1304349477927612416
1304349481312432129
1304349512417325056
1304349516724871168
1304349518624731138
1304349518759104513
1304349521309130753
1304349547230101504
1304349549423718401
1304349583942836224
1304349585268183040
1304349585603612672
1304349589906927617
1304349591479828480
1304349596458651648
1304349596441808898
1304349601005092864
1304349601793806338
1304349612174581761
1304349613659426817
1304349619317616641
1304349620785610753
1304349631439163392
1304349636992397312
1304349640708493313
1304349644386902016
1304349649592082434
1304349653492621314
1304349677958172672
1304349678352445441
1304349687122718720
1304349690390028294
1304349700921982976
1304349703295778816
1304349704356995072
1304349719007821824
1304349775454588928
1304349784019406853
1304349795616804864
1304349804516966401
1304349805204758528
1304349826725756930
1304349834992709633
1304349849446305792
1304349854508998658
1304349855083503618
1304349866164801542
1304349874956230656
1304349877044948995
1304349883432869895
1304349887455211521
1304349907143323649
1304349908485337088
1304349927288590336
1304349941536616453
1304349967423877120
1304349972259680256
1304349987975856128
1304349989880115201
1304349995819122688
1304350007135477761
1304350018040672256
1304350032469135361
1304350041348476929
1304350045366493184
1304350059035672578
1304350070926503936
1304350071786483712
1304350113238712321
1304350118985060353
1304350121207967744
1304350128241868801
1304350128673714176
1304350129751613441
1304350131416834049
1304350160709808128
1304350163721285641
1304350168859303936
1304350189868679168
1304350190434885632
1304350201579266048
1304350209128804352
1304350226736652288
1304350230754865152
1304350231560060928
1304350231702704130
1304350233581682689
1304350239692816384
1304350247662084097
1304350248257695744
1304350248454811650
1304350251223056384
1304350252707835904
1304350264015503360
1304350270491701248
1304350275591831552
1304350275705155584
1304350278016217088
1304350285180162049
1304350291647553542
1304350295816798210
1304350299210035201
1304350307963502593
1304350308835835905
1304350312065576960
1304350330004467714
1304350336379912195
1304350339248857088
1304350345360015362
1304350361709355009
1304350369535930368
1304350375257006080
1304350379388407808
1304350388049653760
1304350410157756418
1304350412032663553
1304350432031059968
1304350446811660288
1304350455187660800
1304350475551207424
1304350476230701056
1304350502055022593
1304350507088052224
1304350507763470336
1304350512972783617
1304350516609257474
1304350519322869760
1304350534120419328
1304350544157442048
1304350550494937088
1304350561672802305
1304350584741322757
1304350601048928258
1304350637153542145
1304350663497850880
1304350708083326976
1304350716778119168
1304350752505237504
1304350755634044928
1304350768951107584
1304350783190700032
1304350784105058306
1304350792669966337
1304350804510416896
1304350832976998401
1304350833975480321
1304350846201794560
1304350863608156160
1304350867018182662
1304350910773166080
1304350929777352704
1304350934177382401
1304350937805467648
1304350939357143041
1304350941026680832
1304350943178354690
1304350943438405633
1304350944084160512
1304350945870929921
1304350949499187201
1304351036686172160
1304351040511172608
1304351048274980864
1304351058362355712
1304351059100479488
1304351059213606912
1304351061050826752
1304351069942829056
1304351071050117120
1304351071222013952
1304351075252740096
1304351076552908801
1304351088326385664
1304351091941879814
1304351092344598528
1304351104944218114
1304351108698116098
1304351114612084739
1304351121247318017
1304351133020893185
1304351140377767936
1304351141761748992
1304351143477288960
1304351186242301952
1304351192600866816
1304351197126701056
1304351215002685441
1304351220174327808
1304351222174892034
1304351227543650304
1304351230857302016
1304351230982909952
1304351234556534786
1304351236108570624
1304351240357249024
1304351240789413888
1304351241062027264
1304351254097911809
1304351291561312258
1304351296015593477
1304351302927835136
1304351308057645056
1304351312751009794
1304351319298379776
1304351324805492744
1304351361815912450
1304351372213661696
1304351390601486336
1304351408842584065
1304351421094010880
1304351428069281792
1304351428266385409
1304351430396919809
1304351436520685568
1304351437544026112
1304351466795065345
1304351484696506368
1304351491520638979
1304351492564905985
1304351503612862464
1304351510298591233
1304351514090242048
1304351568435740674
1304351580204957700
1304351583447121922
1304351593760993280
1304351598202826752
1304351600857608192
1304351607723823104
1304351607711313921
1304351610198355968
1304351624664547328
1304351636912058369
1304351638497366016
1304351643144650760
1304351647406206976
1304351666712567808
1304351677324034049
1304351683032616961
1304351684789821440
1304351704788262912
1304351722744287232
1304351741501222912
1304351751814950912
1304351755895963648
1304351757150154752
1304351760459333632
1304351760757198848
1304351761180786691
1304351766364827648
1304351783439884288
1304351789232410626
1304351794127081472
1304351808471601152
1304351813018284032
1304351821985505281
1304351822690349057
1304351828872552448
1304351835755610112
1304351837886337025
1304351839589195776
1304351847285772288
1304351863995736064
1304351897910992896
1304351899693375488
1304351903807991808
1304351927526854658
1304351937383534592
1304351937890983937
1304351947869368320
1304351952894128129
1304351956920602624
1304351973500575744
1304351973639102465
1304351985949319168
1304352004257579009
1304352008225189888
1304352024721592325
1304352027850477568
1304352029029134336
1304352052449964037
1304352061400678402
1304352066656116737
1304352067427938305
1304352069537558529
1304352092727971841
1304352114521432064
1304352115729616896
1304352128484413440
1304352128819957761
1304352130690670594
1304352150844211203
1304352169051787264
1304352212521562112
1304352231081291776
1304352232070995968
1304352237381021696
1304352263398330368
1304352272411811840
1304352279567503361
1304352290149728257
1304352298139877377
1304352303017676804
1304352309435006977
1304352325981614080
1304352328464633856
1304352338304524289
1304352367123468288
1304352371657539584
1304352389097426944
1304352394935808000
1304352399486676993
1304352416603582466
1304352416804995072
1304352420181487616
1304352438908891138
1304352439588413440
1304352453828239360
1304352454910279684
1304352466566348802
1304352468046934016
1304352469460439046
1304352473423912961
1304352481078472707
1304352486065463296
1304352488020090884
1304352489248940037
1304352492889595904
1304352525827616770
1304352532412669952
1304352537210949632
1304352546140696577
1304352557796593665
1304352566654902272
1304352570199007237
1304352584077991936
1304352586695430146
1304352606865637376
1304352608090501121
1304352621743026177
1304352632211816450
1304352647814635520
1304352658120085510
1304352659059679233
1304352666647171072
1304352682380070912
1304352683218927616
1304352690475012097
1304352708531490817
1304352710733361152
1304352711337553922
1304352711408836608
1304352730031493122
1304352733864972288
1304352734439567362
1304352744896069634
1304352752869478402
1304352767675334656
1304352771563380736
1304352775350947841
1304352781105471489
1304352794938281986
1304352818178990081
1304352830342475776
1304352844741476352
1304352846658203651
1304352876937056256
1304352881676488706
1304352918695411713
1304352927759233024
1304352941835522048
1304352943903186944
1304352943802650624
1304352951067082754
1304352982004363264
1304353009305038848
1304353031971123200
1304353031929040896
1304353044398837761
1304353059309584384
1304353069128445952
1304353072496275456
1304353074132131841
1304353093811920896
1304353095971991552
1304353097389547521
1304353103173447680
1304353104075264000
1304353118474338304
1304353124438757377
1304353138573553670
1304353144709632000
1304353154268565505
1304353160228601856
1304353161868578816
1304353169783230464
1304353185281134592
1304353186166304770
1304353200556785664
1304353201064345602
1304353207498334208
1304353216721805313
1304353220475617280
1304353224841986054
1304353231082979334
1304353232312041472
1304353243552600064
1304353249361719297
1304353258375241728
1304353258559934464
1304353269624401923
1304353305758375937
1304353311286411264
1304353330530054145
1304353332337627138
1304353337559531521
1304353337291276288
1304353354697465856
1304353359218999297
1304353370900234242
1304353382929399809
1304353383546003456
1304353384988725248
1304353386607915009
1304353405058465792
1304353407105368064
1304353413627621376
1304353414386610178
1304353434079027201
1304353439397355520
1304353445433008128
1304353453246951425
1304353454740180994
1304353472280756224
1304353479025139712
1304353480048435200
1304353480786743296
1304353488776953856
1304353491402530817
1304353497849110529
1304353510880837634
1304353512122232834
1304353521307914241
1304353538298896385
1304353542879182848
1304353552320598017
1304353562621743105
1304353563481604097
1304353564064722944
1304353583761108992
1304353587112415233
1304353591252127744
1304353592887967744
1304353595995742208
1304353602400661504
1304353612332756992
1304353621471948800
1304353626731806721
1304353630846246912
1304353642393284608
1304353649053687808
1304353653684350976
1304353655446032389
1304353679034560512
1304353681836404736
1304353695379976192
1304353702552039424
1304353720965017600
1304353727747297280
1304353749356478465
1304353757489135616
1304353759867281408
1304353767425441792
1304353773553356800
1304353775910486018
1304353794805899266
1304353803320266752
1304353803831971841
1304353820156153856
1304353829257990145
1304353833250885632
1304353837239554052
1304353860706861057
1304353865202987010
1304353869481365506
1304353871083515906
1304353906621898752
1304353929552158721
1304353935876960257
1304353941501743104
1304353961059799040
1304353962309509120
1304353978243846144
1304354017636737024
1304354022267269120
1304354026964824064
1304354072150052865
1304354075044126720
1304354085227966464
1304354087379427329
1304354093780017153
1304354108837519360
1304354115984609281
1304354118866284544
1304354126646489093
1304354130765516800
1304354141989298176
1304354158141734913
1304354176428732416
1304354180916707328
1304354194577596416
1304354195739258880
1304354202488111104
1304354209299488768
1304354230812246018
1304354234352185344
1304354241876762626
1304354241931247617
1304354249283792902
1304354255734800384
1304354263049658369
1304354288811028480
1304354297367457792
1304354305860927488
1304354306263457794
1304354311728586753
1304354312282308610
1304354312340951042
1304354315880988672
1304354328896040960
1304354328933588993
1304354339964825601
1304354340455419905
1304354341487222786
1304354343290839040
1304354347275497474
1304354355563368448
1304354369366679552
1304354372978122754
1304354416976297989
1304354426900094978
1304354427567042561
1304354445006864384
1304354446521106432
1304354449742270464
1304354451432464384
1304354454842626059
1304354466133467142
1304354473641488385
1304354475998470144
1304354482440957952
1304354485179998209
1304354487037952000
1304354495430823943
1304354517324976128
1304354524258168832
1304354535343882240
1304354539198271488
1304354571914010624
1304354595066478593
1304354598845636608
1304354608525918208
1304354608735690752
1304354609960562689
1304354612170940416
1304354627991805953
1304354645628694528
1304354662980694017
1304354669502902272
1304354676431757315
1304354676859568129
1304354684421824512
1304354687458648064
1304354695989792768
1304354700201005056
1304354706786054149
1304354710854533120
1304354713782177794
1304354715992350722
1304354718718648320
1304354725966409729
1304354745994432514
1304354756517703680
1304354759307137024
1304354785072738306
1304354792588931073
1304354795873095683
1304354796514803713
1304354802781097985
1304354806929203200
1304354807155765249
1304354809038778369
1304354814940164096
1304354817318494209
1304354821139345408
1304354821764386816
1304354836083662848
1304354842006220800
1304354854995988485
1304354856400908288
1304354866127679488
1304354874038136833
1304354924197634049
1304354929163862016
1304354944930246658
1304354961707298817
1304354967566852096
1304354969009532928
1304354976886530054
1304355009325412352
1304355009421889538
1304355017931943936
1304355022776315907
1304355025389461510
1304355059812257793
1304355066409873408
1304355070860029952
1304355073972219905
1304355093702012933
1304355096411566080
1304355098588577792
1304355113591599104
1304355117722935296
1304355121980039169
1304355123179802624
1304355124630843394
1304355124861480960
1304355128456036353
1304355133627789312
1304355140133031937
1304355170789322752
1304355186706612225
1304355193652305920
1304355201416146944
1304355203299368960
1304355208902979587
1304355212212174848
1304355215085195265
1304355227089338369
1304355230738382848
1304355246425153537
1304355251131224065
1304355267748999169
1304355282101972993
1304355287407747073
1304355293430595584
1304355298107424768
1304355306395271168
1304355317652881410
1304355320853078016
1304355321062871041
1304355323184996352
1304355323214475264
1304355343573671937
1304355353950220288
1304355364368912384
1304355386477215745
1304355395050373126
1304355403669499906
1304355405758214145
1304355407645859840
1304355411038855168
1304355456610111488
1304355464776495104
1304355467846709248
1304355475769745409
1304355491548737536
1304355496283963392
1304355496325939201
1304355497789644801
1304355509877846017
1304355528378707969
1304355533680336896
1304355548545126400
1304355552479211522
1304355554521874432
1304355557982326785
1304355560335302658
1304355560947499009
1304355563535560704
1304355586729934849
1304355596733427712
1304355599979876352
1304355616744374272
1304355624017375233
1304355640312242177
1304355640798830592
1304355648226820097
1304355653515915264
1304355656757993472
1304355667424079872
1304355673065631744
1304355700022288390
1304355705885995008
1304355707408580609
1304355719756554240
1304355757303963648
1304355759501709312
1304355785099612160
1304355787737718784
1304355791755907072
1304355796109541376
1304355811662020608
1304355827105570816
1304355837775732736
1304355858730684416
1304355901877309440
1304355902233825281
1304355917052416000
1304355919862534144
1304355926242021376
1304355929366953984
1304355933095702528
1304355938413936643
1304355939630198784
1304355945250656264
1304355947066789891
1304355961000407040
1304355978473742337
1304355980356907008
1304355980495466496
1304355990951821314
1304355998216458241
1304356004713213952
1304356008077082625
1304356011407478789
1304356021050040321
1304356021410832386
1304356026653773828
1304356047063101440
1304356052314533888
1304356064528195585
1304356075983048707
1304356088578535425
1304356098267373568
1304356101970952193
1304356104005201923
1304356108165943297
1304356109134843905
1304356119163408384
1304356123911233536
1304356125899284481
1304356132606021632
1304356169973030912
1304356171956985856
1304356178210754561
1304356195675844608
1304356197328457728
1304356227338518528
1304356234628227073
1304356240697384966
1304356255578939392
1304356262134665218
1304356277615820800
1304356278232260609
1304356279708782592
1304356280753180673
1304356287547932673
1304356289540173824
1304356296137666561
1304356301187751937
1304356302743797760
1304356313921658881
1304356322952056832
1304356324180783104
1304356352039493633
1304356357529772033
1304356373518594049
1304356380938207232
1304356388731265024
1304356390820077568
1304356396289470465
1304356422331891715
1304356425582350337
1304356433836888066
1304356450450518018
1304356454011371526
1304356459363401728
1304356461708017666
1304356469362405376
1304356471258275840
1304356486403907585
1304356493832204288
1304356504338747393
1304356524530135040
1304356527831040001
1304356537046097921
1304356542070820864
1304356543001817093
1304356546722267141
1304356549867921408
1304356552787271680
1304356563331682305
1304356588073947140
1304356588493340672
1304356591358140416
1304356593539198979
1304356594646282242
1304356603420798977
1304356616284717056
1304356646009729025
1304356647171698689
1304356648035799040
1304356648908197888
1304356652317982720
1304356653442109440
1304356665584570368
1304356670865158144
1304356672748486657
1304356680013053962
1304356692306558977
1304356701051600896
1304356717069660160
1304356729354846208
1304356729795346432
1304356729715658753
1304356731036856320
1304356732613701632
1304356740989845504
1304356748774371328
1304356758304026624
1304356760048873473
1304356765362982914
1304356766864551937
1304356771570618368
1304356776293396480
1304356779917217797
1304356784296079361
1304356788167274496
1304356797965381632
1304356805494013953
1304356822644473856
1304356823714074624
1304356832136359936
1304356839153455105
1304356841124634624
1304356842093469698
1304356844891189248
1304356847072149504
1304356854663909377
1304356855024619521
1304356859428646914
1304356862788136960
1304356867540361217
1304356874305908739
1304356892060389376
1304356930551451648
1304356955809615873
1304356963392917505
1304356992463466497
1304356997081432068
1304357008762703878
1304357053364711424
1304357063250698241
1304357065427566595
1304357073698861056
1304357072725737472
1304357090484391936
1304357102966669312
1304357104686370816
1304357110642139138
1304357118250807296
1304357124022177792
1304357124617764864
1304357151243149312
1304357172441001984
1304357179537764353
1304357183530778626
1304357188190654465
1304357199125372928
1304357201868447745
1304357212580728832
1304357225784381440
1304357227097214978
1304357250056638464
1304357250497220609
1304357251583410176
1304357252107628544
1304357268540907520
1304357268679426048
1304357270831071232
1304357294092713985
1304357304590950400
1304357317299720193
1304357325654896640
1304357328318156800
1304357329933008897
1304357340041355265
1304357341580742656
1304357342738362368
1304357348429815810
1304357363898617856
1304357376917635072
1304357385637511168
1304357386296074240
1304357405397057538
1304357434882961408
1304357438561247232
1304357439622455298
1304357454403207168
1304357474313666560
1304357502159589376
1304357523151962112
1304357529149935616
1304357536766857216
1304357536938721280
1304357564675698688
1304357602583875584
1304357603317673984
1304357624427798529
1304357628089335810
1304357631344160770
1304357635790176257
1304357652034592769
1304357661996179456
1304357686625079297
1304357706527133697
1304357710893211648
1304357713653018624
1304357723543408640
1304357749623529474
1304357754048516098
1304357804191494145
1304357805445578752
1304357813783674881
1304357825079062539
1304357830497976322
1304357833329135616
1304357837632606208
1304357852438507521
1304357866967621632
1304357869287018497
1304357878124490752
1304357883199533056
1304357885430947840
1304357891181338624
1304357904313614336
1304357907924910080
1304357910005260288
1304357911364165635
1304357912131891202
1304357924324737024
1304357930930765824
1304357944214126592
1304357950966784001
1304357954674712577
1304357965382606849
1304357966045421568
1304357976866578432
1304357990649212931
1304358012333760513
1304358020130828288
1304358020781150209
1304358029052317697
1304358039026364421
1304358039265390592
1304358045737078784
1304358066624757760
1304358073457287169
1304358082823237632
1304358085704720384
1304358100967796738
1304358122916589569
1304358131875688451
1304358138896887808
1304358144575852545
1304358153312665601
1304358179212529666
1304358187055931392
1304358188834324482
1304358191342456832
1304358191715631104
1304358193930395648
1304358199378628610
1304358209172443136
1304358216328007680
1304358229070106625
1304358229380681728
1304358230382895104
1304358237534216192
1304358239530897408
1304358276172189696
1304358289665191936
1304358291498323970
1304358295717785600
1304358297756037120
1304358297433243649
1304358302093017089
1304358303191961604
1304358307445043202
1304358307621007360
1304358316802334721
1304358317138022400
1304358332606472194
1304358334422638592
1304358350969241605
1304358351371984897
1304358390987214848
1304358400269131776
1304358434121199621
1304358437887844354
1304358462537625606
1304358463561236481
1304358464437665793
1304358469701718017
1304358471719026688
1304358475607109633
1304358507911811073
1304358510017171456
1304358513242710016
1304358530644938752
1304358561498112000
1304358561657520128
1304358573112266758
1304358576274595842
1304358581618302976
1304358582574632960
1304358596004777984
1304358601956438016
1304358602686304257
1304358627516600320
1304358650836811777
1304358657749143554
1304358659384696838
1304358668616466439
1304358670264799232
1304358671695183872
1304358673364512768
1304358680008314880
1304358691047571456
1304358703395733506
1304358721024335873
1304358731082158081
1304358756428386304
1304358756814389249
1304358760945577984
1304358762661253121
1304358765546876930
1304358789223653377
1304358789374775296
1304358790935064576
1304358796064514054
1304358820928516096
1304358832643207169
1304358833557446657
1304358837978378240
1304358890881060864
1304358899823370241
1304358901127675904
1304358911856705538
1304358921696665600
1304358945230917632
1304358945755201536
1304358966944817152
1304358972250566656
1304358977896157189
1304358979552899072
1304358991586144256
1304358995319296000
