1309205944363032576
1309205961937244161
1309205966135668736
1309205974394310658
1309205983382712327
1309205996275929088
1309206003888476160
1309206021588557825
1309206034012155904
1309206042073595907
1309206051032625152
1309206053968633858
1309206055109435394
1309206059970633730
1309206067440758786
1309206075925725186
1309206097534869504
1309206099569061891
1309206104409284609
1309206110386126850
1309206122096664576
1309206133106601984
1309206133123543040
1309206159702847489
1309206183492943873
1309206189595451392
1309206201033465857
1309206201335504897
1309206210521042949
1309206226350125056
1309206230666293254
1309206244612288514
1309206244624752641
1309206247258968064
1309206259279765505
1309206268884721666
1309206276853960705
1309206280100286468
1309206287234760704
1309206289076027392
1309206290447695877
1309206298651754496
1309206338824671232
1309206347049656320
1309206348442333184
1309206356662968321
1309206363814481921
1309206368176533504
1309206381346643974
1309206390267928576
1309206402334892037
1309206411574902787
1309206423633616898
1309206436950536192
1309206440364703745
1309206483196837889
1309206519582543873
1309206536506544128
1309206566520975368
1309206569364713472
1309206569515614216
1309206580475449353
1309206582480138240
1309206591347003392
1309206608317222913
1309206642139987968
1309206647122919426
1309206658829164546
1309206659336671235
1309206665695309825
1309206670338293760
1309206670808100872
1309206690957590528
1309206730967060480
1309206734901334016
1309206737354981377
1309206737577283593
1309206738453671937
1309206739372441600
1309206739582160899
1309206741372919808
1309206746473299968
1309206763741347840
1309206770917584896
1309206771945406476
1309206783559434244
1309206792413433856
1309206796175921153
1309206802291134469
1309206805201981441
1309206819840176128
1309206824500031488
1309206830661480453
1309206847249739777
1309206868020080642
1309206880099549184
1309206906129399808
1309206911099834368
1309206924018085888
1309206928791396366
1309206931513511937
1309206939591680001
1309206944796807168
1309206944616513539
1309206961045598208
1309206960273793024
1309206988811894784
1309206990665605120
1309206994692091904
1309207012312363008
1309207018234880006
1309207026698985473
1309207031283412997
1309207031514116097
1309207040070385664
1309207045116223488
1309207065798283264
1309207066179809281
1309207069271228418
1309207104180293632
1309207109129601030
1309207112376090626
1309207131774566400
1309207132152135681
1309207139890720768
1309207146001727489
1309207161822642177
1309207168009334784
1309207191279284225
1309207192562806787
1309207194857017346
1309207198938079232
1309207204940013569
1309207216382078978
1309207217191686144
1309207218055557120
1309207222132506624
1309207224976314373
1309207241485094913
1309207246480568321
1309207249970225154
1309207250771349505
1309207258350452736
1309207286854955010
1309207292173152258
1309207300146688002
1309207300104572928
1309207309592211456
1309207324922228736
1309207325249544200
1309207328948981760
1309207376046759946
1309207383328030723
1309207403989266432
1309207409949319175
1309207417821917184
1309207418795163654
1309207427028459520
1309207435010334724
1309207437703081989
1309207442643922949
1309207450491392000
1309207452655681537
1309207461262512129
1309207467348430853
1309207477599100928
1309207481902489601
1309207484448604160
1309207485480341507
1309207489506754560
1309207497589358595
1309207500156067841
1309207514458849282
1309207518107795458
1309207522142814211
1309207522851655690
1309207529793224704
1309207546704560128
1309207564916346882
1309207573116129280
1309207602958655489
1309207603180863490
1309207611145887745
1309207627990265857
1309207637251194880
1309207639780401152
1309207649813057543
1309207657404923911
1309207659887890432
1309207685955551237
1309207693396246531
1309207712899760131
1309207720990572548
1309207724123721728
1309207724069060610
1309207725071622144
1309207729790160897
1309207737071316992
1309207742599503879
1309207760639275011
1309207774300180480
1309207784051924992
1309207787382112256
1309207796643229696
1309207803941326849
1309207811314929665
1309207829127995402
1309207867388391425
1309207875886157824
1309207878994219008
1309207891799355393
1309207908090028034
1309207911789453316
1309207925571883008
1309207928952565760
1309207929753686031
1309207942475010049
1309207951383474176
1309207960527265792
1309207974787846145
1309207992164921347
1309207998443782144
1309208003170664449
1309208014398816256
1309208021327851520
1309208029276049408
1309208034137321477
1309208039145181184
1309208050696421376
1309208053212950529
1309208053032591362
1309208059042988034
1309208059617705986
1309208067012141056
1309208075371335680
1309208076516499456
1309208096351440896
1309208101770293248
1309208105205473280
1309208105344012288
1309208117616553988
1309208135714959360
1309208136172044288
1309208140047679491
1309208143520358400
1309208147001655297
1309208147563810821
1309208151389077506
1309208160402632706
1309208160952086529
1309208171219746817
1309208172670980096
1309208180623372289
1309208181969694732
1309208190312210440
1309208198537187340
1309208211128418310
1309208231529521152
1309208242967502853
1309208249510617096
1309208268254871552
1309208272419713024
1309208277318737920
1309208285636067329
1309208307937062912
1309208308331487235
1309208319618363393
1309208345073549314
1309208345740541952
1309208416234037248
1309208424635301895
1309208427412021248
1309208429051949056
1309208436408610816
1309208450354892800
1309208465970266114
1309208500782989315
1309208507103707136
1309208521787965442
1309208534979088386
1309208542243631107
1309208542000361474
1309208543300444160
1309208546911813632
1309208549881503746
1309208555069865994
1309208562481025024
1309208562883723265
1309208594190077953
1309208605338472449
1309208610321453056
1309208614180192258
1309208617749417984
1309208637727019009
1309208637932331008
1309208638322606080
1309208639694163969
1309208651442188288
1309208653971550208
1309208655980564482
1309208658509692928
1309208668991184897
1309208672707457024
1309208675249270785
1309208675374960640
1309208687651807234
1309208693842612224
1309208701627174918
1309208712779792384
1309208730827980806
1309208731536830464
1309208739526766592
1309208742169174016
1309208742563512320
1309208747386994691
1309208750352465921
1309208755003944960
1309208755498868737
1309208757289844736
1309208759139524611
1309208764612923392
1309208773169352704
1309208791108456449
1309208791330816001
1309208806543568897
1309208823966715907
1309208824352391168
1309208832963420166
1309208834523553792
1309208844975955970
1309208851690991619
1309208873182597125
1309208874516451330
1309208877494407169
1309208895143936001
1309208897241182210
1309208900344913921
1309208905675878400
1309208905868816386
1309208911443111938
1309208919840116736
1309208923870826497
1309208949149884418
1309208962462556160
1309208969299275777
1309208971140620288
1309209003193495553
1309209015621214208
1309209032243261441
1309209048538112002
1309209050509443072
1309209057182601222
1309209069115387904
1309209080406237184
1309209084512657421
1309209095443034112
1309209107560312837
1309209124182192128
1309209129341390851
1309209133355335682
1309209138434514945
1309209144604471296
1309209150149349379
1309209170713997316
1309209175260528640
1309209179635224577
1309209180587388928
1309209199344324611
1309209209406357507
1309209212124385280
1309209217337896961
1309209218231173121
1309209231648862209
1309209233091694593
1309209233271877632
1309209253991903233
1309209284098568193
1309209292449476608
1309209309444800513
1309209317208477701
1309209325513117698
1309209334262517760
1309209342273519617
1309209345213648896
1309209346543366144
1309209352092385281
1309209356106256389
1309209380722675712
1309209389396643842
1309209389463670785
1309209414423977985
1309209415275425799
1309209418643443712
1309209447462559749
1309209451744948226
1309209486553481216
1309209486939377664
1309209493830537216
1309209494090547201
1309209502319882240
1309209528114843648
1309209537690255362
1309209540567719938
1309209547731591170
1309209548281044996
1309209556636045317
1309209557890105344
1309209561585385473
1309209585425809414
1309209591729647616
1309209599053094914
1309209610767794176
1309209616564318209
1309209633769234433
1309209635245694977
1309209652425625606
1309209660835213314
1309209666925277184
1309209678493233152
1309209680086999045
1309209682175815681
1309209696226742272
1309209704313356289
1309209716560723970
1309209719404474371
1309209719689666561
1309209732457148417
1309209753420206081
1309209757882802176
1309209765806059522
1309209775608147968
1309209779307413504
1309209783161978880
1309209783514341376
1309209804330729472
1309209811964309505
1309209815743422465
1309209829152559112
1309209829869793280
1309209835196624896
1309209842524004352
1309209851734745090
1309209852116439042
1309209856520450048
1309209871930228741
1309209884630581251
1309209888178892800
1309209896018116608
1309209912203976706
1309209942360981505
1309209952683253760
1309209954428104704
1309209955128561664
1309209963043192833
1309209964125315072
1309209966725574657
1309209969049378817
1309209969376493568
1309209972203495426
1309209983951810561
1309209992969572352
1309210033859842053
1309210035185233925
1309210039601618946
1309210040377716736
1309210044710506496
1309210064746680325
1309210077279268865
1309210085185511424
1309210089933475840
1309210093523697670
1309210105720827904
1309210105695662080
1309210107754971136
1309210130844540929
1309210130932731906
1309210155720953856
1309210164646432768
1309210165338615808
1309210169264484352
1309210173060182017
1309210173215584258
1309210177544114176
1309210181784481794
1309210197383090178
1309210210678996995
1309210211773747200
1309210216936898561
1309210224293707776
1309210236662820865
1309210252492054535
1309210265779671040
1309210271672537088
1309210277620199426
1309210289980821507
1309210298176471045
1309210304186920960
1309210310285447170
1309210317247873029
1309210329910566920
1309210332221640704
1309210342086586374
1309210352685584385
1309210358721081346
1309210365360824324
1309210366426087426
1309210374957412353
1309210378644213760
1309210386642726913
1309210404422324225
1309210404644626436
1309210422805921793
1309210438551220224
1309210443165171712
1309210446033977344
1309210453873233921
1309210491810656259
1309210499956060162
1309210500001984512
1309210504762667012
1309210514808074240
1309210529404260353
1309210539025928193
1309210552435081229
1309210558919512065
1309210575994531840
1309210596223614982
1309210597658038272
1309210598308282376
1309210602355687427
1309210606998900737
1309210621867679744
1309210650686693379
1309210651252776962
1309210660929253376
1309210669867298816
1309210675777081347
1309210698006880261
1309210703224606721
1309210703455281158
1309210707376959497
1309210719754293248
1309210739140440072
1309210756945195010
1309210799441928193
1309210807264309248
1309210814356783107
1309210823676526592
1309210823739559941
1309210831494807554
1309210832061050885
1309210839648473089
1309210844262289414
1309210844174184454
1309210845478608900
1309210847823101953
1309210858774429697
1309210862226300929
1309210867175571456
1309210870447329285
1309210870438862848
1309210873123221506
1309210873450430464
1309210894891712512
1309210898779615233
1309210904089763840
1309210920925700098
1309210924457365504
1309210927661752320
1309210932007051265
1309210944346755076
1309210957210673154
1309210959484014592
1309210969470627843
1309210979314667520
1309210991511703553
1309211002735595520
1309211019256958976
1309211034322903041
1309211042841587712
1309211066006724616
1309211072071708680
1309211072277159939
1309211080175083520
1309211088941182982
1309211097279455236
1309211107945402368
1309211108469870598
1309211111741366280
1309211114404745216
1309211114958467072
1309211122025861121
1309211133908312064
1309211141567123456
1309211154296844289
1309211174572101634
1309211180410441728
1309211180800585733
1309211191676469251
1309211208785031169
1309211213633662977
1309211213822337026
1309211218884931584
1309211231547318273
1309211250358878210
1309211254632976387
1309211277789556736
1309211280725520384
1309211306701062146
1309211313357299712
1309211331195625472
1309211331799572480
1309211334177771520
1309211336501493760
1309211339089477637
1309211339336937472
1309211376154488832
1309211397625180161
1309211398216585216
1309211402025005057
1309211420232486912
1309211423973797888
1309211430487379969
1309211431276077062
1309211435239649288
1309211449781297152
1309211486162542594
1309211491804024834
1309211497965510659
1309211498326130689
1309211506131767307
1309211511684882433
1309211520476131328
1309211523139551232
1309211524192448517
1309211524356018177
1309211524620316672
1309211540231516160
1309211540948688900
1309211544673308674
1309211553057640451
1309211566634684416
1309211570174668800
1309211577212719106
1309211578571665409
1309211586373001216
1309211589787168768
1309211600256106496
1309211619780681731
1309211628349673473
1309211653121216515
1309211672150638593
1309211672490291201
1309211696196718593
1309211700776833025
1309211701586395136
1309211704358629376
1309211727033184257
1309211737216999428
1309211740639555585
1309211755046871042
1309211760616976384
1309211762529460224
1309211763573837824
1309211763666284545
1309211766480687104
1309211767688622088
1309211795735932929
1309211801050120193
1309211808616476672
1309211812752228353
1309211814144606208
1309211820884783106
1309211833870495744
1309211841902542848
1309211858973278208
1309211871396855814
1309211884143497217
1309211887704432641
1309211889336037379
1309211893115088896
1309211894109089793
1309211914967437316
1309211943987798017
1309211963486920704
1309211986702426112
1309211990062030848
1309212005698592772
1309212011100884992
1309212013592223744
1309212026263212032
1309212027538280448
1309212030990196736
1309212031841693696
1309212040901390339
1309212048660856832
1309212048795017216
1309212060786585606
1309212061013086209
1309212068315312129
1309212073516179456
1309212082311659526
1309212086262792194
1309212110010933251
1309212114385600512
1309212115027267584
1309212116348538881
1309212145209532416
1309212146102919168
1309212159029768192
1309212162989023232
1309212166977847296
1309212186749939713
1309212191590158336
1309212207318695940
1309212211634724864
1309212233285677057
1309212245247885313
1309212257100926977
1309212266349424644
1309212269876858881
1309212269948137472
1309212274347986945
1309212279246852096
1309212296439357441
1309212308082696198
1309212316467171329
1309212323849154560
1309212341909757952
1309212363246239747
1309212387829067784
1309212418208342019
1309212429386215430
1309212431491706881
1309212443726544898
1309212454526820355
1309212458431606784
1309212469164900352
1309212479738834944
1309212492393050113
1309212493668114439
1309212501700042752
1309212518221361152
1309212522541731841
1309212525322526720
1309212527646183425
1309212530141732870
1309212530200338432
1309212539323117568
1309212542661730308
1309212542804340739
1309212551276826626
1309212555911376897
1309212563545239552
1309212571875127296
1309212573758353410
1309212588228726789
1309212601549819905
1309212605932683266
1309212607363133441
1309212617966325760
1309212618683547649
1309212628246560769
1309212634659651584
1309212651197804559
1309212677730979840
1309212678561230851
1309212702108246017
1309212723281039360
1309212736245493760
1309212737516367872
1309212739739488256
1309212740603596800
1309212740943306755
1309212748543385605
1309212749541576704
1309212757166829568
1309212769506516993
1309212789899177986
1309212811491512320
1309212816172355586
1309212827375337473
1309212833817731074
1309212839865970689
1309212862800330752
1309212871738429440
1309212873768525824
1309212895331319808
1309212896807788554
1309212898388918272
1309212899143942144
1309212907117346816
1309212916365889536
1309212921071894530
1309212925467516929
1309212932740395009
1309212937639415819
1309212941204566016
1309212970874859520
1309212976172457988
1309212983655051265
1309212991481688068
1309213000646221824
1309213000889511939
1309213005780058112
1309213008288153601
1309213012973293570
1309213016802631681
1309213039401590786
1309213077301342209
1309213088823087104
1309213093017378817
1309213097651970050
1309213101695414278
1309213106283982849
1309213110679547907
1309213113934282759
1309213117671448580
1309213143063842816
1309213147400671234
1309213156754026496
1309213170058383361
1309213192149590016
1309213194171420672
1309213197635850240
1309213206112620549
1309213210155929600
1309213213410709506
1309213234365427714
1309213274379083778
1309213288828465153
1309213294184427520
1309213302510190595
1309213341043351553
1309213355844935680
1309213360832077824
1309213361209593857
1309213361318563840
1309213364976005120
1309213365840089090
1309213370629804032
1309213386614272005
1309213398316593152
1309213399763554305
1309213410903691265
1309213412535173128
1309213415282552837
1309213445250846724
1309213457343021056
1309213471314239489
1309213482911440905
1309213492701016067
1309213499810295808
1309213502725410816
1309213508958121989
1309213515736125443
1309213540432195587
1309213558622752768
1309213587072856076
1309213587630587907
1309213595746611201
1309213604261044224
1309213622321786883
1309213622233698304
1309213625962434562
1309213635672076289
1309213642114699264
1309213647789588480
1309213657721692160
1309213665053245447
1309213665929957376
1309213684586119169
1309213691951214592
1309213693113229320
1309213700088377344
1309213703930368000
1309213705666727943
1309213710020423687
1309213726202097664
1309213730111197184
1309213730169913345
1309213734850768897
1309213735274385411
1309213742589194240
1309213759597051905
1309213764676247554
1309213767151083525
1309213768027525122
1309213767838896131
1309213779356528640
1309213796125163521
1309213800957124608
1309213802370564097
1309213809052127232
1309213821865791489
1309213832087252994
1309213835686039553
1309213839246983169
1309213872390311936
1309213877067042816
1309213878174330881
1309213884180504579
1309213897715453952
1309213914773757952
1309213919685337089
1309213923388792832
1309213926257762304
1309213945216012294
1309213947355070467
1309213952954585090
1309213960382615555
1309213964765745154
1309213969379360769
1309213974790103042
1309213985980506112
1309214001805635591
1309214009959292928
1309214038128300032
1309214043727511552
1309214064992804866
1309214069426196486
1309214078724984832
1309214081518317569
1309214085498707968
1309214085695766528
1309214090263486466
1309214090427064321
1309214091270070275
1309214098077278208
1309214103760764929
1309214109796368384
1309214115534172161
1309214116595339269
1309214120370155525
1309214125017440258
1309214150376271872
1309214166570487808
1309214169737166853
1309214175508361216
1309214196148641799
1309214203857772545
1309214221322907653
1309214228751036417
1309214237462417408
1309214262703788032
1309214275051966465
1309214274997420032
1309214279233613824
1309214301559889920
1309214304080662528
1309214306077233153
1309214308828667905
1309214312813166596
1309214316244205568
1309214322854440962
1309214327287799809
1309214343041626113
1309214350809456640
1309214351442808834
1309214359051055104
1309214360561049600
1309214367200808960
1309214367880183808
1309214367951486983
1309214391678783495
1309214404307832832
1309214404119064578
1309214410100166667
1309214410548838403
1309214427154124800
1309214446540197893
1309214447018356736
1309214472330973185
1309214477259341824
1309214492820156416
1309214501271732225
1309214506011234306
1309214508099997696
1309214509861568514
1309214530824794113
1309214540198969344
1309214541214109697
1309214547409096707
1309214564098158596
1309214564559581184
1309214565071163392
1309214573430542336
1309214578618904576
1309214585262608386
1309214587405905925
1309214589968678914
1309214602669035523
1309214602627100683
1309214607911849985
1309214636630306816
1309214644276473857
1309214658092392448
1309214666544078848
1309214694016647168
1309214716376633345
1309214723741802497
1309214724366766083
1309214727747366914
1309214733036380161
1309214736400166912
1309214736547024900
1309214739805999111
1309214749830377473
1309214752774782976
1309214757711478786
1309214769673646084
1309214774002159617
1309214786308145164
1309214791307792385
1309214792113160193
1309214801047027712
1309214806977716228
1309214815919968258
1309214823683698690
1309214829757034506
1309214830671339521
1309214838317486080
1309214841769324545
1309214842008604673
1309214846282465280
1309214854272614400
1309214866012504065
1309214879975452675
1309214899499757568
1309214908236656641
1309214916658761728
1309214921062846464
1309214925844250630
1309214951727419394
1309214958442500098
1309214967212769280
1309214979229454338
1309214980332494849
1309214985378242560
1309214987668393984
1309214996300288005
1309215004990885889
1309215016952848384
1309215030647418880
1309215032635469824
1309215037995847680
1309215043683315714
1309215051887374336
1309215060770738177
1309215067074895873
1309215077598474243
1309215077829169154
1309215083919298561
1309215092676927489
1309215102520958977
1309215106149031938
1309215110695546880
1309215113715556352
1309215121944662016
1309215126961229826
1309215138428444672
1309215138562666499
1309215140424937472
1309215144052887552
1309215147752394757
1309215174549676032
1309215187283705856
1309215198012637187
1309215207370219526
1309215223132442628
1309215223409258496
1309215227225964545
1309215227662262272
1309215249950806016
1309215253201289220
1309215254371397632
1309215254300307456
1309215254451159040
1309215268951011328
1309215297686167552
1309215307328901122
1309215310831128577
1309215320427634692
1309215323049136128
1309215327176273921
1309215327746576384
1309215341873168384
1309215349724905472
1309215350920228867
1309215353591996418
1309215366334251008
1309215369463296000
1309215373737238539
1309215375364562944
1309215381614026752
1309215386613755905
1309215394989735943
1309215419417464833
1309215427818594309
1309215432352632834
1309215432436584451
1309215445833183232
1309215476078317569
1309215482659176451
1309215482764034050
1309215504561831939
1309215509712310272
1309215512388407301
1309215521594839043
1309215547121377281
1309215550585950208
1309215565140033536
1309215576984821760
1309215579576905729
1309215594319941640
1309215634484592642
1309215676712849410
1309215681376735232
1309215689878765568
1309215701916422146
1309215702931267586
1309215710380470274
1309215715262636035
1309215729883975680
1309215743473594368
1309215752658903040
1309215755284738049
1309215765489479680
1309215771696848896
1309215773152473094
1309215773899063298
1309215784397348864
1309215797458472968
1309215820279689217
1309215844526768128
1309215848276656131
1309215857021607937
1309215857315381249
1309215864118415361
1309215870112030720
1309215874944032779
1309215893986193409
1309215894833430530
1309215912428437508
1309215935677583360
1309215946058485761
1309215947778031616
1309215949568892928
1309215954451263492
1309215957815037955
1309215984444637189
1309215985921126400
1309215986936098816
1309215989486292999
1309215995739987968
1309216008574468096
1309216016703148032
1309216027608256512
1309216028765949952
1309216028728197121
1309216046113456129
1309216071119970305
1309216078116069376
1309216079223291904
1309216083132461057
1309216095610511375
1309216128993038339
1309216129295015937
1309216133241864193
1309216158663340032
1309216163339972608
1309216192842936320
1309216197502615552
1309216204087865345
1309216217245380608
1309216231006908422
1309216249914761217
1309216251353477121
1309216264267673603
1309216267568648192
1309216296068841472
1309216331296911361
1309216347776323585
1309216348313137152
1309216350901080077
1309216352113172480
1309216353262297088
1309216360208236551
1309216376003997699
1309216431670792195
1309216435193946117
1309216435646889985
1309216461810933761
1309216477346553856
1309216489308708864
1309216498519609344
1309216513946247171
1309216518333399040
1309216518551613440
1309216519273017345
1309216532241752064
1309216543738335232
1309216549916553217
1309216575413608448
1309216583680774150
1309216619445579777
1309216625032335361
1309216645546733569
1309216646322704384
1309216653511663622
1309216661593968640
1309216666639892481
1309216677616390145
1309216690119606272
1309216690861936640
1309216700043128832
1309216705873424385
1309216711296479232
1309216711980310529
1309216712206811141
1309216731118866433
1309216731563401216
1309216738387558401
1309216751259975682
1309216786689208321
1309216793232371715
1309216796214530049
1309216800144588804
1309216805303521281
1309216811972403200
1309216812186431488
1309216812282851328
1309216833334128640
1309216838736322562
1309216838816075776
1309216847192088577
1309216850069331968
1309216850019053569
1309216854674673665
1309216863721680896
1309216886194761728
1309216904997933056
1309216917090185217
1309216926401531906
1309216933678587907
1309216947364601866
1309216951273742337
1309216956575293440
1309216967245602821
1309216969418252288
1309216992499507209
1309216993774624770
1309216994693128193
1309217015232684038
1309217018516844551
1309217023466102785
1309217031107915776
1309217038594957312
1309217044580020225
1309217057922310154
1309217064205385730
1309217076360499203
1309217081167151112
1309217087127252993
1309217088905633792
1309217090390417408
1309217115287756801
1309217128139182080
1309217131029028865
1309217143385329664
1309217143993450496
1309217160078782464
1309217174196760576
1309217174632923136
1309217191296937985
1309217193964564481
1309217222884294656
1309217225652547584
1309217233831424001
1309217254693916679
1309217274725888000
1309217294925680649
1309217299199557636
1309217299740733441
1309217303104385029
1309217316681453568
1309217325346816002
1309217336579313664
1309217338068291584
1309217353578708993
1309217354077949957
1309217354438578180
1309217355013279747
1309217370725122048
1309217375754113029
1309217386973757446
1309217390668939264
1309217396763353088
1309217407530139648
1309217412722692096
1309217416371728384
1309217416304635904
1309217435170603010
1309217438488125440
1309217450232291332
1309217454275452928
1309217456347635713
1309217463314395136
1309217466460110848
1309217467424702471
1309217471430184960
1309217479898599425
1309217502312960002
1309217510059892737
1309217517114503168
1309217518016442368
1309217547787534336
1309217558873157640
1309217560693485568
1309217569430274050
1309217571091214337
1309217571317714944
1309217589592289280
1309217593283223552
1309217601776685057
1309217602623987713
1309217602896621571
1309217615252946944
1309217617715044352
1309217626258911233
1309217628343369728
1309217631749144579
1309217634290995201
1309217641488412679
1309217643639996416
1309217643946221568
1309217644441006080
1309217647993794567
1309217655778414594
1309217664842203137
1309217681074159616
1309217711633899522
1309217715186409472
1309217719649292288
1309217726255202304
1309217728654381057
1309217740234915841
1309217741669191681
1309217744290590720
1309217760598208512
1309217828319322112
1309217845692096513
1309217879959764994
1309217900448940033
1309217902969712642
1309217913182720000
1309217919935668225
1309217925304332288
1309217927791607813
1309217936553508867
1309217936498925569
1309217945369956352
1309217967054483458
1309217992794877952
1309218004702498817
1309218016199143426
1309218024524845059
1309218026114478082
1309218033622290443
1309218043202068480
1309218047094403074
1309218050315620354
1309218063724806146
1309218066719539205
1309218075796004870
1309218080418156547
1309218084402552837
1309218085367414784
1309218088496365570
1309218106414436352
1309218116501671936
1309218118724710402
1309218133169836032
1309218146964983809
1309218147174580226
1309218150106365952
1309218150165229568
1309218152983662592
1309218163540848644
1309218175259734017
1309218183992225793
1309218186496270337
1309218209631883264
1309218211603181569
1309218217781387264
1309218219069071360
1309218219769634822
1309218239185129481
1309218261503029251
1309218272890556424
1309218275520327685
1309218275797147648
1309218276581535747
1309218278091501568
1309218280297566209
1309218293144748034
1309218310039498752
1309218318579105792
1309218327538016256
1309218327877873665
1309218331975512066
1309218347024887811
1309218356671766529
1309218364758335493
1309218368415768576
1309218372807266305
1309218377613934592
1309218387281752064
1309218403912167425
1309218407146041345
1309218420903346183
1309218424724176896
1309218439727378433
1309218439941234691
1309218440897585152
1309218443795869699
1309218466528813057
1309218467019538432
1309218470589018113
1309218471079796736
1309218474057773056
1309218481343143936
1309218482588876802
1309218487131410433
1309218503912685569
1309218511894376448
1309218527933607940
1309218528055226368
1309218529254744067
1309218550188568577
1309218566575730689
1309218569704488960
1309218569637429248
1309218584099340288
1309218596657065984
1309218599345819648
1309218609449885697
1309218619935674369
1309218625006436352
1309218629616107524
1309218645063741448
1309218663384461313
1309218665716301824
1309218668522303488
1309218675350802434
1309218678412644354
1309218684263489536
1309218699258351616
1309218700197867523
1309218704417271808
1309218718375915525
1309218721966125057
1309218733135724546
1309218734393958403
1309218738386993152
1309218754757382145
1309218758167269376
1309218759509520392
1309218762726486016
1309218763682668544
1309218798277472258
1309218802350129158
1309218821153136642
1309218826844647424
1309218830749663234
1309218868938838021
1309218871493132289
1309218872462118919
1309218894561771520
1309218901092216832
1309218902564655104
1309218909963382785
1309218927956955136
1309218966376714240
1309218985624375296
1309218986836582404
1309218989025959936
1309219001285988354
1309219036098695169
1309219036551680000
1309219037524553728
1309219054536753154
1309219060555501568
1309219068319281156
1309219069124440064
1309219069321773059
1309219090578505728
1309219094139289602
1309219094336593920
1309219097918550016
1309219106504220672
1309219110492880898
1309219110971035648
1309219112900603914
1309219127337287686
1309219153002274817
1309219170815365120
1309219191766085632
1309219196014919680
1309219200280428553
1309219202742456320
1309219207247265795
1309219207654109188
1309219213479940097
1309219228843737088
1309219229640454144
1309219231926493185
1309219251782389761
1309219253778886656
1309219263182450688
1309219317419044864
1309219321416163331
1309219325803261952
1309219328391352321
1309219338898092034
1309219366433632257
1309219366819573760
1309219367012519937
1309219371336646656
1309219384246898688
1309219395923783680
1309219404048146434
1309219405490987009
1309219410238988290
1309219420716380161
1309219427355971596
1309219447417319425
1309219458695794688
1309219461019377664
1309219500366196741
1309219511355269120
1309219513662083075
1309219514735878144
1309219527310356484
1309219527524261888
1309219529822801923
1309219535619272706
1309219540136611851
1309219542506369025
1309219546474127366
1309219555663904774
1309219571623223298
1309219577797246976
1309219589688111108
1309219589759422465
1309219593584599043
1309219598450012165
1309219611896942593
1309219612542865408
1309219618964140032
1309219622353285120
1309219632872652806
1309219636890787842
1309219647179325441
1309219647280099330
1309219656478191622
1309219664510189575
1309219669270761474
1309219670201905152
1309219678598946817
1309219714766270465
1309219722718711808
1309219729916166145
1309219730356568064
1309219735771533312
1309219748710961152
1309219748966793222
1309219766243131392
1309219770084937729
1309219798832816135
1309219807661887492
1309219842734436352
1309219844294803457
1309219845821652992
1309219849193881601
1309219854004744193
1309219857641213952
1309219867413929984
1309219879065735168
1309219883134091266
1309219887202656256
1309219891510226949
1309219892105826306
1309219896568565760
1309219903254134791
1309219916629803011
1309219916726312960
1309219934849957889
1309219937890840577
1309219946023579648
1309219967137652742
1309219971608842241
1309219979158597633
1309219980295069697
1309219983738761224
1309220001887522824
1309220009265131520
1309220013258178560
1309220014554329093
1309220027032248320
1309220058644860936
1309220059378782213
1309220066546921473
1309220097106620417
1309220100214599683
1309220101644836865
1309220101716086786
1309220108997451776
1309220113514729477
1309220119172833289
1309220132078657538
1309220138475020294
1309220146385281024
1309220152051982338
1309220157940617216
1309220163615506432
1309220165251469312
1309220181084962816
1309220185405091840
1309220189502873606
1309220196859760640
1309220209723547650
1309220210323451904
1309220244641198082
1309220245324935170
1309220247514173440
1309220247694647297
1309220282440257537
1309220282679406592
1309220285611216897
1309220286647226374
1309220291940360192
1309220293068681217
1309220298483474433
1309220307241242626
1309220312790241280
1309220324433629184
1309220324270014464
1309220335951269888
1309220336102039552
1309220340074270720
1309220345325510657
1309220350023159808
1309220352925499392
1309220354792005632
1309220358487146498
1309220368897511424
1309220378338881537
1309220378485706752
1309220390812569600
1309220395095134209
1309220398924357632
1309220399037595648
1309220403387170818
1309220407044702209
1309220418839027716
1309220419547865089
1309220442293637120
1309220460194934790
1309220466314244096
1309220478465212416
1309220482248564742
1309220488443498496
1309220495183749121
1309220499743027201
1309220519565238272
1309220528398491650
1309220536690577408
1309220546526277633
1309220553266323456
1309220559805321216
1309220559801274369
1309220569989230593
1309220579417952258
1309220600750190595
1309220601265963008
1309220608593596418
1309220613165383682
1309220616545861632
1309220624859095041
1309220630185771009
1309220637957935106
1309220641493659649
1309220641397235713
1309220643188035584
1309220654810632192
1309220660187721728
1309220676713295873
1309220681146675200
1309220685642858498
1309220687014289409
1309220688885157900
1309220706085896195
1309220716756127746
1309220717075091456
1309220722682855433
1309220730270298112
1309220731360890890
1309220744384122880
1309220748234575876
1309220756295946241
1309220768790740993
1309220772762849286
1309220773190668288
1309220779985436673
1309220788118134784
1309220792937271296
1309220793872678913
1309220793675665408
1309220796699758596
1309220830581227526
1309220859723345920
1309220872897601538
1309220873820397568
1309220876458491904
1309220876882259969
1309220882183860225
1309220883211390976
1309220886751383555
1309220898851954690
1309220903071281152
1309220907085430787
1309220920322650114
1309220930871320576
1309220932968275968
1309220945064873986
1309220953206018048
1309220953994309632
1309220963200962561
1309220970469752840
1309220973288316929
1309220980884230144
1309220985372127232
1309220986617647105
1309220997724344322
1309221002338017282
1309221003340451848
1309221014392406021
1309221015810199554
1309221023674511360
1309221031266127875
1309221032008482816
