1301218320285392897
1301218320797126656
1301218320641863680
1301218321476587521
1301218338052485120
1301218345438437376
1301218346285887497
1301218362492583942
1301218363927130112
1301218367811055620
1301218372596764672
1301218379517308928
1301218387423498247
1301218388920934410
1301218392981024770
1301218396105633792
1301218417723297792
1301218418008489985
1301218421087109120
1301218426426404875
1301218433862950913
1301218446286483463
1301218455719489546
1301218471812968448
1301218481153736707
1301218492914565125
1301218513059827713
1301218515110842369
1301218517983932416
1301218527957979136
1301218530772185088
1301218568470753281
1301218580999139335
1301218602469789698
1301218603233091585
1301218616109658112
1301218619259527169
1301218619276374017
1301218630928150534
1301218631825661954
1301218632274522114
1301218639501287430
1301218643628318720
1301218644018573312
1301218657658458115
1301218661772988417
1301218664167936000
1301218674955685888
1301218678411685888
1301218687114977285
1301218695629463556
1301218697621704704
1301218715292381186
1301218727367766016
1301218731557826565
1301218739376058369
1301218739841634309
1301218741041147904
1301218749618565120
1301218760653705217
1301218761182191616
1301218773261844481
1301218774800973824
1301218787178545159
1301218799006502915
1301218804043853829
1301218820070273031
1301218837606674435
1301218842446757890
1301218869600755712
1301218879272816641
1301218882984841216
1301218912974057473
1301218917046726656
1301218933220016135
1301218945119158273
1301218953658687489
1301218957714747394
1301218962403979264
1301218971065225217
1301218979445383168
1301218988152836097
1301218999695372289
1301219009224941573
1301219039864332288
1301219048248815619
1301219048538210306
1301219056457048066
1301219060068343808
1301219062802980865
1301219064757596161
1301219075658399745
1301219083728441348
1301219090225344519
1301219101721927682
1301219143253921795
1301219143908196355
1301219147620274177
1301219176263168000
1301219176564969472
1301219202523693061
1301219211835043840
1301219218109730819
1301219227525959680
1301219232076779520
1301219233058230276
1301219245817241601
1301219249969672193
1301219252888768512
1301219261294100481
1301219269477367809
1301219277257674752
1301219289710518278
1301219303476391938
1301219306777112576
1301219311302905856
1301219314612264962
1301219320228392961
1301219322942181378
1301219328658796549
1301219333021020160
1301219332966490113
1301219361043218433
1301219366676107264
1301219374993494025
1301219374926385153
1301219386225721346
1301219388138369025
1301219403049177089
1301219407830679552
1301219416970014725
1301219428588285952
1301219429393616901
1301219431738155010
1301219436381302784
1301219445172506626
1301219448662249472
1301219459160367104
1301219478361964545
1301219478731096070
1301219481956560897
1301219495017689089
1301219522280648712
1301219535131938823
1301219540886581248
1301219545731010561
1301219554543251457
1301219559870009347
1301219567558111234
1301219572008222723
1301219572276703233
1301219593445355521
1301219593936154624
1301219605730320384
1301219612378435584
1301219626920140802
1301219627087917059
1301219628883025921
1301219642967552000
1301219647518314498
1301219651049799680
1301219653008740362
1301219663678967808
1301219668363886592
1301219675511156741
1301219675871862791
1301219681328664576
1301219687871602694
1301219700073000962
1301219708516143105
1301219709015199744
1301219729445654528
1301219746835173376
1301219761141866496
1301219764111642624
1301219771653009411
1301219775834714115
1301219777268965377
1301219780045803524
1301219780276355072
1301219781358612480
1301219792603549696
1301219794251919362
1301219805568016384
1301219827412078594
1301219831518289920
1301219832432660483
1301219856256249858
1301219877466718208
1301219885612175361
1301219907900710922
1301219935616729089
1301219949466148864
1301219953329176576
1301219966952312832
1301219974565031936
1301219983192621056
1301219995322642434
1301220007934922752
1301220008241123328
1301220012414259201
1301220020727328768
1301220023898341381
1301220041346691075
1301220042273558529
1301220056744026114
1301220079917510659
1301220087370788870
1301220107432140801
1301220116072476674
1301220121785102340
1301220125874552837
1301220128680562691
1301220141783539712
1301220142098059264
1301220144853790722
1301220155976974337
1301220175900028930
1301220179448393731
1301220186142445570
1301220187530813442
1301220188042321920
1301220188277346305
1301220196552773634
1301220209022427136
1301220220736954368
1301220235261943809
1301220238692941827
1301220241905721344
1301220247039401984
1301220247341600770
1301220254903939073
1301220259676991491
1301220264244584448
1301220272972984321
1301220277284634625
1301220281063747585
1301220289389498369
1301220293692796928
1301220322600013824
1301220326219616262
1301220330523029504
1301220333949603842
1301220337955332098
1301220346276782080
1301220362919784448
1301220364622745600
1301220364635181057
1301220364857548802
1301220371748851712
1301220385673949184
1301220388224069634
1301220388454703110
1301220389364936705
1301220394771206144
1301220396486873094
1301220401054388224
1301220404833464320
1301220421900017664
1301220436106268673
1301220440099237888
1301220444670844928
1301220463977394178
1301220467605491712
1301220480301629441
1301220480695885825
1301220515290390528
1301220531224666113
1301220536903589889
1301220547448242178
1301220558198247425
1301220576866914306
1301220580981714944
1301220581942218755
1301220604679467008
1301220611012743170
1301220616436174849
1301220619204333568
1301220632135303169
1301220636237365248
1301220637432844295
1301220657871675396
1301220682601304065
1301220686103416832
1301220686254559241
1301220690209714177
1301220695003869187
1301220715165880321
1301220724405919748
1301220725785636865
1301220727895584774
1301220745511460864
1301220750125199360
1301220779368030208
1301220787324694529
1301220792248795138
1301220807411150850
1301220813144838145
1301220816605118464
1301220822384746506
1301220838100922371
1301220858342457344
1301220882942226441
1301220883672031239
1301220887887216642
1301220888763871233
1301220891603415040
1301220893591511047
1301220901300645888
1301220904463200256
1301220922167238656
1301220926344830977
1301220930383941633
1301220942450888704
1301220943012876288
1301220956153753602
1301220958460678144
1301220959186231298
1301220967876890625
1301220971567894528
1301220977444032521
1301220980090482688
1301220980757614603
1301221005881307136
1301221006506422275
1301221019080945667
1301221030422347776
1301221045165228036
1301221050714329088
1301221051825885188
1301221060243791873
1301221063318294529
1301221072579129345
1301221073040613382
1301221077511790592
1301221080237965312
1301221081265713153
1301221081370562563
1301221089037758465
1301221098269356033
1301221098361683968
1301221110609072130
1301221119324717057
1301221122059497473
1301221142917599232
1301221144406773764
1301221161326575617
1301221168792231936
1301221180687495170
1301221185825382400
1301221202686427136
1301221211213623298
1301221219539341313
1301221219723812874
1301221223095914499
1301221228045168641
1301221240728965121
1301221244461871104
1301221256163803137
1301221270034546690
1301221274551640064
1301221274627321857
1301221281837260800
1301221281946365955
1301221303404331008
1301221306617262080
1301221328502976514
1301221332630278149
1301221340523962368
1301221342017204226
1301221342658867202
1301221346375077888
1301221357645172748
1301221359066980353
1301221366478385155
1301221371603808256
1301221379166134273
1301221382127312898
1301221391925092352
1301221392483004417
1301221392558497792
1301221397297950720
1301221425995493377
1301221445117202433
1301221445272436736
1301221445608124416
1301221453153611785
1301221455003344896
1301221459617107969
1301221463236710402
1301221483604213760
1301221493154746368
1301221496262668290
1301221510280097798
1301221512574361600
1301221514100920321
1301221517263540230
1301221543528353795
1301221550281158658
1301221553800179712
1301221572972351490
1301221575639937024
1301221597299212288
1301221614395289602
1301221631889747968
1301221639082958849
1301221649241591815
1301221697220210692
1301221709815709696
1301221712181288960
1301221712307068929
1301221714370555904
1301221713875787776
1301221721882734592
1301221730816536584
1301221735182807042
1301221740689924096
1301221747203735552
1301221748734656514
1301221755923632130
1301221755965468672
1301221760281403392
1301221765541228545
1301221778187071488
1301221792745492480
1301221794238484480
1301221803352666112
1301221810625748994
1301221810898337798
1301221836940812293
1301221840036265984
1301221856855252993
1301221858487021570
1301221860361854978
1301221865525051395
1301221869157330945
1301221872797921280
1301221881400438788
1301221881274609665
1301221891609419776
1301221893408784385
1301221927525253125
1301221938375917575
1301221945606836226
1301221945942380544
1301221948798758914
1301221950329626625
1301221952879722497
1301221953064239105
1301221957514530825
1301221977903058949
1301221986857676800
1301221987591880705
1301221994889990146
1301222004054462464
1301222008873779200
1301222011855757312
1301222012690587650
1301222030629625857
1301222046899240960
1301222053358563328
1301222053882855424
1301222053983346688
1301222067409358848
1301222070861398018
1301222079115665408
1301222091212062721
1301222096450793473
1301222105275531264
1301222120555503617
1301222121981521922
1301222138846814208
1301222151530385410
1301222154172796928
1301222159486910466
1301222163815436288
1301222204714242050
1301222214289809411
1301222227032125442
1301222233524916224
1301222264231391236
1301222267758637056
1301222267939172352
1301222285743857664
1301222319889756160
1301222325589815298
1301222330929238017
1301222331713380352
1301222363967762433
1301222365637095424
1301222368040423424
1301222376210825216
1301222391587246081
1301222402739908609
1301222403390005248
1301222406120337408
1301222416438439938
1301222426898882560
1301222431542009862
1301222434989895683
1301222457034985472
1301222458230558721
1301222461397237768
1301222462080786433
1301222468384948225
1301222470477807616
1301222472843493376
1301222485891969024
1301222493575958529
1301222503638011905
1301222506569891841
1301222506498600960
1301222508671250433
1301222516099354625
1301222523359711233
1301222531974811649
1301222535657381889
1301222540325650433
1301222557954252801
1301222566229684227
1301222610991222784
1301222619639881730
1301222622982803457
1301222625490993152
1301222636622618624
1301222657992597505
1301222665676451840
1301222679731724290
1301222709419028486
1301222713676017664
1301222722241007616
1301222733850636289
1301222742075813889
1301222759431901190
1301222763491995651
1301222774715953153
1301222780789288972
1301222792461987840
1301222795876106242
1301222813920043008
1301222834614628353
1301222834719449088
1301222837500489728
1301222856030916609
1301222859705024513
1301222864021065733
1301222867133239296
1301222867263053825
1301222875664441345
1301222880164876289
1301222884095000585
1301222898082906114
1301222910418472960
1301222910405808129
1301222948657922051
1301222953477177344
1301222976864636928
1301222981016879104
1301222981851586560
1301222988638031872
1301222993562144769
1301223010574233611
1301223022997585921
1301223023681433604
1301223044820729856
1301223049207914497
1301223060079427586
1301223066190708736
1301223074231136256
1301223081000697857
1301223101850628096
1301223107605213186
1301223111266840577
1301223118594244609
1301223119118651395
1301223128237043712
1301223141331566592
1301223144234135552
1301223154451447808
1301223157899186179
1301223170549190659
1301223190027534337
1301223206943158274
1301223216216637440
1301223223716130821
1301223224475295745
1301223233941901313
1301223240338202626
1301223241286066176
1301223244800950276
1301223269723525122
1301223274093965312
1301223286521638912
1301223287108898817
1301223295598034946
1301223304712388608
1301223321552420865
1301223329492328451
1301223333485113344
1301223338036080640
1301223341542518785
1301223345959120896
1301223346936451078
1301223354368765957
1301223354884673537
1301223359405989888
1301223374702751745
1301223392503197696
1301223391547068418
1301223408018034691
1301223409569935360
1301223426888282112
1301223434186297344
1301223455065616384
1301223455749279746
1301223477001715712
1301223479367401473
1301223480319508480
1301223497075744768
1301223504835047424
1301223509163606016
1301223514356289538
1301223516939845632
1301223525559267332
1301223544634785792
1301223556244803590
1301223556718755842
1301223560518733831
1301223560799641601
1301223572745129985
1301223573076537345
1301223596900188162
1301223597739044865
1301223597290078208
1301223597319561216
1301223614117744641
1301223613656428546
1301223615875211264
1301223632195133441
1301223639099080707
1301223640999092224
1301223645226901507
1301223652323713024
1301223660200620032
1301223685596962817
1301223689908875266
1301223693901803520
1301223699056648192
1301223724411236352
1301223727317676033
1301223727292731393
1301223732892098561
1301223756719951873
1301223777859067904
1301223786436534272
1301223789913673729
1301223811220733952
1301223824885714944
1301223824940126213
1301223837598654469
1301223852454875136
1301223850814865409
1301223854187003904
1301223861359435780
1301223862542057472
1301223865755013128
1301223867403374593
1301223895773646848
1301223903021342720
1301223907249270785
1301223945518055424
1301223945601863681
1301223953659310081
1301223955131498496
1301223971262738433
1301223975444389888
1301223977667395584
1301223984307097600
1301223996155990017
1301224004179632128
1301224004234158080
1301224009355452416
1301224022110240768
1301224022902861824
1301224026501603329
1301224037318713346
1301224038618918917
1301224043681591298
1301224058126626816
1301224058894286848
1301224071397548035
1301224080784240641
1301224084504809472
1301224088158035969
1301224093728022530
1301224097871998981
1301224108395356161
1301224122622644225
1301224152431501312
1301224155610783749
1301224165207310342
1301224168013393921
1301224168093102080
1301224172962459649
1301224173554073600
1301224197817905152
1301224207163031553
1301224210854031360
1301224226108571649
1301224238611824652
1301224239018782720
1301224244836216833
1301224248242036736
1301224248728604672
1301224261571543040
1301224278214561795
1301224293662064648
1301224307855511552
1301224309927620609
1301224314252013568
1301224320404828161
1301224327443025923
1301224328235810823
1301224343796690951
1301224353137192960
1301224353787449346
1301224356698349571
1301224369969074181
1301224373840379906
1301224376814239745
1301224377883807747
1301224403745865729
1301224420065845252
1301224428806828036
1301224432850161664
1301224450260566016
1301224452513034240
1301224470028283904
1301224477905346561
1301224487514525697
1301224528371040256
1301224533668450305
1301224546486419463
1301224558804992001
1301224567105609731
1301224578912530432
1301224594842570752
1301224600248954880
1301224601985392640
1301224613658210304
1301224621484597248
1301224637586575360
1301224637557346304
1301224657845194756
1301224713868513281
1301224717207195655
1301224718419271685
1301224725801246723
1301224735041183744
1301224747775139840
1301224789185421313
1301224792532676608
1301224810173718528
1301224815366373377
1301224822987317248
1301224825793339392
1301224831548092421
1301224834475716608
1301224836312621057
1301224844055412737
1301224852062441472
1301224858177634305
1301224859754692608
1301224881204293632
1301224881577578496
1301224889303461888
1301224893221019648
1301224907204894721
1301224909683609600
1301224919884353536
1301224943049474049
1301224949861044227
1301224952960606211
1301224964167733250
1301224969549090816
1301224978327785473
1301224995041861633
1301225006056177665
1301225010418253826
1301225011181768704
1301225011361976320
1301225014470103040
1301225023013879809
1301225028642648064
1301225028940333058
1301225036020408321
1301225040839573504
1301225045726027777
1301225070015188996
1301225079720861697
1301225086368845826
1301225090227478534
1301225095113969674
1301225098607841281
1301225099350212612
1301225113019273217
1301225128479674368
1301225137086369792
1301225140307492869
1301225141834149889
1301225142337630212
1301225142777937922
1301225146158477312
1301225146187948035
1301225146267709441
1301225164189958144
1301225178551074816
1301225191444344833
1301225200684396545
1301225204262211584
1301225204438495234
1301225208045604867
1301225212537532416
1301225222092267523
1301225225179328513
1301225228270530561
1301225245161000963
1301225253918724096
1301225258607939586
1301225263309692929
1301225276689600512
1301225295723233287
1301225296868315138
1301225303226941443
1301225315767930883
1301225316283711488
1301225329554599938
1301225334881357825
1301225354095464448
1301225354422558730
1301225354791542785
1301225376991997955
1301225380108328963
1301225381744332801
1301225397481287682
1301225400182493184
1301225406243180558
1301225413100830720
1301225414317289472
1301225415055413254
1301225423079198725
1301225425604169732
1301225431144845313
1301225452166696961
1301225453542277120
1301225457115947014
1301225469744787456
1301225473373097984
1301225480239054849
1301225484580270087
1301225493358882820
1301225509632774151
1301225515081179137
1301225522547044358
1301225535230468096
1301225556353060865
1301225568478748672
1301225572853575680
1301225577236500480
1301225578620649472
1301225585440624641
1301225589810974720
1301225590746476551
1301225599332216837
1301225610421952513
1301225619833856000
1301225619691372545
1301225619988996097
1301225631955521537
1301225636829171712
1301225638871826432
1301225645779845122
1301225648426487811
1301225648501919744
1301225649227493376
1301225657121337347
1301225657444241411
1301225660891889664
1301225665006624772
1301225677065269248
1301225678684258316
1301225699110531073
1301225708442865664
1301225717347295233
1301225767062429698
1301225811773661186
1301225812092506115
1301225812436217856
1301225812709060609
1301225817221939200
1301225829456728064
1301225833114357760
1301225841301401600
1301225845537804288
1301225854677245952
1301225871483834370
1301225883110432768
1301225887870988289
1301225899338145797
1301225900495822848
1301225909043695616
1301225917293895680
1301225935279132672
1301225955898396672
1301225967105396737
1301225984755032064
1301225988014080001
1301226001922482178
1301226008968822785
1301226009363181568
1301226009585479686
1301226022860394498
1301226026144534528
1301226047191609344
1301226048705658880
1301226050429399041
1301226051696308230
1301226060302876673
1301226060504281088
1301226072797843456
1301226081207287808
1301226081261965312
1301226097321836553
1301226098433298432
1301226101046476808
1301226122638700553
1301226148664410112
1301226151633879047
1301226155857661952
1301226161528164352
1301226161763213312
1301226163931545601
1301226164019658754
1301226169862369280
1301226177256763393
1301226184508870663
1301226193409187845
1301226199717310464
1301226201843990532
1301226203689431041
1301226240850894848
1301226241064828929
1301226252385374209
1301226252645302272
1301226253479895040
1301226277521838080
1301226278545170432
1301226286644252672
1301226286849818624
1301226311374045185
1301226315689979904
1301226319125110784
1301226327865917440
1301226337269690370
1301226337265430528
1301226348116160512
1301226352570298368
1301226383209910272
1301226390184812546
1301226391111901187
1301226399143993345
1301226417250865152
1301226417301061632
1301226421088595973
1301226423969964032
1301226424305700866
1301226433222713344
1301226440537583618
1301226474733740033
1301226483923341312
1301226487073239040
1301226492320514055
1301226507675873280
1301226508200169473
1301226508200153089
1301226509273890816
1301226512633520132
1301226520619503616
1301226525077848065
1301226526311022592
1301226562126307329
1301226575837315072
1301226577192259585
1301226579297800193
1301226579994042369
1301226580971155459
1301226583710199817
1301226589649338368
1301226596322414592
1301226600462155776
1301226605361139712
1301226613095493632
1301226622377369601
1301226629650411527
1301226631122608137
1301226637820866567
1301226647945871360
1301226659564191745
1301226663481675776
1301226668481282050
1301226668607107074
1301226671719297024
1301226672994344960
1301226677373108224
1301226679696871427
1301226684281057280
1301226685610758144
1301226696733945856
1301226697220648960
1301226698483159045
1301226704850096135
1301226734088527872
1301226743324442631
1301226751398260736
1301226755475361792
1301226759879381005
1301226761204756482
1301226785028202496
1301226786265669632
1301226791005233152
1301226793953886212
1301226798160777222
1301226807413284865
1301226818016628749
1301226826979827714
1301226827986411521
1301226832394477568
1301226861117288454
1301226866813136898
1301226869002366977
1301226881757347840
1301226890762518530
1301226894369542145
1301226899054768128
1301226902829572098
1301226903735599109
1301226906440863749
1301226907283927040
1301226915991359488
1301226918998609920
1301226927957606401
1301226931363475456
1301226940750352384
1301226958500630532
1301226958676799489
1301226962476830720
1301226974795493379
1301226979732062208
1301227012871409668
1301227020647641088
1301227036862676993
1301227040721571841
1301227055208693763
1301227061240049664
1301227063085588480
1301227065971220480
1301227087026622465
1301227087135756298
1301227104596615168
1301227104646975488
1301227105313861633
1301227111777292290
1301227125895319553
1301227138306146304
1301227141498052611
1301227147617595392
1301227149697986568
1301227150197092355
1301227171730599936
1301227176331747331
1301227178948952066
1301227189170561025
1301227191955578880
1301227193264029696
1301227196548251648
1301227208552390657
1301227208242016258
1301227218203545604
1301227237396672512
1301227246888210432
1301227273605885952
1301227275275255808
1301227276680327170
1301227283974418434
1301227297769308160
1301227318787014656
1301227323614691339
1301227329809797120
1301227331604951040
1301227335396601857
1301227338361761792
1301227372344205312
1301227381768806401
1301227390102728705
1301227397572853760
1301227399179390976
1301227406343233537
1301227410726072326
1301227431823458306
1301227439754969089
1301227442837880833
1301227456377090050
1301227456435806210
1301227461158547457
1301227464899919872
1301227474060275715
1301227480599138304
1301227501746872320
1301227502174601221
1301227507060965377
1301227516904968192
1301227517219680257
1301227522571431938
1301227526791008265
1301227530704347136
1301227548362170368
1301227548819558400
1301227562048212992
1301227566334980097
1301227578548723712
1301227581761519622
1301227598865989632
1301227625055125505
1301227628691705856
1301227637377888257
1301227641257766912
1301227647268159488
1301227650187505668
1301227652515233798
1301227658416656384
1301227661868630018
1301227662829027329
1301227691526565889
1301227696920367108
1301227701047566338
1301227703283208197
1301227707259379716
1301227707959738372
1301227708169453568
1301227717065674753
1301227720991334400
1301227726175481858
1301227736401313792
1301227742533423105
1301227774254944256
1301227796396756993
1301227799353503744
1301227800133685248
1301227808379875329
1301227821159927812
1301227826188881921
1301227829624008707
1301227835923681281
1301227843595251712
1301227846061436929
1301227865934114816
1301227880320561159
1301227883323678720
1301227884430983171
1301227884523081728
1301227884921716737
1301227893234819072
1301227900683902976
1301227909470846977
1301227914608996352
1301227917121327105
1301227923203121154
1301227942455005185
1301227955998334977
1301227960159084546
1301227964382752771
1301227972377169921
1301227973031288832
1301227976068149251
1301227980119855108
1301227980757311488
1301227992748879878
1301227993684156419
1301227997912084482
1301227998205546496
1301228009031163905
1301228010385760256
1301228010381750272
1301228014886248449
1301228031332188166
1301228035786641408
1301228047228518401
1301228052991610882
1301228069596749826
1301228072700706816
1301228073984167936
1301228074688811014
1301228085518512133
1301228093735014400
1301228098478845955
1301228103226855426
1301228104577359872
1301228114840821760
1301228115348381704
1301228127050436609
1301228127461412866
1301228128187056131
1301228128715649024
1301228135950757888
1301228140652621825
1301228145077637122
1301228149892505600
1301228173280120832
1301228176690024448
1301228181425459201
1301228190162067456
1301228195723776000
1301228201012674561
1301228203688763398
1301228215285940224
1301228240049180673
1301228248869875714
1301228266720763904
1301228275470143494
1301228279165222916
1301228279848869888
1301228299805483008
1301228301307072518
1301228303085436933
1301228304800907265
1301228309204865025
1301228312086355968
1301228330541342720
1301228332982259713
1301228346148302850
1301228362178998278
1301228393099333649
1301228395087396864
1301228395431211008
1301228413496164354
1301228453983916032
1301228461026050055
1301228467175018497
1301228467636244480
1301228476331102211
1301228483864145921
1301228505833680896
1301228518446166022
1301228522137161728
1301228525739892738
1301228533616963589
1301228543142031360
1301228568500789248
1301228569029271552
1301228577749233664
1301228584309329920
1301228602780987393
1301228626944425985
1301228632485048322
1301228655692132352
1301228656753364998
1301228661626953728
1301228685517901828
1301228702899097600
1301228710310416384
1301228757936562176
1301228787422593031
1301228795890937856
1301228803465736193
1301228814018572289
1301228823439179776
1301228829537689609
1301228832943345664
1301228839826268163
1301228861158494208
1301228861225668610
1301228886584418306
1301228889897865223
1301228894197108740
1301228927751462914
1301228953781313537
1301228959166726144
1301228967760977920
1301228968465641483
1301228976266936324
1301228983929970689
1301228995376279553
1301228995405586433
1301229005526437889
1301229013092970496
1301229017635393545
1301229020013563904
1301229079337762818
1301229083637014530
1301229094009548800
1301229095603363840
1301229099885760513
1301229112397385728
1301229125324034048
1301229130957160449
1301229171784519681
1301229172182974470
1301229176335273991
1301229188557479936
1301229188553281538
1301229189643763712
1301229189534638082
1301229189933096961
1301229191854264320
1301229192424685568
1301229202318880768
1301229209550024704
1301229213018714113
1301229218886451202
1301229222267101187
1301229222799704064
1301229244404715521
1301229256505204737
1301229263182606336
1301229265258721280
1301229269700481024
1301229280001626112
1301229284514824193
1301229288876699648
1301229289375899648
1301229297131311105
1301229299111022592
1301229313467887617
1301229339720273920
1301229339871117312
1301229352252846080
1301229361333506048
1301229365548576768
1301229370288353280
1301229381537337344
1301229386654535681
1301229390618128385
1301229391289040896
1301229397622452224
1301229399090528256
1301229402013888512
1301229402689138689
1301229403960217600
1301229407412125696
1301229418564792320
1301229425313353728
1301229441184563207
1301229445408227329
1301229465025085440
1301229466996412417
1301229473958965248
1301229481911300102
1301229482985086976
1301229485728112646
1301229487229751298
1301229500156596226
1301229515549609984
1301229544616218624
1301229562722955264
1301229567000997888
1301229569324789763
1301229574664134657
1301229575041675272
1301229582507417600
1301229583405142017
1301229583476297728
1301229587146240000
1301229587226079237
1301229603990757377
1301229608306716672
1301229619891171328
1301229620935753728
1301229624102449153
1301229624026779648
1301229632566386688
1301229634751795201
1301229640917319682
1301229649528328193
1301229661612109828
1301229687084142597
1301229688636014592
1301229702036611073
1301229704192626688
1301229705425608704
1301229721242546176
1301229730084139008
1301229738778918915
1301229746190245888
1301229758743818240
1301229781032329218
1301229789014102016
1301229792637988865
1301229793162276870
1301229798526656512
1301229802477805569
1301229808421044225
1301229831720493062
1301229837869219840
1301229839110807552
1301229839828082688
1301229842248204289
1301229842957053952
1301229858664656898
1301229873080434691
1301229880542212096
1301229897285865472
1301229919066783744
1301229926989934593
1301229939992285185
1301229940558491650
1301229947357331456
1301229952411545603
1301229952621182976
1301229955884277760
1301229957906038789
1301229972787548162
1301229974213373952
1301229977896132609
1301229981280935936
1301229997273694208
1301229997726797824
1301230010171301888
1301230014306938881
1301230019327524864
1301230028773097475
1301230031453204480
1301230036842876929
1301230047521538049
1301230051896242180
1301230068572721153
1301230069684359169
1301230086730002439
1301230090836152326
1301230092283150337
1301230096100012033
1301230145894785026
1301230146267967488
1301230154467995652
1301230158838403076
1301230166409179138
1301230181835632641
1301230184063008769
1301230190081773570
1301230194829787137
1301230199489601542
1301230215750774785
1301230216929595393
1301230237695565825
1301230249938747393
1301230250093719558
1301230262412603392
1301230267361824775
1301230279080714242
1301230288165535747
1301230300433985536
1301230312777801728
1301230317240549376
1301230321631985665
1301230333216595968
1301230338065268736
1301230338295959552
1301230345929592835
1301230362480308230
1301230364564828161
1301230380121423873
1301230387360944128
1301230397041246208
1301230417630998529
1301230421695492096
1301230422425325569
1301230422697803777
1301230438279770113
1301230438397116424
1301230452058075144
1301230466905894913
1301230467866390529
1301230477953708033
1301230478196957184
1301230493426307072
1301230497432039427
1301230510111424519
1301230510182604800
1301230510664900608
1301230511067664390
1301230515694043138
1301230521746370560
1301230551815385091
1301230560812171264
1301230568126832641
1301230577996230657
1301230581569773568
1301230588817321989
1301230594240716800
1301230602985902080
1301230607171817473
1301230621868666881
1301230632459091968
1301230640659038213
1301230643095928835
1301230647655247876
1301230665116114945
1301230665434886144
1301230668735803393
1301230673387073536
1301230682534969346
1301230690499989507
1301230698070769665
1301230702625730561
1301230734317768704
1301230749916561408
1301230752521236481
1301230753469157378
1301230753502695424
1301230766010052612
1301230774360969216
1301230778257416193
1301230778882420737
1301230782044872708
1301230782237691906
1301230790500478976
1301230815091752962
1301230821525815298
1301230829000155136
1301230847094382593
1301230851108339715
1301230880543965184
1301230888865411073
1301230891570786307
1301230891738558464
1301230900710055936
1301230909664813056
1301230910193401862
1301230916233240577
1301230950802550784
1301230950685306880
1301230960411729920
1301230971249860608
1301230976199200773
1301230989600063489
1301230989973233664
1301231009095200768
1301231021908807683
1301231029156483072
1301231039163977728
1301231045962915846
1301231046554345472
1301231049956102145
1301231077378359303
1301231080150904833
1301231086480101376
1301231089655128064
1301231092842803202
1301231092662501377
1301231096881971200
1301231100115652608
1301231123553550337
1301231134139920387
1301231139009552385
1301231143833010186
1301231148887048194
1301231169015603205
1301231172584796161
1301231182114426881
1301231189366202368
1301231189722894336
1301231215031324672
1301231219590471680
1301231219645001728
1301231221884633090
1301231222635593729
1301231252092211204
1301231255971917825
1301231257091584000
1301231259671236608
1301231289450799105
1301231301689634816
1301231310107746305
1301231316344516608
1301231328558485505
1301231332832555009
1301231335625949185
1301231337177833472
1301231340705198087
1301231353653067777
1301231353741148163
1301231356614242306
1301231361819373568
1301231364558270472
1301231373135548418
1301231374528118785
1301231379280265223
1301231379489984512
1301231388247678976
1301231394803326978
1301231412931067908
1301231421034557440
1301231444287729666
1301231446242328578
1301231453313708032
1301231460901416960
1301231465414369280
1301231465213112325
1301231470112104449
1301231475271008256
1301231482837569540
1301231522683514881
1301231532623962112
1301231540723240962
1301231541658570753
1301231543030108160
1301231553725345793
1301231559349948416
1301231566371291141
1301231567407181824
1301231571740037121
1301231572624998400
1301231574852218882
1301231578908155907
1301231579054985216
1301231579981807616
1301231583207321600
1301231583811207170
1301231591377657856
1301231601276264448
1301231611980152833
1301231624525426691
1301231629671817219
1301231642686746624
1301231658746753024
1301231664035778560
1301231666548023297
1301231667340689408
1301231680095690752
1301231683644030977
1301231702128439298
1301231726438633478
1301231746810290178
1301231758894039040
1301231761729433600
1301231764161982465
1301231769182756869
1301231789395017739
1301231794474356736
1301231797431345155
1301231797464895488
1301231801306931205
1301231822467149824
1301231824903995393
1301231833003237376
1301231844697006080
1301231848606109696
1301231851873460224
1301231852167008258
1301231853693808642
1301231859779723264
1301231880835158018
1301231881845903366
1301231906391044096
1301231908890738688
1301231926796312582
1301231928717254656
1301231949269278721
1301231953040080896
1301231960870715392
1301231961118257154
1301231964654129154
1301231965975146496
1301231974195974144
1301231978478546945
1301231987479506945
1301231998887960577
1301231999320027137
1301232003841511431
1301232006932705281
1301232015665172481
1301232028059394049
1301232057704681472
1301232063186702337
1301232065820663810
1301232069100666881
1301232088507650051
1301232094761422853
1301232103066042368
1301232108694843398
1301232113262489600
1301232115464523776
1301232117096091649
1301232120837345282
1301232125216272385
1301232128416534528
1301232128760446978
1301232137950179329
1301232142870097920
1301232175635935232
1301232191511441410
1301232195743477765
1301232196078964738
1301232196229922816
1301232204501131264
1301232208649375744
1301232212612968448
1301232214336655360
1301232216106774531
1301232242195398657
1301232245500379136
1301232260096688128
1301232279323172864
1301232286982123528
1301232292182896640
1301232300009705475
1301232305932038152
1301232316614881282
1301232330279989255
1301232338081329154
1301232339633147904
1301232350802579456
1301232355995201537
1301232368179609600
1301232386110369793
1301232396424163328
1301232396809809920
1301232397703315457
1301232398072532992
1301232402002477057
1301232405622206464
1301232405533999104
1301232405831913472
1301232413348167687
1301232414598017025
1301232422336507912
1301232422739218435
1301232431161397248
1301232434420363266
1301232434642653186
1301232440279785475
1301232447032561664
1301232451935707136
1301232470042513410
1301232472118550528
1301232486916161538
1301232494960766976
1301232501549969408
1301232512145010689
1301232514971860994
1301232519388557318
1301232530981416960
1301232568151560192
1301232569418158080
1301232570231926787
1301232577861373953
1301232580860293123
1301232586346377229
1301232593485131777
1301232598761508864
1301232603199045635
1301232604318818309
1301232616184700935
1301232624711606272
1301232634144661506
1301232641694457859
1301232649218916352
1301232664880525314
1301232679099207691
1301232684157542401
1301232700506935296
1301232706693541889
1301232711743475714
1301232723516887045
1301232737555279872
1301232742542135296
1301232749450342401
1301232759210307584
1301232774154682369
1301232774251261957
1301232788004171776
1301232808728449026
1301232812184408064
1301232821458018304
1301232822749933569
1301232825258172418
1301232829196627969
1301232843050213376
1301232858309238784
1301232862243373057
1301232870443421696
1301232870376312833
1301232876831338496
1301232880211775488
1301232896632553472
1301232904626991107
1301232913724223488
1301232913753804801
1301232914173054977
1301232914512990211
1301232926991036417
1301232934242914304
1301232935140495360
1301232947190812674
1301232951779373059
1301232963552784385
1301232979469938689
1301232980862656513
1301232985379831809
1301232993760141312
1301232994074669058
1301233009627222017
1301233014060376064
1301233027935358976
1301233028161777665
1301233029818363904
1301233030405685248
1301233035426365440
1301233038689435648
1301233051037560835
1301233059715518466
1301233059833020417
1301233060223102981
1301233076618625025
1301233078275276803
1301233080410218497
1301233082091991041
1301233090665353222
1301233102019272706
1301233119261913088
1301233123674525696
1301233127440908290
1301233135468806147
1301233145165930496
1301233151247876096
1301233153500229633
1301233170730360832
1301233173062463489
1301233176568893443
1301233179483942914
1301233182617088003
1301233186064793601
1301233199490629632
1301233199658434560
1301233206440517632
1301233211784278016
1301233231149367298
1301233231237275648
1301233240490029057
1301233244021690368
1301233249117667332
1301233261818060801
1301233277584453634
1301233319493812224
1301233325558956033
1301233327878402048
1301233333326745602
1301233342134669312
1301233355237871622
1301233369469116418
1301233370857385986
1301233371134259200
1301233399667908609
