1306533345233457153
1306533359133360129
1306533359863046146
1306533377424588801
1306533381165940736
1306533380905824258
1306533387117584385
1306533390733078535
1306533392746524673
1306533397314105344
1306533405929156609
1306533409381142528
1306533421162704896
1306533423457079296
1306533437818441729
1306533438237925378
1306533448622931968
1306533449067503616
1306533448987729920
1306533466188595202
1306533466675253249
1306533475038625792
1306533476783591424
1306533479585374208
1306533479719620610
1306533500342988800
1306533502465212416
1306533504381931522
1306533511244001281
1306533512556797953
1306533514318237697
1306533515236958209
1306533521008201729
1306533521117200386
1306533527610175488
1306533531649298434
1306533532832092161
1306533546085892097
1306533554373918720
1306533557435854849
1306533578608607233
1306533579581775875
1306533583268569088
1306533590373728257
1306533607020933120
1306533606844706816
1306533611198468096
1306533611634479106
1306533619221979138
1306533630722936832
1306533643729461248
1306533652885626880
1306533658220728326
1306533658585632770
1306533662247198720
1306533676101009409
1306533676671524869
1306533678374322176
1306533682937823232
1306533690659557376
1306533693717204993
1306533698360299522
1306533700197376002
1306533703389048832
1306533705817751558
1306533713606594561
1306533722674651137
1306533737040052225
1306533739107741698
1306533753959968771
1306533754454896642
1306533755134320641
1306533758816989184
1306533764747661313
1306533765481521154
1306533770175172609
1306533780514123776
1306533787371737089
1306533797156904970
1306533802894712832
1306533805528887298
1306533806585700354
1306533811191033856
1306533823342149634
1306533833676914689
1306533838848286720
1306533839532101632
1306533839985168384
1306533847740411905
1306533852303818752
1306533855940182017
1306533856799911942
1306533863209000960
1306533886516658177
1306533888383217665
1306533890002214917
1306533894766952449
1306533907236438023
1306533909849669632
1306533912521433089
1306533930108157952
1306533936441556996
1306533938748362752
1306533945010319361
1306533958700728320
1306533965646508032
1306533978040655874
1306533980628451331
1306533981828067328
1306533982352429057
1306533990854266881
1306533999863459840
1306534003105644544
1306534006155022337
1306534021753602048
1306534039621267457
1306534041827631106
1306534049406750720
1306534051206098944
1306534065823084546
1306534079735754753
1306534091534168065
1306534098270326792
1306534107443200001
1306534126497923072
1306534132688793600
1306534137642315776
1306534137935745024
1306534157527535616
1306534168613056512
1306534174120173570
1306534189525807104
1306534194005381120
1306534209155076096
1306534227484303361
1306534241862328320
1306534242059538432
1306534245628862464
1306534246819852289
1306534270828269571
1306534279057416192
1306534292588310529
1306534297399177218
1306534314021138433
1306534323445735425
1306534328004870145
1306534333352730624
1306534345163841542
1306534364336074753
1306534365736833024
1306534367041220608
1306534375492911104
1306534377325699073
1306534391741587456
1306534426277564416
1306534432027803648
1306534439862894595
1306534441544753152
1306534442010210304
1306534455985790977
1306534473132134403
1306534506170519552
1306534510222286849
1306534525091164166
1306534558062567424
1306534562940542976
1306534565989814272
1306534572146987008
1306534577859510272
1306534585434546177
1306534607139995649
1306534607622373377
1306534619873861632
1306534629688606723
1306534632771387392
1306534647334080512
1306534660361482240
1306534660814581760
1306534666426634241
1306534702510215169
1306534708889686016
1306534712236797952
1306534718599499776
1306534722575757312
1306534723112652801
1306534734684618752
1306534744516169728
1306534746000744450
1306534746210492417
1306534749008064513
1306534750341849090
1306534761557495808
1306534771770695681
1306534775621124099
1306534783300898817
1306534786006233088
1306534788010967040
1306534792893067268
1306534804746362880
1306534817513652224
1306534817845129216
1306534820411879424
1306534831266975746
1306534833380880385
1306534834823602176
1306534860845006848
1306534881799933952
1306534881858670598
1306534888292651008
1306534894189916160
1306534899537580033
1306534911273308162
1306534914464993280
1306534918617362432
1306534924254576640
1306534929702871040
1306534941119983616
1306534962024402944
1306534964003966978
1306534965430099968
1306534966071877632
1306534975458758661
1306534992374304769
1306534995939471361
1306534997885673475
1306534999227641856
1306535001693892613
1306535003434528768
1306535018383069187
1306535018320351233
1306535021264732160
1306535024582365184
1306535029774843905
1306535034921385984
1306535082405101568
1306535096325791744
1306535100314800130
1306535103984799751
1306535104584585217
1306535110246768641
1306535115112275970
1306535117188468736
1306535139346915329
1306535147781722117
1306535185266036743
1306535205101096961
1306535207416324097
1306535211946192897
1306535217281331200
1306535233664233478
1306535261011050496
1306535266610540549
1306535269735247876
1306535270595129344
1306535294334836736
1306535306234130433
1306535312789770241
1306535318372450307
1306535321434234882
1306535332784099328
1306535334738644993
1306535340874833923
1306535343718506496
1306535345283100673
1306535356762734594
1306535359782809600
1306535376933117952
1306535421313273861
1306535423964000256
1306535428238045184
1306535461259673600
1306535463918866435
1306535471435010048
1306535474983444480
1306535475352489984
1306535479114788864
1306535486299799552
1306535492935208960
1306535509699842048
1306535524761468929
1306535527999393793
1306535529320677377
1306535530931212289
1306535550095183879
1306535558642974720
1306535590528266240
1306535599852134405
1306535603513696256
1306535608295321600
1306535637126799360
1306535651937071104
1306535663802683392
1306535663811125248
1306535667485212672
1306535692156141574
1306535699550801920
1306535701551419392
1306535712330854401
1306535715250098176
1306535717389074432
1306535718592839691
1306535718911705088
1306535720010612738
1306535725777657861
1306535736196427777
1306535737979011072
1306535762956083201
1306535767561306117
1306535778701504513
1306535791729008640
1306535797106106369
1306535810729115648
1306535826675904513
1306535830916399104
1306535835588726784
1306535838403252224
1306535848347750402
1306535853708189697
1306535869881315329
1306535872435634176
1306535877183766528
1306535884980998151
1306535890244775942
1306535894489403392
1306535897060577282
1306535906241806336
1306535907382775809
1306535907626037248
1306535913023922176
1306535925699280901
1306535934578634752
1306535937715965952
1306535944338771969
1306535944590430209
1306535947299950593
1306535957471137792
1306535973552037888
1306535980275556353
1306535987108106240
1306535989620416512
1306535999493877760
1306536003805405184
1306536010617171968
1306536024043028480
1306536027922804736
1306536034319171584
1306536035350966274
1306536042304946178
1306536062492250118
1306536093765033986
1306536103814541312
1306536121199853572
1306536123108212736
1306536127055224835
1306536131450765312
1306536136458809345
1306536140720222208
1306536151826739203
1306536177659449344
1306536180889063424
1306536181220487168
1306536186547232769
1306536206226743296
1306536224455360512
1306536248387854338
1306536267316965378
1306536267719507968
1306536268466192384
1306536287990472704
1306536289932644352
1306536301122945026
1306536323055005696
1306536325903011840
1306536326943121408
1306536337059708929
1306536363009990656
1306536391795445762
1306536396807569408
1306536411433070592
1306536412842471425
1306536422669647880
1306536439241375746
1306536439753007105
1306536446908682240
1306536453976064000
1306536457046122497
1306536467250937856
1306536474628689920
1306536505934934016
1306536510309588992
1306536518538817538
1306536527166541824
1306536527728500742
1306536529997828096
1306536533424562177
1306536534506721280
1306536536595410949
1306536549694144512
1306536557566984192
1306536564445655040
1306536580773863426
1306536589460467712
1306536601275846658
1306536603029045248
1306536604329291777
1306536619881635841
1306536635044159489
1306536654283440129
1306536684050358272
1306536685619097600
1306536698080309248
1306536714593284096
1306536721471987725
1306536753210118144
1306536755642892290
1306536756796420097
1306536762458734593
1306536775398109184
1306536775767085061
1306536776849223680
1306536783728046082
1306536802912788480
1306536809913094149
1306536833434685441
1306536849691860995
1306536859313504256
1306536862601875458
1306536869036011524
1306536875285512192
1306536891370663938
1306536898668752898
1306536899197251591
1306536901982134281
1306536905924730883
1306536911935361024
1306536933208854528
1306536942159396864
1306536942700462081
1306536947981185025
1306536952104202240
1306536964611551232
1306536967811858432
1306536998556045313
1306537005073993730
1306537013110345729
1306537022857703426
1306537024225185792
1306537030889791488
1306537034052370432
1306537068818886659
1306537078868631553
1306537091740860417
1306537093049401344
1306537101853364226
1306537103543726081
1306537107125678081
1306537111256997888
1306537126247444480
1306537127786754049
1306537135101612034
1306537140235493377
1306537142521196549
1306537146749247488
1306537147567087616
1306537157436280833
1306537163161587712
1306537177753542657
1306537207960866816
1306537220598378498
1306537224050282499
1306537240269672449
1306537243465580544
1306537246384885762
1306537259223732224
1306537261983576065
1306537264349147144
1306537274302181376
1306537276793593856
1306537277040914434
1306537280253829122
1306537291545038853
1306537302005608449
1306537305260396544
1306537307860799489
1306537335039774720
1306537338114379777
1306537341771603968
1306537349279412224
1306537353520046081
1306537359123656704
1306537359362740230
1306537377809141760
1306537393307168768
1306537395400122368
1306537396201312259
1306537399074291713
1306537405483163648
1306537413645344768
1306537419475386368
1306537427532742657
1306537433836720129
1306537436206555136
1306537437489967104
1306537445199097856
1306537451737853953
1306537479135277058
1306537504133255169
1306537515206217728
1306537520293908485
1306537522202177537
1306537528489586689
1306537539461722112
1306537570575114240
1306537576854155264
1306537584592642048
1306537592498860034
1306537598140076034
1306537611641618432
1306537612962918401
1306537616477769731
1306537638984327168
1306537643539402757
1306537659016372224
1306537667773988864
1306537668793241602
1306537677169328128
1306537718923444226
1306537719254966279
1306537722253774850
1306537730936131584
1306537733792452609
1306537748942249987
1306537763077083138
1306537810447405056
1306537815719768064
1306537826863976449
1306537827967160320
1306537829800042496
1306537840801492993
1306537847868985344
1306537866605010944
1306537875278835713
1306537877753430016
1306537887262035968
1306537914952814592
1306537915258994689
1306537925430059009
1306537930916352000
1306537949480312833
1306537972943130631
1306537975354978305
1306537982233645056
1306537988080513024
1306538007973904385
1306538033466847232
1306538067851964416
1306538075032612864
1306538107689410560
1306538108645707776
1306538115398619137
1306538124244217857
1306538151629017089
1306538157572345858
1306538173758164992
1306538176119484418
1306538177474170881
1306538186361974784
1306538190631731201
1306538220616908800
1306538220637827073
1306538226824491009
1306538233589829632
1306538239952592897
1306538243429670918
1306538255064559616
1306538258659188736
1306538262652223488
1306538273259520005
1306538279995547648
1306538285943214080
1306538309363982341
1306538314598617090
1306538318981668870
1306538320856600576
1306538322051952643
1306538325726171137
1306538326531346433
1306538335159156736
1306538335201046528
1306538358253015040
1306538375520845825
1306538375701311488
1306538394181394432
1306538415752581122
1306538421939298305
1306538434811637760
1306538443812503553
1306538453367230465
1306538461176958976
1306538461541871616
1306538469536215040
1306538469779476482
1306538475093721088
1306538480827338752
1306538483406835712
1306538484073549829
1306538488716722176
1306538513349906432
1306538515358908416
1306538519951622144
1306538524972396544
1306538546149421061
1306538575480025095
1306538578667876352
1306538587710726144
1306538592081248256
1306538596204048384
1306538597185720320
1306538607855972357
1306538614659178498
1306538633994805248
1306538636431765504
1306538637870456833
1306538641380999169
1306538672293138432
1306538703557455874
1306538704752840704
1306538706824765441
1306538716349988865
1306538744992890880
1306538752811192320
1306538774466232320
1306538777008103426
1306538794615820288
1306538799783182337
1306538802039660544
1306538804900233218
1306538805537599489
1306538809170038784
1306538813783670785
1306538816522473472
1306538820507037696
1306538825301151745
1306538827599802369
1306538830938472449
1306538838232371205
1306538838492286976
1306538842044993541
1306538843060002816
1306538874508902400
1306538884164091904
1306538890136870912
1306538902463938560
1306538906121244672
1306538917965918209
1306538921401221121
1306538924404355073
1306538929278119938
1306538931413024768
1306538938463469568
1306538944490659845
1306538945916932096
1306538948173475843
1306538978087235585
1306538981660688384
1306538986370818049
1306538994960924678
1306538995355193346
1306539003211120640
1306539010970574848
1306539014502129664
1306539019463991297
1306539022710263808
1306539028980916224
1306539033754046465
1306539036526346240
1306539042750820352
1306539051424641024
1306539051743358982
1306539053970382848
1306539059553198080
1306539067765645312
1306539068252213248
1306539081963384832
1306539083926138880
1306539084563836930
1306539096316272640
1306539098543398915
1306539111759728640
1306539120324415490
1306539121452748800
1306539148300427267
1306539152196866048
1306539155795574784
1306539156156239872
1306539161332207619
1306539174418436102
1306539190839058432
1306539193548578818
1306539223961358336
1306539240537223168
1306539248418463746
1306539253040640001
1306539260846235648
1306539273030516736
1306539278730694656
1306539280899211265
1306539282094592000
1306539287555391489
1306539302919139328
1306539307600146435
1306539308661301248
1306539316584370178
1306539317133799432
1306539354471489536
1306539368346267649
1306539371282272261
1306539380253667328
1306539392782090240
1306539397609783297
1306539409177628672
1306539409551118336
1306539409790177281
1306539412583526402
1306539432959500289
1306539443440873473
1306539454585212928
1306539464513204224
1306539470515318785
1306539484524285952
1306539485828612096
1306539496918462464
1306539500231778304
1306539505252409344
1306539505537572864
1306539515046252544
1306539518707736576
1306539530321825795
1306539551112998913
1306539555349303296
1306539586370392064
1306539606704259073
1306539608776335360
1306539610986569728
1306539624408457218
1306539635376640000
1306539640564985857
1306539644813795329
1306539666120740864
1306539670004592640
1306539677390864385
1306539680637153281
1306539692817608704
1306539713461981185
1306539714778984448
1306539715135377409
1306539725323288576
1306539739353317383
1306539747104428035
1306539753173651456
1306539760631123969
1306539776485588992
1306539780788891648
1306539793916985344
1306539796819476480
1306539817321345025
1306539833175625728
1306539835512029184
1306539849860739073
1306539853522362369
1306539858442231808
1306539865216086016
1306539878524416000
1306539887286517761
1306539896753065984
1306539912443899905
1306539936745582592
1306539950662393857
1306539977287770112
1306539987060498432
1306540001631461376
1306540019679723525
1306540045298479112
1306540056757391360
1306540064105730051
1306540077569331201
1306540079318401025
1306540092878544896
1306540093323313152
1306540093986013185
1306540098343907328
1306540099857838080
1306540111287345152
1306540114328379392
1306540116148719617
1306540144489500674
1306540147668783104
1306540149480849408
1306540166601936899
1306540173426130945
1306540180136800258
1306540185174204417
1306540193667788801
1306540198415695872
1306540200248717312
1306540210444996616
1306540215318859776
1306540234277036032
1306540236600639490
1306540243177418752
1306540243278082048
1306540247954665472
1306540251360370688
1306540271832891393
1306540278682136578
1306540282691768320
1306540287217545217
1306540305722880000
1306540332927143937
1306540334298443776
1306540338853666817
1306540359204380672
1306540386714824704
1306540394298003456
1306540400081948673
1306540401914855424
1306540410316247040
1306540418901868546
1306540434521501696
1306540437033947136
1306540445393195013
1306540455019122688
1306540461084086272
1306540462111629312
1306540468596092929
1306540469036478465
1306540474224738304
1306540474249830400
1306540477790007297
1306540483020312576
1306540494055374848
1306540496987119616
1306540497121542145
1306540519921778688
1306540521503027201
1306540540528406530
1306540542646509568
1306540542889725954
1306540546173931520
1306540553723617281
1306540555304919040
1306540559968989186
1306540567611015169
1306540579589894147
1306540585919172608
1306540592923541506
1306540619406467073
1306540622401032192
1306540627211902976
1306540631636860928
1306540635113963521
1306540642944905216
1306540676184563713
1306540682329415681
1306540686695694337
1306540689375801344
1306540696325812226
1306540700176130049
1306540710250848256
1306540717808984064
1306540721164423169
1306540732094713856
1306540738382123008
1306540745420087296
1306540758015660037
1306540760947453952
1306540764743303168
1306540768593678336
1306540769986179073
1306540771156398082
1306540788902432770
1306540798117212160
1306540807554387969
1306540822880550913
1306540826152050688
1306540831445340161
1306540834318364672
1306540840857239554
1306540843394715648
1306540847463358464
1306540849094889472
1306540856447512577
1306540860591370241
1306540872146849792
1306540885123805184
1306540892363386880
1306540893873283072
1306540895169163264
1306540901116923904
1306540901397868545
1306540904576999425
1306540911472508929
1306540932033060865
1306540942644609025
1306540954694881282
1306540969735729153
1306540976975032321
1306540988463296514
1306540993341202433
1306540999880126465
1306541015222886401
1306541015902441472
1306541036055994368
1306541043718922241
1306541048391520257
1306541049612062720
1306541053554561026
1306541058730360832
1306541067127447554
1306541068415045632
1306541082759528448
1306541085301313536
1306541096521138177
1306541120441126912
1306541128548843520
1306541129043767296
1306541136689983490
1306541160937205761
1306541182907043840
1306541200158187520
1306541211201744901
1306541213089226753
1306541227941208064
1306541230008995840
1306541266629464064
1306541270169456643
1306541281003225088
1306541291392638977
1306541305053556738
1306541314813693953
1306541316071972866
1306541346153541633
1306541346753314818
1306541346807783425
1306541349651599363
1306541355431342082
1306541358052712448
1306541359579488257
1306541368605462528
1306541371499704320
1306541373051613184
1306541416554934273
1306541419373490176
1306541421390901250
1306541426205814784
1306541454295101440
1306541467259740160
1306541490928267265
1306541499472113664
1306541505948000256
1306541515519516674
1306541523572531202
1306541527955578880
1306541530556096513
1306541538915254272
1306541541507334144
1306541543138955264
1306541549509959680
1306541550877446149
1306541558603411456
1306541592786984961
1306541615322992641
1306541634952351744
1306541635929624577
1306541660252315648
1306541688886886400
1306541694175731713
1306541699808845824
1306541710495887360
1306541711133474818
1306541728761962497
1306541751142952961
1306541758944358400
1306541779823534080
1306541789923258368
1306541799138308097
1306541800178491392
1306541805010386944
1306541808567160834
1306541822580264961
1306541830050328577
1306541832768237569
1306541836815785992
1306541844726194176
1306541866666647552
1306541870261116928
1306541909498834945
1306541918822817792
1306541919615344640
1306541926837964801
1306541930461843456
1306541934874427395
1306541950913441792
1306541954906443776
1306541958391713793
1306541958450442240
1306541967833272321
1306541968093306881
1306541971742380032
1306541973495480320
1306541974569222144
1306541981565296640
1306541985629601792
1306541986732802048
1306541996194934784
1306542004420173828
1306542005707829250
1306542007179980802
1306542012561338374
1306542014025138182
1306542014440251394
1306542021826539521
1306542028285603841
1306542028784726017
1306542034191179776
1306542042156281860
1306542042248486918
1306542043045326848
1306542048070242304
1306542062305591298
1306542063366729728
1306542072124469250
1306542072472784896
1306542077849808898
1306542090126594048
1306542092890578944
1306542102680154112
1306542122825379841
1306542146263101440
1306542167033368576
1306542172766957568
1306542180853579779
1306542184288616449
1306542187899953152
1306542200302387200
1306542201363673097
1306542204039704576
1306542208183484418
1306542215423033344
1306542218149269511
1306542218149322753
1306542218191175681
1306542218589515776
1306542221890662405
1306542227498430464
1306542250437079040
1306542251099795458
1306542253150740480
1306542253461188609
1306542255281451012
1306542297241333761
1306542297279074304
1306542314182111232
1306542320712478721
1306542320918171649
1306542323803750401
1306542336852328449
1306542345412894722
1306542360482910210
1306542364408901634
1306542395060703232
1306542428585947136
1306542441143599105
1306542444599750657
1306542445962956801
1306542453613375490
1306542455018356736
1306542471325810688
1306542478800060416
1306542492146454529
1306542498395959297
1306542500245655558
1306542511993819138
1306542519442960384
1306542526266970112
1306542546584297477
1306542555006480384
1306542558072373249
1306542567480348673
1306542577244569600
1306542580801458176
1306542583309570049
1306542583527727104
1306542583863156737
1306542612048949249
1306542621767208970
1306542622190731265
1306542625277857792
1306542625780973568
1306542629237137408
1306542635369332736
1306542637885911042
1306542646324850689
1306542647293734913
1306542653740204032
1306542658148544513
1306542665127911425
1306542684497117184
1306542684526477312
1306542689198862338
1306542692646617088
1306542698405527553
1306542699999354880
1306542706164858880
1306542706508918785
1306542714369052675
1306542719020523521
1306542726016634881
1306542728747126785
1306542730613460993
1306542731636936710
1306542746094637057
1306542767791697920
1306542797642579968
1306542809311113216
1306542813807509504
1306542814168256514
1306542816554823681
1306542819209814016
1306542829120958464
1306542833357271040
1306542836007854081
1306542843922731009
1306542849891209218
1306542856316661761
1306542858015371264
1306542859349372930
1306542864562876416
1306542890508849153
1306542898700312576
1306542911039959045
1306542937459703808
1306542947727441921
1306542958808768512
1306542969604812800
1306542991067283456
1306542995508953089
1306542997643829249
1306542999783047168
1306543003826180098
1306543006560989186
1306543011510341632
1306543046453063682
1306543063284756480
1306543073179172871
1306543080972185607
1306543082310164481
1306543087452401664
1306543099603111936
1306543108310564865
1306543117340995584
1306543123661688833
1306543133501652998
1306543157497212929
1306543161720754177
1306543169991999493
1306543175423741953
1306543180570009600
1306543185095581696
1306543199322877955
1306543201721880576
1306543207610802177
1306543208869122049
1306543209812758533
1306543214233628672
1306543227680501760
1306543234634657793
1306543235636944898
1306543235666341889
1306543241823739907
1306543248379449347
1306543270709923841
1306543271410237440
1306543274895855616
1306543284517388290
1306543285184401408
1306543292608282626
1306543297985499138
1306543318910738439
1306543320781459456
1306543331279802369
1306543359809458176
1306543366868434949
1306543370420928512
1306543371478077441
1306543381506555904
1306543384027369472
1306543389140119553
1306543391925309441
1306543394345357312
1306543400192221184
1306543409671229440
1306543439811674112
1306543448384774144
1306543452189077504
1306543452306526210
1306543459218620416
1306543468559433729
1306543477342138369
1306543485810401280
1306543498980720640
1306543502008950785
1306543517699776514
1306543524096225280
1306543524016521217
1306543531360546817
1306543531620786176
1306543546569113600
1306543555633184768
1306543561576296448
1306543574532587520
1306543586926829568
1306543587384078336
1306543589648982016
1306543605423767554
1306543610016432129
1306543611589296128
1306543614735134720
1306543616668708865
1306543617658572801
1306543618480656385
1306543620997042179
1306543640131461120
1306543642572738561
1306543647798812672
1306543648515870720
1306543662428545024
1306543702194688001
1306543703457226753
1306543706514894848
1306543708905574402
1306543716006465537
1306543721371103232
1306543736285954048
1306543742208204803
1306543747329675267
1306543751574286336
1306543782570074113
1306543784847642630
1306543789344010241
1306543804103745537
1306543804200214529
1306543807077347329
1306543808780275713
1306543811464626177
1306543819991773190
1306543821560393729
1306543828585807872
1306543843605540865
1306543859300663297
1306543859581714434
1306543878330355712
1306543878531579904
1306543880804995072
1306543889063374849
1306543891596881922
1306543908780994560
1306543917240909824
1306543920906551297
1306543920936095744
1306543927164633088
1306543945418076160
1306543945820798977
1306543946382925826
1306543976246255617
1306543981912825856
1306543989479419905
1306543994881490944
1306544008387231746
1306544010186633220
1306544017610604544
1306544019779080193
1306544031460024320
1306544032026423298
1306544035817951232
1306544046656151553
1306544061751242752
1306544072153157638
1306544073847824385
1306544097436540935
1306544101433790465
1306544106001309697
1306544106454290432
1306544110048690176
1306544113387540480
1306544117346902016
1306544117875310594
1306544123646627840
1306544126519840768
1306544130500239362
1306544138440110084
1306544148955181056
1306544152432214018
1306544168936693760
1306544170551500800
1306544183172362240
1306544185844011009
1306544191216979969
1306544195704946689
1306544203091054592
1306544222787366912
1306544224205025280
1306544235164950530
1306544245940072448
1306544248217645056
1306544256853647361
1306544285186232321
1306544291632750594
1306544299283107841
1306544303616020482
1306544308963536896
1306544311358676999
1306544325824741376
1306544354257973248
1306544355235168257
1306544393151676418
1306544395534110721
1306544399292207104
1306544400198242304
1306544403914293248
1306544409320726529
1306544434839007232
1306544441893826560
1306544447648272384
1306544458360451072
1306544470372958208
1306544473204297730
1306544478828797952
1306544480095531009
1306544487737495552
1306544522168541184
1306544535087046656
1306544546940149761
1306544547187445761
1306544550127828992
1306544571543941120
1306544593601736709
1306544601935863810
1306544610282414081
1306544622819135490
1306544646554890241
1306544647041236992
1306544654834434049
1306544659796291586
1306544663181090816
1306544667601887235
1306544669615104001
1306544673784123392
1306544684051955712
1306544688644657153
1306544693472374784
1306544698429829121
1306544700959215616
1306544709532221440
1306544711331610624
1306544711780511744
1306544735528640512
1306544756437266432
1306544761898176512
1306544768160153605
1306544772014899202
1306544774187540480
1306544781728919552
1306544784664821760
1306544789047840768
1306544789282844672
1306544789685301249
1306544798480859142
1306544799542120448
1306544803266662401
1306544807192526849
1306544811839614976
1306544862192304128
1306544866801979392
1306544870966861824
1306544881934962688
1306544882262171650
1306544885504368640
1306544887421075456
1306544899739672576
1306544901023293440
1306544903573377024
1306544913115418628
1306544916508663808
1306544920988127253
1306544921449504768
1306544927904591874
1306544949777833989
1306544954693554176
1306544958468501504
1306544961719066625
1306544971567095808
1306544974234750976
1306544979125305344
1306544982547890176
1306544994224934912
1306544996674404352
1306545004165378050
1306545004953743360
1306545014193795074
1306545022683279360
1306545029817577472
1306545034234298374
1306545037912821760
1306545054081863682
1306545059307945985
1306545067629449216
1306545095630413824
1306545100928045064
1306545104182743040
1306545109899468800
1306545141704994816
1306545142266916866
1306545145098186753
1306545145651834881
1306545147417559046
1306545148680044544
1306545170331168768
1306545180535791616
1306545182901379073
1306545184537112577
1306545190367301633
1306545199728988162
1306545212874010624
1306545217286402049
1306545235338563585
1306545237750419456
1306545243538378752
1306545247254712320
1306545265084596224
1306545268989583363
1306545279332737025
1306545281027121158
1306545284499955712
1306545288211918848
1306545290208448514
1306545292498497536
1306545298555179008
1306545305249288192
1306545317551112192
1306545326132727808
1306545327357517830
1306545336803045376
1306545350551969792
1306545352611225600
1306545361947783170
1306545368138735617
1306545391681241089
1306545392994185216
1306545395548463104
1306545407175127040
1306545419904745473
1306545423742504960
1306545427555246081
1306545440926633984
1306545453597589505
1306545471247319040
1306545486749405185
1306545495070978048
1306545507087642625
1306545507326521344
1306545520857538561
1306545521042092032
1306545533687918592
1306545534346227712
1306545545822056449
1306545546224689153
1306545548510535681
1306545557779873792
1306545561550479360
1306545561168949249
1306545570702675973
1306545586934550528
1306545604869283846
1306545612209389572
1306545613660516353
1306545620526620673
1306545624725164034
1306545634355245058
1306545640885964800
1306545642026627072
1306545642349760513
1306545642743898114
1306545645793275904
1306545655138209792
1306545668568289282
1306545678466809856
1306545683160326144
1306545684179542019
1306545696984584192
1306545708405792768
1306545733118693377
1306545738214637569
1306545738449551361
1306545741859631105
1306545743088451585
1306545746506919936
1306545748310286337
1306545756296282114
1306545768246005760
1306545768551997443
1306545775493537792
1306545776135348227
1306545778475888640
1306545790341517314
1306545806594498562
1306545812516806656
1306545822893367300
1306545825988960257
1306545827490467841
1306545851997868032
1306545873090940928
1306545877125869569
1306545877922832384
1306545883232661505
1306545885338316800
1306545889578815488
1306545912567783424
1306545922973872128
1306545925817544704
1306545935233630209
1306545936001388547
1306545939037843461
1306545946122170368
1306545955362295810
1306545964249997312
1306545969136308224
1306545982012784640
1306545986353786880
1306546001608617984
1306546013579153408
1306546021908930563
1306546024358453248
1306546027193757696
1306546039676166144
1306546040863109120
1306546043136344064
1306546047670464513
1306546069963235328
1306546072333021184
1306546077982572545
1306546087428272131
1306546089382817794
1306546091232378881
1306546107296612353
1306546109372936198
1306546122807291904
1306546154650234880
1306546165496918018
1306546166394310656
1306546173851791360
1306546174355296257
1306546181636608007
1306546187416338433
1306546192340283393
1306546201999810560
1306546203975454720
1306546216159727616
1306546227895566337
1306546248170831872
1306546254562951168
1306546256815194112
1306546257775730688
1306546262662094848
1306546274070663171
1306546275115044866
1306546288314519553
1306546291808239617
1306546307595735040
1306546311454437376
1306546316604964864
1306546326797275137
1306546343637204994
1306546354018308097
1306546357201768454
1306546357579243523
1306546367553310721
1306546368782069761
1306546373274337285
1306546376633847808
1306546379372867585
1306546393935474688
1306546413887721472
1306546422838374400
1306546427141722112
1306546433068118016
1306546434615971840
1306546457990762497
1306546461039947776
1306546461061115904
1306546462285799425
1306546467050463232
1306546477263654912
1306546481537712128
1306546497987719168
1306546504308490245
1306546508557361158
1306546520955723776
1306546560059273216
1306546562743631873
1306546564765224960
1306546569731215360
1306546581127258113
1306546591898251264
1306546594708365312
1306546600672591872
1306546613767278592
1306546622663462913
1306546626509508617
1306546648009658368
1306546657211936770
1306546659837517825
1306546666082889728
1306546669119516676
1306546684982226944
1306546685523431425
1306546693215846401
1306546698634715137
1306546700228546560
1306546701700943878
1306546706276900864
1306546711381397505
1306546731178393601
1306546735209218048
1306546735314079745
1306546746030424064
1306546756713361414
1306546769208242176
1306546773792563201
1306546782818664456
1306546797888679937
1306546809100271617
1306546809343442944
1306546818780721152
1306546827718606848
1306546838523256833
1306546854927237120
1306546877526159361
1306546891598057474
1306546893166608384
1306546896329089025
1306546899424550912
1306546900254863366
1306546905099284480
1306546915643858946
1306546920610041856
1306546946954362881
1306546958044196865
1306546967833608193
1306546978646618112
1306547044744658944
1306547055934889984
1306547058422231040
1306547063451193346
1306547064893894656
1306547070245810176
1306547071554469888
1306547079716765696
1306547081218338816
1306547129788239872
1306547134414704640
1306547142010572805
1306547143482789889
1306547160150876160
1306547162835300353
1306547169495834625
1306547189183897602
1306547198381838337
1306547200235900929
1306547210289643520
1306547212927864832
1306547219340775425
1306547220053979136
1306547224655134720
1306547225569325057
1306547228975063040
1306547234821922816
1306547244032761858
1306547257181904896
1306547265859915776
1306547269626466305
1306547272843431936
1306547276895182850
1306547281433370624
1306547284436496384
1306547303113658368
1306547305730932737
1306547305932353536
1306547322671820800
1306547323946766336
1306547324395683841
1306547328191471618
1306547345484521472
1306547357517930503
1306547362962321408
1306547378917273602
1306547398014050304
1306547413147152384
1306547414208253952
1306547418859810816
1306547437725798400
1306547442536636416
1306547444914827266
1306547449821974528
1306547461427658753
1306547462216310785
1306547465747918849
1306547473435983873
1306547481317081089
1306547480994041858
1306547482810363914
1306547485301780480
1306547487591641088
1306547488149602304
1306547490582388738
1306547495728754688
1306547496110489600
1306547499554013184
1306547502527770624
1306547503857311744
1306547504473927681
1306547515374727171
1306547523922923520
1306547533834055686
1306547541887070208
1306547555183063040
1306547576058056704
1306547584081842178
1306547584945750021
1306547587604869121
1306547594718523392
1306547599856472064
1306547609939705856
1306547615883038720
1306547619968299008
1306547626574217217
1306547632265977856
1306547634019024896
1306547633956089856
1306547638364499969
1306547641308844032
1306547647902289920
1306547649269518336
1306547651001937923
1306547667611213825
1306547667904999429
1306547680848605185
1306547680953470976
1306547687198724096
1306547687890837504
1306547688461066241
1306547692122722304
1306547703640281090
1306547704043053056
1306547706085679110
1306547714197516289
1306547714184937472
1306547725698244608
1306547726981660672
1306547734275600385
1306547742190104577
1306547742672592896
1306547744627200000
1306547745684099074
1306547749723213824
1306547761660059649
1306547775472111616
1306547776403185664
1306547796535914496
1306547800872812544
1306547801476784128
1306547810725060609
1306547817423413248
1306547819235418113
1306547826432905216
1306547829679296512
1306547838772555777
1306547839443456000
1306547854366965762
1306547862000541697
1306547888470728705
1306547899510054912
1306547911673737216
1306547914890772483
1306547925967929348
1306547927754706945
1306547928006307840
1306547930464235526
1306547935728070659
1306547938785624067
1306547943978053632
1306547949292285953
1306547959929110528
1306547970276556800
1306547973090926592
1306547974944759810
1306547993143902213
1306547994259460096
1306547997254119424
1306547997736660992
1306547997782806528
1306547998348972032
1306548011334537222
1306548024072695808
1306548041156042752
1306548052132417536
1306548056133902337
1306548069823987713
1306548078527352832
1306548084026085376
1306548085187907586
1306548103328088069
1306548122089328641
1306548124366839808
1306548132306714624
1306548153731211264
1306548163013206018
1306548175092748292
1306548191379238914
1306548192473948165
1306548194738712576
1306548206080270336
1306548207971971072
1306548212245946373
1306548211318796290
1306548217828511745
1306548224203857920
1306548230117883907
1306548243493519360
1306548245250879488
1306548254906122241
1306548261986226176
1306548291207933953
1306548291723759616
1306548317132783616
1306548327060664321
1306548331594866688
1306548337093435392
1306548338221748226
1306548341296238592
1306548352272625666
1306548358010548226
1306548359327555584
1306548372036374528
1306548375408594944
1306548379024068608
1306548382996062208
1306548387949445122
1306548395943886848
1306548411022409730
1306548417028665345
1306548419314491392
1306548426214174722
