1310293110560370688
1310293112254853121
1310293113081126912
1310293120488177666
1310293126964076544
1310293129300500485
1310293135210160128
1310293141686226945
1310293156714418187
1310293165019193344
1310293173005058050
1310293176108736512
1310293176540901377
1310293182576386048
1310293186804318212
1310293196908322816
1310293203271254021
1310293218278412289
1310293218785976321
1310293227715485696
1310293227749216256
1310293236594999300
1310293249609916417
1310293256262111234
1310293262134136835
1310293274335350784
1310293286482055172
1310293288537260032
1310293303649280008
1310293304114917376
1310293307516280833
1310293311329099777
1310293326239797248
1310293329519706113
1310293331549749249
1310293374814113793
1310293382103736320
1310293396511170561
1310293401712103434
1310293439972610050
1310293450844024833
1310293464295321604
1310293470750347265
1310293489809268740
1310293505202323461
1310293540283453440
1310293548940636165
1310293555689263106
1310293576857915393
1310293578980249600
1310293587750395907
1310293592380862469
1310293593064722432
1310293594595627008
1310293616334712832
1310293625784459265
1310293635343187979
1310293640732971010
1310293644637868033
1310293651017338880
1310293655350136833
1310293672806809607
1310293687046410251
1310293689466585093
1310293720013705217
1310293745074491392
1310293759536631814
1310293767023362049
1310293789173518338
1310293792449269762
1310293793195745280
1310293807003394048
1310293813001293824
1310293834551754754
1310293840767733766
1310293855133224965
1310293872811995136
1310293873357254657
1310293878172336129
1310293882320584705
1310293892785471495
1310293907721400326
1310293913094238210
1310293921692606465
1310293922711662592
1310293949731438595
1310293956375318528
1310293963308519425
1310293963644055552
1310293971885871110
1310293973060194305
1310293992383197184
1310293992991588353
1310293994673516549
1310294020611084290
1310294034800402434
1310294038420041734
1310294041989439491
1310294047538311168
1310294053028851719
1310294071185989633
1310294082141466624
1310294083492106246
1310294091159093248
1310294092211920896
1310294094464323586
1310294094929854464
1310294105549922305
1310294108842471424
1310294110390059018
1310294115213598721
1310294115452620807
1310294117197516801
1310294143063724032
1310294147606237185
1310294152098316295
1310294154380017670
1310294156372258821
1310294159572586497
1310294178631426050
1310294186902646785
1310294197514186755
1310294203424014340
1310294214471802881
1310294216845619200
1310294224290623488
1310294228564619266
1310294239050375170
1310294257585074177
1310294264803471361
1310294270709035009
1310294304842289160
1310294305853059073
1310294310307475456
1310294317936902145
1310294323129327616
1310294324509380611
1310294326140903425
1310294328217083905
1310294333673869315
1310294335624286214
1310294345699000322
1310294362413248515
1310294365324161024
1310294375713443840
1310294395690901511
1310294398450753536
1310294409737654276
1310294414485487623
1310294418667311105
1310294425348825093
1310294426221076480
1310294434173595648
1310294434668597256
1310294437617111042
1310294453551337473
1310294456709513216
1310294463265341452
1310294498153558018
1310294498539450369
1310294499181109253
1310294512137371652
1310294514372878339
1310294524883861506
1310294524854501378
1310294527702437890
1310294545205256194
1310294554889850880
1310294576008237058
1310294589853532163
1310294591342546945
1310294598128996352
1310294599240302592
1310294614306422785
1310294623194157071
1310294632249659394
1310294636481699850
1310294643674943491
1310294649488236545
1310294651853852673
1310294660938633218
1310294667460857861
1310294667942977536
1310294677720043520
1310294695382315008
1310294703108128771
1310294706144845831
1310294708489539584
1310294712729952258
1310294717414940672
1310294729377173504
1310294740655579136
1310294749677604864
1310294762893737987
1310294772922408964
1310294786784464896
1310294801623838720
1310294802357981184
1310294817059090433
1310294819349110785
1310294820573925382
1310294823807705092
1310294826013859843
1310294840870162435
1310294849682366466
1310294899409870848
1310294908268412929
1310294926828146692
1310294928346542082
1310294933320929280
1310294935904694272
1310294948047130626
1310294962043531267
1310294971988275211
1310294972080492549
1310294978665512963
1310294989927321602
1310294993194618880
1310295001453207553
1310295003919458306
1310295005529997312
1310295021917294594
1310295030880440322
1310295031601917952
1310295051780714496
1310295054272126976
1310295059632324608
1310295062958542848
1310295068004225024
1310295084752084998
1310295086752837635
1310295102062026752
1310295103408238592
1310295103462924288
1310295105887252481
1310295130511900672
1310295163420512257
1310295188888104960
1310295195251085319
1310295195469127681
1310295202943377416
1310295206613352452
1310295214527934464
1310295214884630529
1310295224464351232
1310295226091671552
1310295230357348354
1310295245704355841
1310295249592496130
1310295259251970049
1310295261999017984
1310295270622736384
1310295280663830529
1310295286712074240
1310295290071732225
1310295292160471040
1310295301811560450
1310295304772767744
1310295306840485892
1310295311609405442
1310295314763517959
1310295334724173825
1310295337551171584
1310295341930098696
1310295361920040967
1310295366085103617
1310295366156386307
1310295368165359616
1310295369092182016
1310295377816563716
1310295386335182848
1310295390441410563
1310295392202915841
1310295401665306624
1310295412402786304
1310295414843736064
1310295437958471680
1310295438122196993
1310295459777466368
1310295464642838528
1310295470615429120
1310295471164923905
1310295474797252611
1310295476533567488
1310295481935736832
1310295500923564033
1310295501158387720
1310295505331576833
1310295509597409283
1310295512688467968
1310295519516864512
1310295520615829506
1310295521748299779
1310295525481050117
1310295530069807105
1310295538508746752
1310295542400909312
1310295552127623168
1310295552702255105
1310295553167839237
1310295553570484225
1310295560625283076
1310295564978982915
1310295566149201922
1310295566908301314
1310295587359789057
1310295597094785029
1310295601163177989
1310295602203418624
1310295607718838272
1310295615243517952
1310295623023734784
1310295624621805568
1310295628329541632
1310295629600632832
1310295630431092736
1310295636584083457
1310295649687089155
1310295667152166916
1310295669580673025
1310295674227953666
1310295679491862528
1310295716284313600
1310295723410415617
1310295745891889153
1310295764573319170
1310295768461463552
1310295773507194882
1310295778254962690
1310295778783457280
1310295778838052864
1310295788833177601
1310295799822086144
1310295805841092608
1310295808030449665
1310295821548695560
1310295827211071491
1310295828578414593
1310295852792123393
1310295860635410432
1310295866130006018
1310295883519418368
1310295890075189248
1310295895645224963
1310295902163292161
1310295912053452806
1310295920924413953
1310295924116201473
1310295933071101954
1310295955682529281
1310295964209602564
1310295967376134144
1310295969255305216
1310295973705461760
1310295975139966976
1310295982572294151
1310296020559986688
1310296022153940992
1310296021415669761
1310296029359673345
1310296035827351558
1310296039295979521
1310296039447040000
1310296041938329600
1310296063228522496
1310296067062272005
1310296068601544712
1310296082191134720
1310296088696500224
1310296089824763905
1310296111702253568
1310296121936416770
1310296122062245899
1310296133458178051
1310296149920813058
1310296158460280832
1310296160322678785
1310296161538977792
1310296161752887300
1310296164672167936
1310296167293485056
1310296167381491712
1310296178517475330
1310296183059951617
1310296194875363328
1310296214869549056
1310296216949981184
1310296219487436804
1310296234494775296
1310296241075449856
1310296259576688642
1310296271064911873
1310296276068691968
1310296277628997634
1310296281194127360
1310296288118730752
1310296322428276739
1310296323673948160
1310296348533587970
1310296350538555393
1310296372680290304
1310296392687063043
1310296394104594432
1310296409380458499
1310296420373721089
1310296423951368193
1310296434651127811
1310296448072900622
1310296452690665472
1310296456998383618
1310296475671420929
1310296480587165696
1310296482206167040
1310296491710451712
1310296494679961605
1310296498400301056
1310296498681323527
1310296502514913283
1310296522941247488
1310296537377968139
1310296547469324289
1310296551449858051
1310296553811316736
1310296557460377600
1310296559221907456
1310296574359154688
1310296602091819008
1310296605824700416
1310296615186563078
1310296620781707265
1310296624040685572
1310296627555512321
1310296633473724424
1310296636640374785
1310296644987035649
1310296646614429697
1310296651802775552
1310296657511284736
1310296657641328641
1310296663119011840
1310296671335653377
1310296675789844480
1310296678470168577
1310296687450222598
1310296688616181768
1310296693464686592
1310296708899889152
1310296727510028289
1310296731578441730
1310296744060743680
1310296751232884738
1310296765921464320
1310296784460296193
1310296817553334273
1310296851409768451
1310296855343816704
1310296886763491328
1310296897723281409
1310296911178592261
1310296913325879297
1310296913472827392
1310296922423427072
1310296928459128832
1310296937690783746
1310296941604016134
1310296952165208064
1310296969500397569
1310296999015649280
1310297000039120897
1310297002832539650
1310297031475367939
1310297033891340288
1310297035648593920
1310297061154328576
1310297067944894464
1310297073204555777
1310297090334044167
1310297097015500800
1310297114761728001
1310297122441441282
1310297129211002881
1310297136416858112
1310297139910782976
1310297142133698560
1310297143589113856
1310297147255009280
1310297154196447232
1310297157438787584
1310297171636477954
1310297173314146305
1310297177315573760
1310297185658064896
1310297185741873153
1310297186182279168
1310297198928834560
1310297210836353027
1310297234379026435
1310297248308375556
1310297248916529155
1310297270701654017
1310297281208479745
1310297282445631488
1310297288359772162
1310297302607835143
1310297303979352067
1310297308257550338
1310297317573120002
1310297320689299456
1310297346400550912
1310297377367109637
1310297378977652737
1310297387844460551
1310297394265944074
1310297394932842498
1310297406647332865
1310297417150009344
1310297422602465280
1310297438486491140
1310297444069109765
1310297456098381825
1310297456912072706
1310297473836027904
1310297491586387969
1310297495294148621
1310297497240317954
1310297503502405632
1310297505150775296
1310297506253869056
1310297531235151873
1310297531717484547
1310297532690464774
1310297547915907072
1310297548901539841
1310297551334064128
1310297551095169024
1310297560234569729
1310297562608545798
1310297563719962626
1310297589204615170
1310297601741213696
1310297642379784193
1310297659425665024
1310297659736027146
1310297660461547520
1310297684864008192
1310297685933596676
1310297688567697409
1310297688626388996
1310297698474496000
1310297707878248449
1310297723262832641
1310297753583579137
1310297804141666304
1310297827558461442
1310297836324519937
1310297855370948608
1310297862182449152
1310297887432007681
1310297904007925760
1310297915253030917
1310297916137971712
1310297918092574721
1310297922123292673
1310297931791163392
1310297934336991234
1310297934433484803
1310297976154345474
1310297980457701376
1310297983972511747
1310297995062116352
1310298004444778496
1310298004809809920
1310298007561293824
1310298014033104905
1310298017812090882
1310298022442610691
1310298027299659776
1310298035864231937
1310298042806005760
1310298050619940868
1310298066004701186
1310298070467264513
1310298078843469825
1310298093351469059
1310298093963837443
1310298095968755713
1310298098057478146
1310298110703407105
1310298114167902222
1310298118236311553
1310298120358592512
1310298120329232384
1310298121180557312
1310298127405064194
1310298140310941696
1310298149207105544
1310298150217936896
1310298175601815552
1310298189577281541
1310298197315682309
1310298200474095620
1310298202869043202
1310298206832603136
1310298207503736832
1310298209764347904
1310298210456526851
1310298210695434241
1310298243327307778
1310298244652699650
1310298279901638656
1310298282070077440
1310298294321520640
1310298312969519107
1310298360943960064
1310298361229201410
1310298369127067654
1310298372134375427
1310298374927773696
1310298377029120009
1310298396440354822
1310298414236741633
1310298414677188608
1310298420637323267
1310298456611860480
1310298461703733250
1310298485191778305
1310298494029225985
1310298494704537603
1310298501113315329
1310298501818060803
1310298508977561600
1310298516120576001
1310298534609117187
1310298536685101056
1310298546759806982
1310298560928202755
1310298570499653634
1310298571317542912
1310298572924035072
1310298573523869698
1310298577760129025
1310298586626883591
1310298587369287685
1310298588229046272
1310298588505935872
1310298589382488070
1310298591118983168
1310298592926720008
1310298602607173633
1310298605249536010
1310298641144279041
1310298646529835009
1310298650099298305
1310298652963995650
1310298665945313281
1310298668080259074
1310298673843253252
1310298682114351106
1310298683301416970
1310298692088459266
1310298709243187208
1310298722128089089
1310298732592758790
1310298738632646656
1310298739844820993
1310298740369088512
1310298743707705346
1310298743653183489
1310298751534354435
1310298754763780096
1310298766776377353
1310298768949096448
1310298776683327488
1310298793154412544
1310298796799209473
1310298812162998273
1310298819544993797
1310298821344333827
1310298827652362241
1310298835621744641
1310298836120809472
1310298847567020033
1310298873383051264
1310298875757035521
1310298877694803968
1310298880089575424
1310298888809709569
1310298906555809793
1310298930572333060
1310298973341708290
1310298978265817089
1310298985580691461
1310299001288298505
1310299017239293953
1310299019814543360
1310299020611420168
1310299032372359172
1310299050143514626
1310299058385219585
1310299058301333504
1310299062156046343
1310299066195214339
1310299068300759048
1310299071861657600
1310299084604014592
1310299107030978561
1310299116669370374
1310299119408361473
1310299137146081283
1310299138572136453
1310299147799531522
1310299149322121218
1310299158130159616
1310299169203146753
1310299192380723200
1310299195102957569
1310299198080929796
1310299203185389574
1310299207908184064
1310299226010771457
1310299228778848256
1310299231412944896
1310299235925987329
1310299251692441600
1310299252782845952
1310299257379983360
1310299258365636608
1310299260425039874
1310299270176747521
1310299271397281792
1310299284768788486
1310299304465137664
1310299314598666240
1310299316700012544
1310299324497252353
1310299325189287937
1310299331677782017
1310299334810972167
1310299335741984768
1310299337331744768
1310299342176124929
1310299343325474816
1310299363026128896
1310299372006109188
1310299376930127878
1310299388686643203
1310299404637802496
1310299406277783552
1310299408337170433
1310299413361963008
1310299426607554562
1310299426108223488
1310299440025010176
1310299443384770562
1310299443636338689
1310299443745427457
1310299446010355721
1310299461734879239
1310299463429357570
1310299485000663041
1310299490822303748
1310299491354976256
1310299498510417920
1310299509801410561
1310299521784508416
1310299529099517953
1310299532408782848
1310299550536609809
1310299558052757504
1310299565824770050
1310299572426555392
1310299574200872966
1310299579645009922
1310299598536105984
1310299600029245440
1310299600247566340
1310299601505718272
1310299613958729729
1310299617767165954
1310299637841002497
1310299641766846465
1310299645646704644
1310299654756749314
1310299659387183105
1310299659366064128
1310299661861883910
1310299668040028160
1310299683760242689
1310299687430258690
1310299700537569282
1310299712499716101
1310299712902356997
1310299718296035328
1310299723962687489
1310299744095404034
1310299763485667329
1310299772272676866
1310299772574728192
1310299787204403203
1310299796977020929
1310299806955376640
1310299827461328896
1310299844196610049
1310299848697098251
1310299857156964353
1310299875653963776
1310299894293450758
1310299896516349953
1310299914988146694
1310299917433344000
1310299917534007296
1310299925582934016
1310299927768113159
1310299937096306689
1310299945153572864
1310299973515448321
1310299973746073605
1310299981081870344
1310299995808161793
1310299996575739906
1310299999490600961
1310299999666933765
1310300005861937156
1310300014212653056
1310300016410492931
1310300017484328960
1310300017740206085
1310300034592890882
1310300044017438726
1310300075588046854
1310300096635056128
1310300097230467072
1310300097905700864
1310300100724510723
1310300110186840064
1310300117271019521
1310300140033499139
1310300160430419968
1310300161516744705
1310300199265472513
1310300205720502272
1310300236238196737
1310300251480297475
1310300254185697280
1310300279632470022
1310300285332582400
1310300304378925058
1310300309814738944
1310300318924759042
1310300331314679809
1310300347274014731
1310300361996095497
1310300374901743616
1310300376722219008
1310300379792445441
1310300395596656645
1310300400231297024
1310300403704111104
1310300408095617025
1310300413162336256
1310300450328129544
1310300453805133826
1310300455755374593
1310300479411412994
1310300479881129984
1310300491692339202
1310300509597822978
1310300513167179779
1310300524827246594
1310300536793686016
1310300544901304321
1310300550009847812
1310300550534246402
1310300557710589956
1310300561544183811
1310300569324716032
1310300575775502336
1310300597221031936
1310300611016110080
1310300611343196162
1310300611934552065
1310300621724168193
1310300626845401088
1310300640107737095
1310300644591443975
1310300648769032197
1310300649658167297
1310300655844831233
1310300662937260032
1310300667064582150
1310300668268146688
1310300669044121601
1310300671103709186
1310300675230896131
1310300684185735177
1310300686568042498
1310300692804820992
1310300693698355205
1310300701164216320
1310300705895325696
1310300728347557888
1310300747880452100
1310300748484423688
1310300759460896770
1310300765932716037
1310300768700952576
1310300791287296000
1310300793061466113
1310300795619827713
1310300807905136642
1310300816037863427
1310300816855699462
1310300825235976194
1310300831326048260
1310300837302931457
1310300837500026886
1310300854025621511
1310300863420923908
1310300868907016193
1310300869712318464
1310300874091253763
1310300899466715136
1310300915325337602
1310300927363026945
1310300932714893312
1310300941405614086
1310300952277078018
1310300974154571776
1310300975417233419
1310300981402300416
1310301019197157376
1310301037211906048
1310301041615925251
1310301044115607552
1310301059357835264
1310301078009917441
1310301081788911618
1310301088407367680
1310301097123143680
1310301109525807105
1310301122867859456
1310301123815919619
1310301126043095047
1310301131835355138
1310301132510695424
1310301162822873091
1310301174776705028
1310301194854825985
1310301195756593152
1310301196331225088
1310301213292990464
1310301220133842944
1310301222503550976
1310301233727627268
1310301252610330625
1310301259220627457
1310301270528397313
1310301274206810112
1310301279957250051
1310301285804015616
1310301287548964865
1310301287771238406
1310301288538742787
1310301322244169729
1310301334718107649
1310301335640772608
1310301339700924416
1310301351684067334
1310301354326331393
1310301355412721667
1310301360831655936
1310301361582600192
1310301367324618752
1310301369048367106
1310301370713616384
1310301374484279303
1310301374890926080
1310301383325822976
1310301392171683846
1310301393094410240
1310301396273684487
1310301396344987649
1310301433753993216
1310301454801006599
1310301498333683712
1310301499726196736
1310301503215857665
1310301520802570242
1310301527861612546
1310301550968004610
1310301555510456323
1310301556412121089
1310301556558962689
1310301566893785089
1310301574321897482
1310301603489083394
1310301610539655169
1310301613484134400
1310301622912811009
1310301625085460485
1310301627337900034
1310301629153828864
1310301645490794502
1310301683524739072
1310301685479284736
1310301688314630144
1310301703414177794
1310301741234216960
1310301744577028100
1310301757029978113
1310301758883758082
1310301763015258112
1310301763795390464
1310301764609028102
1310301771911266305
1310301778106343426
1310301805411172352
1310301807906873344
1310301811136368641
1310301812126294019
1310301814164783104
1310301817671225346
1310301824923172876
1310301825329922049
1310301831344672769
1310301834163163137
1310301845697462275
1310301850470699008
1310301852362330113
1310301855583473667
1310301868740861952
1310301871731617795
1310301874839605248
1310301875791704064
1310301878480240641
1310301896196763649
1310301896117190656
1310301898461900802
1310301913481609216
1310301914286952451
1310301928283283457
1310301931043254272
1310301932783894538
1310301947702935555
1310301950852894720
1310301952891392006
1310301956330659846
1310301969496649729
1310301976815644672
1310301987783749632
1310302001134272512
1310302004359593984
1310302004397379584
1310302017475104769
1310302024177680386
1310302032004345856
1310302034491592704
1310302043987300353
1310302046936092675
1310302052971671555
1310302064375934979
1310302081543266304
1310302092427440133
1310302104360292352
1310302107057221637
1310302113663246342
1310302131031810049
1310302138048942085
1310302154511523840
1310302156042444803
1310302160211636225
1310302161633411078
1310302163969736705
1310302167954337793
1310302168818294785
1310302177508941824
1310302186799337472
1310302187235360768
1310302199495487488
1310302200283963392
1310302207301083136
1310302218042695682
1310302227005874180
1310302261973848067
1310302264611889154
1310302265148932097
1310302268764205061
1310302271008317440
1310302272711090176
1310302273646592001
1310302284090351617
1310302289995866112
1310302294555217920
1310302301891039232
1310302323416104960
1310302341782859778
1310302345096572930
1310302351140564995
1310302363240996864
1310302375828045824
1310302376050470912
1310302378348994562
1310302403703582720
1310302406547320832
1310302407491018756
1310302420774379520
1310302433059336192
1310302444409286656
1310302448892821505
1310302460322426885
1310302467113062405
1310302472808923136
1310302482208370690
1310302491309998083
1310302510972895232
1310302512293933057
1310302533529804801
1310302540030861314
1310302556199944192
1310302558825709577
1310302565637160960
1310302575149813760
1310302583442022404
1310302626798542849
1310302640136364032
1310302645396086785
1310302658268463105
1310302666728386561
1310302690229006336
1310302694180089856
1310302719282995210
1310302721124302848
1310302722357366784
1310302737712771072
1310302743521828865
1310302757643935744
1310302764417736704
1310302775050407936
1310302791127175170
1310302804226060294
1310302811826122752
1310302818771894273
1310302819140825088
1310302827282083841
1310302835586805761
1310302836576718848
1310302837054865409
1310302843249754112
1310302854150725632
1310302854972833792
1310302857254535169
1310302865211232262
1310302866133917696
1310302868143058944
1310302867886993408
1310302887860473857
1310302907531747329
1310302910945910784
1310302921955962881
1310302933469278208
1310302942927310850
1310302943594377217
1310302952188502016
1310302953044049926
1310302960384184320
1310302966340083718
1310302969812971520
1310302976494522369
1310302983419318272
1310302991442825216
1310302996236922880
1310303007913979907
1310303011579867136
1310303026465378304
1310303030575800323
1310303068244697089
1310303080357994497
1310303088327225345
1310303112247345157
1310303125736165383
1310303135269883906
1310303135085322240
1310303136456859649
1310303151732461568
1310303180773888004
1310303188705312768
1310303190638907394
1310303198100545537
1310303208355500032
1310303212176633858
1310303212252135428
1310303219394830336
1310303225896108033
1310303255977766913
1310303267180732421
1310303270649376769
1310303273341997057
1310303276265598977
1310303283970408449
1310303307815059457
1310303312709906439
1310303315230687233
1310303317013270532
1310303328308547586
1310303335912796160
1310303340862021641
1310303347992408065
1310303373514756097
1310303434218889216
1310303443265839104
1310303443362500609
1310303444045979648
1310303462899539970
1310303465462288387
1310303486500900864
1310303494432227338
1310303514544009218
1310303527596687360
1310303533015666689
1310303540074762245
1310303544411652097
1310303545455980544
1310303546538041344
1310303553152577544
1310303557313323011
1310303563499753472
1310303565865418759
1310303627874107394
1310303629467938816
1310303639576227840
1310303641098547201
1310303649629839361
1310303650703724547
1310303655602597895
1310303666302259202
1310303670936928259
1310303680336465922
1310303691203899400
1310303693787598850
1310303713001644033
1310303715828654080
1310303756760887298
1310303760296685569
1310303764113436673
1310303770635505664
1310303772170620928
1310303792127246338
1310303796954886147
1310303799760818176
1310303802357174275
1310303826885345286
1310303840315596800
1310303846405726210
1310303849761173512
1310303850520342529
1310303863329697794
1310303863740813313
1310303863711375365
1310303877133197312
1310303894799560704
1310303911446827008
1310303915011964928
1310303926718263298
1310303942140715009
1310303946473381888
1310303959714799624
1310303964609601539
1310303974248022016
1310303978282979329
1310303979616829441
1310303979839066113
1310303984079568901
1310303998616969221
1310304016186867714
1310304022159646720
1310304030149672960
1310304032091787264
1310304037632446466
1310304039867998209
1310304041268850692
1310304044997644288
1310304072629661697
1310304077633421314
1310304079625814021
1310304087150415872
1310304102593835008
1310304107614408711
1310304111317807105
1310304113964482567
1310304127411531777
1310304137410752512
1310304140048949248
1310304150060752902
1310304156851277824
1310304161041276930
1310304185691369473
1310304206134239232
1310304215328194561
1310304237361025030
1310304237855932418
1310304238619299843
1310304261578907652
1310304265957564416
1310304267111104512
1310304271594852354
1310304279274704896
1310304304679583749
1310304307720458241
1310304308617977863
1310304329962844164
1310304333473472513
1310304341375549440
1310304345741832192
1310304352955842560
1310304387391053824
1310304387625971712
1310304389106630656
1310304396450856962
1310304400188100610
1310304409239171072
1310304410019532802
1310304410573197314
1310304415769911296
1310304417183301632
1310304419913834498
1310304419737731073
1310304439647993856
1310304456077123591
1310304481314320385
1310304488935297025
1310304490562695170
1310304501346324482
1310304503816761352
1310304503816749056
1310304506434015233
1310304510804480006
1310304513060999170
1310304518689763333
1310304534313537540
1310304557122162688
1310304558414004225
1310304575606288385
1310304579565891584
1310304593751007233
1310304594568900609
1310304597756571653
1310304604874309632
1310304606384271363
1310304611237015558
1310304618027589635
1310304619520757761
1310304624587485184
1310304626722443265
1310304638323830786
1310304639611437057
1310304643805782016
1310304646922207232
1310304651317850120
1310304660549402624
1310304673514033152
1310304690408751105
1310304699422134272
1310304703624949761
1310304713733287936
1310304715016753152
1310304719420653569
1310304719861153793
1310304731005431809
1310304739033309186
1310304739037454337
1310304747526774785
1310304747925069826
1310304757899309058
1310304759224692736
1310304764425646086
1310304765012783104
1310304765490933760
1310304794414845955
1310304804011470848
1310304820415401984
1310304823862935552
1310304882684047368
1310304893933178882
1310304899687575552
1310304904548843524
1310304905152864259
1310304911360434179
1310304915672236037
1310304942549327873
1310304948962439169
1310304953995423746
1310304954587000835
1310304984672722946
1310304996907528194
1310304999440777217
1310304999755231233
1310305007615578119
1310305009427513344
1310305009687556098
1310305015576309760
1310305046022639618
1310305046555504644
1310305047054626818
1310305054323339268
1310305067837329410
1310305076674691075
1310305084417486850
1310305084551630851
1310305089823834113
1310305090264338437
1310305110053052416
1310305121440595970
1310305123038527490
1310305149798297604
1310305164692041728
1310305167401603072
1310305168211279873
1310305170585276420
1310305177585549315
1310305197760151555
1310305206555553798
1310305208891629568
1310305211689377792
1310305214076006401
1310305221088808961
1310305237924818944
1310305250465648640
1310305251530911744
1310305263744946179
1310305271080681483
1310305274129858560
1310305278622040071
1310305280027250689
1310305281335754754
1310305289791397894
1310305297601146881
1310305307235680257
1310305315217444864
1310305318635741189
1310305338982359040
1310305341175889922
1310305345361924097
1310305349518401549
1310305358875897858
1310305359500902402
1310305360511631361
1310305378861821954
1310305381856555008
1310305382686916609
1310305390937153536
1310305402995736576
1310305405684285441
1310305435237470209
1310305435786731520
1310305458436165632
1310305480116498432
1310305500186042368
1310305514853732353
1310305519362617352
1310305519391866881
1310305531219902464
1310305540933914629
1310305563943858179
1310305579726974976
1310305594637799433
1310305607338151937
1310305610676809731
1310305616557084672
1310305630620614657
1310305632835317760
1310305639181234176
1310305650694656002
1310305652049408005
1310305672303710209
1310305682558775299
1310305706730496001
1310305722652131329
1310305737072144388
1310305742499524608
1310305754491092992
1310305763693387777
1310305764251176965
1310305766641995776
1310305787667980288
1310305790956273665
1310305793972097024
1310305801786056709
1310305818022236160
1310305817707585544
1310305822816309248
1310305826305908736
1310305828315058177
1310305856865464320
1310305858740510727
1310305870283255808
1310305871788998657
1310305872036466690
1310305888255774721
1310305892278173696
1310305900083572736
1310305908887556096
1310305915439022087
1310305931029291014
1310305939057045504
1310305939308900354
1310305947718352898
1310305978039054336
1310305990701707265
1310305995416104966
1310305999111233539
1310306018358956035
1310306018430246912
1310306021580124160
1310306023983505409
1310306027712151555
1310306029301792768
1310306032686714881
1310306041788346369
1310306057479053312
1310306087808249856
1310306102307942404
1310306107303362561
1310306107630530560
1310306117021564930
1310306123434598401
1310306136227274752
1310306136759971840
1310306138685141001
1310306139054063619
1310306140966748162
1310306164215873536
1310306166766022656
1310306172382187520
1310306183891357696
1310306183325024256
1310306186936360960
1310306190811955203
1310306205353611264
1310306222877278208
1310306225473679365
1310306229177266177
1310306234160087046
1310306234734653441
1310306267613851649
1310306268829999104
1310306272336654338
1310306272533712896
1310306279894777856
1310306281215782912
1310306288858009604
1310306292653842437
1310306299796762625
1310306320235536385
1310306322416578560
1310306332663193600
1310306349025300486
1310306349310513153
1310306350778507268
1310306358722351104
1310306376435068930
1310306385989689349
1310306389789609984
1310306392146927622
1310306392566358019
1310306405094748161
1310306406118109186
1310306426657570818
1310306431904645120
1310306452184145926
1310306459629105154
1310306469976461314
1310306482077028353
1310306499231703041
1310306507393728516
1310306515388116992
1310306515887239169
1310306523629981701
1310306530160291840
1310306530160451589
1310306539845025792
1310306542424596486
1310306546514100224
1310306547352899587
1310306564348223488
1310306575668649985
1310306595549700102
1310306601765609472
1310306604747612160
1310306605951451136
1310306611521400832
1310306613241225223
1310306616428949511
1310306638717497344
1310306651547803649
1310306661198966784
1310306673286938626
1310306676210360325
1310306682497626112
1310306682736705536
1310306699417452546
1310306710272249856
1310306719151644672
1310306727670231043
1310306736713207808
1310306741905698816
1310306752420872193
1310306764852785153
1310306773740457984
1310306774378057731
1310306779075547137
1310306789272027137
1310306826974527488
1310306833341575170
1310306836244033537
1310306845601550336
1310306856225640455
1310306864408584192
1310306868300902400
1310306884289794050
1310306890602237959
1310306892829388801
1310306895882846209
1310306900450344961
1310306903021572102
1310306918423040001
1310306927713423363
1310306928862597122
1310306945765695493
1310306964421844993
1310306965168574464
1310307010752196610
1310307010936791041
1310307018775891970
1310307027411857409
1310307034655584257
1310307034798096385
1310307071779385345
1310307076309164032
1310307077366087682
1310307082126663680
1310307090200657920
1310307094168588288
1310307096181833729
1310307115450413061
1310307126858973184
1310307147541098501
1310307151240466434
1310307152582578176
1310307156252557314
1310307156646858754
1310307157699682305
1310307167333949442
1310307167967342592
1310307169980608512
1310307179048718341
1310307186569080833
1310307187135328256
1310307192713539586
1310307200565424129
1310307202356383744
1310307218500313089
1310307223499927553
1310307226100420609
1310307235369750528
1310307239643750401
1310307252356689921
1310307255632494598
1310307265300160513
1310307280563339264
1310307288154955776
1310307296963039232
1310307303632113664
1310307335349440513
1310307338939707392
1310307352453820421
1310307363300290561
1310307368895475714
1310307375497306123
1310307382719729664
1310307391339196417
1310307403292909568
1310307404156985347
1310307408284008449
1310307409123045383
1310307419248119815
1310307419969421312
1310307425954795523
1310307429675081728
1310307434184028160
1310307461488734209
1310307476324208640
1310307491180212226
1310307491834671106
1310307496037359622
1310307509941477384
1310307521303687168
1310307539205140480
1310307541226868737
1310307542170562562
1310307549170851841
1310307565901942790
1310307575691436033
1310307578568609792
1310307579990507520
1310307589817856001
1310307591915016192
1310307595668856833
1310307610797711366
1310307623435153408
1310307638043914249
1310307643014217729
1310307644457054211
1310307664124141570
1310307673368416256
1310307675637526530
1310307678435016715
1310307679101956097
1310307698219585541
1310307706247483397
1310307722810798086
1310307726766084096
1310307726853992448
1310307742272434178
1310307753425072129
1310307755819900929
1310307775784730625
1310307784257404928
1310307790628556801
1310307801911234562
1310307808361938944
1310307811050565635
1310307815303634945
1310307823579004928
1310307828192686081
1310307847637471233
1310307859738001412
1310307871897329666
1310307886355099653
1310307887869239298
1310307889609932801
1310307900947083264
1310307916830867459
1310307927039721472
1310307949080969221
1310307964587331584
1310307965296160774
1310307965568720904
1310307971943919616
1310307979934269440
1310307982706606080
1310307988985597953
1310307993897103360
1310307998552797193
1310308026000330754
1310308033176702983
1310308036045664259
1310308039623356416
1310308058715754497
1310308063002472450
1310308095994855424
1310308110490308610
1310308120892243970
1310308125283553280
1310308139967877121
1310308146636677121
1310308150504034306
1310308167809732611
1310308169718136834
1310308174759632899
1310308180212109312
1310308191910100995
1310308195013922817
