1300689843224301568
1300689848559456256
1300689851151417344
1300689856255979520
1300689873830117378
1300689899784413189
1300689900925321219
1300689907019468800
1300689920772567041
1300689923729571840
1300689924182638592
1300689928687366144
1300689933770715136
1300689936836771841
1300689937319116802
1300689939408064522
1300689954830454784
1300689960509624324
1300689966092046337
1300689971737776128
1300689986346508290
1300690006160240641
1300690012376371201
1300690012682571776
1300690043002957824
1300690052956196865
1300690053581086721
1300690071666872324
1300690073546088448
1300690078277144582
1300690112607477760
1300690116650897408
1300690120375320578
1300690123521224705
1300690146199769089
1300690156567973888
1300690177690677255
1300690179779375106
1300690182073733120
1300690183474614272
1300690184472801280
1300690186112827392
1300690195822473216
1300690200587169792
1300690212817793024
1300690216383062017
1300690227925843969
1300690234255069189
1300690263569039361
1300690272171458560
1300690296443985920
1300690314680770560
1300690347526324227
1300690353964556298
1300690355231371265
1300690360470056960
1300690380455702530
1300690393567117315
1300690411204358144
1300690416677851137
1300690427541028864
1300690432259653632
1300690448248438784
1300690476119588865
1300690477553840128
1300690484294283265
1300690497036587010
1300690498764648453
1300690517408112640
1300690524475715584
1300690529248706560
1300690550719262720
1300690564355158016
1300690564715749377
1300690617882664960
1300690620286201857
1300690640724844544
1300690644118233088
1300690647989530624
1300690650250260487
1300690651735097345
1300690660446605317
1300690687978020864
1300690695166910464
1300690712820883458
1300690714557321216
1300690720395874306
1300690724585959429
1300690736359313409
1300690768458215424
1300690769339064321
1300690771167735808
1300690774074576897
1300690786351276032
1300690811210862592
1300690821889642497
1300690821952331777
1300690827375714305
1300690839497109504
1300690874196611072
1300690879674548226
1300690883398889472
1300690903703515136
1300690904664035328
1300690911085682689
1300690913845489664
1300690916383088640
1300690941720764416
1300690950382067718
1300690952026116097
1300690954949599232
1300690963472371712
1300690963929669633
1300690974235127808
1300690998952177664
1300691001217032193
1300691001183318022
1300691004077625344
1300691006648508416
1300691010503225346
1300691015083450373
1300691026047307777
1300691029549613057
1300691031478992897
1300691033358041089
1300691046284906496
1300691055340400641
1300691056153878529
1300691073669439488
1300691077612015616
1300691078522298368
1300691083693760515
1300691092392742912
1300691100785541121
1300691131982782464
1300691137850732546
1300691152002101248
1300691160902500355
1300691165616898048
1300691168418652161
1300691168775172096
1300691186051698693
1300691202786820097
1300691229919895552
1300691240027971584
1300691270994554881
1300691272630448129
1300691277168676865
1300691282050707456
1300691287935463426
1300691291651674117
1300691319824609282
1300691323595485185
1300691331946348549
1300691332772638726
1300691334789988352
1300691341932818433
1300691364527706118
1300691373759361024
1300691402175598592
1300691404948148224
1300691415350104064
1300691431443529729
1300691463496495104
1300691465635393536
1300691471062966274
1300691476997795840
1300691478394658817
1300691481125158913
1300691481649348608
1300691485009076226
1300691495536787456
1300691507503140864
1300691514604032000
1300691514654253061
1300691548909305856
1300691550490353669
1300691586544672769
1300691590516797441
1300691592597078016
1300691608833273858
1300691630891073537
1300691632698740736
1300691633847988224
1300691638147137536
1300691642547142658
1300691645134901249
1300691650809798657
1300691655771566081
1300691658816720898
1300691665720549377
1300691683990962178
1300691693860052992
1300691714714206208
1300691716543074304
1300691743780806656
1300691754375675905
1300691765121282048
1300691769600819200
1300691776781647873
1300691780946591744
1300691784201392128
1300691790731698176
1300691826161061888
1300691829491412993
1300691832662233088
1300691834805448704
1300691848290160641
1300691868628344837
1300691873103740933
1300691876622807044
1300691880703913986
1300691894243078144
1300691897455964161
1300691903743168512
1300691909162217472
1300691912924565504
1300691917596839936
1300691918070910976
1300691918234546184
1300691922839728128
1300691928590299137
1300691933950435328
1300691935594643457
1300691945526759424
1300691947007488001
1300691949813288960
1300691950505472003
1300691953256984576
1300691966603096065
1300691969556049920
1300691981413347329
1300691981979406337
1300691989583638528
1300691991416668161
1300692008856481797
1300692009838161921
1300692019954683906
1300692051931967491
1300692055769972741
1300692056038203397
1300692072886800384
1300692084249309184
1300692101135384577
1300692132643196929
1300692158387691520
1300692169116782594
1300692181041246210
1300692185591853057
1300692193452199936
1300692211886166016
1300692215698731008
1300692215816024064
1300692234644455424
1300692236577906688
1300692236728967168
1300692237592993794
1300692239337873408
1300692246249922560
1300692254898569216
1300692281700364288
1300692304618020865
1300692305897304065
1300692346800164866
1300692365284343810
1300692371542290432
1300692376885682177
1300692379100299269
1300692385966575616
1300692390047444992
1300692391951769600
1300692397689536514
1300692409060339712
1300692416333307904
1300692428232499202
1300692443633942528
1300692447056588800
1300692450651013120
1300692479142846464
1300692480711630848
1300692487732826113
1300692502677053441
1300692516522557440
1300692520398139393
1300692531915620353
1300692532313993217
1300692548978053121
1300692553314967552
1300692574072528906
1300692590711443457
1300692606238646272
1300692609698914304
1300692614472019969
1300692616292364288
1300692648601235456
1300692651273003008
1300692663876743170
1300692675834773504
1300692681824391169
1300692692435906560
1300692697531863040
1300692717396082688
1300692732004925440
1300692732177002496
1300692737029746688
1300692742620635138
1300692746840215552
1300692749981810689
1300692754368921600
1300692754851389440
1300692762333863936
1300692780822310912
1300692807351443457
1300692811805798400
1300692816448884736
1300692822639570949
1300692825961631745
1300692829631639552
1300692843950989312
1300692855640354817
1300692866960961541
1300692874863013889
1300692881263529985
1300692889836675072
1300692893561020416
1300692905041039360
1300692926863794176
1300692928747245568
1300692945625059328
1300692972917469184
1300692973412376576
1300692974242676738
1300692985156440067
1300692998229880832
1300693002441162757
1300693005565915136
1300693008745103361
1300693015187529728
1300693023483817984
1300693038868639749
1300693039808212996
1300693052705533952
1300693081633636354
1300693089347145728
1300693111799193601
1300693118145032192
1300693157185691648
1300693163804221440
1300693164785897472
1300693174172749824
1300693175930159110
1300693186436829184
1300693226098061312
1300693233488416773
1300693249942859777
1300693251008077824
1300693252694310914
1300693252845318145
1300693259723788288
1300693260671868928
1300693268544581632
1300693289293746177
1300693292456095746
1300693330607648768
1300693338169901056
1300693352069775361
1300693354280374280
1300693359653199873
1300693374702321664
1300693379177738241
1300693417530396672
1300693423226265600
1300693432671838208
1300693443497189376
1300693444617277440
1300693453093744645
1300693468541411328
1300693477097959424
1300693486153285633
1300693492876767232
1300693496286908417
1300693497289338881
1300693500783099904
1300693502020345857
1300693506432794624
1300693510467858433
1300693514871738368
1300693519284285440
1300693523965136897
1300693528499097600
1300693535902052352
1300693555699220487
1300693563756273664
1300693572942004224
1300693607452684288
1300693619490336769
1300693631318319105
1300693636057894913
1300693640529010689
1300693641539715072
1300693647550103552
1300693651190808576
1300693653229318145
1300693688205615105
1300693714327699458
1300693721441329152
1300693745604591616
1300693745717989376
1300693768098766848
1300693788755718144
1300693790550683648
1300693802932269056
1300693807181246471
1300693825040478208
1300693837690667010
1300693863024164866
1300693868162113538
1300693870334955520
1300693877645426688
1300693883051859968
1300693902480027648
1300693911875117056
1300693926890803200
1300693934033821703
1300693956943114240
1300693986730967041
1300693997460115456
1300694009514545153
1300694017395404801
1300694025276592130
1300694028531331072
1300694037071101952
1300694044872384513
1300694069694197761
1300694109502406657
1300694113344319488
1300694128167014400
1300694128783626240
1300694131274969088
1300694133187567616
1300694136199286785
1300694151386796032
1300694183590518784
1300694200715939841
1300694210815897601
1300694220668383232
1300694231728762880
1300694237239967744
1300694239198810112
1300694241048514560
1300694272983744512
1300694306412396545
1300694316390780928
1300694316789030912
1300694317116211200
1300694319570079744
1300694340222816257
1300694347361460224
1300694352704892928
1300694361487835141
1300694366739144705
1300694370304372736
1300694423798390784
1300694441716412416
1300694443108909062
1300694443104727041
1300694443268374528
1300694454635048960
1300694463820382209
1300694470426537984
1300694481730240513
1300694492182347777
1300694503460950017
1300694508091441159
1300694513812410373
1300694539104002049
1300694541062647808
1300694550902697984
1300694570414546944
1300694571152625665
1300694577112702976
1300694587019653120
1300694604208103424
1300694605797699584
1300694630367809536
1300694652811530243
1300694656305381376
1300694656460754944
1300694667747524608
1300694674932477952
1300694693148270592
1300694693051805696
1300694700563877888
1300694735003287554
1300694757090369536
1300694757711245314
1300694762975096832
1300694768331223041
1300694772743507968
1300694793194844160
1300694805329055746
1300694807233400833
1300694810236461056
1300694819950395393
1300694841169334272
1300694856818257920
1300694857216712704
1300694873746501632
1300694879278899200
1300694884261666818
1300694890037141505
1300694902892879873
1300694915832320000
1300694929715257345
1300694930180972544
1300694948799545344
1300694951257407488
1300694962858651650
1300694964544905216
1300694994613723137
1300694995041685505
1300694998539792385
1300694998946586629
1300695003400863744
1300695009407180800
1300695010308882432
1300695019200815104
1300695025458839552
1300695048137441281
1300695048338644992
1300695060086833154
1300695060569378817
1300695069402361856
1300695072627994624
1300695088654245889
1300695091334410240
1300695097835696128
1300695137379516418
1300695146703405056
1300695148549070849
1300695162268442624
1300695164961259521
1300695173496791041
1300695209685078016
1300695211002089479
1300695215158767616
1300695220359577600
1300695240039370752
1300695250655162369
1300695250768338946
1300695259626631168
1300695267788890115
1300695274654822400
1300695282993319936
1300695291578834946
1300695300982493185
1300695307177594882
1300695315738030080
1300695350446096384
1300695359509991425
1300695360315289600
1300695374038999041
1300695384801660930
1300695389880942592
1300695390304587776
1300695421250084865
1300695423699484672
1300695448588492801
1300695449234337792
1300695450228580352
1300695465030160384
1300695472835825664
1300695473632751616
1300695480016363520
1300695494725787649
1300695500816089088
1300695511540924416
1300695515206750208
1300695515315798024
1300695516586455041
1300695520298573824
1300695545271455744
1300695548102471681
1300695563478810624
1300695568100913152
1300695580415463424
1300695587516448768
1300695589542215680
1300695601819025408
1300695609301708802
1300695657330561024
1300695661407428609
1300695671842975745
1300695683402551296
1300695701760995331
1300695710275260416
1300695714402578432
1300695726993731586
1300695728868655104
1300695749244583936
1300695750112735233
1300695752029679616
1300695758312738816
1300695771071655941
1300695772837548032
1300695776037867520
1300695781230260226
1300695820161998849
1300695824775536644
1300695830999965696
1300695840521027585
1300695846426730498
1300695858346745856
1300695883772841984
1300695884590538754
1300695885798662145
1300695890789888003
1300695893910474754
1300695924075880450
1300695925036285952
1300695939615686657
1300695948318986240
1300695954329415680
1300695956091002881
1300695960591437824
1300695969026183168
1300695974487232513
1300696032687267840
1300696048785002496
1300696072768102400
1300696085849976832
1300696094997803008
1300696108432326658
1300696128304959490
1300696138253705216
1300696147007279104
1300696150400471040
1300696157086244864
1300696161091633152
1300696171254550528
1300696174798622721
1300696185338912768
1300696190246289409
1300696203236122625
1300696209703673856
1300696214040707073
1300696218750812160
1300696253869694976
1300696274706919426
1300696275122294784
1300696276217008128
1300696330357022720
1300696345532157953
1300696349571084290
1300696372556050433
1300696390289575937
1300696402276818944
1300696416830980096
1300696420501028865
1300696421432209409
1300696426213646336
1300696427048448000
1300696427526533120
1300696447298547713
1300696454508544006
1300696458723831808
1300696489644224514
1300696494153052160
1300696509097205760
1300696517595090944
1300696517498429440
1300696531994062855
1300696546237964288
1300696546317656066
1300696554240708609
1300696560561389569
1300696567200899072
1300696567750557696
1300696582443106307
1300696587346350080
1300696638420398080
1300696638915145728
1300696645374341120
1300696661291757568
1300696664408166401
1300696668740833281
1300696676534022144
1300696685077725185
1300696691285295104
1300696693365637120
1300696694611480577
1300696697895489536
1300696708456816641
1300696728320929792
1300696748961140737
1300696757211475968
1300696759962931200
1300696767000989706
1300696775565733888
1300696787557244928
1300696790346264576
1300696797950558209
1300696806037299200
1300696846915055616
1300696846998876161
1300696852665434115
1300696853462183937
1300696871858573313
1300696879265587200
1300696884470837253
1300696894969085952
1300696895321337857
1300696906939551744
1300696921837723648
1300696946051559425
1300696948983443459
1300696962052902913
1300696965597065217
1300696967148961792
1300696969736646667
1300697003974897665
1300697008592678915
1300697012329881600
1300697014150275072
1300697022186414080
1300697022463385600
1300697027223969797
1300697030344372224
1300697035352530944
1300697043573276672
1300697061927641088
1300697076494249984
1300697078423715845
1300697110531026944
1300697110992412673
1300697132710555648
1300697141682167809
1300697147243855872
1300697148460355584
1300697152512032769
1300697159898193921
1300697181775638534
1300697194073186304
1300697194266157056
1300697209525211138
1300697214516441088
1300697216529477632
1300697216797913088
1300697226642100224
1300697245575241728
1300697270174834690
1300697277548302341
1300697283365724160
1300697292924768256
1300697300767965184
1300697301204131840
1300697318870581248
1300697323874537474
1300697327792001024
1300697328970592256
1300697347765268480
1300697351078764546
1300697375699120132
1300697385920638976
1300697386256302085
1300697387518685184
1300697391356674048
1300697401808871426
1300697413074599937
1300697426932756480
1300697438534078465
1300697443659636736
1300697447623266304
1300697449107984384
1300697452589219840
1300697453067288577
1300697465562173440
1300697468452118529
1300697478610771970
1300697494167465985
1300697512802574336
1300697516367904768
1300697524878094336
1300697533686124546
1300697542045454336
1300697548001247232
1300697548148047874
1300697550387687424
1300697553621512193
1300697555345371136
1300697559003009029
1300697582646292480
1300697599394099202
1300697602552295424
1300697603437260800
1300697606570475522
1300697607841382401
1300697609795850240
1300697612937498625
1300697614178906113
1300697626137047040
1300697628225699845
1300697629047676929
1300697629752463361
1300697646261125121
1300697646936535040
1300697659137687555
1300697669401227264
1300697684345528320
1300697724937998336
1300697748711247873
1300697750099693568
1300697754210045952
1300697758177918977
1300697775600857090
1300697780202004480
1300697781779050496
1300697790553698304
1300697790830571523
1300697813295210496
1300697833889202181
1300697843754086400
1300697852352573440
1300697864738308101
1300697873189924865
1300697875098357760
1300697883105259520
1300697883344240640
1300697921592135680
1300697922489778176
1300697925111119873
1300697925266235392
1300697942475513857
1300697964483088385
1300697968115212288
1300697971424546816
1300697973559615488
1300697973903560709
1300697973957984256
1300697975715438593
1300697980073160711
1300697995726512128
1300698007956910081
1300698010872098816
1300698011471732736
1300698011840856064
1300698014072283137
1300698022834298885
1300698037115707393
1300698047735791617
1300698059979001857
1300698077938974721
1300698095173369856
1300698112009281538
1300698114697826304
1300698117344563200
1300698133110894593
1300698165608361986
1300698167957024768
1300698167982260226
1300698170834460673
1300698173569204225
1300698176098271232
1300698176349822976
1300698183035568128
1300698187032911873
1300698190275055617
1300698192787505153
1300698196461662210
1300698209006780416
1300698212848680961
1300698228241977345
1300698232364978176
1300698237628829696
1300698246269014016
1300698253042896902
1300698260298969088
1300698279835959301
1300698287964655616
1300698312300003329
1300698314023882753
1300698324899696640
1300698327789588482
1300698333804220416
1300698335934906370
1300698342910038018
1300698345556652032
1300698348131762178
1300698350585610240
1300698362652495872
1300698376334319616
1300698383925932032
1300698399000289281
1300698404411109378
1300698409662214144
1300698428041818112
1300698429207711744
1300698429782405121
1300698432839888896
1300698432919797760
1300698446689599488
1300698450019913739
1300698450066051073
1300698454486900736
1300698492281786374
1300698498774556673
1300698506676572160
1300698509046427648
1300698513538416640
1300698530059874305
1300698538188382208
1300698556538347520
1300698564578873346
1300698566072004610
1300698568185921536
1300698576067211264
1300698588985479168
1300698605620088834
1300698611169320962
1300698618353967104
1300698621436813312
1300698623462825986
1300698628194004994
1300698639459905536
1300698642081181696
1300698645323378688
1300698673530232833
1300698679750221825
1300698681142775810
1300698698918309888
1300698707302596608
1300698707382300672
1300698708892286977
1300698715892711424
1300698722662195203
1300698728630751235
1300698737228935168
1300698749522653188
1300698761920880640
1300698767201533959
1300698769760153600
1300698792845479938
1300698798453329920
1300698809073315840
1300698811019427840
1300698837040787457
1300698841277018113
1300698852488409089
1300698853495234561
1300698854950678529
1300698860650745856
1300698892087029761
1300698906125238272
1300698914086150146
1300698915046592512
1300698917005266945
1300698921845612544
1300698930099957760
1300698943412555776
1300698955064336384
1300698956507222016
1300698979559038977
1300698981807329280
1300698982453215232
1300698988853768192
1300698990107938816
1300698994755002368
1300699003382833152
1300699003667931137
1300699005148712960
1300699013281439744
1300699024903806977
1300699035993542656
1300699056570761217
1300699057682345984
1300699058999382017
1300699062832857088
1300699063965437953
1300699075176665088
1300699083586195461
1300699096366235648
1300699105098895362
1300699114695401472
1300699119107809282
1300699141304008705
1300699143342641153
1300699159175901186
1300699161042583553
1300699161558482945
1300699164381044741
1300699166331592704
1300699176787947521
1300699185558159360
1300699187856568320
1300699189375053824
1300699192357253120
1300699221843091457
1300699226905681920
1300699230269571073
1300699253220585473
1300699258769870848
1300699269133938691
1300699288490708992
1300699292416565253
1300699304588226561
1300699311865565185
1300699313488539648
1300699318186254336
1300699322087075840
1300699326122000385
1300699330467098625
1300699336381214720
1300699348255285248
1300699354488078336
1300699356006289408
1300699356375314433
1300699356933259264
1300699359361806337
1300699372800311296
1300699376063410176
1300699379653775363
1300699380488441856
1300699380677316608
1300699394292015105
1300699401677991937
1300699412956672006
1300699429041823744
1300699440911507456
1300699444963237895
1300699452357980160
1300699453737676806
1300699459320340483
1300699464911515649
1300699466421411840
1300699471697903616
1300699499497746434
1300699503893282818
1300699506560757761
1300699512940322816
1300699513309605893
1300699529235165184
1300699560843468801
1300699567092981761
1300699569408352256
1300699576265916416
1300699595643654144
1300699600089567232
1300699600261586944
1300699603650711553
1300699605357801474
1300699605827571717
1300699611741458432
1300699624827760642
1300699625649664000
1300699631861608448
1300699646403244032
1300699648227553281
1300699652216496128
1300699652711350273
1300699652816121856
1300699653944389632
1300699659132743680
1300699672680357888
1300699676254048256
1300699691169050630
1300699691798204416
1300699704402022401
1300699707103162368
1300699711284813825
1300699712241250304
1300699719216185346
1300699721187635200
1300699735431557120
1300699739315474433
1300699741253140480
1300699742645567488
1300699747557289985
1300699769984053249
1300699776980340736
1300699790280404992
1300699797821808640
1300699798723493888
1300699801701543936
1300699809867730950
1300699811520352257
1300699849763897344
1300699852028796930
1300699858026799104
1300699859507449856
1300699860644102144
1300699881066110976
1300699886883672065
1300699891316879362
1300699908547067904
1300699923919273986
1300699927106912256
1300699971625390080
1300699988842872833
1300699998384922626
1300700011060109312
1300700015762046976
1300700015988338688
1300700027430547456
1300700089539649536
1300700095206178816
1300700105226551296
1300700107688390657
1300700112973430785
1300700120653144065
1300700127586324480
1300700130530799617
1300700134066585601
1300700136448770049
1300700136633376769
1300700138260893701
1300700146578096130
1300700173232992256
1300700181831151617
1300700195345367040
1300700195471020032
1300700199648661511
1300700220251045892
1300700220355903489
1300700232464834561
1300700253742489601
1300700269324328960
1300700270524084224
1300700282213601281
1300700284495167489
1300700293668184064
1300700299116580865
1300700303919112193
1300700306297233408
1300700307467440128
1300700325100138497
1300700328212402176
1300700343991513088
1300700346264817664
1300700351000006657
1300700405194584069
1300700409997283328
1300700413465853953
1300700432029769730
1300700441337106432
1300700450296037377
1300700492691988480
1300700516155109376
1300700519032221698
1300700529098731521
1300700544655388673
1300700547725623298
1300700569989001216
1300700589362491392
1300700590889082883
1300700592159903744
1300700607553179648
1300700609256075264
1300700616642031617
1300700618164703233
1300700633020989442
1300700635256545280
1300700643859083264
1300700677514166274
1300700678961078273
1300700682400477185
1300700690243883008
1300700694165377025
1300700727673851905
1300700732765532160
1300700754492174336
1300700761207250944
1300700761718951937
1300700777997103105
1300700789585838080
1300700792014270469
1300700798414991360
1300700812809773058
1300700813879177216
1300700821248552961
1300700828907507712
1300700829163360256
1300700833731010560
1300700859852972034
1300700860733894656
1300700864663887872
1300700881965457413
1300700910314610692
1300700916992147456
1300700925493944321
1300700962001227776
1300700983727738881
1300700983442337792
1300700988597182464
1300700995186495488
1300700997468250112
1300701004506132481
1300701021249757184
1300701022336118784
1300701025376976897
1300701034675875841
1300701034663350273
1300701062215561216
1300701063570321408
1300701075197104130
1300701088253841408
1300701090497916929
1300701133829296128
1300701139696930816
1300701142909820928
1300701145552187399
1300701151394803712
1300701159313698817
1300701179912085504
1300701181916975104
1300701183758102529
1300701197666594821
1300701201969737728
1300701204981268481
1300701209687404551
1300701210501152768
1300701214045286400
1300701222333083648
1300701249331802112
1300701259695927297
1300701272492765184
1300701273449062401
1300701294588555264
1300701310912802817
1300701318978220032
1300701320840507392
1300701322673614848
1300701324346970112
1300701326196826113
1300701326930837509
1300701329308954626
1300701347281473539
1300701348942446592
1300701365409255426
1300701368752062465
1300701379057446914
1300701379154128896
1300701397772500992
1300701409604583427
1300701410699497472
1300701420707024896
1300701446569033729
1300701479234408449
1300701484829609985
1300701489837608961
1300701500247769090
1300701512121737216
1300701520170823680
1300701532254474241
1300701553326784512
1300701558565343233
1300701566849093632
1300701574742839298
1300701582313639936
1300701603696181248
1300701610583011329
1300701615964344320
1300701618669846530
1300701634528501760
1300701640400437249
1300701671216091136
1300701684658778114
1300701686474960899
1300701693257175040
1300701697514369024
1300701727642005506
1300701734860398593
1300701741378306048
1300701764677758976
1300701766162567172
1300701779638722561
1300701780813197313
1300701784852385793
1300701785141768192
1300701795954630656
1300701797724553216
1300701810898776065
1300701815755816967
1300701843253866496
1300701856100802561
1300701860815343623
1300701898249515010
1300701901755834373
1300701919460159490
1300701951793848321
1300701957368229888
1300701969443479552
1300701975680434177
1300701976301191168
1300701984895492096
1300701992227139584
1300702000821174273
1300702003664834560
1300702007527788544
1300702017459945475
1300702026473574400
1300702038712614913
1300702040801206273
1300702042986614784
1300702049428881409
1300702056173498368
1300702070656438273
1300702072996802560
1300702077602222080
1300702089400791040
1300702099341221888
1300702113023094786
1300702119650091009
1300702122351050752
1300702135189823488
1300702150176145409
1300702168597573632
1300702182593847296
1300702193402535942
1300702206509772800
1300702208258961409
1300702226004889600
1300702231587508226
1300702232271155200
1300702235354112001
1300702250353020933
1300702253699932160
1300702274474266624
1300702287179001856
1300702290441953281
1300702297471832064
1300702306615332864
1300702310776020993
1300702317960818688
1300702331143516160
1300702348709298176
1300702368254881792
1300702383626792962
1300702386735009796
1300702392476860418
1300702411263283201
1300702413171556353
1300702416376127489
1300702419907735552
1300702428438773760
1300702442011742209
1300702450777829380
1300702468498583552
1300702499507068929
1300702509715959808
1300702511096123392
1300702514585636869
1300702524781944833
1300702532851789824
1300702541496438784
1300702546072342528
1300702550916763648
1300702563680096258
1300702566821421056
1300702566997610496
1300702567362592768
1300702568994271232
1300702573188521985
1300702575994368002
1300702580352393217
1300702591739809792
1300702591924473858
1300702602410295296
1300702603492298752
1300702607216967681
1300702608189992961
1300702624866476032
1300702629589258241
1300702632705699842
1300702645481402368
1300702645879889920
1300702646144122880
1300702653509496832
1300702664271908868
1300702666671239168
1300702666742476801
1300702669195980806
1300702684350160896
1300702684463259654
1300702691459440640
1300702697797169152
1300702710593761282
1300702710904258560
1300702717602607105
1300702721343803394
1300702722333855744
1300702729438810114
1300702731955388422
1300702735910801408
1300702744244817920
1300702747071623170
1300702747373629442
1300702758681575425
1300702763446398981
1300702765648359429
1300702783117520896
1300702790457548800
1300702797055188992
1300702797675900928
1300702807318646786
1300702817380790273
1300702819549405184
1300702827220795392
1300702836913823744
1300702845252050945
1300702845902020609
1300702847110189058
1300702857470107649
1300702874117091328
1300702874113114113
1300702888918790144
1300702908095385601
1300702910741970946
1300702914978037762
1300702916752400384
1300702931897872384
1300702933617709056
1300702959366361088
1300702969323646977
1300702993046810624
1300703002664341506
1300703004098666496
1300703031013658624
1300703032041238528
1300703032926232576
1300703034834587648
1300703036751446017
1300703040144539649
1300703044103933952
1300703049619447808
1300703053604098048
1300703061078429696
1300703075137728512
1300703078534922240
1300703079088689153
1300703091981918209
1300703100781703168
1300703104699072514
1300703105068212225
1300703110357299200
1300703115117842433
1300703119722987520
1300703138458923008
1300703156704178177
1300703162051985408
1300703170314731520
1300703186555031552
1300703190665637889
1300703195413581824
1300703205492314112
1300703216024170497
1300703219933470721
1300703224614268928
1300703235984863234
1300703241404059649
1300703256910364672
1300703260832133120
1300703280633270274
1300703297792172032
1300703298467618816
1300703300220747777
1300703310228402177
1300703320059904000
1300703342377590784
1300703371100389381
1300703375500156928
1300703376301264896
1300703397247672320
1300703399889924096
1300703403706908672
1300703407985037312
1300703452398407680
1300703479166578689
1300703494102544384
1300703524150341632
1300703527258316800
1300703530760769538
1300703534183260161
1300703534707400709
1300703541271629827
1300703542802489344
1300703570568851456
1300703597760573441
1300703603846512640
1300703608749531136
1300703611010215936
1300703617452777472
1300703627363774464
1300703641884602368
1300703651544129536
1300703656870907904
1300703661220339712
1300703669814345730
1300703675615260675
1300703683336794112
1300703685371138048
1300703686377664512
1300703689972371461
1300703696389505024
1300703708733472769
1300703711228956672
1300703724470497286
1300703728878653443
1300703752937234432
1300703755818721280
1300703766010826757
1300703781324075013
1300703784180609024
1300703785518395393
1300703791982014464
1300703800865456128
1300703803998531584
1300703806976598016
1300703830087217153
1300703840648466433
1300703856943345665
1300703885888118785
1300703887368749057
1300703923070595072
1300703934852472832
1300703939072004096
1300703940334555137
1300703943849373697
1300703944784535553
1300703965076582401
1300703966691434497
1300703969036120064
1300703979270270981
1300703980687970305
1300703982999023616
1300703983644930050
1300703995179069440
1300704000367448064
1300704016603557891
1300704040016371715
1300704040637128709
1300704042394451968
1300704056034365440
1300704057284276224
1300704068583579648
1300704091853803522
1300704101886550017
1300704108131880961
1300704112401502208
1300704120693649410
1300704127308230656
1300704133515624453
1300704158266404864
1300704209776435203
1300704210539999232
1300704213622829056
1300704215640289282
1300704226918752256
1300704228265132033
1300704229212864512
1300704239484907521
1300704256643796992
1300704256631152642
1300704262134157314
1300704262775660544
1300704265481183232
1300704268802957313
1300704274272452608
1300704284808364033
1300704294899863552
1300704301313122304
1300704303242293250
1300704306627112960
1300704335064715264
1300704338415767552
1300704342245138432
1300704347131584512
1300704346670325760
1300704348494876672
1300704358074474496
1300704376311422981
1300704402278211584
1300704417558261760
1300704432695513090
1300704442145271810
1300704455873224705
1300704473925337088
1300704475804512256
1300704503289843715
1300704510352916481
1300704516732583936
1300704527000039424
1300704549100032000
1300704552392388610
1300704571086442497
1300704591709962240
1300704592561397760
1300704599381127169
1300704599356002305
1300704613142728704
1300704617030995968
1300704627923415040
1300704632143052800
1300704634491867136
1300704659414421504
1300704664514523136
1300704667643662336
1300704679769247751
1300704688917020673
1300704694403244032
1300704701722308609
1300704704104669186
1300704704079507458
1300704726527295489
1300704751407906817
1300704755044569088
1300704770504757256
1300704780290084864
1300704789739663360
1300704790318522368
1300704794458255360
1300704807255265280
1300704819666132994
1300704835008974848
1300704837286244352
1300704864947720192
1300704867376345089
1300704871491014658
1300704871591497728
1300704875303579648
1300704880953364480
1300704887995428865
1300704888893001730
1300704904575504384
1300704905099980800
1300704908040196096
1300704912016158723
1300704912419020801
1300704913815728129
1300704915191455744
1300704925018722306
