1308617067176906752
1308617076840505344
1308617082637086722
1308617089465409536
1308617104896204801
1308617104913043456
1308617113633017856
1308617114522136576
1308617121853665280
1308617124794052609
1308617132377210880
1308617133157474304
1308617144347705347
1308617146075807747
1308617161687150593
1308617171862515712
1308617181798846464
1308617184088928257
1308617187603763201
1308617187779846146
1308617191592525824
1308617194234761216
1308617199209373699
1308617203382587392
1308617224916103170
1308617225058779138
1308617233388761095
1308617245090877440
1308617271418515458
1308617272773074944
1308617298056544256
1308617334207270912
1308617368185327617
1308617373197447168
1308617416805511168
1308617432270073856
1308617436258762752
1308617439345889282
1308617439773708288
1308617439886876672
1308617441618980864
1308617464989782016
1308617470433988609
1308617479523098624
1308617492307247105
1308617503489380352
1308617508849627139
1308617509298470915
1308617528734867457
1308617548242366464
1308617548385091586
1308617555523772416
1308617579431297029
1308617586024751104
1308617589854142465
1308617613942104069
1308617616727003141
1308617626138980352
1308617626520899584
1308617643155390465
1308617649589563393
1308617659458686976
1308617676848324609
1308617681013145600
1308617684209274881
1308617689800343558
1308617695731109888
1308617706128646145
1308617729801433088
1308617734280937473
1308617752756678656
1308617759492775937
1308617760537079808
1308617802010505218
1308617815524429824
1308617818083074049
1308617853998899208
1308617897955090432
1308617923494326273
1308617924341649410
1308617927784976385
1308617935854776320
1308617942033203200
1308617949985595392
1308617956100845568
1308617966502572034
1308617975285465088
1308617988996816896
1308617993149132801
1308618028213436416
1308618029257945091
1308618042243506176
1308618048174084096
1308618065555476480
1308618084312330243
1308618097184649217
1308618097591541760
1308618099634044933
1308618114855309312
1308618117988388864
1308618118437179392
1308618126490206210
1308618128226615297
1308618131171094529
1308618141400883201
1308618154390597632
1308618167338622976
1308618177551773697
1308618179795714058
1308618182693990401
1308618188742037504
1308618189291565056
1308618192382812161
1308618217573756928
1308618226054639621
1308618236045344768
1308618241611190272
1308618243968389120
1308618261278281728
1308618286406537216
1308618303800307717
1308618320405561344
1308618324750692353
1308618326218805249
1308618333864955906
1308618338910699520
1308618341867814914
1308618344334086144
1308618344833056769
1308618350076063744
1308618358812704768
1308618376558723074
1308618406879469570
1308618420540366851
1308618424692736006
1308618430128377856
1308618440303763458
1308618440463339520
1308618462923816961
1308618507622510593
1308618508478148608
1308618514329030657
1308618529105563650
1308618535351070721
1308618545228587008
1308618579403665410
1308618591932002304
1308618594419441665
1308618595405123590
1308618605546762241
1308618605886570497
1308618610731102208
1308618615357235203
1308618616577961984
1308618617118953477
1308618622839918593
1308618631505379328
1308618631635513344
1308618637243297793
1308618639948488704
1308618641672302592
1308618641986985984
1308618656218099714
1308618682764079112
1308618684244652038
1308618687235022849
1308618698425610240
1308618701332250624
1308618704620457984
1308618719556513793
1308618733900922880
1308618742935334914
1308618747222130688
1308618754276888577
1308618767014883328
1308618775835467776
1308618781263101952
1308618782839988229
1308618784781918213
1308618801634664448
1308618819582275586
1308618835436634112
1308618839664422912
1308618843665858561
1308618850510962688
1308618872010940418
1308618876230316033
1308618883348262912
1308618894828097536
1308618918555250690
1308618924968222720
1308618965128601607
1308618966848299008
1308618976285601792
1308618981310373888
1308618983126364162
1308618984405831681
1308618988641902592
1308618996305068032
1308618997093392384
1308618997047279618
1308619007486955523
1308619014382514176
1308619019252101120
1308619037312679936
1308619040118759424
1308619047416848386
1308619048113123328
1308619055771811840
1308619056312967169
1308619066588839936
1308619081671639042
1308619109928763392
1308619123564277761
1308619128198934528
1308619134243164160
1308619136260550656
1308619146905767937
1308619148310851584
1308619154858086401
1308619160893698048
1308619167159914496
1308619172478423041
1308619174625685505
1308619175665872896
1308619178148917248
1308619186487218176
1308619195819597824
1308619196033449984
1308619199774961664
1308619204304617472
1308619215805452288
1308619219098009600
1308619219022548992
1308619222709403648
1308619226744328192
1308619227058765824
1308619238299508736
1308619239662780417
1308619249041117184
1308619258998353920
1308619269265973248
1308619269731688449
1308619283283542016
1308619283262402560
1308619285783220224
1308619292255170566
1308619302862348289
1308619313767616512
1308619324186333184
1308619326107328512
1308619337771741186
1308619344381796353
1308619353148076036
1308619359653429248
1308619365668061187
1308619373112782848
1308619393295736832
1308619403475517440
1308619408256843777
1308619424199512069
1308619442042155008
1308619448530513927
1308619456038473738
1308619475026145281
1308619499952775168
1308619508039507970
1308619509784358913
1308619512057458690
1308619516444774401
1308619527681433600
1308619531263389696
1308619531900858368
1308619552599793664
1308619562242301954
1308619570563825664
1308619579044712454
1308619599735189504
1308619608862187520
1308619614188789761
1308619618286788608
1308619640726147073
1308619644379361280
1308619645943914497
1308619652134662144
1308619653145661441
1308619676986028032
1308619700637753344
1308619705968541699
1308619728253071365
1308619735215427584
1308619753762816001
1308619776231698432
1308619790928363520
1308619798541144064
1308619800432848896
1308619800768180224
1308619805281464321
1308619808762548224
1308619828157128704
1308619846356209665
1308619854618992640
1308619863418527745
1308619900781551616
1308619908209664001
1308619921769861122
1308619929982205952
1308619934205837314
1308619936420360192
1308619937821241344
1308619938341425153
1308619941827010560
1308619948579860480
1308619952795062272
1308619973791633409
1308620004967972865
1308620008675782656
1308620009812496384
1308620015021813761
1308620020394622976
1308620036903497728
1308620047708028929
1308620050941632514
1308620063088480256
1308620063931609093
1308620067849015296
1308620077449777152
1308620080553627648
1308620087855906816
1308620088266940417
1308620101957095424
1308620108340887552
1308620129408696322
1308620131438796801
1308620135721136135
1308620153723199495
1308620159733637121
1308620166851256321
1308620178804989954
1308620180457570305
1308620188149899264
1308620208760909830
1308620214032936962
1308620214691454976
1308620231909220352
1308620249726504961
1308620269775253505
1308620279221047296
1308620282307833856
1308620289375375360
1308620291300642817
1308620298263109633
1308620336519286784
1308620337765126148
1308620342806618113
1308620347936141312
1308620352545841152
1308620365417996291
1308620371608829952
1308620374049878016
1308620376226766848
1308620377128607744
1308620390944522240
1308620397558947842
1308620398377009152
1308620409005199360
1308620411819773952
1308620429565673473
1308620441519620098
1308620441985200128
1308620455251603456
1308620464311459842
1308620481642328065
1308620488080416768
1308620493818298368
1308620504517939212
1308620508095803397
1308620516140281857
1308620524633772033
1308620531344711682
1308620532171055110
1308620536336056326
1308620540706304000
1308620550990950400
1308620558725128192
1308620576567721985
1308620578925015040
1308620585614876672
1308620591042383873
1308620598625665030
1308620603268591616
1308620603629371392
1308620621996326912
1308620627386007552
1308620629797675008
1308620646474080256
1308620649951363074
1308620651540799495
1308620656788070405
1308620663616409600
1308620675804876806
1308620686169124864
1308620689016979458
1308620701771857920
1308620705777549312
1308620707853631488
1308620711368380422
1308620725478199297
1308620726321197057
1308620726392373248
1308620729018183680
1308620743673032704
1308620763809939456
1308620766305382401
1308620777592422400
1308620787633459202
1308620788606685184
1308620801978126336
1308620805140443136
1308620809439674372
1308620811641802753
1308620828448178176
1308620830058975232
1308620835138215944
1308620838506098688
1308620849583456256
1308620875730690056
1308620882223542272
1308620883808845824
1308620886514323456
1308620888833581056
1308620894647070721
1308620896483995649
1308620913118568453
1308620923608739840
1308620926423126016
1308620943623966726
1308620943661596675
1308620952532590597
1308620960220811265
1308620969146228737
1308620997457838081
1308621003954716673
1308621009570983936
1308621012280455169
1308621037496664065
1308621045436420096
1308621049253122048
1308621052751347713
1308621066286239746
1308621090797883392
1308621101422071809
1308621118266200065
1308621120405491712
1308621121810505730
1308621136771518466
1308621147659997184
1308621156040105986
1308621162356772865
1308621166777516033
1308621177242312704
1308621181814108160
1308621185081638912
1308621205201547265
1308621206841688064
1308621218317307904
1308621224373817344
1308621226605117440
1308621232900775937
1308621235706892294
1308621238424809472
1308621241239166976
1308621241402753024
1308621242619113473
1308621243176890369
1308621243759783937
1308621252672749568
1308621266828627969
1308621272331546626
1308621278480232448
1308621283744256000
1308621295005790208
1308621318510632960
1308621319504830464
1308621327478132737
1308621330980323328
1308621338307854336
1308621349414490112
1308621379122745344
1308621382071341056
1308621382394302464
1308621391076511747
1308621399674761217
1308621448047718400
1308621467064598528
1308621474631213056
1308621485808865280
1308621491408375808
1308621506059079680
1308621551252566017
1308621554943655941
1308621559515414528
1308621561428049920
1308621567237279745
1308621568533200897
1308621575961415680
1308621587562803200
1308621608949481477
1308621627568029698
1308621629048549376
1308621638985015296
1308621646924664832
1308621647981801472
1308621651412692992
1308621651832078336
1308621655523065856
1308621660715614208
1308621662774910977
1308621679795597312
1308621680571330560
1308621688683323392
1308621695381635073
1308621706039357441
1308621711831695360
1308621722283696130
1308621741128851457
1308621753187524609
1308621768135852032
1308621784426655744
1308621797886050305
1308621803863117824
1308621813774249985
1308621830337433601
1308621849446830081
1308621851917082624
1308621858648944640
1308621862923104257
1308621864336531456
1308621868153425921
1308621882917183489
1308621882925543429
1308621886729920512
1308621891163226112
1308621894736805888
1308621903666577409
1308621922587082753
1308621923623014401
1308621935115296768
1308621941838876675
1308621945211179008
1308621955663360000
1308621959995904000
1308621962562895872
1308621977125519361
1308621978866200577
1308621991935647745
1308622001045725186
1308622001599324162
1308622010369466368
1308622012449845248
1308622014672973827
1308622016849809408
1308622024248492033
1308622027369132039
1308622049305395200
1308622061770735616
1308622062924247040
1308622095799201792
1308622110990852096
1308622153068224512
1308622174446645250
1308622177026093064
1308622192163409920
1308622196454166528
1308622198710517761
1308622202837725187
1308622216213430277
1308622223750696962
1308622226225131521
1308622229702356992
1308622248081842177
1308622254805266433
1308622307573682177
1308622313751900162
1308622318189543426
1308622327387754496
1308622332026433537
1308622333020643331
1308622338477363200
1308622352494723073
1308622361122336769
1308622376972644353
1308622376813441024
1308622385646637056
1308622388435783681
1308622403044548608
1308622424959836160
1308622434686447617
1308622445364916224
1308622485873721344
1308622491833655296
1308622495751249921
1308622498959781888
1308622500968960000
1308622503644815360
1308622514281738240
1308622515812564993
1308622527904673792
1308622530144620544
1308622540693221376
1308622549576679424
1308622554999947264
1308622576927662081
1308622589250564097
1308622591062683648
1308622596901138432
1308622609655922688
1308622618694647809
1308622624642101248
1308622633387405313
1308622642061209600
1308622642715353089
1308622661182984192
1308622668602761217
1308622672427978752
1308622676118761472
1308622690190794752
1308622733316628481
1308622736839725056
1308622737339023360
1308622738630692864
1308622742321639425
1308622753642078208
1308622770855505920
1308622773477019648
1308622773518991360
1308622777176514562
1308622781299515400
1308622794809397248
1308622805072777217
1308622813075570688
1308622821678108672
1308622828615409665
1308622829949194243
1308622831148830720
1308622851260510208
1308622858516680704
1308622864971694081
1308622881723543554
1308622884705726467
1308622906738368512
1308622916171563012
1308622919786852353
1308622945070141441
1308622977538244608
1308622992696643585
1308622999151501315
1308623013726752768
1308623015165526019
1308623015815655426
1308623025374457856
1308623038800433154
1308623074661552128
1308623087844364294
1308623110006927360
1308623123185569792
1308623129347084288
1308623135927726080
1308623142827425792
1308623143423090688
1308623153782906880
1308623160754003968
1308623162398003201
1308623167225815041
1308623169767395329
1308623185013813248
1308623205813215233
1308623237916618758
1308623241485914113
1308623272045547521
1308623279268261890
1308623308837937152
1308623313078345728
1308623351670341632
1308623355608731649
1308623360692281345
1308623371031252992
1308623380749271040
1308623386873155585
1308623386730311680
1308623403415302144
1308623413536329730
1308623417105510401
1308623419844501504
1308623428241502208
1308623462731255808
1308623466900467718
1308623469001744384
1308623470364852224
1308623498139627520
1308623498722631680
1308623516774825984
1308623526568407042
1308623528019849222
1308623550031360000
1308623552392892416
1308623560953528320
1308623561658040320
1308623573431484416
1308623574672891904
1308623579374780417
1308623581820092416
1308623589151830017
1308623589826990080
1308623593308184582
1308623593719226369
1308623603693281280
1308623618037805056
1308623631359057920
1308623647586869248
1308623653408354304
1308623690746261504
1308623714066497536
1308623730197884931
1308623735138775040
1308623737831469056
1308623743602712576
1308623773331939328
1308623775034998785
1308623782207250433
1308623783482269696
1308623785160040448
1308623785617055744
1308623811886149633
1308623819767263233
1308623820010422273
1308623839732137984
1308623863954042885
1308623871931678720
1308623880643252224
1308623889719685120
1308623901686202368
1308623906786353154
1308623926063517703
1308623930526248960
1308623942706438144
1308623944631508992
1308623950876819457
1308623964961345536
1308623971751882752
1308623981860315137
1308623982388805632
1308623983126880256
1308623989346951169
1308623992035725312
1308624007726469120
1308624029150928897
1308624041125851137
1308624043504001024
1308624047304044544
1308624059001864192
1308624060147019776
1308624063762436129
1308624074319360000
1308624075619618816
1308624079541264384
1308624085455306752
1308624086994542592
1308624087749545985
1308624088559226880
1308624109975281664
1308624124491702272
1308624125464842240
1308624129281724422
1308624138404278272
1308624141151592449
1308624145379332096
1308624151180128256
1308624159967072256
1308624163784011777
1308624173447569409
1308624204305108992
1308624217995456512
1308624218515369984
1308624223016030208
1308624231538679811
1308624232247635968
1308624239025696774
1308624244209786880
1308624247623999490
1308624251499548674
1308624262845128705
1308624270369619969
1308624273435693063
1308624275239137282
1308624276040409090
1308624276354928646
1308624302736990215
1308624310051966977
1308624320327856128
1308624327235960832
1308624342503157763
1308624353773391872
1308624360526155776
1308624367534964736
1308624373645889536
1308624391601758208
1308624396739850240
1308624415232528384
1308624428838789120
1308624441463549952
1308624451391676418
1308624459360854017
1308624461982322688
1308624462175186945
1308624468080762880
1308624476486004736
1308624484857864193
1308624500804681728
1308624543326580738
1308624556387688448
1308624559386419201
1308624560074309632
1308624564323315712
1308624573185904640
1308624585005371393
1308624612410916865
1308624626495361026
1308624627812298754
1308624631876579330
1308624649102581760
1308624651795533825
1308624655947911168
1308624656778358784
1308624669172531200
1308624671202369536
1308624674918600704
1308624678752268290
1308624680136454144
1308624713388683265
1308624713472716810
1308624720414212096
1308624753347956736
1308624756258811904
1308624758066556930
1308624759391793152
1308624766178336769
1308624777033052161
1308624784670900225
1308624803897708544
1308624803884986369
1308624807617990656
1308624824735014912
1308624850949468161
1308624852597706752
1308624865843458050
1308624875662303232
1308624894712786944
1308624922479124480
1308624950983626752
1308624955148365824
1308624996797906945
1308624997368258560
1308625006763683841
1308625025268887552
1308625038111838209
1308625073172082688
1308625080302424064
1308625094990757889
1308625097234751489
1308625101215002624
1308625123801350144
1308625128893292546
1308625139219619841
1308625140763078656
1308625143812546560
1308625147968937986
1308625151404236801
1308625152175824896
1308625156663803904
1308625160426184709
1308625166759530496
1308625166683996161
1308625167325622272
1308625171750817792
1308625174850404352
1308625180214865920
1308625190931378176
1308625199961706496
1308625204055339009
1308625250054098945
1308625265724026880
1308625266022010880
1308625297286234116
1308625298775212032
1308625313186770945
1308625328210939906
1308625337601925120
1308625338919006208
1308625359395414016
1308625363740762113
1308625366723039233
1308625371659677696
1308625401858547713
1308625404710719488
1308625417574780935
1308625419244048384
1308625434733666306
1308625469533753344
1308625486495408128
1308625491801247744
1308625513913737217
1308625519727046656
1308625520553275392
1308625526102396931
1308625560084463617
1308625566786924545
1308625569181958146
1308625585770557440
1308625595677290496
1308625600114876417
1308625621694779394
1308625622823055360
1308625645136535552
1308625646248169473
1308625657564258304
1308625689323556864
1308625693660442624
1308625695007027200
1308625698928558081
1308625706486726658
1308625708915150848
1308625724761427968
1308625736836804609
1308625745044930560
1308625768541351936
1308625774098997248
1308625789059989504
1308625792151302144
1308625795829563392
1308625819120676864
1308625829115568129
1308625830923427841
1308625849747492864
1308625871423639554
1308625876163100678
1308625891363139585
1308625894316085250
1308625901983158274
1308625922812190721
1308625935936217089
1308625943565459456
1308625952159805443
1308625992555077632
1308625993477885952
1308625995323318273
1308626001715367938
1308626020891791360
1308626023156776961
1308626087723765763
1308626127183851525
1308626131109793792
1308626131109593088
1308626140634906624
1308626148172029954
1308626151166808064
1308626152097890304
1308626158456537091
1308626173241503745
1308626176307531776
1308626180300439554
1308626210528858112
1308626211896254470
1308626218712002568
1308626219001409536
1308626224315392005
1308626253570662400
1308626258373177349
1308626260189274112
1308626261854617607
1308626275884363776
1308626282377248768
1308626286345035776
1308626300819722240
1308626304418414592
1308626305647337473
1308626309610967041
1308626320268521472
1308626350798897153
1308626358373761024
1308626364141101060
1308626372928176128
1308626375771734016
1308626381513711616
1308626382176612359
1308626387880771587
1308626402246307840
1308626423775596545
1308626440162861056
1308626450862481409
1308626461155356672
1308626462996660225
1308626472219926530
1308626486769807360
1308626488833576963
1308626514783670273
1308626535545360384
1308626549642412032
1308626550049316864
1308626557540478977
1308626571628933120
1308626594001563650
1308626599089188864
1308626622317309952
1308626623323807746
1308626631703945219
1308626637009936390
1308626645557760002
1308626646329688065
1308626667363995648
1308626671080214528
1308626687597383680
1308626705481752577
1308626711047675905
1308626717246926848
1308626717699760128
1308626720468209664
1308626728915357696
1308626729158750211
1308626733424287745
1308626759273848834
1308626760653701120
1308626784452313088
1308626801107763201
1308626812784836611
1308626817897639936
1308626825376038912
1308626836310679552
1308626839250763777
1308626842031542273
1308626850843852806
1308626851623919618
1308626852634787841
1308626856313315328
1308626857584017408
1308626872364863488
1308626893327888391
1308626897929039872
1308626906770595851
1308626918003167234
1308626920548966400
1308626955663822848
1308626967294611457
1308627006469398529
1308627026715213824
1308627062324822016
1308627063243407361
1308627069916467200
1308627095480922112
1308627098605625345
1308627103269744640
1308627112350355459
1308627115378704384
1308627115991076865
1308627143606374400
1308627149490921472
1308627154788208641
1308627160647704576
1308627176342814721
1308627207909265408
1308627222937255936
1308627226032852992
1308627230478696448
1308627240331227138
1308627242294026240
1308627248367333379
1308627257334915075
1308627278520295424
1308627278654394368
1308627288091627520
1308627306605350912
1308627310241751040
1308627314335457282
1308627315191095296
1308627318533951488
1308627334262435841
1308627335768309760
1308627347013136384
1308627351278772225
1308627352545570816
1308627375286972418
1308627376952299521
1308627378005053441
1308627400666886149
1308627408350838785
1308627414902333440
1308627426184892418
1308627432623104000
1308627441183862784
1308627446829215745
1308627449421484032
1308627478131298304
1308627510150791168
1308627510276562950
1308627530379796480
1308627531201949696
1308627539879817217
1308627560218071040
1308627565905694721
1308627566555590656
1308627627268288513
1308627644007809025
1308627657760714752
1308627667877425155
1308627676869976064
1308627683094540291
1308627692649156611
1308627694783852545
1308627700052041728
1308627701062795265
1308627715646398467
1308627717487722496
1308627719932923905
1308627720587411457
1308627729831489536
1308627749758595073
1308627751033884672
1308627754892636161
1308627757790892037
1308627758071926787
1308627770008895488
1308627781773914112
1308627786056241153
1308627788576907264
1308627841819475969
1308627843912478720
1308627863441231872
1308627868830887936
1308627876653260801
1308627881078042624
1308627885918507010
1308627894885707776
1308627896953647105
1308627897217888257
1308627900636172289
1308627903555530752
1308627947947843584
1308627964792172544
1308627964712476672
1308627976137764871
1308627982764838917
1308627987751985153
1308628003161665536
1308628013949448193
1308628021524520960
1308628037680934913
1308628037886509057
1308628039027355649
1308628051144646656
1308628077467938816
1308628082064912384
1308628082840858625
1308628084074053635
1308628090176839681
1308628101753122816
1308628117930479617
1308628118937231360
1308628121734782976
1308628131960373250
1308628160037220353
1308628167268073472
1308628169889546240
1308628176810065925
1308628186452893696
1308628201300791296
1308628216177885190
1308628216958001153
1308628232007286784
1308628238613147649
1308628268027871232
1308628282057912320
1308628302505148416
1308628326609633281
1308628334167945216
1308628340404871171
1308628344380907520
1308628347451138048
1308628348202102786
1308628357224038401
1308628362672238593
1308628363666432000
1308628365067386884
1308628379139153920
1308628386365939713
1308628387884183552
1308628394964398082
1308628402027417600
1308628431777783808
1308628435154210816
1308628448768741377
1308628449683296256
1308628455307669505
1308628466439340032
1308628475050299392
1308628484382765058
1308628512694136833
1308628517702246406
1308628528489885696
1308628535981084672
1308628541869887488
1308628553014018048
1308628559368515590
1308628575445225472
1308628602863321088
1308628616897462272
1308628637667659776
1308628644135407618
1308628646265937920
1308628647872397312
1308628655288049665
1308628658588774400
1308628663055908864
1308628672409149440
1308628675152158721
1308628692046757892
1308628696459165696
1308628700598943744
1308628708312281089
1308628729724317696
1308628742164619264
1308628746908307457
1308628773580005376
1308628773894524928
1308628777090478080
1308628788490768384
1308628804596887562
1308628805666267136
1308628826377924608
1308628831457234944
1308628831670919170
1308628837165600768
1308628846980206592
1308628863346528257
1308628869730070528
1308628879242862592
1308628880555556864
1308628901447360512
1308628903968284672
1308628907415879681
1308628936893632513
1308628952961945600
1308628955205902336
1308628956946534402
1308628960432054273
1308628971693563904
1308628972725366784
1308629015612108800
1308629023329669121
1308629032649371650
1308629038055870464
1308629042380275713
1308629054287941632
1308629056292823040
1308629063339180032
1308629065083961344
1308629079675924480
1308629108121718786
1308629114207698944
1308629121195479040
1308629123141566464
1308629144301961216
1308629160399712256
1308629200115556352
1308629202690744320
1308629203701706752
1308629215680454661
1308629219803570177
1308629232839401472
1308629240603181057
1308629240741605376
1308629253534167042
1308629257623666689
1308629267350056960
1308629279928807425
1308629291022921728
1308629300535418880
1308629304197120005
1308629332013625345
1308629332903038976
1308629364192555008
1308629371826188288
1308629379518328832
1308629404885581824
1308629408207507456
1308629428247752704
1308629435940102144
1308629454739079168
1308629479724523520
1308629483423924224
1308629486003351552
1308629486947184640
1308629491565170688
1308629504135438337
1308629507847282689
1308629517624377345
1308629548406194176
1308629556329291776
1308629566252933120
1308629572536217600
1308629589380362240
1308629624633475073
1308629637870747653
1308629638277738496
1308629641431711744
1308629644384534528
1308629644262866945
1308629673396432896
1308629689741709312
1308629695336861697
1308629700399505408
1308629705076224002
1308629710063259648
1308629715759124480
1308629728283090944
1308629738483789824
1308629747958607873
1308629748273168385
1308629775016169474
1308629782255542272
1308629782029107200
1308629786856751105
1308629787645300736
1308629809073848320
1308629809388490753
1308629810772545538
1308629816246022149
1308629816443318278
1308629817101754369
1308629829110165504
1308629841886023680
1308629847565008902
1308629863675224064
1308629865805963264
1308629867076829185
1308629878556602369
1308629896768286720
1308629900375527425
1308629910760681474
1308629911888945154
1308629917253464067
1308629944818311170
1308629963587891201
1308629972127449089
1308629973712941056
1308629976468484098
1308629979811414016
1308629979979231232
1308629984387502080
1308630001131151360
1308630018592047104
1308630022085726208
1308630027525861378
1308630030000549888
1308630059129987073
1308630060325367808
1308630060891475968
1308630061336027137
1308630074049130496
1308630074481152000
1308630076355784705
1308630076385189889
1308630093330219008
1308630098413789185
1308630100594667521
1308630104457740288
1308630108295528448
1308630128436686849
1308630132504948736
1308630142990913543
1308630159013093376
1308630167376584704
1308630169331077121
1308630170660528128
1308630179665735680
1308630192651264003
1308630246934052864
1308630248632782848
1308630253745696768
1308630257759518720
1308630260041371650
1308630263161917442
1308630263199535104
1308630286360432640
1308630298758975488
1308630307801882626
1308630317264179200
1308630340685029376
1308630347870068736
1308630349593735168
1308630364294795265
1308630376735145984
1308630394351185920
1308630401007734790
1308630407525490689
1308630412906856450
1308630430061441024
1308630441176395776
1308630444485693441
1308630464496906240
1308630468066193410
1308630474970066944
1308630479948701698
1308630481760649216
1308630485602631680
1308630500286894080
1308630523602853888
1308630527780376576
1308630549200687104
1308630550052327430
1308630566359584769
1308630576170184709
1308630583346683904
1308630584919433216
1308630595371556865
1308630602736828416
1308630612903735297
1308630635901267975
1308630646328188928
1308630655840989184
1308630695242280961
1308630712376057857
1308630719787397120
1308630721767014400
1308630726355685376
1308630761545793536
1308630771691786248
1308630783695839232
1308630831456542722
1308630833448849408
1308630837601218560
1308630847734644737
1308630858925060096
1308630869976866817
1308630880559140871
1308630899689435136
1308630920069558273
1308630923223527424
1308630923882254338
1308630939434614784
1308630948074807296
1308630951443001345
1308630963652444165
1308631000583417858
1308631000776278023
1308631002487627777
1308631009097781249
1308631029649866752
1308631036239245315
1308631037296218114
1308631056413675521
1308631060893306880
1308631062726217728
1308631064903065602
1308631068119949312
1308631073425895424
1308631077142114304
1308631080283656197
1308631085832720384
1308631092866551809
1308631101162876929
1308631127343747072
1308631132552925186
1308631138601234432
1308631142673707008
1308631146725601281
1308631155625914368
1308631157236355072
1308631158792622080
1308631167738892289
1308631171123699716
1308631171459289088
1308631172638011392
1308631182058360833
1308631192611110913
1308631203629527046
1308631242745806848
1308631251406876673
1308631260487651328
1308631261661917184
1308631266779111424
1308631273871605762
1308631274475737089
1308631285699575808
1308631312648019969
1308631320365543425
1308631330301849600
1308631340443549696
1308631347745812480
1308631352993083392
1308631359162691584
1308631367073378304
1308631367987728384
1308631369132707840
1308631400732475392
1308631413340565504
1308631433204756480
1308631444244365317
1308631447205376000
1308631448082096128
1308631479686103042
1308631481955344384
1308631497260363776
1308631497423884289
1308631499747532800
1308631499831472128
1308631516956766209
1308631532098158592
1308631537122975744
1308631541770326016
1308631550792146945
1308631558480375808
1308631560359272449
1308631568152363008
1308631570182483973
1308631571679731712
1308631579003150337
1308631586921828357
1308631587207036928
1308631593372745729
1308631619830525953
1308631620782493696
1308631643951902720
1308631671428861952
1308631672091369473
1308631682057039873
1308631714915389440
1308631716311916544
1308631717352288262
1308631727959539712
1308631750201847808
1308631756635947008
1308631773769859079
1308631777725087744
1308631817319260161
1308631827062505472
1308631846419222528
1308631846578786304
1308631852777906176
1308631866317115398
1308631893580021761
1308631899334615041
1308631904355311616
1308631921887449089
1308631936898863105
1308631940040462336
1308631941743366144
1308631962077343744
1308631972139466753
1308631978007293952
1308631982537023488
1308631983438921728
1308631986458648577
1308631999616344064
1308632020260511744
1308632022483644416
1308632024593334272
1308632027059560448
1308632043324989442
1308632045258760192
1308632048727240707
1308632055840829440
1308632065584365568
1308632071762477056
1308632078418931713
1308632083955359745
1308632092155154432
1308632107258789889
1308632110836539392
1308632112912760832
1308632116507353090
1308632122505064448
1308632156000980992
