1305929352287342592
1305929354833276929
1305929359249805317
1305929360394854400
1305929366543634432
1305929368833847298
1305929373057310727
1305929375615864832
1305929404401541120
1305929412915929089
1305929430104145922
1305929430607564807
1305929434285957120
1305929460898816006
1305929465231532032
1305929485032845315
1305929490363711489
1305929494063017984
1305929498223759360
1305929505522020353
1305929507090489349
1305929509049372674
1305929513591660545
1305929522299236352
1305929547976769539
1305929556650610688
1305929564783337472
1305929565332676608
1305929569615187968
1305929574182801408
1305929587046658049
1305929599054950401
1305929600086745089
1305929603081363457
1305929607007416322
1305929627567902720
1305929633351729157
1305929668684636160
1305929719041404936
1305929727362895873
1305929742563016705
1305929746404892672
1305929774892609536
1305929775098273797
1305929780135710723
1305929780391489537
1305929799156686848
1305929808061308928
1305929815933894656
1305929820703019009
1305929824708460545
1305929830794395648
1305929837702414337
1305929840995045382
1305929847076683776
1305929865884037120
1305929895827116033
1305929921307594752
1305929926676275200
1305929937476554752
1305929971484024839
1305929974889746437
1305929980145270784
1305929995911663620
1305929996024897544
1305930000856739840
1305930009375371275
1305930025984819202
1305930042040410112
1305930060612997125
1305930072524754946
1305930089868210177
1305930090639962114
1305930114165805058
1305930117957464064
1305930119773593601
1305930126241259521
1305930126593490945
1305930127914786817
1305930146898116613
1305930152686178305
1305930156473810944
1305930164040155136
1305930168708542466
1305930176811933697
1305930181190864905
1305930182197420032
1305930195153620992
1305930196030230530
1305930200631439367
1305930202577477632
1305930216745959424
1305930218394316801
1305930228452085761
1305930230905925641
1305930233510588416
1305930241198653441
1305930243501428739
1305930243354624001
1305930251692892160
1305930268788785152
1305930278364491777
1305930278628622336
1305930286174216194
1305930290951528450
1305930300250259459
1305930306197708800
1305930307867234304
1305930309008084993
1305930327588773893
1305930356596649984
1305930377492561920
1305930394966126592
1305930396077625350
1305930402289324032
1305930407406428161
1305930417187553280
1305930428671504387
1305930440725770240
1305930462301433856
1305930465807945729
1305930467829518339
1305930475970662403
1305930479619764224
1305930480211177473
1305930480437669889
1305930483998617603
1305930487039275009
1305930501941866497
1305930511613923328
1305930518773534722
1305930521432805377
1305930525492862976
1305930525895471107
1305930526642110470
1305930538172198912
1305930541686910979
1305930541959577600
1305930545440927746
1305930558577487873
1305930565053378560
1305930564952903688
1305930567943241728
1305930571231760385
1305930581121867777
1305930585718882307
1305930598180159488
1305930601527234561
1305930601996988417
1305930604425478144
1305930608833683460
1305930610037399559
1305930610398158850
1305930614181449736
1305930622754529282
1305930622825836544
1305930634712342529
1305930635148697606
1305930638751674368
1305930647224025088
1305930654450737152
1305930677972545537
1305930685446787078
1305930689343152130
1305930690349813760
1305930709941403648
1305930710675369984
1305930724214796290
1305930747665166337
1305930752954171393
1305930756888223744
1305930763599319042
1305930764169560064
1305930767726501894
1305930799762436096
1305930807207505920
1305930810172878849
1305930810718138373
1305930827377696768
1305930827998457856
1305930835258990599
1305930844096180224
1305930847586058240
1305930853046865926
1305930853256757248
1305930853772656641
1305930859976036353
1305930866367979520
1305930868758904832
1305930869669015560
1305930877499838465
1305930882713153536
1305930891135299584
1305930895656849408
1305930899729657856
1305930903340941314
1305930903617785856
1305930924899602432
1305930940728905728
1305930944734404608
1305930948891103232
1305930953538310148
1305930962468036614
1305930968709070848
1305930975042506752
1305930977827577856
1305931002993352711
1305931011189092353
1305931031845826560
1305931057536159744
1305931062988738563
1305931080030130177
1305931084526497799
1305931092780818433
1305931097419796480
1305931099940499458
1305931100586418178
1305931112443793408
1305931113852891136
1305931117774725121
1305931118944886790
1305931128407293955
1305931129820766208
1305931142743220225
1305931163836575745
1305931175152607233
1305931180923957248
1305931188771737601
1305931191510417408
1305931197265203200
1305931221323722753
1305931222347132928
1305931234829168640
1305931250016727040
1305931264453742592
1305931267230380032
1305931267461058561
1305931271789518849
1305931272959655937
1305931279356100614
1305931281423888384
1305931284619898880
1305931288004698112
1305931297202884608
1305931307147378690
1305931315145879552
1305931318392500224
1305931322251251713
1305931331814043650
1305931344678191114
1305931345890340864
1305931347417014273
1305931347794436096
1305931357575495680
1305931361224663040
1305931366341783553
1305931384796700672
1305931417768144896
1305931429117923329
1305931435052871680
1305931442795487236
1305931463578320897
1305931466526855169
1305931468271693824
1305931481215270915
1305931491206139906
1305931499624189952
1305931504174784512
1305931504401485825
1305931521275113473
1305931536638906368
1305931544989663233
1305931548454268931
1305931566263275521
1305931569190719488
1305931579697627138
1305931583900340225
1305931596453871617
1305931598496493572
1305931616452251650
1305931619530878977
1305931619518361602
1305931631811854337
1305931641639051266
1305931650619105282
1305931673939382272
1305931674031546369
1305931683212996609
1305931691035222022
1305931696634761219
1305931701412139009
1305931734635229185
1305931739538296833
1305931744936222720
1305931749155835914
1305931750879703047
1305931761592012800
1305931771578658816
1305931775911366656
1305931778885070855
1305931787638657026
1305931797432348673
1305931820748472326
1305931821843128321
1305931826029101056
1305931825957818368
1305931838041583618
1305931845633269761
1305931858153271296
1305931862326607878
1305931880437604352
1305931883373563910
1305931883491012608
1305931887857336320
1305931895738376195
1305931897206382592
1305931902008856577
1305931909428588544
1305931913392263174
1305931923420672000
1305931938759421952
1305931950742413312
1305931988394598401
1305931989145530373
1305932022129594377
1305932024188866561
1305932026697179137
1305932026701393921
1305932034326528000
1305932036578795520
1305932053809164296
1305932054845173762
1305932056954892290
1305932064148140034
1305932064504647681
1305932065402167299
1305932082741473281
1305932085367111682
1305932087095156740
1305932093097234433
1305932097480081409
1305932097643712512
1305932099656904705
1305932102370721792
1305932114139856896
1305932122889138178
1305932153746841601
1305932160440971265
1305932168456269827
1305932177889275906
1305932198592348163
1305932204770496512
1305932210462097408
1305932212034969600
1305932214757187585
1305932233014796288
1305932233157554176
1305932242154385409
1305932245073444865
1305932245862166529
1305932249762684929
1305932250752733186
1305932255479689219
1305932255609729025
1305932262811336706
1305932265386422273
1305932266997194752
1305932267743838209
1305932278825209859
1305932282251878401
1305932288987992066
1305932292725059584
1305932294541074432
1305932294620839936
1305932294755147778
1305932304615960576
1305932329534328834
1305932337742524422
1305932341316071430
1305932341739692032
1305932342708654082
1305932356864430081
1305932359779450882
1305932362761605123
1305932373037645825
1305932395653165057
1305932396827738112
1305932408357699584
1305932410253701122
1305932412237410307
1305932426091388935
1305932438967930881
1305932441157332997
1305932447763304450
1305932448929386498
1305932454688174085
1305932458995539968
1305932463043153920
1305932464070721543
1305932468349009920
1305932474929700864
1305932480352980993
1305932484476108805
1305932490817728512
1305932509298012161
1305932529153830915
1305932529631985669
1305932531271831553
1305932533570383874
1305932542567165957
1305932576293560325
1305932585319628800
1305932592227782657
1305932618827882496
1305932635211018240
1305932643461206017
1305932650801057792
1305932677921595393
1305932680618536960
1305932681516113920
1305932689304887296
1305932690475147264
1305932699761164289
1305932701971566593
1305932705465610248
1305932711014674432
1305932727032713217
1305932735022690305
1305932736171999235
1305932736838991873
1305932743822446596
1305932749086154752
1305932755943948289
1305932768719835136
1305932778811293699
1305932787036323847
1305932795596992517
1305932804606361601
1305932806040809472
1305932812210434048
1305932836566786048
1305932837158227968
1305932840413126657
1305932844678754311
1305932857014185985
1305932863494328321
1305932863343386625
1305932870523871232
1305932875519401985
1305932877750628352
1305932890895724545
1305932894267940865
1305932898890141696
1305932910877380616
1305932911011606529
1305932912223686666
1305932916497813505
1305932920931090433
1305932923716153348
1305932925473447937
1305932928292188161
1305932936454254593
1305932942724804615
1305932943324516353
1305932944628948994
1305932952941944832
1305932975503290368
1305932992301486086
1305932998404182022
1305933011448459266
1305933012203442177
1305933033854312448
1305933049637621763
1305933050279276544
1305933062459580416
1305933063336202241
1305933070349078531
1305933070458073094
1305933070726508544
1305933071766749187
1305933072056176642
1305933097351950338
1305933102167068672
1305933120768823296
1305933137445179393
1305933137575399425
1305933159041769473
1305933160312696834
1305933183981105154
1305933184438358018
1305933184899653633
1305933193372151809
1305933196207423488
1305933200376688640
1305933202419150848
1305933218198237186
1305933222757400578
1305933222723940359
1305933222862258183
1305933223252422659
1305933224447823872
1305933233943650305
1305933242709815302
1305933246514057217
1305933253023617024
1305933261651275777
1305933273814663170
1305933276238868480
1305933286561271808
1305933289555931136
1305933290839441409
1305933302415712257
1305933319377506312
1305933330282672130
1305933362696278016
1305933363975462912
1305933366362079238
1305933372909400065
1305933374142296065
1305933379024621571
1305933384896712706
1305933387908157440
1305933388948402181
1305933398586912777
1305933398914093062
1305933415749951488
1305933419378081793
1305933422951620608
1305933436360765440
1305933454723383303
1305933462378106881
1305933465188270092
1305933472972693506
1305933486528880640
1305933489506783232
1305933490559438848
1305933496670728193
1305933504975429635
1305933507756253187
1305933519894478849
1305933526496407552
1305933542266777601
1305933554149478400
1305933561036382208
1305933584352579584
1305933586177183745
1305933590417608710
1305933603604439040
1305933604749561856
1305933608620707841
1305933621811871745
1305933641910951942
1305933655538315264
1305933657174085634
1305933662127562752
1305933672546066432
1305933674760876033
1305933679668142084
1305933686928371713
1305933688060940288
1305933693257682946
1305933708634058752
1305933712710721537
1305933717161074688
1305933718012538885
1305933734542290948
1305933758168616960
1305933758730842115
1305933784873926657
1305933797821747206
1305933801588248577
1305933805426012161
1305933814028546048
1305933827592925185
1305933844059754496
1305933844688896004
1305933850430717952
1305933863013748736
1305933869019885568
1305933874317242368
1305933876553015296
1305933889584672768
1305933892239740932
1305933897264279552
1305933919167090694
1305933922883305472
1305933923076190208
1305933924166782977
1305933927392124928
1305933928130322438
1305933930822995969
1305933939169808386
1305933939589156864
1305933965853941766
1305933981926535168
1305933991384682498
1305934006261866498
1305934023915483138
1305934036053958656
1305934036158775296
1305934040260698113
1305934045310627840
1305934046061572098
1305934053338746881
1305934054076936200
1305934056576741376
1305934057797283843
1305934065183395844
1305934069679697923
1305934080052084736
1305934098490425344
1305934104626688001
1305934115103940608
1305934127510806532
1305934148528254976
1305934179343962114
1305934188781211648
1305934190710534151
1305934192505692166
1305934202483998721
1305934211405230082
1305934220838293508
1305934230900191233
1305934234293424128
1305934241201614849
1305934241927176192
1305934242333908992
1305934259346079749
1305934263934767104
1305934266900140032
1305934284453224448
1305934285703016453
1305934295425585152
1305934295576518660
1305934308012679168
1305934309975445505
1305934321937772546
1305934328371740680
1305934328849788928
1305934329504169986
1305934330481569793
1305934333350379522
1305934337515323392
1305934342301069315
1305934343303356417
1305934352245837825
1305934357648023554
1305934367013961736
1305934390212603906
1305934399855374339
1305934400929124354
1305934405073018882
1305934405828046849
1305934409372241924
1305934412849254400
1305934418381504513
1305934422508699651
1305934455526359045
1305934456344195072
1305934475549958144
1305934476057481217
1305934482172674049
1305934488623513601
1305934489152032769
1305934490385166336
1305934493283311622
1305934504675217411
1305934524476317696
1305934531434868736
1305934546664390661
1305934551261224960
1305934559968661504
1305934571767296002
1305934577278611460
1305934580273369089
1305934590553489410
1305934594282201088
1305934594244517888
1305934607536197632
1305934611013423105
1305934656676622337
1305934661072420864
1305934674850508800
1305934678659076097
1305934679166660610
1305934689945837568
1305934712066760705
1305934723483656193
1305934731503120385
1305934732870393856
1305934735676338181
1305934736704122884
1305934743746347011
1305934744010465280
1305934752336228353
1305934773450412033
1305934782707105792
1305934790554562561
1305934799207649280
1305934811413045252
1305934812964847618
1305934815456362496
1305934834112618503
1305934841393885187
1305934849899982848
1305934851393155072
1305934853771325442
1305934863351119873
1305934867708997632
1305934870204551168
1305934900273479682
1305934903624650752
1305934909647675392
1305934911145041920
1305934926232137728
1305934942749196291
1305934980124749825
1305934996021161987
1305934997732368385
1305934998114050049
1305934999959502855
1305935006330761217
1305935010327924740
1305935013935026176
1305935028896051200
1305935035883753472
1305935042909216768
1305935044037537793
1305935047749332992
1305935096181006336
1305935096940294150
1305935105706393606
1305935107283443722
1305935109267304448
1305935109569290242
1305935138035912705
1305935164330184707
1305935181522432001
1305935192637542402
1305935213688750081
1305935239118643201
1305935248224653312
1305935248740560896
1305935265333088257
1305935269145780225
1305935270005661697
1305935270001295360
1305935273356910593
1305935276808835078
1305935284203261953
1305935295318089728
1305935316939952128
1305935324053413900
1305935337697546240
1305935367032442880
1305935367091056645
1305935370291478533
1305935386628235270
1305935390478606342
1305935391136968705
1305935399143997446
1305935399735492608
1305935400280772608
1305935419310305281
1305935420300169224
1305935421864636417
1305935424284774401
1305935424368644101
1305935436402089985
1305935436519559172
1305935445201690626
1305935448380850176
1305935455108685825
1305935462763122688
1305935469897822214
1305935470094938114
1305935513086570498
1305935530752905218
1305935533252792320
1305935534284517382
1305935537518280705
1305935551137112065
1305935572507275264
1305935588604874753
1305935601934512129
1305935610390011904
1305935612839518208
1305935624193671168
1305935626445881344
1305935629272911873
1305935637158166530
1305935637481218054
1305935638378635264
1305935646624686080
1305935649850060801
1305935658461073408
1305935664718905344
1305935672839032832
1305935680166653955
1305935683345739776
1305935684084076545
1305935689754632192
1305935717097451520
1305935717806161920
1305935721790951424
1305935743949451264
1305935750320533504
1305935753944477696
1305935768439918592
1305935777893945350
1305935778552446976
1305935786051862533
1305935790099378176
1305935793282838534
1305935802837487616
1305935802916958208
1305935809116332034
1305935817563607041
1305935822663938053
1305935823997730816
1305935826891812864
1305935851755536384
1305935861473779712
1305935866045452288
1305935900195594240
1305935911423799296
1305935920110219269
1305935928469458944
1305935930637856769
1305935932072189952
1305935939269664768
1305935947935166467
1305935968877375489
1305935969871421440
1305935972958375936
1305935973642010631
1305935974438928385
1305935990968725505
1305935994764566529
1305936003421659137
1305936014628851714
1305936015337697290
1305936020454535168
1305936033763139584
1305936034635476992
1305936040449003520
1305936041149251585
1305936042021646336
1305936058480234502
1305936065556099073
1305936081947426819
1305936087106433024
1305936126256001026
1305936126411075584
1305936138130133000
1305936141044953093
1305936149366681600
1305936150411051008
1305936153137295360
1305936153141547008
1305936152365596673
1305936163056873473
1305936167242612736
1305936170136866818
1305936176071749633
1305936184540123141
1305936196611248131
1305936212130234369
1305936213686341634
1305936233873444866
1305936234209054720
1305936242517979142
1305936246544437249
1305936255520301056
1305936262638043145
1305936266517602304
1305936271081189376
1305936271982784512
1305936272872140800
1305936276600676352
1305936280761622532
1305936297576534019
1305936318283776000
1305936325544116224
1305936333957926913
1305936342438866944
1305936350919692290
1305936354476343296
1305936359169945600
1305936381047439361
1305936385128493056
1305936385480830979
1305936393043050502
1305936394284601344
1305936415050600448
1305936415604322304
1305936415465844737
1305936425691410432
1305936440094855168
1305936444947607553
1305936448261152769
1305936449511067648
1305936450823819269
1305936464925134855
1305936470713262080
1305936473326342144
1305936484910981121
1305936488815833088
1305936520843493377
1305936528779042817
1305936537394139136
1305936545115901952
1305936548807012355
1305936549830438918
1305936550031695872
1305936568436371456
1305936576824868865
1305936579160977409
1305936580826324992
1305936582734610432
1305936585469374464
1305936585729298432
1305936596013928448
1305936602531852288
1305936611474051073
1305936637734432768
1305936640007839744
1305936644571193344
1305936652989345793
1305936669254787073
1305936673126187009
1305936698807734272
1305936699231547392
1305936712518967298
1305936720102412288
1305936721356312576
1305936728868499456
1305936732026789889
1305936744752263168
1305936749319815168
1305936749781282818
1305936758362845184
1305936770253467649
1305936772199673856
1305936775727243266
1305936785076183041
1305936795994030080
1305936824662138883
1305936829271683072
1305936836708257792
1305936849362395137
1305936855100252161
1305936867712471045
1305936874872205314
1305936888784715777
1305936889602547712
1305936909999525890
1305936917704433669
1305936928206970881
1305936929687588865
1305936934687125504
1305936975791357953
1305936984691683328
1305937001993166848
1305937024013283328
1305937035593740290
1305937046427578370
1305937073048870913
1305937073782894592
1305937077620666370
1305937077347860480
1305937082368565248
1305937090497175552
1305937103658901509
1305937106502516736
1305937107723190272
1305937116518465537
1305937122357108738
1305937124605284352
1305937128497520641
1305937130594672641
1305937149380964358
1305937151645888512
1305937159724171272
1305937161141788672
1305937177432322049
1305937183673585664
1305937184168398848
1305937186844545025
1305937194557767680
1305937199079321602
1305937202246025220
1305937202434764801
1305937230997991425
1305937235615920128
1305937257304649735
1305937265294798849
1305937282785050625
1305937290754220032
1305937311390195712
1305937311339773953
1305937315395706880
1305937318403076099
1305937327718567936
1305937329027256327
1305937331505987585
1305937349856161796
1305937379614576643
1305937379987988480
1305937383993507844
1305937396429549568
1305937398824611840
1305937412208590849
1305937412116361217
1305937415698296835
1305937420743999488
1305937434358751235
1305937437286260736
1305937474385051649
1305937475404099584
1305937487928463362
1305937497210458113
1305937499618004992
1305937501404770306
1305937502193307652
1305937508916699138
1305937510044823553
1305937533696716800
1305937534422319104
1305937551488962560
1305937563023298561
1305937572510785536
1305937585445822464
1305937587471876096
1305937587509624832
1305937596024053760
1305937596741287936
1305937618190950411
1305937619344388096
1305937625384210432
1305937634770944001
1305937639892279296
1305937642270461954
1305937643625209857
1305937643922915328
1305937652315758592
1305937654706515977
1305937669705420806
1305937689041133571
1305937694791471109
1305937698641842177
1305937722603864065
1305937726521442306
1305937731017740291
1305937738642976768
1305937743499997186
1305937745093840896
1305937748709130241
1305937754040283139
1305937760629526532
1305937768036601856
1305937772952289281
1305937819806826496
1305937822432538625
1305937824735264768
1305937831748132868
1305937854246408192
1305937857241112576
1305937861062123520
1305937870864121862
1305937873300934657
1305937874840424449
1305937882717265920
1305937885242195970
1305937896055111682
1305937919039991810
1305937928082919425
1305937928548425729
1305937967232491523
1305937970445332481
1305937981900034051
1305937983011348480
1305937988954845184
1305937999453192198
1305938000082120704
1305938005203525632
1305938018222694402
1305938041299755008
1305938042184708099
1305938049746993152
1305938067426082816
1305938067866357760
1305938072660447232
1305938074279514113
1305938079996358660
1305938082806534148
1305938088892542976
1305938092528939013
1305938099726249984
1305938108446367753
1305938124967677952
1305938153623171085
1305938154071953408
1305938154998968320
1305938155137310725
1305938167879483392
1305938206949429249
1305938213572403201
1305938216848183297
1305938227073888258
1305938247101550594
1305938256354181120
1305938259160121345
1305938267318169600
1305938275320750080
1305938292513419266
1305938311815606272
1305938335072956416
1305938343490797568
1305938363757858820
1305938386293788672
1305938389515022345
1305938390039306242
1305938395647094785
1305938398138503175
1305938411547774977
1305938414718586887
1305938423442812933
1305938428991885313
1305938443567017985
1305938445777489920
1305938452098187264
1305938461191475201
1305938462521151492
1305938466249859073
1305938482569699328
1305938487435292674
1305938490899812352
1305938500466999299
1305938504665440259
1305938532410810369
1305938537443885056
1305938549091577856
1305938554745315328
1305938575205314565
1305938590053040132
1305938598647214081
1305938599234416641
1305938604011782144
1305938604733145088
1305938613272600576
1305938627684372483
1305938632700768257
1305938637360713732
1305938664346841089
1305938669505851393
1305938671896612870
1305938680532484096
1305938683707772929
1305938684659871746
1305938705203355648
1305938708600848384
1305938713843830785
1305938726137278464
1305938755468120064
1305938760295739395
1305938764141858817
1305938801999712257
1305938816939765772
1305938829270941697
1305938853191200769
1305938863387561985
1305938867829248001
1305938902541271041
1305938935156150272
1305938938444431360
1305938947990679552
1305938951203676162
1305938951790710784
1305938959466455040
1305938965116092420
1305938970543521793
1305938972791771137
1305938984552587265
1305938986574262272
1305939005444444161
1305939005582848001
1305939023123410944
1305939024876646402
1305939027837714432
1305939040173264900
1305939045114097666
1305939045554565121
1305939050818424832
1305939054282891265
1305939059978547200
1305939061580992512
1305939065624244227
1305939066001580033
1305939073874513921
1305939082648924166
1305939110016749569
1305939124008955904
1305939132930297861
1305939141444743169
1305939144611426305
1305939145957801988
1305939158188388352
1305939161048928258
1305939161615159296
1305939165717114880
1305939166606307328
1305939185757548544
1305939200336900097
1305939209602072576
1305939214920450050
1305939216447270912
1305939221098754050
1305939226291130368
1305939228639985665
1305939233241264128
1305939243328507905
1305939267965902856
1305939284042682370
1305939292842323969
1305939293215563776
1305939305735561219
1305939312408555520
1305939342683242500
1305939349163446274
1305939363335938053
1305939371951116289
1305939389319651333
1305939391295127552
1305939392062795778
1305939394214256640
1305939396236115970
1305939397649428486
1305939416297340928
1305939419506053123
1305939421934555138
1305939421972385792
1305939426405740544
1305939429517930499
1305939436862091267
1305939439626182657
1305939446504849411
1305939449814147073
1305939459347820544
1305939462552158208
1305939481032261633
1305939496068935680
1305939497062928384
1305939501991116800
1305939513508798465
1305939531221397505
1305939555963539462
1305939563777413121
1305939591254470657
1305939597940097027
1305939610976030721
1305939615312945153
1305939618794147840
1305939621717716992
1305939630542315521
1305939630731259904
1305939634464096258
1305939648745811968
1305939655888695296
1305939659458072576
1305939660196196352
1305939668853235713
1305939683495608323
1305939697303252997
1305939720271261698
1305939725132460033
1305939731449032704
1305939735593000961
1305939757684461570
1305939759219568641
1305939760943452160
1305939778874073090
1305939784511172608
1305939785639366658
1305939789623865344
1305939829469990913
1305939835656568832
1305939836050776069
1305939840198819840
1305939840991666177
1305939841855696897
1305939860956622848
1305939861438824448
1305939867117871104
1305939867659010049
1305939879172341760
1305939881798008834
1305939882662146048
1305939888030785538
1305939889255600129
1305939891163889667
1305939907056148480
1305939916350566400
1305939920859672576
1305939942468653058
1305939946621067267
1305939955680555009
1305939965986168833
1305939966942478339
1305939970071330818
1305939972206153729
1305939980959789056
1305939983006486529
1305939983937794054
1305939999632715776
1305940008130564104
1305940018024902656
1305940018746327040
1305940024484130820
1305940026438512641
1305940038379802625
1305940045849911298
1305940055576412160
1305940055769440257
1305940058646753283
1305940058701213701
1305940064938143745
1305940068595625984
1305940084840038400
1305940091869696001
1305940099901853701
1305940106633777152
1305940109200506881
1305940112409276417
1305940116825923591
1305940118272794624
1305940123788419072
1305940134928560138
1305940142146965505
1305940151173025793
1305940156898332675
1305940159305854976
1305940159716823042
1305940161155358720
1305940185377632256
1305940213873750016
1305940217971564544
1305940223050887168
1305940231485444097
1305940243531673601
1305940267975847936
1305940276414828544
1305940284828725250
1305940320991969282
1305940348997455873
1305940352021520386
1305940362465341442
1305940365741039617
1305940369012555777
1305940373131456512
1305940373483720704
1305940377690611718
1305940389266780160
1305940389728153600
1305940389933838336
1305940391334735872
1305940404974620673
1305940415267340293
1305940422057893893
1305940432359129089
1305940440001150977
1305940446556848131
1305940448385683468
1305940452252811265
1305940457936035841
1305940459173212160
1305940483072569350
1305940483852693504
1305940492136460288
1305940509463138306
1305940512218718209
1305940516320808962
1305940523761504260
1305940570859331587
1305940571094220801
1305940579055030272
1305940588060123137
1305940591608504322
1305940591591608320
1305940591943929858
1305940595609948161
1305940609266483203
1305940610059309064
1305940618301059074
1305940625444024321
1305940630959464448
1305940632553189378
1305940637133537282
1305940642686795782
1305940643076861952
1305940668699815949
1305940674974449672
1305940678996885504
1305940680586469382
1305940719023071234
1305940721770418183
1305940726786723841
1305940726992252929
1305940742951571457
1305940787755200514
1305940790640807938
1305940800400916481
1305940813596291076
1305940826053324801
1305940831736664070
1305940834295205888
1305940842297856007
1305940846953598977
1305940847914110983
1305940851600875530
1305940870382915584
1305940898652532737
1305940899860557829
1305940911390629889
1305940927660335105
1305940931204599809
1305940940205502465
1305940943573381120
1305940948246056964
1305940952998178826
1305940953623072768
1305940973529174016
1305940974468702209
1305940976687513602
1305940982253473794
1305940983326990336
1305940987580231680
1305941008597872640
1305941024653664262
1305941027841138688
1305941028441071616
1305941031834222593
1305941050016530432
1305941065967513603
1305941067720724482
1305941073802526721
1305941074364563458
1305941075610263552
1305941078567268354
1305941083503890432
1305941085370318848
1305941103816908800
1305941104492048385
1305941117351780352
1305941124205481984
1305941128508776450
1305941132073992193
1305941138252214280
1305941157013327873
1305941158246387712
1305941174075584512
1305941187363131392
1305941189057818624
1305941190802464769
1305941199799414784
1305941208586432514
1305941233811034117
1305941234318364678
1305941234435809286
1305941236675743748
1305941259341750272
1305941266530795520
1305941270292959232
1305941280195665920
1305941289343610880
1305941300190031874
1305941300454195201
1305941324756127744
1305941330913300481
1305941334675644420
1305941337418670080
1305941337435508741
1305941347778670594
1305941351142510600
1305941358943715328
1305941359937945601
1305941381924388865
1305941393173483525
1305941400865968129
1305941409753714690
1305941419371245574
1305941426061094912
1305941427524980738
1305941427470372865
1305941444612493313
1305941452690804737
1305941469803421697
1305941484697464833
1305941492763041792
1305941498542927873
1305941499587121153
1305941503060176896
1305941524736176128
1305941534827782152
1305941543048495105
1305941557422559246
1305941569749483520
1305941594269528064
1305941599491293184
1305941602993606656
1305941605845790722
1305941607548620800
1305941614263767042
1305941619858866179
1305941622493007879
1305941622979526656
1305941628822130689
1305941643670020097
1305941645486182401
1305941669842497536
1305941670941216769
1305941678658850817
1305941694592950277
1305941706605391872
1305941720446754818
1305941728571125762
1305941741598650370
1305941753132978177
1305941760833728512
1305941773819183112
1305941790407655426
1305941811303788544
1305941813518372865
1305941817184092161
1305941819314692097
1305941820522799107
1305941825358831617
1305941828768677888
1305941840542273537
1305941853292965888
1305941868128206848
1305941877024264198
1305941907667857409
1305941912763936768
1305941912982036483
1305941921525768192
1305941935119462400
1305941951187877888
1305941962630082561
1305941971865923585
1305941985224724483
1305941996469592065
1305942000873672705
1305942006775021576
1305942013813063681
1305942022046363648
1305942032209281025
1305942045484363777
1305942076681584641
1305942100651970561
1305942106406608896
1305942114975576073
1305942121585704960
1305942121883537411
1305942130901348355
1305942132646182919
1305942140518830081
1305942146856484865
1305942160022401024
1305942163658866688
1305942179026665472
1305942186475884547
1305942185817276416
1305942191580250115
1305942226699051009
1305942227487686656
1305942232332197888
1305942237117775873
1305942240108445701
1305942243564494850
1305942243895803906
1305942244399165445
1305942246316007430
1305942247935021063
1305942275151638529
1305942282726772738
1305942291417186304
1305942316725788673
1305942323654725632
1305942329501667329
1305942331510710272
1305942343951028228
1305942345188290565
1305942357276340225
1305942395381526529
1305942400121020416
1305942404504133639
1305942407868014595
1305942416818679810
1305942417200291840
1305942420899725317
1305942442080907264
1305942468010139649
1305942470614679552
1305942478852292611
1305942493524037634
1305942499685535745
1305942504454397952
1305942513317019650
1305942530467549184
1305942567507427328
1305942568329449472
1305942575883321344
1305942587489095680
1305942589242322944
1305942593554059266
1305942593906208768
1305942597672882176
1305942609018474497
1305942629335457792
1305942630887497728
1305942636105207812
1305942644183367683
1305942650336489473
1305942652622340099
1305942659870208000
1305942661107462144
1305942671668711429
1305942672297750529
1305942673598152706
1305942676680978433
1305942687745478659
1305942707735584769
1305942714551279616
1305942719928373250
1305942722684039171
1305942734885322758
1305942743995146240
1305942744288894983
1305942744494415872
1305942748202180609
1305942748831330311
1305942749225549824
1305942749426970631
1305942750660112384
1305942776740102146
1305942792724676611
1305942801889349632
1305942805932658689
1305942815545860096
1305942818318200832
1305942831916351488
1305942839608647680
1305942848823492608
1305942852292292612
1305942862186586118
1305942864111824901
1305942877156126727
1305942879584563202
1305942885779607552
1305942897557221377
1305942916922314753
1305942931283611649
1305942939655340035
1305942945292595200
1305942946441605121
1305942954188578816
1305942965005832193
1305942966645788675
1305942966649982984
1305942977227882496
1305942979341774848
1305942999466213376
1305943003069059073
1305943016587382789
1305943016637632524
1305943031770738688
1305943046798872576
1305943058169692160
1305943061466361857
1305943063613841408
1305943065698263040
1305943072581193728
1305943074527469569
1305943075253035009
1305943087550795778
1305943099563282439
1305943102386036737
1305943116118097926
1305943130827612162
1305943132777971714
1305943137546797057
1305943203980476431
1305943216139759616
1305943259282366466
1305943264596357121
1305943280786583554
1305943289640542209
1305943305063206914
1305943314676539392
1305943321404157954
1305943335727751168
1305943342874845184
1305943343835250688
1305943360201527298
1305943360247664640
1305943385249689600
1305943386290094083
1305943390463369223
1305943394557014016
1305943399141453826
1305943402647826432
1305943411707576320
1305943416308727808
1305943417910972417
1305943423334129672
1305943423896227840
1305943449674199040
1305943461321945089
1305943470239084550
1305943478455730177
1305943478963142656
1305943484642123776
1305943522978205697
1305943535502458881
1305943536819490818
1305943537909932032
1305943544549392384
1305943549167513606
1305943551998599170
1305943552757764096
1305943562949922816
1305943569417605121
1305943577604829184
1305943577860636678
1305943588556210178
1305943612358889480
1305943618889318403
1305943625793245184
1305943637415649282
1305943638111903747
1305943639869325312
1305943640674635776
1305943659305730049
1305943669988495360
1305943672182181889
1305943691710922758
1305943693069815816
1305943696806875136
1305943699109613570
1305943702964142085
1305943703500939264
1305943704549556224
1305943708089679876
1305943708362301441
1305943717258420224
1305943738485633024
1305943762263248896
1305943762774958081
1305943766956728320
1305943775123046402
1305943784883191808
1305943796568424450
1305943796903968769
1305943804155920386
1305943830114508802
1305943834241703937
1305943837446213637
1305943839102742528
1305943841229373440
1305943853699133440
1305943871889854472
1305943885018017793
1305943891753852929
1305943908292218883
1305943922213093383
1305943927825014786
1305943955704553473
1305943965443796994
1305943967289225219
1305943974129987585
1305943974721597441
1305943983768698881
1305943985848872963
1305943989611266050
1305943998129942528
1305944006086582279
1305944052714614787
1305944055357100033
1305944068610981888
1305944072994123780
1305944095534260226
1305944098487103489
1305944107718717440
1305944107873898497
1305944111493656578
1305944111841673216
1305944115134312453
1305944116019302403
1305944128384110593
1305944139180240897
1305944145085771779
1305944145115197440
1305944157144387589
1305944160587964416
1305944161372299264
1305944166367727616
1305944176765349890
1305944177180651520
1305944194511446016
1305944202497396738
1305944206213603338
1305944220868505609
1305944221703172103
1305944237297618946
1305944243857391616
1305944244201242624
1305944249431732230
1305944270126362629
1305944275813793793
1305944325138845699
1305944332621484032
1305944338283798529
1305944359335059458
1305944361847447554
1305944362954698752
1305944369820831744
1305944391605919745
1305944399487152128
1305944399734550530
1305944404230836224
1305944411616899072
1305944422677438466
1305944433603612673
1305944438687096833
1305944443766411267
1305944445708152833
