1309779730086932481
1309779744175480833
1309779744548950016
1309779768137658368
1309779777394479106
1309779781165158401
1309779791214718976
1309779792976392192
1309779829353578496
1309779862912024576
1309779879819464704
1309779891815100416
1309779899746377728
1309779914850148352
1309779918113382400
1309779937365295104
1309779964326154240
1309779974077984769
1309779989450158080
1309779991635263492
1309780018751565824
1309780034203385856
1309780035679793152
1309780041279172608
1309780047872499712
1309780048916942849
1309780071561990146
1309780073126539264
1309780088578342912
1309780094009909248
1309780113358286849
1309780114318786561
1309780115925024768
1309780119184121857
1309780121117753344
1309780123483344896
1309780133105094657
1309780142621749248
1309780151559954432
1309780153027846144
1309780153711702022
1309780170115551237
1309780189304553473
1309780190030110720
1309780192194252806
1309780224431751168
1309780238835093506
1309780247861178369
1309780255117201408
1309780259110297600
1309780267502989312
1309780269570850817
1309780270518861824
1309780288977932289
1309780300436733952
1309780316895285249
1309780321290850304
1309780321953488896
1309780324688117760
1309780326588194816
1309780336209989632
1309780344326029312
1309780345588506624
1309780353612038144
1309780370792091648
1309780370913726464
1309780378945818624
1309780415021035520
1309780422340083712
1309780422507757570
1309780428052725761
1309780443416281089
1309780457404403713
1309780478027862017
1309780486735233026
1309780508218400769
1309780512249196544
1309780512236503041
1309780521149444096
1309780533719818241
1309780565961453568
1309780569765679104
1309780570981847040
1309780573448069120
1309780586442096640
1309780592041627649
1309780624778108931
1309780626913058821
1309780631845564416
1309780637646073856
1309780640527572992
1309780659100033025
1309780659867615232
1309780692818169856
1309780695347200000
1309780700007022592
1309780707187843072
1309780719997198336
1309780763483738112
1309780770349658112
1309780784644075520
1309780784824213504
1309780786980118528
1309780797197516801
1309780814104850433
1309780825911758848
1309780830420701185
1309780833503330304
1309780833671294976
1309780833637740544
1309780842361892867
1309780842978390017
1309780847323754496
1309780854223372289
1309780869712809984
1309780870316793856
1309780876293672960
1309780885772800000
1309780888415133698
1309780894434168832
1309780896627728384
1309780903640662017
1309780914034143232
1309780931218153473
1309780938834898944
1309780991179849728
1309780999694413824
1309781000474550272
1309781002705760256
1309781002831589380
1309781010544955393
1309781031415885826
1309781033039077377
1309781042220412928
1309781047916273664
1309781075078647809
1309781076630409216
1309781078605930497
1309781083802816512
1309781085593784325
1309781095148384257
1309781095479521280
1309781096578592768
1309781099715928064
1309781103335571457
1309781105336299521
1309781111019646978
1309781117864742912
1309781131907289088
1309781158897635328
1309781159975333891
1309781177893560320
1309781215763812353
1309781216950980608
1309781221568806913
1309781285360095233
1309781293840834560
1309781296080719872
1309781305723441158
1309781332382216192
1309781334370390017
1309781353261461505
1309781370932133890
1309781374258343938
1309781392025423872
1309781399025545216
1309781407309340673
1309781439169179653
1309781444429053953
1309781452427493378
1309781452423221250
1309781456982597638
1309781457737482240
1309781467669688321
1309781472719577095
1309781473042599936
1309781484564250624
1309781492470632449
1309781493196238853
1309781508715094017
1309781513785888773
1309781515056951296
1309781527920865280
1309781535822733312
1309781543632556033
1309781563601752064
1309781569700159494
1309781581637263361
1309781605196673024
1309781614851952640
1309781625539121152
1309781629414580224
1309781640080748545
1309781642957869057
1309781648049942528
1309781659580018688
1309781665972064257
1309781682489184256
1309781699027402753
1309781716807094272
1309781717323059200
1309781734918152192
1309781745051537408
1309781761769926658
1309781781055451136
1309781782158508032
1309781784347934720
1309781806015799296
1309781811921379328
1309781830103633921
1309781838991302657
1309781861879746567
1309781862563360769
1309781882905661442
1309781890451124225
1309781891390803974
1309781893177458689
1309781894012309505
1309781909338169344
1309781913922539521
1309781954821320705
1309781965562880000
1309781973997625344
1309781991919964161
1309782008873148418
1309782011175997441
1309782036887097345
1309782046009688066
1309782046928109568
1309782048488521729
1309782052124987394
1309782060719108096
1309782081694654465
1309782090087505924
1309782111419879425
1309782139634761729
1309782143879524354
1309782147838824448
1309782163517186050
1309782177857417217
1309782181099823104
1309782195465154560
1309782199332290561
1309782217581789186
1309782258279219200
1309782278071959552
1309782281708597248
1309782283445063681
1309782299953623040
1309782323680821248
1309782326042398721
1309782337845108737
1309782349492740099
1309782352927784962
1309782353296855040
1309782356706746371
1309782368597749760
1309782381155348485
1309782381595828226
1309782382396895238
1309782398381432833
1309782409366376451
1309782421458616320
1309782424742699008
1309782428635074560
1309782429847052289
1309782431747190784
1309782433189986304
1309782436507779073
1309782472423424001
1309782477020573696
1309782502874255360
1309782505176862722
1309782510608367617
1309782549405659136
1309782566862385157
1309782571455315969
1309782583773990912
1309782596084211713
1309782598844141570
1309782630578225153
1309782631425486848
1309782634000678912
1309782640057344002
1309782645656616961
1309782663520083969
1309782671246209025
1309782711758970880
1309782728758370305
1309782734999400448
1309782784647536645
1309782788292440064
1309782797360533505
1309782800975966209
1309782809620357128
1309782814833995776
1309782834899496960
1309782847222427648
1309782852779872257
1309782863341027328
1309782874766311426
1309782881707921408
1309782894831779840
1309782925118967808
1309782926159040513
1309782934199697410
1309782938976948224
1309782945432055810
1309782946212204544
1309782949185884160
1309782949701718017
1309782951740076032
1309782959289970688
1309782961642860544
1309782962414772224
1309782967926108160
1309782968655699968
1309782973772955648
1309783004835872770
1309783010141704193
1309783011378954243
1309783015338512384
1309783017859289088
1309783021436964869
1309783023026606081
1309783029104214017
1309783043905789953
1309783045864673285
1309783061647720449
1309783083693080576
1309783103326445569
1309783118027530240
1309783121735249920
1309783124176441344
1309783132569137153
1309783151221276672
1309783153146384384
1309783180849950721
1309783196209491968
1309783215482306560
1309783229050757120
1309783263649636354
1309783287032881152
1309783297376112643
1309783300416958464
1309783302874771456
1309783327151325184
1309783331714658304
1309783364895989762
1309783367957778432
1309783373716561920
1309783387088056320
1309783387721396225
1309783388035977217
1309783401440915456
1309783409577861122
1309783409926045696
1309783425444909057
1309783428225798144
1309783431962923014
1309783432994738176
1309783440602984448
1309783442431725568
1309783443950178304
1309783451306881025
1309783466771439617
1309783509087604737
1309783511318949888
1309783531665547265
1309783537566928902
1309783554935517185
1309783567862558720
1309783585252048896
1309783590297714689
1309783590952202241
1309783595213623296
1309783596081844230
1309783602784280576
1309783606366265346
1309783616390672384
1309783645079691265
1309783719843069952
1309783755188563968
1309783755540836352
1309783770225168384
1309783781751042048
1309783810293235712
1309783811669012480
1309783831218737152
1309783843377950721
1309783878115233793
1309783881600688128
1309783903859769344
1309783922109231106
1309783929159708673
1309783932213301248
1309783933622448129
1309783936772370433
1309783942686486530
1309783950144004096
1309783977939660800
1309784017646964736
1309784031735754755
1309784038966665216
1309784045451014145
1309784056452845568
1309784073406013440
1309784079106297856
1309784107979767808
1309784151944503296
1309784159309754370
1309784204448849920
1309784220676567041
1309784232324198400
1309784241987891201
1309784257477435392
1309784260698492933
1309784265673125888
1309784267698794496
1309784283897192449
1309784287152082945
1309784290620702722
1309784291946229761
1309784299646988288
1309784305934036993
1309784310430523393
1309784317858656256
1309784338662330368
1309784344563773440
1309784352071577602
1309784362951598080
1309784370882936833
1309784400280707072
1309784403317592064
1309784406127554560
1309784411433361409
1309784423026454528
1309784444518174721
1309784447613624321
1309784449446445058
1309784465699409922
1309784474683682816
1309784493180493824
1309784511111221248
1309784522054086656
1309784524243587072
1309784532179128322
1309784535849033729
1309784536029581313
1309784538613194752
1309784538760065025
1309784544648728583
1309784569919414275
1309784591989964800
1309784617067646977
1309784620507033600
1309784658553401345
1309784659694243840
1309784670196826112
1309784673879388161
1309784679470436352
1309784686957195266
1309784687837995009
1309784724248752129
1309784736651501569
1309784754158473217
1309784756259713025
1309784773695623168
1309784791542165504
1309784796474744832
1309784798265856001
1309784799981182977
1309784804884443136
1309784808592216066
1309784823096061952
1309784823209304065
1309784835909591041
1309784854872104961
1309784868704759808
1309784870726635520
1309784874337927169
1309784881233354753
1309784896336875522
1309784911109218304
1309784919468658688
1309784922601783298
1309784923016892416
1309784925260963840
1309784927857250304
1309784931057500161
1309784956017815554
1309784987332489217
1309784995473448960
1309784998715838464
1309785004336181248
1309785050414800903
1309785052889440257
1309785077774036992
1309785106748510209
1309785110942806016
1309785113799143424
1309785128156065793
1309785136783863808
1309785163845468160
1309785167897206784
1309785168908038149
1309785169243578370
1309785181218373632
1309785189309059072
1309785190638608387
1309785208401485830
1309785211379609600
1309785220644626434
1309785227057864704
1309785232493682688
1309785238575419393
1309785245122658307
1309785256979988482
1309785281978085377
1309785283509006336
1309785294846091264
1309785301330653184
1309785301452161025
1309785303528476673
1309785320834109442
1309785325451882497
1309785326056099840
1309785344825593856
1309785347551764481
1309785363720871938
1309785365922840576
1309785390782599168
1309785394964082688
1309785400634818560
1309785422260834305
1309785433123901440
1309785437733638144
1309785450715000832
1309785454225620992
1309785460466577408
1309785477927628800
1309785489919148032
1309785504964059137
1309785508172750853
1309785524341624834
1309785531350495232
1309785534303219712
1309785540372443138
1309785540766699520
1309785544881131521
1309785565483597824
1309785571271688192
1309785575629697025
1309785581677764609
1309785582193782785
1309785582260944896
1309785588170596352
1309785616993853440
1309785621670502400
1309785628637368327
1309785632559058944
1309785647528452096
1309785668155924480
1309785689773531138
1309785699919429632
1309785712468865026
1309785714591248384
1309785729124511744
1309785734715289607
1309785735504027648
1309785748074369024
1309785755254841344
1309785769448321026
1309785777866526722
1309785783100936194
1309785795583242245
1309785797105790976
1309785799722967040
1309785825182449664
1309785826600116230
1309785840202256384
1309785843016630272
1309785852466339840
1309785854836191233
1309785889850228736
1309785915997511680
1309785925782626304
1309785947660316672
1309785950181044224
1309785996725293056
1309785999262662656
1309786012143423488
1309786037938515970
1309786064161185793
1309786087318081537
1309786134692745217
1309786177088696320
1309786182189043713
1309786198626443264
1309786222940749824
1309786223364329472
1309786224861773826
1309786229907496961
1309786234248667147
1309786240909275136
1309786240997363713
1309786253844344833
1309786259951357952
1309786265018081280
1309786275549978624
1309786292587098112
1309786297335263233
1309786311457419264
1309786320236093445
1309786329576861697
1309786351475269633
1309786359666741248
1309786367853953036
1309786376343375873
1309786376465010689
1309786382458589186
1309786409188777984
1309786411701239808
1309786412313726977
1309786423680290816
1309786423793537025
1309786427966853121
1309786432555356160
1309786444601241600
1309786467510685696
1309786471050678272
1309786478877306880
1309786491468554240
1309786491653173249
1309786499584372736
1309786500599607296
1309786515099258880
1309786517091606528
1309786527816269825
1309786549593104385
1309786551136681985
1309786571462373376
1309786589514665985
1309786599081742338
1309786613485101056
1309786646435508230
1309786659311894528
1309786665079070721
1309786692727877638
1309786705768198145
1309786716786442241
1309786720481804290
1309786749023944704
1309786755961245697
1309786758880481280
1309786776236515328
1309786782444081152
1309786782456664064
1309786791038185472
1309786794767142912
1309786806636785664
1309786812500631552
1309786814979465220
1309786822097199104
1309786825779679233
1309786829273673728
1309786831538409473
1309786853050966016
1309786853181206528
1309786859145441282
1309786865332113409
1309786868825944064
1309786870486884354
1309786896352948224
1309786902556536832
1309786907048542209
1309786921388761091
1309786924983422976
1309786927349084160
1309786927663644672
1309786964820811776
1309786969577263105
1309786985918345216
1309786987780386827
1309786993451245568
1309787001038741504
1309787005388304385
1309787008538042368
1309787008798257154
1309787017568571392
1309787018449174528
1309787019082526723
1309787025852129282
1309787041752899585
1309787046609850371
1309787057091497984
1309787059398287360
1309787061759676416
1309787066025246720
1309787085172363264
1309787092814266369
1309787101593038849
1309787125186023424
1309787130005131265
1309787130965626881
1309787134665076737
1309787153241534469
1309787155804323841
1309787192995319810
1309787209743163392
1309787212175872001
1309787232295845888
1309787245310816256
1309787247076663296
1309787252080476161
1309787266768928768
1309787273760616448
1309787275132317696
1309787295915024384
1309787298293329920
1309787321450008576
1309787322200723456
1309787340316045317
1309787343872839681
1309787352127004674
1309787360788385793
1309787366064824320
1309787366673047552
1309787370384834562
1309787415578423297
1309787420099969024
1309787430820569088
1309787454099001344
1309787457613787136
1309787462575636481
1309787468082880513
1309787479793426432
1309787485925380096
1309787498651017217
1309787499938476033
1309787501649899521
1309787544092053511
1309787549737549829
1309787575297683457
1309787587372961794
1309787592720822273
1309787604032815104
1309787606939566081
1309787610009739264
1309787614581600257
1309787625893621760
1309787633091055616
1309787635364163584
1309787655694032896
1309787671212957700
1309787696622194688
1309787715517333505
1309787717098770434
1309787732487491586
1309787746651852800
1309787751357837312
1309787759226351617
1309787776116817921
1309787786103279618
1309787790687772672
1309787805078364161
1309787817267081216
1309787830932176897
1309787841002520576
1309787899303538688
1309787906253500416
1309787912888754177
1309787925115101184
1309787925920362496
1309787940252454913
1309787944782188544
1309787952080474113
1309787958065627138
1309787962725609473
1309787963316940800
1309788010712428544
1309788015062122496
1309788022041268224
1309788021881962500
1309788053435813888
1309788073492967426
1309788087162036227
1309788090626646016
1309788103436054529
1309788104472092673
1309788106334314496
1309788114764865536
1309788126781546496
1309788128820047873
1309788137502265344
1309788140882866176
1309788142061252608
1309788150441684992
1309788152085839873
1309788160075984897
1309788164920352769
1309788180065873921
1309788198986547200
1309788218871615488
1309788219047907329
1309788222365380610
1309788227683844096
1309788232645783553
1309788245836926976
1309788260051419136
1309788265466212352
1309788266103820291
1309788281920389121
1309788318788399104
1309788322659696640
1309788323884527617
1309788330058567680
1309788331828539393
1309788339470512128
1309788339566936067
1309788344004612096
1309788387906170881
1309788391190355968
1309788403475656704
1309788439554842624
1309788439529783296
1309788448635715584
1309788449889824768
1309788466750853122
1309788469682745344
1309788478683652096
1309788492004651008
1309788500263223296
1309788500716384257
1309788505825050624
1309788532454514688
1309788533800878081
1309788535810007040
1309788547470299136
1309788557381373953
1309788561646989314
1309788561118498816
1309788574657769473
1309788606849060865
1309788632912285696
1309788650914246656
1309788686741979137
1309788766777806848
1309788780245680128
1309788822000021506
1309788824092831744
1309788854384308227
1309788858859638784
1309788872893763586
1309788876223836160
1309788888332824577
1309788901217890306
1309788908520169472
1309788911187628035
1309788917319622657
1309788922822774786
1309788923158175747
1309788932633178118
1309788945262100480
1309788949834072064
1309788965843730432
1309789002967453701
1309789007971266566
1309789011607650304
1309789013700730880
1309789014690422784
1309789018763255808
1309789020742971392
1309789026518544386
1309789044948295683
1309789046022037505
1309789050593619969
1309789058755854341
1309789065831682048
1309789079488225280
1309789082080350208
1309789082499780608
1309789085515632641
1309789103278493697
1309789124996542469
1309789181036703744
1309789184748654592
1309789198115729408
1309789198585606145
1309789200192069632
1309789228507766784
1309789229505941504
1309789230697189381
1309789236015624192
1309789241820540928
1309789242386771969
1309789242646654976
1309789267682443264
1309789296044408832
1309789316034355200
1309789319813496832
1309789345264488448
1309789349194747904
1309789354735271936
1309789380316459008
1309789386968576000
1309789388445028353
1309789405440348160
1309789473077514240
1309789491045957632
1309789499942199298
1309789501363871746
1309789502823567370
1309789522499194880
1309789523354816513
1309789527029018624
1309789533798576129
1309789535941931009
1309789556473036800
1309789567776559104
1309789572839149568
1309789575305338880
1309789577335508994
1309789578346352641
1309789581299134464
1309789589373169664
1309789591642177536
1309789600278339585
1309789606066491394
1309789635204100097
1309789683350634497
1309789704431243265
1309789733585813504
1309789738329546753
1309789743668846593
1309789748454711301
1309789754930671616
1309789790158688257
1309789795686723584
1309789795795849217
1309789805492858880
1309789811285385216
1309789813021827072
1309789824145133570
1309789829467570176
1309789858957799424
1309789861977571329
1309789867065344000
1309789873277206529
1309789908312023040
1309789909725712386
1309789912875651073
1309789915639459841
1309789920442056704
1309789926175711232
1309789926263861253
1309789948124385281
1309789984585646080
1309790004344950791
1309790010577768448
1309790023185649664
1309790024905494529
1309790035974041601
1309790042798186496
1309790053879742466
1309790058925391873
1309790062121562112
1309790065204367360
1309790083013177350
1309790095063609345
1309790119730262017
1309790120686620672
1309790120783024128
1309790125933682693
1309790156459855872
1309790162977804288
1309790185702543360
1309790199937990658
1309790203641503744
1309790203997978624
1309790205440856066
1309790241293623297
1309790248482869248
1309790309442711559
1309790322076061696
1309790345568251904
1309790345761177600
1309790346214354945
1309790352119824385
1309790365160009728
1309790366682558465
1309790367865286657
1309790377205850113
1309790381836439552
1309790389130362880
1309790401918894081
1309790404116586496
1309790431367004160
1309790433464197120
1309790452372000768
1309790455530483713
1309790469187014657
1309790471041044480
1309790552225992704
1309790562330042368
1309790580453466113
1309790583821611010
1309790595976695808
1309790600779235328
1309790601848614912
1309790614867841024
1309790615857659905
1309790616012746754
1309790624636268544
1309790642336337920
1309790660594196480
1309790665232932865
1309790672958951424
1309790679426568192
1309790680915509248
1309790689505562626
1309790710367948801
1309790724712472577
1309790771562807296
1309790795634020352
1309790800377573376
1309790801375891460
1309790803557048320
1309790813057175552
1309790823085735936
1309790824700534784
1309790825652482048
1309790828731068416
1309790829486186496
1309790845860806657
1309790847513362433
1309790858162499586
1309790863514533889
1309790869449404417
1309790873828294656
1309790885165629442
1309790893939912710
1309790894149832704
1309790900634161153
1309790913170898944
1309790920204840960
1309790928685604865
1309790931487522817
1309790937502158848
1309790945131393024
1309790968246407169
1309790977201184768
1309790986357399552
1309790989645680641
1309791006582362112
1309791028279496704
1309791052056997888
1309791060651016193
1309791070742392833
1309791076631289858
1309791078699196416
1309791083526848512
1309791101629247488
1309791114396938240
1309791123901231105
1309791130419113984
1309791132428177409
1309791139587817473
1309791143299821568
1309791160378900480
1309791177017876480
1309791182076207106
1309791186949943296
1309791189726498816
1309791207908835330
1309791209842290689
1309791222312173568
1309791239844306944
1309791268227219461
1309791270227726338
1309791282722746368
1309791293338341376
1309791305170595840
1309791314473615360
1309791339274547200
1309791344647450624
1309791345276575744
1309791354222977024
1309791354373931008
1309791376536551424
1309791399261290496
1309791409835307008
1309791411915624448
1309791423768735745
1309791431649705985
1309791439077941254
1309791461697712130
1309791461966110721
1309791480870035456
1309791487467675649
1309791501061324800
1309791505507328000
1309791508804108288
1309791544942174210
1309791547223945218
1309791556182970369
1309791557785202689
1309791599153610753
1309791601078792193
1309791601602879489
1309791606564818946
1309791610649993221
1309791628010364928
1309791631760134144
1309791636738764800
1309791649095008256
1309791652395929605
1309791667491397632
1309791674281779201
1309791676836327425
1309791704892035072
1309791721530822656
1309791723107872768
1309791732700069888
1309791735418097664
1309791737603383299
1309791743517233152
1309791757413081089
1309791772638425088
1309791777675649025
1309791788203479040
1309791797762125825
1309791805563695104
1309791827780870149
1309791830163292161
1309791839625662465
1309791875726016512
1309791888216645633
1309791905522364417
1309791925617258503
1309791971783835649
1309791973511892992
1309791986157785090
1309791986652778496
1309791989341224961
1309792013575954432
1309792026758647808
1309792045997883392
1309792060757684225
1309792063039459328
1309792063387443202
1309792065396539393
1309792075521556480
1309792082136006656
1309792095482384384
1309792111072550912
1309792115497541632
1309792127077974017
1309792131368849409
1309792134355062786
1309792195730444289
1309792205708689409
1309792224788516864
1309792239422328835
1309792248700100608
1309792259626291200
1309792314236178432
1309792343923527681
1309792344586166274
1309792347232837632
1309792357664133122
1309792392934051840
1309792412596830208
1309792417667715073
1309792430850539526
1309792442925764610
1309792457316601856
1309792471099027462
1309792477809750018
1309792491252715520
1309792495862190080
1309792508269002754
1309792509799870464
1309792514443018241
1309792516347105280
1309792531358474240
1309792535586504704
1309792547087114240
1309792548693577728
1309792549247184898
1309792549457080322
1309792550790688768
1309792557723987968
1309792559435321345
1309792563046490114
1309792569921024000
1309792577583890432
1309792602548363264
1309792609565581312
1309792615198457857
1309792627961794566
1309792629853507584
1309792633372332032
1309792645380804608
1309792648811536384
1309792661792894976
1309792677119041536
1309792685260185600
1309792693015523329
1309792703845199872
1309792745712742400
1309792752276705287
1309792763777605634
1309792770756730880
1309792772073848833
1309792785541726211
1309792803606667269
1309792836619993089
1309792860766646272
1309792868072960000
1309792877325815808
1309792891599048705
1309792895281459200
1309792895415721985
1309792899073224705
1309792899580608516
1309792904081108993
1309792913271001088
1309792926201937920
1309792929225928704
1309792940785623040
1309792942261968897
1309792974843371520
1309792978798546946
1309792981269073921
1309792983001296896
1309793026785542144
1309793029205700609
1309793030698864641
1309793030493200384
1309793074831384577
1309793077956161536
1309793091495362560
1309793093391200259
1309793109140742147
1309793124412080136
1309793136756109312
1309793144955953152
1309793160059551746
1309793164895502337
1309793192015998981
1309793197355225089
1309793202514399233
1309793216082792448
1309793216669970432
1309793227336306689
1309793228720402433
1309793233522683906
1309793261435973632
1309793272613797888
1309793275096702977
1309793299885154304
1309793300082094080
1309793304742068224
1309793316301660161
1309793322723090432
1309793323037716480
1309793328846630913
1309793356621451264
1309793360564097024
1309793362313084929
1309793381640404992
1309793393309102081
1309793409754787840
1309793412762071040
1309793433448378368
1309793435415490561
1309793440469786628
1309793443024195585
1309793446543020034
1309793454830964741
1309793455015591938
1309793457213288448
1309793459042017280
1309793476217692161
1309793478000414720
1309793479174758403
1309793499831820288
1309793530269896704
1309793566835703812
1309793572745510913
1309793581255671808
1309793624444432385
1309793634565455872
1309793639514738688
1309793653334958086
1309793655595687936
1309793736398835713
1309793738420400129
1309793741507616769
1309793742191300609
1309793745639034880
1309793749170630657
1309793749698920449
1309793754035957760
1309793758045548544
1309793761514250240
1309793774999085056
1309793785883160576
1309793791596023808
1309793796649959424
1309793813779697664
1309793854271430656
1309793857182162946
1309793867580026880
1309793879563087878
1309793913054670853
1309793919631155202
1309793933543665665
1309793940778835970
1309793942070636544
1309793949138276354
1309793985020530690
1309794001122471937
1309794016922394624
1309794019128627200
1309794022689574913
1309794024430198784
1309794026019749891
1309794077777342464
1309794090435870720
1309794093699137541
1309794095624335361
1309794103433940992
1309794143405703168
1309794148954718208
1309794155250348033
1309794170106572800
1309794181003575302
1309794207981133824
1309794210665705472
1309794213106716672
1309794221826674688
1309794245348175874
1309794254093459456
1309794264348610560
1309794264604385281
1309794264780402688
1309794267523579905
1309794270128164864
1309794276751142917
1309794296527237121
1309794305154797568
1309794322775183361
1309794332694765568
1309794333533507584
1309794336620511232
1309794343746756609
1309794346665799681
1309794359819239425
1309794364953165825
1309794390332919808
1309794435027402752
1309794435639762945
1309794445961973760
1309794451297128448
1309794467436584962
1309794479893876736
1309794480590131200
1309794485858177025
1309794488471244800
1309794495811194881
1309794498348752896
1309794498936016896
1309794515020963842
1309794518728757250
1309794530141458433
1309794530623774727
1309794549900832769
1309794553940135936
1309794564581007360
1309794581257416704
1309794594398273541
1309794594540806145
1309794615084617728
1309794627390590981
1309794634957283329
1309794635875639296
1309794637838774274
1309794642536394752
1309794644029571073
1309794665785438210
1309794667362316288
1309794703831789568
1309794715425009664
1309794726598434823
1309794728888549376
1309794728834076672
1309794741383573511
1309794749692416000
1309794763831377920
1309794779040034818
1309794806831472640
1309794814133784576
