1309417350827966464
1309417356892884994
1309417366409760769
1309417375587012608
1309417381199044611
1309417381798834176
1309417392380891139
1309417395048665089
1309417420268896256
1309417422600929280
1309417430574268416
1309417466465050624
1309417469879218177
1309417478980763649
1309417479052177408
1309417482038292480
1309417488145235970
1309417488736636934
1309417493039951875
1309417523075579904
1309417531476783104
1309417539642949632
1309417540045746177
1309417541509488641
1309417543581523971
1309417544055431168
1309417546131664896
1309417547469651968
1309417566927028224
1309417580285825024
1309417581720276992
1309417584387735558
1309417598065537024
1309417603933274113
1309417613273907201
1309417638322462722
1309417648875343872
1309417650293026822
1309417663693836288
1309417664297791489
1309417668521398273
1309417672552206336
1309417698691026944
1309417704663769088
1309417742483816448
1309417744262144001
1309417766672187393
1309417798364360704
1309417799018717190
1309417806484639750
1309417826457776129
1309417827372277760
1309417833965772800
1309417840794050560
1309417840949166080
1309417840827539456
1309417854723293186
1309417863883575296
1309417869374042112
1309417879687892993
1309417879910182912
1309417895752085506
1309417896204840961
1309417903717048321
1309417926772965383
1309417937187594243
1309417939658067969
1309417952903651331
1309417973673795584
1309417987145957376
1309418007362379776
1309418010709434368
1309418011627941888
1309418018389110785
1309418026266177541
1309418030150156288
1309418033912467456
1309418047661314048
1309418070319017985
1309418087654010880
1309418098706051072
1309418105404190722
1309418120931540994
1309418123272036354
1309418126929354753
1309418140158308353
1309418147544526848
1309418155710836737
1309418157459869696
1309418173385433088
1309418181270921216
1309418194701103104
1309418199730081794
1309418211960643585
1309418226854457344
1309418250766221312
1309418254218211329
1309418267778445312
1309418286661029888
1309418292566806528
1309418307855020032
1309418335239577600
1309418338553135107
1309418344500670469
1309418347579224064
1309418364553617408
1309418366524895233
1309418368332570625
1309418372824805377
1309418380861083650
1309418384992468992
1309418402356707329
1309418418328616961
1309418422451675138
1309418422908997633
1309418435005345792
1309418437572263937
1309418451513999360
1309418452373962753
1309418464101064704
1309418472846262272
1309418477610962945
1309418479053713409
1309418486729510914
1309418498213412864
1309418502013546498
1309418512067289088
1309418528039006210
1309418547039305728
1309418550109581312
1309418561140649984
1309418566530158592
1309418570875637760
1309418586612682753
1309418587870822400
1309418599912742912
1309418610054574081
1309418619428843521
1309418620385218560
1309418624151515137
1309418626466885632
1309418664165335040
1309418665130053632
1309418675502366721
1309418678635712512
1309418680565010440
1309418686827180037
1309418689255493633
1309418691315011585
1309418700039020545
1309418703897862144
1309418715499302912
1309418735560687617
1309418747946508289
1309418752786669569
1309418757891059714
1309418761129275392
1309418771791179782
1309418783694614534
1309418786265522177
1309418796072022019
1309418819857911808
1309418821028122627
1309418858319577088
1309418876069982209
1309418882604716033
1309418883116421122
1309418899721474049
1309418907187515393
1309418926288166914
1309418928272220166
1309418954268516352
1309418962615242753
1309418964930514944
1309418975986679808
1309418985784586240
1309418987781005312
1309418999738896385
1309419001232195585
1309419006391201793
1309419007611727872
1309419014691536896
1309419017518616578
1309419028281282561
1309419029015207936
1309419044202778626
1309419048468439041
1309419054503849984
1309419075932688384
1309419077069230083
1309419080764600320
1309419085776793600
1309419088909930496
1309419089077567489
1309419090994372609
1309419098892382209
1309419124959789057
1309419125010178048
1309419139795165185
1309419140667637760
1309419147156226051
1309419147881783300
1309419148800217088
1309419170539413505
1309419186276491264
1309419187039645696
1309419188780318721
1309419195004788737
1309419199887011842
1309419201916841986
1309419204135845888
1309419210188021760
1309419219738660870
1309419229117063170
1309419236897431552
1309419255453175808
1309419262881206272
1309419263086661632
1309419308385271808
1309419320821374977
1309419336248053760
1309419343302856705
1309419372885225472
1309419373535215618
1309419384654516224
1309419403117834240
1309419404564848645
1309419421836832768
1309419433161560064
1309419436126818306
1309419442472972290
1309419444503019520
1309419456058322944
1309419460898553856
1309419513939517441
1309419522584195072
1309419529483812866
1309419540355280896
1309419555605815296
1309419571816927233
1309419580222308352
1309419585205141505
1309419589885988866
1309419605224456193
1309419611478056960
1309419628322586625
1309419629417304064
1309419630344237056
1309419642172121088
1309419668709552128
1309419673700593665
1309419685377703936
1309419691140673536
1309419710690156544
1309419711763894274
1309419746568187904
1309419748065763328
1309419749978394624
1309419761558716416
1309419783314644992
1309419825186385922
1309419827539435520
1309419834619252737
1309419847873433600
1309419871432773633
1309419875299975168
1309419877644611586
1309419885756252160
1309419892911857666
1309419909194055680
1309419940223410176
1309419944673554432
1309419958070177792
1309419960301686787
1309420002601299969
1309420009408458753
1309420015729467392
1309420044691144704
1309420049925648384
1309420059065020417
1309420063775027200
1309420118649303041
1309420118959685633
1309420127759339521
1309420143982686208
1309420155676626944
1309420177415569410
1309420188123762688
1309420188752846848
1309420219539034112
1309420233887711233
1309420243668725761
1309420253240111104
1309420270147387393
1309420271267315713
1309420278234132480
1309420291077165056
1309420293899907072
1309420320374349824
1309420337222889472
1309420339517153280
1309420362371825664
1309420387445374976
1309420396853092352
1309420403966840832
1309420410908286976
1309420433465376769
1309420443892244481
1309420465711124481
1309420467338407936
1309420483184652289
1309420486573477888
1309420487425110016
1309420489652277248
1309420503463915520
1309420509067698179
1309420555943149568
1309420562310201347
1309420569646030849
1309420599375142912
1309420603128967168
1309420607424147456
1309420610381058048
1309420615720337409
1309420626214608897
1309420643608399872
1309420644350799872
1309420651627737088
1309420658066030600
1309420670330208256
1309420703624712193
1309420763972239365
1309420782729256961
1309420796809547777
1309420798520832005
1309420799636332552
1309420810243919872
1309420820041695233
1309420866103640066
1309420866623676417
1309420876409049090
1309420877147238400
1309420885481336832
1309420887427313666
1309420901889343488
1309420903491657728
1309420945476587521
1309420953676414976
1309420954494414848
1309420965454123008
1309420973674975233
1309420982436794368
1309420984940797952
1309420997687336960
1309421003555123200
1309421017127743488
1309421021653536768
1309421021884223488
1309421033280151552
1309421052368506880
1309421062019526656
1309421073964859393
1309421086325399552
1309421089999728640
1309421108366585856
1309421115211526144
1309421124757983232
1309421137747533824
1309421158358450176
1309421166990426112
1309421168240205826
1309421170580742144
1309421172577140736
1309421193267613698
1309421217259180035
1309421222086676480
1309421230148255744
1309421233931538433
1309421235927879680
1309421248556888064
1309421251199459328
1309421261651668993
1309421272053493760
1309421275136360448
1309421298712420354
1309421301019406336
1309421346292670468
1309421346452115456
1309421359244738560
1309421365238411265
1309421385199038465
1309421404383784961
1309421415519727616
1309421430078164992
1309421446146396161
1309421453809459201
1309421462663593984
1309421463917785088
1309421485333704704
1309421487443640323
1309421493269467136
1309421498239680517
1309421511485411329
1309421512538173442
1309421519173492738
1309421525762740224
1309421531135647744
1309421568502636564
1309421573783265280
1309421579554697216
1309421607417454592
1309421611561422850
1309421648521711616
1309421660181798913
1309421680486477824
1309421682088501248
1309421695850012672
1309421700606500866
1309421703861334016
1309421706247888897
1309421706319204353
1309421706755309569
1309421717530476545
1309421718843215872
1309421729383616512
1309421746068520960
1309421766909935616
1309421782168993792
1309421787965526016
1309421792432459777
1309421792692502529
1309421803912134658
1309421804394610688
1309421806470795264
1309421820253212675
1309421827337285632
1309421830873124865
1309421847998537731
1309421848795385856
1309421867736813569
1309421868189995009
1309421882156953601
1309421896858038272
1309421900691632128
1309421906572054528
1309421925207363586
1309421927677730816
1309421928768253953
1309421933256114177
1309421934099214336
1309421941686706176
1309421949135851520
1309421968962334721
1309421974611918850
1309422021164531712
1309422028261396480
1309422032493346816
1309422045621628929
1309422058925940736
1309422062101049344
1309422062935498753
1309422068174221313
1309422068686090240
1309422083898781698
1309422096360054784
1309422122909888519
1309422125766381568
1309422126974357505
1309422128060661760
1309422152941264897
1309422157852598275
1309422172444729344
1309422173128335361
1309422216090591232
1309422217306845185
1309422232309989376
1309422233748529153
1309422260109729792
1309422267789504512
1309422274345222145
1309422290191495168
1309422294616342528
1309422302291873792
1309422315697041408
1309422324110757889
1309422350400499713
1309422377378422786
1309422387784495104
1309422397188198400
1309422407309025281
1309422408621727744
1309422439584149504
1309422442297917442
1309422449021206535
1309422450661359616
1309422466104614912
1309422468554252288
1309422469124706305
1309422469468520448
1309422475197906947
1309422478578593792
1309422497629175808
1309422506273656833
1309422518374105088
1309422533528125440
1309422555426553857
1309422559432118273
1309422561097375744
1309422572249837568
1309422572891705345
1309422574498205696
1309422599173267456
1309422612276285441
1309422614817972225
1309422628365463552
1309422643859382273
1309422644136161280
1309422655796391936
1309422660749852674
1309422666768683008
1309422670816202752
1309422673525530626
1309422685819207681
1309422686641074179
1309422703401742336
1309422705272258561
1309422715049250816
1309422731432275969
1309422740147970048
1309422760842743808
1309422765066407936
1309422769713672192
1309422770342825985
1309422776919429121
1309422779939409920
1309422796548616195
1309422799958679552
1309422807068024833
1309422809224040449
1309422813602816001
1309422833542533120
1309422836143054849
1309422856191832065
1309422869743636480
1309422873195556864
1309422907081150465
1309422910147305472
1309422913054019584
1309422913494429696
1309422920901459969
1309422927071375363
1309422932146319361
1309422940224659457
1309422946264514560
1309422948948811781
1309422955433267200
1309422959296208896
1309422968443936768
1309422968661929986
1309422968997584897
1309422978137034752
1309422984663306240
1309423004124938241
1309423004250714113
1309423005542617088
1309423025142538241
1309423028355428352
1309423029793902594
1309423100119994369
1309423108500197376
1309423113340289029
1309423115009691648
1309423139017748482
1309423140699856897
1309423166062821376
1309423170038960128
1309423172324913152
1309423179253911552
1309423195691397121
1309423215811280898
1309423235931414529
1309423239094046721
1309423264519782400
1309423268571611138
1309423273441030144
1309423284182605824
1309423284337819653
1309423289626841098
1309423301194727425
1309423336250802176
1309423339086254081
1309423367259410432
1309423368425308160
1309423380307771392
1309423389547933698
1309423398020214785
1309423420547821573
1309423450998607872
1309423500453728262
1309423502374637568
1309423519696998402
1309423531290132480
1309423534536454145
1309423546393915392
1309423573065437185
1309423583979077635
1309423599443496961
1309423600924065794
1309423605692981251
1309423638454636545
1309423639092015104
1309423639545229313
1309423647438897152
1309423647602302981
1309423653092839424
1309423658323136512
1309423682687655936
1309423687863611392
1309423688882614273
1309423691030175745
1309423699410538497
1309423706230333440
1309423707291553793
1309423710026293249
1309423717089386497
1309423729102008321
1309423729710190595
1309423730733527042
1309423732532838401
1309423746483130368
1309423751075958785
1309423757220622336
1309423757652447236
1309423770742947841
1309423776946425857
1309423781983780866
1309423793337704448
1309423803143839749
1309423806860210176
1309423814623846400
1309423818172182529
1309423826153897986
1309423835708616704
1309423836606021632
1309423837243678722
1309423857699155969
1309423858672263170
1309423858982834176
1309423868310884352
1309423881682407425
1309423883435606022
1309423905103384576
1309423907494002688
1309423911432486912
1309423914481745921
1309423924514611201
1309423926552989697
1309423952071098369
1309423965161496576
1309423989664681985
1309423993376706560
1309423994228146176
1309424008132210688
1309424012074741760
1309424017397428229
1309424036691156992
1309424042894479363
1309424043364241408
1309424051052519424
1309424052579176448
1309424077472509952
1309424082094444544
1309424092337131520
1309424100067082240
1309424107755155456
1309424119658754051
1309424120376037376
1309424145772421121
1309424178034913280
1309424185916239873
1309424193927344130
1309424254111416322
1309424261283545089
1309424262457913345
1309424265683501056
1309424272184619008
1309424275061968897
1309424286365556746
1309424300399755266
1309424301943279616
1309424309140684801
1309424311745294336
1309424312026386432
1309424319781576704
1309424365109473280
1309424390308651009
1309424399490187265
1309424402480664576
1309424415155814400
1309424418087751683
1309424437490524160
1309424452845830145
1309424458130698241
1309424460005429248
1309424470994677761
1309424471749648384
1309424482554179584
1309424488069521409
1309424521670283264
1309424529777799168
1309424545300766720
1309424570252824577
1309424569778831360
1309424587936092161
1309424595414392833
1309424602595065857
1309424609607979009
1309424610056773632
1309424618155970560
1309424619175247872
1309424621175877632
1309424621968453632
1309424639198756864
1309424641618960385
1309424657104240640
1309424663353724928
1309424676041617408
1309424678449147904
1309424699043127301
1309424730315911173
1309424750436012033
1309424756660285441
1309424757343952898
1309424758958817281
1309424761424969728
1309424765208113153
1309424765686476800
1309424769163431936
1309424771277361152
1309424779451985920
1309424797915512832
1309424800637558785
1309424805679116288
1309424818358546438
1309424821512605697
1309424826340253696
1309424846225506304
1309424858229604353
1309424867821924352
1309424868790763520
1309424875765932034
1309424887765831681
1309424897760915456
1309424907927908353
1309424914881896448
1309424921450168320
1309424922129657856
1309424923656572928
1309424925057277952
1309424927116730368
1309424948792958977
1309424983345692674
1309424993739173888
1309425013011828737
1309425025557069825
1309425056683036673
1309425062093742081
1309425086970179590
1309425091244163072
1309425112135864320
1309425120235094017
1309425122403659777
1309425128825028609
1309425143643549696
1309425148521525251
1309425161163202560
1309425171132891139
1309425178234048513
1309425185334984704
1309425187188862976
1309425185590710274
1309425196508479488
1309425201554362371
1309425209087328256
1309425225625370624
1309425225889583104
1309425226049093633
1309425234907455489
1309425243296092162
1309425249365229568
1309425257128824833
1309425259385204737
1309425260949901318
1309425281480957957
1309425281128640512
1309425300950986752
1309425303282954240
1309425304973254657
1309425307087142916
1309425309406629888
1309425312812339200
1309425320660008961
1309425334832394240
1309425376460853250
1309425388091772928
1309425416067624962
1309425417938501632
1309425436229804032
1309425453317447680
1309425468551106560
1309425477652799489
1309425488000176128
1309425502914924544
1309425507969036288
1309425516873756672
1309425520614887424
1309425529494405120
1309425538835062786
1309425542605627392
1309425568568532992
1309425572351741954
1309425580648013824
1309425581063192581
1309425583336517632
1309425589489733632
1309425595793715200
1309425602827415553
1309425639150190597
1309425640882356224
1309425642367324161
1309425645735178240
1309425646981050371
1309425677498638336
1309425687271362560
1309425698180943872
1309425733589258241
1309425738882469888
1309425756804587520
1309425758289313792
1309425778002714624
1309425791256715265
1309425795216048129
1309425798798094336
1309425803407560705
1309425812756627457
1309425815566929920
1309425837586952192
1309425842297204736
1309425857795031040
1309425862425612288
1309425867970486272
1309425870390534144
1309425890577788929
1309425903903150081
1309425913403117573
1309425919015055361
1309425941836369920
1309425951147732992
1309425967568318466
1309425992281337857
1309425994722406400
1309425995011756033
1309425997440118784
1309425998769860609
1309425999726219264
1309426015131766784
1309426017681977344
1309426043183198208
1309426061462179840
1309426063781494784
1309426069309710337
1309426090067197952
1309426094819467264
1309426103430283264
1309426114406752256
1309426117741129728
1309426120358584320
1309426121054674944
1309426123235897344
1309426131632881664
1309426150784069632
1309426150905610240
1309426154558967809
1309426165086670848
1309426171508121600
1309426203804209153
1309426206622846978
1309426210842324992
1309426228483497985
1309426232178737152
1309426255884955648
1309426265028517896
1309426315691544576
1309426328882630656
1309426332753772544
1309426362600640513
1309426380577308673
1309426383827988481
1309426387615248385
1309426389708201984
1309426431076765703
1309426439658373120
1309426440488747008
1309426443751886849
1309426444267814912
1309426445735788544
1309426451456970752
1309426451553251329
1309426476098482178
1309426486764548101
1309426524156841986
1309426524915929090
1309426548668272645
1309426554385072128
1309426558847848448
1309426561951686656
1309426574119190528
1309426599499046912
1309426610643361792
1309426628574019584
1309426629702070273
1309426632143319040
1309426632457891840
1309426638178967552
1309426648140386304
1309426659989299200
1309426664930246656
1309426672198995968
1309426673981554690
1309426695242473474
1309426705942028288
1309426706407620608
1309426707108163584
1309426709205221376
1309426734001868800
1309426735620993024
1309426737399435264
1309426755283947522
1309426758463225856
1309426769838182400
1309426775106224133
1309426781301223424
1309426789748359168
1309426808727633920
1309426845830598657
1309426873605255168
1309426876193148941
1309426880534269952
1309426887370907648
1309426888054575106
1309426894920507393
1309426909655306240
1309426914554077185
1309426920472408064
1309426938726035456
1309426959420715008
1309426981444829184
1309426994191491072
1309427001657303040
1309427026974117889
1309427029310398464
1309427034331000832
1309427040823709698
1309427045785575424
1309427073757442049
1309427082481594369
1309427098239537157
1309427098906275841
1309427099770339328
1309427114811232258
1309427123564625920
1309427129545785347
1309427130560847872
1309427148717993984
1309427157370908673
1309427171769843712
1309427194620383233
1309427206926393346
1309427216665776130
1309427228019580928
1309427228854321153
1309427231370940416
1309427232620924928
1309427232679452672
1309427248454303744
1309427250798919680
1309427272366125056
1309427273372581888
1309427277206302727
1309427280486248448
1309427291362078720
1309427304049803265
1309427308785283072
1309427315559071744
1309427318230781957
1309427322169077762
1309427329157009408
1309427334009757696
1309427340158668800
1309427343618908160
1309427344147443712
1309427349927141377
1309427354574270466
1309427367060713473
1309427378406395909
1309427387290050560
1309427409113018369
1309427414884388866
1309427419695243264
1309427425244114944
1309427431254745088
1309427462254727168
1309427465585143809
1309427472639954944
1309427475508637696
1309427480378224641
1309427504558596096
1309427505904877568
1309427526612197376
1309427528701014016
1309427542311546880
1309427558853869568
1309427560879513600
1309427565900320769
1309427568794312706
1309427585512734720
1309427585340727297
1309427596917055489
1309427601644101632
1309427601719668736
1309427606756888577
1309427617100115973
1309427620090535936
1309427623228043265
1309427628873580544
1309427647747960832
1309427657445122048
1309427662990041089
1309427666102218753
1309427671777054721
1309427708674347008
1309427717415280640
1309427724780363776
1309427746674798592
1309427747412877312
1309427748147003392
1309427748444741632
1309427752051802112
1309427752345374720
1309427781697232896
1309427781743173632
1309427795064365058
1309427808075239426
1309427811707424768
1309427827037466626
1309427841432420353
1309427849321828353
1309427857886785536
1309427861472841729
1309427865360850944
1309427882645544961
1309427890711392256
1309427893915783168
1309427922374217728
1309427940736856064
1309427940707332096
1309427949393907712
1309427951029702662
1309427967546851328
1309427968821792768
1309427983145463808
1309427992465215489
1309427994004541441
1309427995795509248
1309427999301722113
1309427999968694274
1309428009288511488
1309428010823626752
1309428021959557120
1309428035448377345
1309428037755244545
1309428039667691520
1309428068008759296
1309428072098205696
1309428079840964611
1309428089890500609
1309428117300285441
1309428118671822848
1309428135818129409
1309428142147137537
1309428150791802880
1309428158630895616
1309428191694553089
1309428206802554880
1309428215522504705
1309428216361345025
1309428218798075905
1309428225613991936
1309428241464258560
1309428250842521601
1309428266240012288
1309428278403440640
1309428279762272257
1309428295352619008
1309428312771497985
1309428315242065924
1309428318459047937
1309428353343070208
1309428366848806913
1309428400944279552
1309428407789326338
1309428452299345921
1309428454224322560
1309428457089138689
1309428473891610625
1309428488932331520
1309428516639977472
1309428521547321349
1309428557999943680
1309428591000682497
1309428591323746304
1309428592066146312
1309428595022942211
1309428598139387906
1309428600614027264
1309428605655670786
1309428622407667712
1309428623640854528
1309428624458686464
1309428627981979650
1309428667471155201
1309428673121054722
1309428677185159168
1309428694071627776
1309428696734814208
1309428719035981824
1309428735477776387
1309428739906953218
1309428756809805824
1309428770181447680
1309428774858108928
1309428775696826368
1309428778788163584
1309428780470013954
1309428786505682949
1309428808072794112
1309428808190222336
1309428816377511938
1309428830340354049
1309428834115235840
1309428857024454656
1309428859918524416
1309428864641314816
1309428868454002688
1309428893191897088
1309428913093988352
1309428920551440384
1309428934455570440
1309428944303730689
1309428973257076736
1309428973231681538
1309428973722636289
1309429025237094400
1309429027103367169
1309429060548866049
1309429065238163458
1309429081671454720
1309429083621732353
1309429087216304135
1309429087652331522
1309429087849582592
1309429098540802048
1309429117343989760
1309429129570332672
1309429140781760512
1309429142123933697
1309429146351591424
1309429157605052416
1309429161891639296
1309429178450677763
1309429178983477248
1309429189943136257
1309429201745960961
1309429203042004994
1309429206556856320
1309429212474793984
1309429227951923204
1309429236067835926
1309429246129917952
1309429268368306176
1309429288349958148
1309429292946817026
1309429297375932416
1309429305018134528
1309429306536456193
1309429310168731648
1309429310894211072
1309429318821568515
1309429326279053312
1309429354460479489
1309429365172834304
1309429367240454146
1309429374677000193
1309429378359742464
1309429382298165249
1309429384063758336
1309429385699536896
1309429386903461894
1309429392087699457
1309429403424714753
1309429407715667968
1309429414954962945
1309429422408245249
1309429425059004418
1309429434211069952
1309429438787059712
1309429439185338368
1309429439546241025
1309429444285792257
1309429457422356480
1309429469120258049
1309429471703785473
1309429484152647680
1309429509418962944
1309429520924016640
1309429543162191874
1309429547197177856
1309429555493507072
1309429565606039552
1309429576280477698
1309429576775294978
1309429600162897920
1309429605162344448
1309429610573180928
1309429629707526145
1309429662230011905
1309429687043543040
1309429695461687297
1309429699194621952
1309429702537277440
1309429702935883778
1309429705280454659
1309429721063620610
1309429743939444737
1309429752768405505
1309429765766602752
1309429786863861760
1309429798461112326
1309429803574005760
1309429805516042240
1309429813220986880
1309429814949031936
1309429843633860609
1309429850986471424
1309429858787897344
1309429877741948928
1309429885610471428
1309429908830072832
1309429921194754048
1309429939398082560
1309429949766471680
1309429950093512705
1309429960591974400
1309429963981029377
1309429971623043072
1309429991361437697
1309430028606808064
1309430028820717568
1309430034281758720
1309430035246350336
1309430041776979969
1309430053416173573
1309430066246344704
1309430081102557187
1309430085024387072
1309430086647586816
1309430087184515072
1309430093761183744
1309430101088571393
1309430103676317696
1309430105249329152
1309430107296206848
1309430135905562624
1309430139143548928
1309430152070418432
1309430153072775169
1309430155895595008
1309430168834969600
1309430170080641025
1309430172546813952
1309430175289933824
1309430209268125701
1309430216129945600
1309430217983709186
1309430221074870273
1309430226359910402
1309430231757983744
1309430236422057984
1309430238137335809
1309430248484765696
1309430259184529410
1309430271251484672
1309430272929095680
1309430273109614592
1309430279141023745
1309430286019510272
1309430287684841472
1309430306093502466
1309430315967033344
1309430320714985472
1309430328910643200
1309430341908738048
1309430354453893121
1309430354604818432
1309430396166090752
1309430401186758657
1309430409617223680
1309430410951176193
1309430429804503040
1309430443675131904
1309430467091935233
1309430475719544838
1309430514990960641
1309430517150953473
1309430539145732096
1309430543583522816
1309430549149290498
1309430567792971776
1309430578958290944
1309430592346427393
1309430592375681024
1309430595265507328
1309430615352193024
1309430623824736257
1309430624130920458
1309430631038881792
1309430635224870912
1309430643093172228
1309430664991830018
1309430668435349505
1309430671316848640
1309430680498176001
1309430691382296576
1309430691827003392
1309430709803655169
1309430717491957761
1309430728149606400
1309430763964821504
1309430771363581952
1309430774559539201
1309430777810243585
1309430776807579648
1309430784827170816
1309430799108841474
1309430803592556544
1309430809875668997
1309430814443266048
1309430825470091266
1309430833468649472
1309430838564716548
1309430882374021122
1309430888078417921
1309430901672226816
1309430904478203904
1309430919372046337
1309430921322348544
1309430958119059458
1309430960975478784
1309430978725675008
1309430982198652929
1309430989886820352
1309430992835284994
1309430997436555264
1309430997478326273
1309431029011107840
1309431031930343424
1309431035483099136
1309431035806048256
1309431043317956608
1309431049504436224
1309431053950611458
1309431061512892417
1309431077728129025
1309431098112380929
1309431105293029377
1309431111383224321
1309431136918011906
1309431143796813824
1309431146208538624
1309431155293290497
1309431172821389312
1309431173496680448
1309431174956081154
1309431191339257856
1309431196443701250
1309431204228329473
1309431211341869056
1309431217025028096
1309431217717235712
1309431220091195392
1309431222838472705
1309431234083389441
1309431244036493312
1309431255553826816
1309431259656065024
1309431293072023552
1309431297685684225
1309431309018820613
1309431315394109441
1309431325435269120
1309431353251901440
1309431363485999106
1309431363586658304
1309431370343747586
1309431394993467392
1309431406175584256
1309431412580216832
1309431423351152641
1309431428975915008
1309431432322977792
1309431435510583296
1309431450945585153
1309431476740526080
1309431477759811589
1309431500761374720
1309431535100137473
1309431537998262273
1309431547565572097
1309431550715613186
1309431557053206528
1309431557921345537
1309431564456124417
1309431567958159361
1309431583674433536
1309431599348420608
1309431638204600325
1309431643099353089
1309431652196777985
1309431663345258497
1309431684354375680
1309431690440441856
1309431692315238401
1309431694446006272
1309431704172593153
1309431725781659649
1309431729501794305
1309431742126788608
1309431778705195009
1309431804626075649
1309431825857744896
1309431833528918016
1309431836481851394
1309431855641505794
1309431867159052289
1309431868090187776
1309431880853397505
1309431883785142272
1309431892517826566
1309431894086385664
1309431899459387392
1309431900377944064
1309431928546881536
1309431943558299649
1309431956040552448
1309431960977264641
1309431978123579392
1309431980518506499
1309432008188350466
1309432010633551872
1309432012156162048
1309432022121828353
1309432022889312257
1309432027280801793
1309432037514842112
1309432050441650176
1309432051620347905
1309432054065618950
1309432060730253314
1309432063561551873
1309432073061572608
1309432076442238980
1309432103554158593
1309432112869597184
1309432114874470400
1309432118431358977
1309432121434333184
1309432131509260289
1309432139134513156
1309432139541352448
1309432142733160448
1309432147246067712
1309432153244135425
1309432154229743616
1309432154825191425
1309432172198141953
1309432175096258560
1309432177768181760
1309432179664007169
1309432182025252864
1309432207677829125
1309432208382259200
1309432212601872384
1309432218088075267
1309432233510334465
1309432237935517696
1309432248962293761
1309432258617438212
1309432261163483141
1309432262098812929
1309432263541690373
1309432271880040448
1309432281782800385
1309432285888942080
1309432293715394560
1309432307720183809
1309432314645155841
1309432334916100096
1309432342382075908
1309432344516927488
1309432346769330176
1309432352603623424
1309432383339458561
1309432388267790336
1309432400787787776
1309432407741935616
1309432408203300864
1309432408631119872
1309432408895303686
