1308949259442585600
1308949262433226753
1308949262567387146
1308949273640222720
1308949284478480384
1308949295224303616
1308949296436383744
1308949301192777729
1308949313482035200
1308949313456922624
1308949316044828673
1308949326299832326
1308949326740119553
1308949334671740929
1308949334864560129
1308949346591879168
1308949346965217280
1308949344423481345
1308949351952273410
1308949359921442823
1308949365138944000
1308949366464483328
1308949368028921861
1308949374379188224
1308949380007784448
1308949381358419969
1308949389931458560
1308949400857784320
1308949407241580547
1308949407774244867
1308949409414238209
1308949421321723905
1308949421359534080
1308949426698727426
1308949434148024323
1308949448869974016
1308949475566772224
1308949479677140997
1308949488397160448
1308949489349275649
1308949493199654912
1308949498283151365
1308949501919375360
1308949502527668224
1308949507061755909
1308949511260209153
1308949528888963074
1308949530361159683
1308949540008009728
1308949540578484224
1308949555602485248
1308949567774302211
1308949568365752323
1308949573130428416
1308949573424087041
1308949595825741825
1308949603836923905
1308949611499921408
1308949614775676933
1308949618865123328
1308949623042605056
1308949627471716353
1308949637185908737
1308949637663985669
1308949639983489026
1308949640155365378
1308949643707981825
1308949648606932992
1308949670253727745
1308949680080990208
1308949682937311232
1308949687139852288
1308949689337810950
1308949692399652869
1308949695033749505
1308949774553538564
1308949781612552199
1308949782824726529
1308949792249315329
1308949802751873025
1308949802646896641
1308949832585883656
1308949832946642945
1308949834104274946
1308949837149286400
1308949855860072453
1308949872029114368
1308949872347959296
1308949878094127104
1308949880681897988
1308949881613148160
1308949885559939072
1308949888814796800
1308949899938074625
1308949903880708097
1308949933987430401
1308949939783979008
1308949949573455873
1308949954782781440
1308949955915272193
1308949966379978752
1308949969735495682
1308949980783149056
1308949995740110850
1308949996541100032
1308950000337072128
1308950010827026432
1308950028996816896
1308950039415476225
1308950042603003904
1308950042498289664
1308950062484119558
1308950076669284358
1308950080175648776
1308950088278880256
1308950106348150784
1308950120248094720
1308950120571047936
1308950133753610240
1308950140280098816
1308950148807090176
1308950151076155393
1308950156843331584
1308950171972186112
1308950184664223745
1308950195397447681
1308950202674556929
1308950203073003521
1308950232193998848
1308950233083187200
1308950248073490433
1308950252343291905
1308950276548640769
1308950282672328705
1308950294873755649
1308950307582496770
1308950342940282880
1308950364453064705
1308950373206458368
1308950373760143366
1308950375072968704
1308950386561122304
1308950396841472007
1308950400146575361
1308950426813857792
1308950433751117824
1308950439665205249
1308950440898441219
1308950441988939777
1308950464562696194
1308950467905454085
1308950482090471424
1308950484443594758
1308950495567007744
1308950500222607363
1308950520975958016
1308950526109736960
1308950535022817283
1308950541406556161
1308950543130415105
1308950547614052353
1308950556057235457
1308950556149461004
1308950570678579200
1308950573304045569
1308950583680925702
1308950602789969921
1308950605650702337
1308950606179115013
1308950631718309889
1308950635916779520
1308950673896153088
1308950680355442689
1308950705395453952
1308950708658425856
1308950716535443463
1308950718309707776
1308950733765644289
1308950739067183105
1308950767651430408
1308950768641167360
1308950769530408960
1308950778506342401
1308950779202396160
1308950787205201920
1308950792531968000
1308950797871390720
1308950802220953604
1308950802673917953
1308950823372820481
1308950831727812609
1308950833770369025
1308950840712060928
1308950850946162693
1308950857497686016
1308950859255087106
1308950868763586562
1308950872282419201
1308950879433822210
1308950882235674625
1308950886044049408
1308950886115430404
1308950889806180353
1308950897557417984
1308950903676960768
1308950911587291136
1308950917325164544
1308950920688885760
1308950924438704138
1308950925084487686
1308950946936807424
1308950957275803648
1308950959117094912
1308950967539376132
1308950973604409345
1308950978700304387
1308950981153927168
1308951010128343042
1308951021142638593
1308951022086361089
1308951023407382531
1308951029812092933
1308951039140220929
1308951062729175040
1308951066172678146
1308951070010494978
1308951080550707202
1308951095453134849
1308951100523909121
1308951108220575745
1308951110175141888
1308951118328680448
1308951122615234560
1308951150113124353
1308951152885547008
1308951155175718912
1308951166248656898
1308951174351970304
1308951179133620226
1308951181251751937
1308951187249651712
1308951200289746945
1308951204597133312
1308951207696887809
1308951209257115648
1308951215246651397
1308951229750546433
1308951231122083840
1308951241746120707
1308951242106830848
1308951242647851008
1308951273543208960
1308951274692308993
1308951279385931777
1308951287225094144
1308951298163617798
1308951312843698178
1308951315272400898
1308951316941733888
1308951340438024192
1308951346717089798
1308951347438538752
1308951355906764800
1308951397627580418
1308951399074586628
1308951410424250369
1308951424500264960
1308951430108246022
1308951431064547328
1308951434810060800
1308951447438897153
1308951452249923585
1308951464052748288
1308951474706104320
1308951520579215360
1308951528045125633
1308951535435632640
1308951536098095105
1308951539134992389
1308951539785007109
1308951552581873672
1308951554314121216
1308951553638715394
1308951558130929664
1308951567052267523
1308951583904985088
1308951585041641472
1308951587025551363
1308951587327361024
1308951595887939584
1308951602540105728
1308951608030572545
1308951616821829636
1308951617966751744
1308951619497857025
1308951630138748929
1308951634127581185
1308951647708741634
1308951654386069507
1308951667056885766
1308951671150718978
1308951671867932673
1308951692382072833
1308951703203360768
1308951733981175808
1308951745167593474
1308951759927365632
1308951775358009345
1308951791514521602
1308951810254802945
1308951824322506752
1308951826956537858
1308951829280063488
1308951830555099136
1308951845583441920
1308951853179305986
1308951861496430592
1308951861924368384
1308951863732174850
1308951866533797888
1308951873244860416
1308951875295870982
1308951876461715459
1308951886565957636
1308951898683252736
1308951899870240770
1308951901568933889
1308951917435990017
1308951921147944960
1308951921592422402
1308951926697070593
1308951928035061760
1308951938730471425
1308951945827188736
1308951994435080194
1308951995978481669
1308952005491204096
1308952015586783232
1308952023606337536
1308952039964258304
1308952044665884673
1308952049669738496
1308952050152210433
1308952107404472321
1308952114425724931
1308952114677325824
1308952121178374144
1308952122474496001
1308952123980169216
1308952174555213828
1308952179332517889
1308952186479611905
1308952201549746176
1308952225658449920
1308952250681716736
1308952256486801409
1308952265923809282
1308952271338778629
1308952271582121986
1308952272462852101
1308952290305417216
1308952295380459520
1308952322308026375
1308952325218762754
1308952341765390341
1308952352603492352
1308952361256144896
1308952366016729090
1308952370127056901
1308952384534712321
1308952392919068672
1308952403274854401
1308952405418147840
1308952407070703618
1308952413987110913
1308952421419421697
1308952426146197504
1308952434912440322
1308952438876057601
1308952442755846145
1308952454155898882
1308952455082901504
1308952459977596930
1308952460858327040
1308952479648944129
1308952480609447936
1308952488071106560
1308952490960990214
1308952492378447873
1308952500406333441
1308952514151227393
1308952517150150656
1308952540256452609
1308952546443169792
1308952555741831168
1308952556362706945
1308952559688712192
1308952572925898752
1308952576184864771
1308952579708157958
1308952579678896129
1308952584896606209
1308952586612072449
1308952597823356928
1308952611396161536
1308952613816274945
1308952625090445312
1308952627032383488
1308952642740084736
1308952646556975105
1308952649077850117
1308952654899564550
1308952657881706501
1308952659349704705
1308952666903642115
1308952704341901312
1308952711195361280
1308952711371665408
1308952716199309314
1308952721769353218
1308952725384622080
1308952734939324416
1308952738890420225
1308952743101394944
1308952746213638146
1308952759144677377
1308952768275574784
1308952773988200448
1308952774663495680
1308952778916626432
1308952783362686976
1308952791302324224
1308952813104488449
1308952823502172168
1308952835082551298
1308952837490122752
1308952860357525504
1308952869714964485
1308952877466103811
1308952882524299264
1308952891382792192
1308952922340827139
1308952941399691264
1308952982382424064
1308952987931344896
1308952995606994944
1308953000354787328
1308953002036862981
1308953002875682817
1308953006839222272
1308953008668061696
1308953014930153475
1308953029887090688
1308953034916016128
1308953039710158853
1308953053333254144
1308953054473986049
1308953062502006791
1308953066285260800
1308953074992586752
1308953087831355393
1308953102419099648
1308953103421628416
1308953112992870401
1308953117812117504
1308953131087089665
1308953133545000960
1308953137609228288
1308953145289175042
1308953150196514817
1308953152423489536
1308953158538928129
1308953164956282880
1308953168282349568
1308953176712699904
1308953179351142401
1308953184635965440
1308953189350346752
1308953190428180484
1308953191665610752
1308953193175449600
1308953200100347904
1308953209264799744
1308953222200033280
1308953222795669506
1308953230580297729
1308953231448473600
1308953235718320128
1308953254789873664
1308953255112839168
1308953257046347781
1308953257935548416
1308953272418553859
1308953273995591681
1308953281939607554
1308953285781532674
1308953330287357953
1308953334330556417
1308953334657630208
1308953343839019008
1308953344464093189
1308953351170662403
1308953358640717824
1308953362218602496
1308953363304783872
1308953365620162560
1308953378186235905
1308953394413961216
1308953403389870080
1308953404018847744
1308953406946467841
1308953423501500417
1308953428886982656
1308953435350466560
1308953465075511296
1308953468657336321
1308953474088841216
1308953491512025088
1308953492233637889
1308953496541040641
1308953514635399169
1308953521342025731
1308953531957702656
1308953553097064450
1308953556163198977
1308953557027127296
1308953577478656000
1308953582461431809
1308953589440806912
1308953609845972992
1308953612593184771
1308953643123724289
1308953644633665542
1308953649595342848
1308953653521387520
1308953661700272129
1308953672194420739
1308953675822518273
1308953683896528896
1308953684944941057
1308953713910919168
1308953716960059393
1308953725491384321
1308953730377592832
1308953750204276742
1308953755703037961
1308953762321412096
1308953763487440896
1308953767820300288
1308953778809430018
1308953800837869569
1308953806361767938
1308953812523130880
1308953812984619010
1308953813617987588
1308953817048928257
1308953817283788800
1308953819217190914
1308953819485597697
1308953826200821761
1308953844911607809
1308953862661955584
1308953866105479170
1308953888813461510
1308953889648128001
1308953897961025536
1308953913920499713
1308953916038615041
1308953917624000512
1308953923194060803
1308953925421158404
1308953928067735552
1308953928818597888
1308953931863805953
1308953941980278784
1308953954995314688
1308953962465210370
1308953969029451776
1308953970879033345
1308953971164405761
1308953974641430533
1308953995520729088
1308953996736880641
1308953998158974978
1308953999073214464
1308954013728231425
1308954014713884673
1308954031709093888
1308954037002350592
1308954044896026624
1308954065641115649
1308954095722536961
1308954114982846465
1308954124432666625
1308954125736923140
1308954132602957824
1308954133383319554
1308954141046132736
1308954142497484800
1308954144867266560
1308954146494648327
1308954146846932992
1308954163192053766
1308954170020503553
1308954181361905666
1308954196180439043
1308954196729884672
1308954202572550144
1308954204015333383
1308954217734975488
1308954217801854976
1308954221203525635
1308954243634589696
1308954261162778624
1308954262811049985
1308954271367475201
1308954275565809666
1308954296654807040
1308954298781511682
1308954299750387713
1308954303160291330
1308954317307740161
1308954321959124995
1308954332080021510
1308954333262667776
1308954350325248005
1308954358239780865
1308954363834937344
1308954374140502016
1308954382738755585
1308954396349300737
1308954398559596544
1308954418818113536
1308954427714306050
1308954456533299200
1308954458739613697
1308954476317999105
1308954476963934208
1308954479887171585
1308954494290587648
1308954503627116544
1308954505317437441
1308954506672078848
1308954515392139264
1308954532198612993
1308954544231952384
1308954552687898626
1308954559717367809
1308954576977100801
1308954581871874054
1308954588683341825
1308954604420263938
1308954618634928128
1308954628235522048
1308954640160092160
1308954646736711681
1308954648120832000
1308954654387171331
1308954662662483969
1308954665137049601
1308954682413518848
1308954701619134468
1308954720703254534
1308954728605376512
1308954732120154113
1308954740911374336
1308954753389522944
1308954755734085632
1308954756233256962
1308954768048619521
1308954787711336449
1308954859274727424
1308954861996855296
1308954870091837440
1308954873837367296
1308954874336468993
1308954906301288448
1308954910021636096
1308954914131980288
1308954926668828672
1308954927893491712
1308954932758929408
1308954933694214144
1308954945996038146
1308954949557116929
1308954961435394048
1308954971728154626
1308954974563389440
1308954984713773057
1308954985120624647
1308954996118093826
1308955001864192000
1308955019258007553
1308955026237411330
1308955037415084032
1308955047196348417
1308955054725115906
1308955060148166662
1308955071187693568
1308955073553235968
1308955075587575809
1308955083745435655
1308955094130536448
1308955094529052674
1308955097477664769
1308955099830652929
1308955100648480770
1308955123620737025
1308955143203819520
1308955156134985729
1308955156361474049
1308955166192803840
1308955168709513216
1308955169191677952
1308955173490954241
1308955175357308928
1308955176292605953
1308955182508765185
1308955184828096512
1308955207225704449
1308955207297110017
1308955212044857344
1308955215312297984
1308955222341906432
1308955288544960514
1308955293900922880
1308955297764040705
1308955306844618752
1308955310866923521
1308955314688086017
1308955318030938115
1308955319947669508
1308955326599831554
1308955337496473600
1308955338134228992
1308955356454772737
1308955356618543111
1308955376013004800
1308955380685434881
1308955391754211330
1308955412520218625
1308955441280544768
1308955470259007488
1308955475153743874
1308955483223580673
1308955489900912642
1308955491666726912
1308955497349799936
1308955520213057536
1308955532061941760
1308955561694621698
1308955584192864256
1308955595400249349
1308955596109025284
1308955602052419585
1308955607534366721
1308955608490471424
1308955609782456322
1308955620616409088
1308955623371964416
1308955638710624257
1308955647430594563
1308955649116704769
1308955658830700547
1308955673875578882
1308955689327493120
1308955714300317698
1308955735611633667
1308955741160644609
1308955746910887936
1308955757837246467
1308955788405354506
1308955789877370881
1308955814481321984
1308955815123079168
1308955819103453184
1308955820151930880
1308955824065146880
1308955838795710465
1308955844948701184
1308955851462385664
1308955860769665024
1308955862560628736
1308955864460603392
1308955869325950977
1308955873314631680
1308955882470998016
1308955890444374016
1308955894814781440
1308955897440473089
1308955917329641472
1308955926062268418
1308955928910336001
1308955931229777920
1308955931850551296
1308955943753916416
1308955960338243586
1308955968693252097
1308955989127946240
1308955992479105025
1308956002629242880
1308956014532857857
1308956026968977408
1308956029078638592
1308956035474841601
1308956038775934976
1308956044249497601
1308956048066183170
1308956054168969217
1308956067326558209
1308956082409213952
1308956087568211974
1308956100092407814
1308956120132837376
1308956138587783168
1308956143155400704
1308956145558654976
1308956151405572097
1308956168174227456
1308956206485180417
1308956208615882754
1308956209156947973
1308956237246078976
1308956238235885568
1308956244674260992
1308956252815450112
1308956254958690304
1308956275338883074
1308956287330332672
1308956288588619776
1308956293403684864
1308956296683704320
1308956302576549888
1308956322532999168
1308956336189771777
1308956338039517187
1308956339687874561
1308956342523031552
1308956346704896002
1308956352396627974
1308956356720746496
1308956360965582849
1308956360973971457
1308956361204539397
1308956373590454281
1308956379420516352
1308956380859183104
1308956394108776448
1308956431190601728
1308956449477996546
1308956457132531712
1308956461855207425
1308956465823010816
1308956469719707649
1308956475381907456
1308956494617104385
1308956512820191232
1308956520319725569
1308956531791020032
1308956587772567552
1308956590007959554
1308956597499170818
1308956600011558912
1308956604453269504
1308956606797770752
1308956615954051072
1308956626821341185
1308956652272586753
1308956657045573633
1308956660866588672
1308956665404968961
1308956687500533760
1308956701555523585
1308956702428065792
1308956715182776320
1308956717342953473
1308956717770825728
1308956719830175744
1308956726398418944
1308956735701356544
1308956752931627011
1308956755326570496
1308956769234776064
1308956770207969281
1308956772019982337
1308956776952295424
1308956782216261633
1308956783193583616
1308956790114193409
1308956796070043652
1308956808149520384
1308956816760549378
1308956827976175616
1308956832191459330
1308956838134796289
1308956841666375680
1308956846267535362
1308956853515284481
1308956862335930375
1308956862952411136
1308956867780136960
1308956875791241218
1308956876839755777
1308956884519522306
1308956898301943808
1308956905616924673
1308956906128437250
1308956925271379968
1308956931034427395
1308956950269513729
1308956962810404866
1308956966044147712
1308956979377901570
1308956984691945472
1308956990249431040
1308957002333331456
1308957003834949632
1308957007710388231
1308957013443969024
1308957015201509378
1308957015121764352
1308957015507517440
1308957015872593925
1308957017927593984
1308957029201920001
1308957032934903808
1308957037607280640
1308957038165340160
1308957039633272832
1308957043517136896
1308957052295938049
1308957055433224197
1308957063549038592
1308957069807026181
1308957088563912705
1308957090552053761
1308957108910673920
1308957108839170049
1308957143190720512
1308957173595230208
1308957177994829824
1308957194814197761
1308957195363639303
1308957195392876544
1308957196055703552
1308957201336274945
1308957206558187520
1308957215097675776
1308957233057652736
1308957244495667202
1308957254524309504
1308957268868698112
1308957277907546113
1308957297914322944
1308957298308587520
1308957314767114240
1308957318307086336
1308957325256843265
1308957345360338945
1308957356949209089
1308957382031147014
1308957395624828930
1308957412729200640
1308957412942987264
1308957427962970117
1308957427958718466
1308957436045406210
1308957463186673667
1308957475765391360
1308957480244965376
1308957483637993472
1308957491682856972
1308957491762470922
1308957492647530498
1308957509894508544
1308957518450716672
1308957529351876609
1308957533046857729
1308957548339499008
1308957552596717569
1308957559861116928
1308957565997510659
1308957575212400640
1308957576155992064
1308957580115533824
1308957580685750275
1308957584850812928
1308957593281245184
1308957593499443200
1308957602416676864
1308957604459278336
1308957614181683200
1308957620900786177
1308957630354915329
1308957635719229440
1308957675930091520
1308957676223655937
1308957679260401667
1308957679566503938
1308957681042956289
1308957687867088897
1308957695437799426
1308957697207869440
1308957704132669440
1308957716363333635
1308957718955266049
1308957726421258241
1308957735564857344
1308957747019476992
1308957748176986112
1308957751876358144
1308957755210784770
1308957757429735426
1308957774446034945
1308957797841805312
1308957808822345729
1308957811351719936
1308957832478302208
1308957832474013697
1308957869694283776
1308957869983674368
1308957897343131648
1308957901252374529
1308957916389613573
1308957954352115712
1308957963709632512
1308957969019625472
1308957973134233600
1308957983368331265
1308957989295075334
1308958016453120000
1308958021901377537
1308958022434271232
1308958029279264768
1308958038984810496
1308958052842864641
1308958078482563074
1308958088007954438
1308958088611811328
1308958096031543297
1308958108107055105
1308958112620003329
1308958116923531264
1308958118945132545
1308958125106573313
1308958134111793153
1308958139656671233
1308958150129844224
1308958150817583104
1308958152331849728
1308958160120578048
1308958166953136129
1308958171076071424
1308958181033353216
1308958183390617600
1308958189040230400
1308958204395753474
1308958203993042945
1308958230073102336
1308958233894301696
1308958253028708352
1308958275522699266
1308958281096806402
1308958287832866816
1308958299161800705
1308958313023971335
1308958313380372481
1308958316853432320
1308958322909786112
1308958332116402176
1308958348079923201
1308958351137538049
1308958354975358976
1308958364496310273
1308958375976136705
1308958396457066496
1308958403268685824
1308958407269982208
1308958408578609152
1308958411141201921
1308958412068327426
1308958415729819648
1308958435157958656
1308958451196923906
1308958454006996993
1308958465037971458
1308958465654763521
1308958477533020160
1308958485175042048
1308958487335051267
1308958495488659457
1308958498580041728
1308958511439646720
1308958515147485184
1308958515340488704
1308958529533820928
1308958531727613956
1308958532100927488
1308958532801384449
1308958535930114048
1308958542536347648
1308958542582472705
1308958543823941632
1308958557220614144
1308958562668945410
1308958562845102081
1308958565680504835
1308958593778057221
1308958600019283968
1308958602351095808
1308958601923395590
1308958612501475328
1308958642960359427
1308958644566982656
1308958649860071424
1308958659876192259
1308958660991746051
1308958680348532736
1308958680436666369
1308958692247830533
1308958699390722050
1308958706143563776
1308958707724681218
1308958723721789440
1308958736719978497
1308958753862176768
1308958763232235523
1308958771922628608
1308958777337495552
1308958778956668929
1308958789446643712
1308958793288556544
1308958795146694656
1308958795024887808
1308958797474549766
1308958799420682241
1308958799856726017
1308958812729155585
1308958835290173440
1308958851845074944
1308958905167491072
1308958910645239820
1308958913476390912
1308958928613511168
1308958936767385600
1308958942492602369
1308958948561625094
1308958963011129344
1308958981696618501
1308959014609465345
1308959020028440576
1308959031352938499
1308959032707866625
1308959035387904001
1308959036843405312
1308959043096948736
1308959061178810368
1308959068753727489
1308959077091782657
1308959097627308033
1308959104380010496
1308959106598948864
1308959114492628992
1308959160155942912
1308959164257968130
1308959165138776064
1308959175293177856
1308959190392729600
1308959200924643329
1308959210793824256
1308959214459662341
1308959219069194241
1308959227197583360
1308959257807794176
1308959275008421888
1308959278032662531
1308959280054198272
1308959298853253121
1308959305182322688
1308959321460408321
1308959337105231877
1308959357497901056
1308959368646459392
1308959371435573248
1308959372693962752
1308959386329665543
1308959395527692288
1308959403198930944
1308959413936377856
1308959426687176705
1308959432869543940
1308959435860201472
1308959441803341824
1308959464574181376
1308959472245563393
1308959477085937665
1308959504374157312
1308959508547489792
1308959512410435584
1308959519490400258
1308959530101997569
1308959538322829314
1308959554923765760
1308959556035379200
1308959559445225473
1308959570107289605
1308959572900667392
1308959589103210502
1308959604978708481
1308959608300621824
1308959616739360768
1308959623357935616
1308959638252146689
1308959640441544710
1308959648016486402
1308959659982684160
1308959662755192834
1308959665582080001
1308959672574111745
1308959692866179076
1308959705973260290
1308959711040016390
1308959718887641088
1308959724860137472
1308959743164125184
1308959752894820352
1308959764974534657
1308959774508306432
1308959778706685952
1308959808511528960
1308959815499157504
1308959818531704833
1308959819173433345
1308959853000290304
1308959877495025665
1308959880213004289
1308959888895283200
1308959894264066055
1308959899590602752
1308959900454850560
1308959908780371968
1308959913415258115
1308959928258760704
1308959930523750400
1308959933073960969
1308959944465477633
1308959946227298305
1308959948735479808
1308959967102279680
1308959976115900416
1308959982512152577
1308959984739405824
1308959988560400391
1308960001642258432
1308960003122839552
1308960005652205570
1308960016901300226
1308960022316027904
1308960029697953793
1308960035234623489
1308960038862630919
1308960040997576710
1308960057510428672
1308960101584252934
1308960106483273728
1308960121628880898
1308960128771784705
1308960129174380546
1308960135344254977
1308960135759294464
1308960138070548481
1308960149424406528
1308960157012029442
1308960167585812480
1308960168567160832
1308960173449510912
1308960173495648259
1308960192239824896
1308960197470289921
1308960202058862592
1308960217456050177
1308960222422003712
1308960225525891073
1308960226859724800
1308960231888621568
1308960252579270657
1308960255695613952
1308960263769653248
1308960277061304320
1308960307063263232
1308960319029407745
1308960330211635201
1308960345277464576
1308960378517360640
1308960399077769217
1308960404551368712
1308960404631150593
1308960410796728320
1308960431407542272
1308960441096458241
1308960453586976768
1308960455235440640
1308960479096778755
1308960482276118530
1308960507513262081
1308960531424763906
1308960555051360256
1308960568481546240
1308960571635544064
1308960574735343617
1308960588048072706
1308960605466918913
1308960612400148481
1308960620801220608
1308960628070121473
1308960635477094400
1308960636005748736
1308960636353871872
1308960670826799104
1308960680729554950
1308960685490135041
1308960686844899328
1308960689080459269
1308960695120207872
1308960712140746754
1308960718679502853
1308960722353827845
1308960723272445952
1308960724996304897
1308960737751162880
1308960747980861441
1308960755505455107
1308960772526145536
1308960784605736960
1308960789986975746
1308960821666430976
1308960827987259392
1308960834270494720
1308960842055114752
1308960842491199489
1308960855778824197
1308960882949464064
1308960885554126848
1308960892147572736
1308960909952417792
1308960911185584128
1308960935780864000
1308960944471515136
1308960948867215361
1308960952965115904
1308960955426959360
1308960957578661889
1308960959277527041
1308960963765436416
1308960987052204032
1308960987417116673
1308960995788959744
1308961000763412480
1308961003137269761
1308961004118827008
1308961008593956870
1308961012918505475
1308961026704961541
1308961032035995649
1308961037316575232
1308961043658481664
1308961047366205442
1308961073043615744
1308961083365961728
1308961090269859840
1308961095420227584
1308961099124035590
1308961104740130816
1308961107298615298
1308961112272986113
1308961116073189377
1308961117310513152
1308961120565293057
1308961126143713280
1308961141629104131
1308961143000530944
1308961149669371904
1308961153050001408
1308961156866818048
1308961157563244547
1308961183546966016
1308961201284624395
1308961201469046785
1308961202991771648
1308961203180380160
1308961203868368897
1308961204375871490
1308961204648411142
1308961211988484099
1308961212202250240
1308961215104851971
1308961220389732358
1308961235275259906
1308961260436770816
1308961275498475521
1308961281148420101
1308961295211798528
1308961299552927747
1308961307807358976
1308961308054892545
1308961313905836037
1308961314509737984
1308961314577027074
1308961326820134914
1308961330410393600
1308961336034955264
1308961396260962304
1308961413453537286
1308961414565048321
1308961420030152704
1308961437944090630
1308961452351344640
1308961453462913024
1308961467442626561
1308961472073011200
1308961480856031232
1308961484530016258
1308961499885588480
1308961502775447553
1308961510572556289
1308961511696629762
1308961526536118272
1308961534404562944
1308961545175486464
1308961549059579905
1308961553224409088
1308961559318638592
1308961563794046976
1308961576024588288
1308961577736040448
1308961583356411904
1308961586791419907
1308961595943301121
1308961597562421248
1308961605627985920
1308961630684876801
1308961645780242433
1308961652482609152
1308961661600980992
1308961681997848576
1308961684959244288
1308961689258221569
1308961692035043328
1308961695826505728
1308961701111435264
1308961710993219584
1308961714554232833
1308961721546137600
1308961722682802176
1308961753007624192
1308961754857254912
1308961762511904769
1308961778810761219
1308961781897887744
1308961784846458882
1308961796032729088
1308961804043849728
1308961808963829760
1308961814093410306
1308961820808417281
1308961822393868288
1308961864047628289
1308961865544810496
1308961874034253831
1308961884553580545
1308961890375290881
1308961909367017473
1308961913292890112
1308961918808477698
1308961930795798528
1308961945740079105
1308961951079444481
1308961953352691714
1308961954808070146
1308961963183976448
1308961966698897408
1308961976689852417
1308961978916970497
1308961983815806976
1308962020830720000
1308962021207994368
1308962023078846464
1308962052711485441
1308962058378063872
1308962061787910147
1308962065399373824
1308962069388103681
1308962115747606528
1308962123289165825
1308962125713375232
1308962140271902720
1308962143488925701
1308962147020369920
1308962151688744961
1308962164884078593
1308962172295413761
1308962176921673734
1308962179018874886
1308962183074603010
1308962202150301696
1308962202486018049
1308962204654465024
1308962206785122304
1308962227798650883
1308962248627494913
1308962251228020737
1308962263680811009
1308962268252569602
1308962269422710784
1308962270395936768
1308962281703772162
1308962299756138496
1308962300301205505
1308962318584295426
1308962326880694272
1308962338159169536
1308962341183160321
1308962375064748033
1308962375987597312
1308962382211764225
1308962384086618112
1308962387391807489
1308962391498129409
1308962397005033472
1308962402281480192
1308962413228687366
1308962417766957057
1308962419146973184
1308962421638402049
1308962424452722688
1308962440810434561
1308962454404132864
1308962455075389440
1308962457222774784
1308962470644666369
1308962473819725826
1308962481373499393
1308962496435294208
1308962502349385728
1308962520313540608
1308962520846147585
1308962524847628288
1308962545726902272
1308962546544762882
1308962549405290497
1308962555876974592
1308962562994769921
1308962566429958151
1308962582250823683
1308962589271941122
1308962599728541696
1308962610860052486
1308962617042636800
1308962624424427521
1308962626484011009
1308962643928125442
1308962646188650496
1308962646302093312
1308962647166144512
1308962647392440322
1308962649749827584
1308962660067803136
1308962664370941952
1308962674324025345
1308962674575900672
1308962683501326337
1308962684726120449
1308962700739911682
1308962709271011328
1308962721061273606
1308962725159002113
1308962732578942981
1308962742175440896
1308962779618045952
1308962790112194561
1308962795896147968
1308962809758257154
1308962820365660160
1308962824429989888
1308962827495854080
1308962828062253058
1308962829555302401
1308962839554473984
1308962842603917314
1308962847490224128
1308962851344842754
1308962851336355840
1308962851718148096
1308962861880811520
1308962869497589763
1308962885809238016
1308962889324167170
1308962923797250051
1308962927001640963
1308962928167735300
1308962929321148417
1308962929719545857
1308962931577556993
1308962932441579520
1308962941505605633
1308962943665688577
1308962955040641032
1308962961155919872
1308962962586112001
1308962980483215360
1308962988057976833
1308963027878842369
1308963028851806208
1308963039824302085
1308963040159645696
1308963051631185921
1308963057524072448
1308963058723819522
1308963062288801793
1308963064952152065
1308963071373840385
1308963078621413376
1308963086779453441
1308963091284201472
1308963104571699203
1308963109537746944
1308963110460559362
1308963115376181249
1308963124549005312
1308963124876279808
1308963141045297153
1308963163598065664
1308963174389964801
1308963187946065923
1308963190085124096
1308963191293194246
1308963206858264580
1308963237593935875
1308963244309180416
1308963244279836672
1308963251502354432
1308963258573955074
1308963266878754816
1308963268879409153
1308963297283190784
1308963310151364608
1308963324818796544
1308963333538803712
1308963347971403776
1308963354774560768
1308963362085183490
1308963365100949509
1308963365738422275
1308963381123014657
1308963385845968896
1308963389306056705
1308963417525493763
1308963429571596288
1308963447128952833
1308963448122990592
1308963460491800576
1308963474039431168
1308963474278477824
1308963474542940161
1308963474781990912
1308963480486191107
1308963495409483776
1308963499578720256
1308963500186677249
1308963534265409537
1308963535272189957
1308963539881799681
1308963557195812864
1308963561939636224
1308963566267973632
1308963583850618882
1308963588170821643
1308963594395168768
1308963596211281920
1308963596572000256
1308963601735135232
1308963601873502209
1308963644122820611
1308963650690899969
1308963654914764800
1308963669833707520
1308963670299480065
1308963670442102784
1308963688389529602
1308963699663618049
1308963702968930304
1308963703342202882
1308963715702616064
1308963719351853063
1308963735411863552
1308963746316861440
1308963755561226240
1308963773508718596
1308963774968233985
1308963775219859456
1308963779196129281
1308963786561290241
1308963801245638661
1308963803820822528
1308963822804307969
1308963846258855936
1308963849115242496
1308963855658299393
1308963859642818560
1308963864021798912
1308963868400517120
1308963914022092802
1308963925891915777
1308963926240104450
1308963930631319552
1308963930555908096
1308963934213484544
1308963934494502913
1308963936323227648
1308963938453741568
1308963943684210688
1308963954652098561
1308963960666890241
1308963963397443585
1308963979545337856
1308963980270919680
1308963985920856065
1308963989347602433
1308963991012638721
1308963991142588416
1308964026781589504
1308964043730948100
1308964059237298176
1308964065838915584
1308964072239566861
1308964072877154305
1308964086718308354
1308964087326482433
1308964092464439301
1308964093378940928
1308964134889943040
1308964143626620928
1308964153084837894
1308964170247933957
1308964177101291520
1308964183044694021
1308964187624833025
1308964187624730625
1308964199406735367
1308964203521282048
1308964207421829120
1308964212614533123
1308964231824527361
1308964237616836609
1308964240015925248
1308964252443725824
1308964261545345024
1308964262556176384
1308964266788093952
1308964272370663426
1308964273507504128
1308964296836239362
1308964297913950208
1308964301613527042
1308964314276077569
1308964328687783941
1308964346412892166
