1307847003968282629
1307847011690057730
1307847021311778816
1307847027213119489
1307847031633989632
1307847035194761216
1307847037669584898
1307847047198973953
1307847049887580161
1307847052857159681
1307847057596706817
1307847061824589826
1307847087074222080
1307847161439232002
1307847162856910849
1307847169576251392
1307847170297671682
1307847177750929409
1307847179046977536
1307847182649888768
1307847185954934785
1307847193919807489
1307847195408949249
1307847202262454273
1307847207417253888
1307847208956551169
1307847220373475330
1307847247594315776
1307847247674200064
1307847296973975559
1307847303416422403
1307847304427307009
1307847312308404226
1307847318213931015
1307847336312238085
1307847388556648449
1307847395141533701
1307847399898066944
1307847403928727559
1307847413751840769
1307847415760740352
1307847416217960449
1307847417996423168
1307847422404681729
1307847424719777792
1307847433888690177
1307847454549856257
1307847464368644096
1307847464645525505
1307847465945759744
1307847471196966918
1307847473776537600
1307847487361896450
1307847504424304640
1307847516692643840
1307847522946146304
1307847523328032770
1307847523575398400
1307847533708877824
1307847535608975385
1307847559906390017
1307847560074231809
1307847563224244225
1307847571105349637
1307847588742340609
1307847595109253123
1307847597672091649
1307847623714443273
1307847627766149120
1307847638788853760
1307847643058511874
1307847673937100803
1307847683449774080
1307847691817357313
1307847725938024454
1307847734624505856
1307847768610930689
1307847770108198914
1307847770464751616
1307847775606898688
1307847780849901573
1307847799539511297
1307847804069572610
1307847809022951424
1307847822855766018
1307847827150823424
1307847839771504640
1307847847241539585
1307847847992266755
1307847848998744065
1307847854350905344
1307847855357517825
1307847863297339394
1307847863775494145
1307847869001609217
1307847873590042632
1307847900198776833
1307847911406006272
1307847934113976320
1307847947929792513
1307847962530164738
1307847963855781889
1307847979018182657
1307847998894796801
1307848006285352960
1307848011825819649
1307848019593764864
1307848029852979201
1307848030352179205
1307848031417569283
1307848036958126081
1307848038409547777
1307848039571378176
1307848044596133893
1307848045271355394
1307848047037161472
1307848049507487744
1307848056306626560
1307848066050019330
1307848107523215362
1307848111008563200
1307848115941064704
1307848116297703424
1307848122719244288
1307848135625125889
1307848150321897472
1307848150984601600
1307848153710735360
1307848153714974721
1307848156760031232
1307848158316298241
1307848160924950529
1307848166897864712
1307848197033930754
1307848197771988992
1307848213186056192
1307848214951862272
1307848215061049345
1307848223076356096
1307848225181913090
1307848230739283968
1307848247545925633
1307848253094985728
1307848255653457921
1307848262515388419
1307848266516557824
1307848267682775040
1307848273185648643
1307848278122299393
1307848294203301888
1307848304349282305
1307848307209764864
1307848316605140995
1307848334074359808
1307848338948132864
1307848344551731200
1307848347810578432
1307848368257929217
1307848379679027202
1307848383147601921
1307848400403148801
1307848430551670786
1307848455398723584
1307848486092587008
1307848489649364992
1307848504136531971
1307848506162515974
1307848523266785280
1307848529898020865
1307848531244392454
1307848539058339841
1307848549560975361
1307848554095022080
1307848573057286144
1307848575351689216
1307848577755082753
1307848578912710662
1307848582645583872
1307848616837615617
1307848636420829185
1307848642439438338
1307848643462991873
1307848656758988801
1307848663113379840
1307848676312743937
1307848677524996098
1307848686559522816
1307848686702075905
1307848688144805888
1307848694272847872
1307848695816228864
1307848708784971776
1307848720789254144
1307848731346243584
1307848735183970304
1307848766066692100
1307848766528147458
1307848771305340928
1307848785125572609
1307848789340942341
1307848793971240962
1307848815253352448
1307848837906812928
1307848841690054656
1307848862753853441
1307848872673161216
1307848882647433217
1307848884010528769
1307848885507969027
1307848890935320582
1307848899114147840
1307848899848069120
1307848917170769921
1307848937223716865
1307848954785169410
1307848966654947329
1307848970304135168
1307848985151930374
1307848997394997249
1307849002566610946
1307849011265560576
1307849031843020800
1307849036368670720
1307849037702283265
1307849060104179712
1307849062876614657
1307849064575270913
1307849066185924608
1307849079494451201
1307849084561055744
1307849096141701120
1307849106753228802
1307849113631772672
1307849118895792133
1307849123333316610
1307849131096854529
1307849134465003520
1307849134800592897
1307849137954721796
1307849147068809216
1307849153704206341
1307849165985083392
1307849179826278401
1307849188424679425
1307849191520165893
1307849199065546752
1307849199149486080
1307849215586922497
1307849229860327424
1307849247497187328
1307849249795780608
1307849262546456580
1307849272671387648
1307849283673231365
1307849298089062400
1307849300488024064
1307849304351023104
1307849308331360257
1307849310118146048
1307849314035785729
1307849314832703489
1307849320427913216
1307849331500814336
1307849337171513344
1307849353113923584
1307849354418384896
1307849356951904256
1307849358402969601
1307849364564443137
1307849369295695872
1307849378607124481
1307849379475316741
1307849379722690560
1307849380817506304
1307849384277741570
1307849384827248640
1307849385305350146
1307849386198786048
1307849391093415937
1307849392448106496
1307849396239978499
1307849401767919616
1307849413730209795
1307849416657731584
1307849430087892993
1307849433606955008
1307849435196448771
1307849437943721984
1307849454859546625
1307849466578337797
1307849477705871361
1307849482663493632
1307849484752355329
1307849501273538560
1307849505732276226
1307849513747480576
1307849523671298049
1307849525042860034
1307849525638258688
1307849531824906240
1307849534068764672
1307849544575545345
1307849572534886401
1307849588385165312
1307849593133166592
1307849614045982720
1307849627975073794
1307849631192305664
1307849633775996929
1307849638754553858
1307849651287019521
1307849658115317767
1307849676033527808
1307849687282704384
1307849696690438144
1307849699328765952
1307849718253473796
1307849721197674497
1307849724926603264
1307849740650975232
1307849741485531136
1307849751627476994
1307849753036816385
1307849755549147137
1307849765237915650
1307849766307422210
1307849767154835458
1307849776755544071
1307849778563293186
1307849780706516993
1307849780811440129
1307849782128529408
1307849786486411267
1307849790546272257
1307849791045619712
1307849792249192448
1307849809798127616
1307849812507795458
1307849841930915843
1307849845034622977
1307849863296626690
1307849866484289538
1307849879079837696
1307849914609733634
1307849920074842115
1307849926999789569
1307849929872699393
1307849930762063875
1307849936243916801
1307849942095015936
1307849976962318336
1307849987443888131
1307849992523177984
1307849996163788800
1307850005449830400
1307850011682598919
1307850013419085824
1307850034378088449
1307850039457271808
1307850042238263297
1307850048605020160
1307850051146911748
1307850064878952449
1307850069975224320
1307850093446467584
1307850093446397952
1307850101394681856
1307850110450249734
1307850127940497410
1307850157585838080
1307850161301975040
1307850179622494208
1307850214779367425
1307850214808514562
1307850214502526976
1307850222643548161
1307850241618698246
1307850250804174849
1307850286229200897
1307850285788917760
1307850300334645248
1307850304684273664
1307850316335939590
1307850317426339840
1307850331842281479
1307850341535363072
1307850343837872129
1307850345129955336
1307850345763278848
1307850356127338502
1307850365950337024
1307850368139890689
1307850372929720320
1307850378130546690
1307850396485005316
1307850397307068417
1307850402327605249
1307850409776537601
1307850427120091140
1307850434317627395
1307850437924659201
1307850443578642434
1307850446799859713
1307850446921297920
1307850448834002944
1307850463576948736
1307850482367381505
1307850494140985344
1307850503175372800
1307850505566248961
1307850532757942273
1307850548918521856
1307850550243815425
1307850550998953985
1307850582217105411
1307850612852305920
1307850614026760192
1307850623400972289
1307850633056321536
1307850634775998464
1307850635421786112
1307850638529830912
1307850648600211456
1307850658616352768
1307850664786243584
1307850687036956672
1307850721761648640
1307850765055209477
1307850765738835969
1307850773322174464
1307850778628026370
1307850802833227777
1307850816578039810
1307850818457133056
1307850819321044992
1307850839416025088
1307850844579090432
1307850887201726465
1307850921834098689
1307850933909352448
1307850939760607232
1307850942579171328
1307850943812317187
1307850953786179584
1307850954268606465
1307850953840713728
1307850956881694721
1307850964758601729
1307850975672176642
1307850979820400641
1307850990939504645
1307850993850363905
1307850999118340097
1307851002708664323
1307851009062969346
1307851016835006465
1307851018932293633
1307851022098984966
1307851035323629569
1307851038867836928
1307851042751524871
1307851044307832832
1307851050498641920
1307851053036077056
1307851068521447424
1307851078642348035
1307851087433682944
1307851091661463558
1307851103602642944
1307851118903468033
1307851134900420608
1307851143985459200
1307851144090103808
1307851148334755840
1307851149060575232
1307851153472917510
1307851166852812809
1307851182174400514
1307851191104069633
1307851197777432576
1307851198230388736
1307851207851929601
1307851207936012289
1307851215280254978
1307851230434283521
1307851240278306816
1307851246922076160
1307851250742951936
1307851256602402817
1307851261677633542
1307851283815108608
1307851305780678657
1307851306166439937
1307851306590072832
1307851308901302274
1307851314039144449
1307851331504398336
1307851337829199872
1307851348147277824
1307851350118510592
1307851354724065282
1307851375259398145
1307851380875460608
1307851391864573954
1307851393659801600
1307851405147942912
1307851406146117632
1307851429118382080
1307851446927360001
1307851448806518784
1307851450534498304
1307851482230910977
1307851492842496003
1307851494339772416
1307851497212989441
1307851503206572032
1307851509141569538
1307851526438662144
1307851540116496384
1307851546634272769
1307851554318213121
1307851558101463042
1307851559871496192
1307851567299792896
1307851578410446852
1307851581514113024
1307851583405817858
1307851610538770432
1307851629102858240
1307851630482657280
1307851633993211905
1307851635209592832
1307851643283742720
1307851647729561602
1307851660828569600
1307851664917958658
1307851685767852032
1307851689391726592
1307851690314469378
1307851695771115520
1307851719401967617
1307851725043367937
1307851731645022209
1307851739463397376
1307851740469964801
1307851761567379458
1307851764226551809
1307851786124800001
1307851793049808896
1307851798074527744
1307851800180133888
1307851819918348291
1307851820543422464
1307851827837374465
1307851854529933313
1307851855385354240
1307851873437847552
1307851873987293191
1307851879318269956
1307851880064786434
1307851889678184450
1307851900675592196
1307851903829774337
1307851918459502592
1307851940143955969
1307851941658218496
1307851952663994368
1307851954471800833
1307851957252452352
1307851957726445568
1307851963674112000
1307851965087481856
1307851969382486016
1307851973845291008
1307851995932430348
1307851996221902849
1307852008213233670
1307852013653258240
1307852041214029825
1307852042145329152
1307852045488025601
1307852052870070275
1307852056238067713
1307852058628960261
1307852063766982656
1307852064593252353
1307852086470565891
1307852090144952320
1307852096293597184
1307852102706790400
1307852105626062849
1307852111099592705
1307852126522159109
1307852146730098689
1307852148319944705
1307852154988711936
1307852162261807105
1307852178464276481
1307852188753031170
1307852197275688962
1307852199247187968
1307852204070432769
1307852218360623104
1307852225276981249
1307852230163300352
1307852249562050561
1307852263034105856
1307852265198321664
1307852280729927682
1307852282306813952
1307852290842406914
1307852302548643843
1307852303786016768
1307852316108894209
1307852325176958976
1307852346060419074
1307852350078492672
1307852356839714817
1307852361805762560
1307852361679941634
1307852377798725632
1307852414406467585
1307852426234429446
1307852460619370497
1307852460699119616
1307852462288588800
1307852474699542528
1307852504709967876
1307852505619996672
1307852539417694209
1307852550272700417
1307852553648996361
1307852553456025603
1307852556362821633
1307852577590009857
1307852605549404162
1307852606476185608
1307852631302430721
1307852633990983680
1307852644292100096
1307852656845750272
1307852657256624133
1307852659551072256
1307852666698039296
1307852679532642306
1307852731554705408
1307852734587170816
1307852735597998081
1307852737862799360
1307852738768773120
1307852743265013760
1307852749535576064
1307852764953837569
1307852769622138881
1307852784956395520
1307852786512486401
1307852787137605637
1307852789880627202
1307852806494142465
1307852809820348417
1307852826408816640
1307852830049435648
1307852831362134016
1307852856804872194
1307852857790672896
1307852870918823937
1307852871837384704
1307852883350544384
1307852894813577216
1307852898513059840
1307852901373620225
1307852916552654849
1307852925574754304
1307852930997944320
1307852953760473088
1307852955031306241
1307852962564374531
1307852966188199938
1307852969518542848
1307853005958664192
1307853018952421379
1307853025520889858
1307853035780136960
1307853039122804736
1307853039722790912
1307853042440642561
1307853047914262534
1307853054624952320
1307853055195590656
1307853064171401216
1307853066406899713
1307853066742435842
1307853077102370827
1307853087680286720
1307853109188796421
1307853114259709953
1307853121972965377
1307853130575482880
1307853134404808704
1307853146811752450
1307853156068388864
1307853160065708033
1307853183155404802
1307853183105069056
1307853184510111745
1307853184736604160
1307853186607337474
1307853188297498624
1307853213773824000
1307853225836654594
1307853257851777025
1307853259189579776
1307853270321451009
1307853273022504961
1307853273634869248
1307853282489044993
1307853299937312769
1307853301128531968
1307853308346785795
1307853308187545601
1307853309223538689
1307853316353740800
1307853331327528960
1307853338147512322
1307853344669564928
1307853356568850433
1307853357520830465
1307853363975864320
1307853375724294150
1307853383668314113
1307853384926494722
1307853398423764994
1307853400063619072
1307853421509324800
1307853432854843395
1307853438391332864
1307853453721513984
1307853454375821313
1307853464374972418
1307853464446394368
1307853470683275272
1307853485224984579
1307853497598013440
1307853508058644481
1307853518540283911
1307853524118761475
1307853536932356096
1307853538572210176
1307853539373461504
1307853540837203968
1307853567068430337
1307853571434655745
1307853573384962049
1307853573825458176
1307853587737845760
1307853591567310850
1307853594683682816
1307853621707649024
1307853629110583300
1307853633652887552
1307853639734583297
1307853642024792064
1307853649465544705
1307853661448671234
1307853662899888128
1307853678754242561
1307853683745529858
1307853690959728640
1307853712812126208
1307853721171185664
1307853721695469569
1307853726535880706
1307853761004609536
1307853766943739905
1307853777702137860
1307853782966046720
1307853790943485953
1307853796605820930
1307853800405860352
1307853800779272193
1307853807095820289
1307853822698676224
1307853846203576323
1307853846698434565
1307853852763455493
1307853858488680448
1307853867451904007
1307853897395064834
1307853900456886273
1307853901656399873
1307853912137895936
1307853953368023041
1307853959458099201
1307853963077677056
1307853963874758656
1307853979448152065
1307853983135027202
1307853984980500480
1307853989044682756
1307853989057302529
1307854002575597568
1307854005629059076
1307854028429197315
1307854049132400641
1307854051430690817
1307854064785350657
1307854070795837440
1307854076852412417
1307854077011746816
1307854080627191808
1307854095152295937
1307854105650573314
1307854116190781441
1307854122415128577
1307854127049969664
1307854137154056192
1307854138420723712
1307854141574782978
1307854149619310592
1307854160042299393
1307854160105287681
1307854169991049218
1307854173627506689
1307854179894022145
1307854184402698241
1307854196876730368
1307854239042015234
1307854269408636928
1307854287389765632
1307854316892545024
1307854330326847489
1307854331048349696
1307854331526422530
1307854341710270466
1307854351944298497
1307854355366924288
1307854358332223488
1307854358738907136
1307854363675815936
1307854381036056576
1307854390112518146
1307854412363169792
1307854415525634050
1307854431652851714
1307854441308139523
1307854452397871106
1307854510744842244
1307854513638969352
1307854546983628801
1307854558723416064
1307854563051999232
1307854569817473026
1307854574947119104
1307854578621317120
1307854582291345409
1307854595150852097
1307854601861832704
1307854609638187008
1307854637417070593
1307854644278771713
1307854648800432128
1307854670006755331
1307854674050064384
1307854676830892035
1307854691263545345
1307854700796997632
1307854707264757760
1307854717515526144
1307854725518417921
1307854737010823169
1307854759290961921
1307854770733015042
1307854771672346625
1307854774793052161
1307854778630717440
1307854783563419649
1307854834297704451
1307854839712448512
1307854845085392896
1307854845802545152
1307854848235167745
1307854849388802048
1307854852157059072
1307854854354866176
1307854866832863232
1307854878543413248
1307854905265328134
1307854916149542915
1307854919001608193
1307854931332751360
1307854934017220608
1307854936022102016
1307854936290492417
1307854936596606976
1307854956121059330
1307854970654535681
1307855009602834432
1307855009787375616
1307855033296355333
1307855035771088896
1307855056620920832
1307855063096852480
1307855064023867394
1307855083753926656
1307855084429209600
1307855089508536327
1307855114284146688
1307855116431552514
1307855119065780224
1307855120055533568
1307855155799363584
1307855156629958658
1307855162543808513
1307855167941873664
1307855175609090048
1307855179039948802
1307855197255991298
1307855214255407105
1307855220152692736
1307855225001304069
1307855226070880258
1307855233549103104
1307855250402029569
1307855263823810560
1307855265048522752
1307855278558384128
1307855287727128578
1307855298317742080
1307855328256630785
1307855335206649861
1307855340600520705
1307855342387298304
1307855351853674497
1307855361752338432
1307855363010637825
1307855379183869954
1307855383160139776
1307855387115257856
1307855387811614721
1307855390093180928
1307855395210383360
1307855397617893376
1307855413505794048
1307855426147450887
1307855434158571521
1307855434296983552
1307855447425265664
1307855448851255297
1307855450549829633
1307855458812788738
1307855484234469377
1307855527960104967
1307855529784606728
1307855544800215046
1307855545076977666
1307855551712329728
1307855552945455104
1307855556217106437
1307855556963692545
1307855557919989762
1307855562571382784
1307855576530001925
1307855581785534464
1307855592325877761
1307855594280423425
1307855600970211328
1307855617978232832
1307855622914809856
1307855636240240640
1307855637804707843
1307855641965457409
1307855642544271367
1307855662131576833
1307855668586504192
1307855682981564417
1307855692263575553
1307855697321758727
1307855706146705413
1307855710114385921
1307855718066860034
1307855728133234689
1307855728871440394
1307855734529560583
1307855735540166657
1307855737717129218
1307855737746530304
1307855745954623488
1307855746307158017
1307855752531447809
1307855755555540992
1307855761754796032
1307855768876707841
1307855805278900225
1307855806747095042
1307855813021634560
1307855818881142785
1307855829886885888
1307855840397996033
1307855863667814401
1307855866536706048
1307855895263612928
1307855906072416256
1307855924082728960
1307855937080823810
1307855940733956097
1307855946782314498
1307855948019568640
1307855951031078919
1307855967548252164
1307855969397944320
1307855974548623363
1307855982983290880
1307855987424940033
1307855999685005313
1307856005263319041
1307856012905504768
1307856016315305984
1307856017766543360
1307856027082088449
1307856028852158466
1307856064214433794
1307856076075868161
1307856104597196800
1307856108971790336
1307856150654857216
1307856157864800257
1307856172050010118
1307856181055037442
1307856188768497664
1307856196255318017
1307856218808082433
1307856220066373632
1307856222289305602
1307856222792507392
1307856224814346246
1307856249787166721
1307856281106087936
1307856285929369601
1307856287057743873
1307856290325000194
1307856291407171584
1307856306590556160
1307856312651444224
1307856323854430210
1307856324424658944
1307856329969725440
1307856330586165249
1307856332641284098
1307856358616764418
1307856363029028865
1307856372952956928
1307856377814093824
1307856389356883968
1307856401209860096
1307856413356560384
1307856420851929088
1307856429211160577
1307856432985976838
1307856461775675397
1307856473272320000
1307856473234472960
1307856474157150208
1307856483225186304
1307856494189215746
1307856539831631872
1307856540343218176
1307856542041927682
1307856543618985984
1307856567761604608
1307856573348413440
1307856609222242304
1307856630722121728
1307856633587027971
1307856638087442435
1307856641623195648
1307856662099824640
1307856670932959232
1307856677396512770
1307856681171406849
1307856713706545152
1307856746497667072
1307856753715970048
1307856757071515648
1307856758514253826
1307856759499841542
1307856769448923137
1307856780765077506
1307856785076662272
1307856786624397314
1307856806866227202
1307856833361719296
1307856834326265856
1307856846116405249
1307856845789224960
1307856860322639873
1307856863447445506
1307856871617900546
1307856872075153410
1307856892786552832
1307856898578878465
1307856906845913089
1307856907181330432
1307856920099733505
1307856923744784385
1307856934800887809
1307856942610685952
1307856958892969984
1307856974231425025
1307856974793641991
1307856977381519361
1307856986831294466
1307857007014158336
1307857010537435141
1307857019957895169
1307857022529015809
1307857026710532096
1307857044087635970
1307857060655063041
1307857074504728576
1307857082482216960
1307857083996409856
1307857086664118273
1307857099628720128
1307857110911381504
1307857137960398848
1307857162971107329
1307857173763051520
1307857180784238592
1307857212463820802
1307857214292537344
1307857226284048384
1307857251680620553
1307857268839526407
1307857276292784128
1307857288372383747
1307857294210801666
1307857316104998912
1307857316599930881
1307857323206082561
1307857325152243712
1307857334979506178
1307857340163600384
1307857340381552641
1307857349336600577
1307857365321084934
1307857373504118787
1307857390927261699
1307857393880043522
1307857396920913921
1307857406198603787
1307857416927809536
1307857423064072196
1307857441111986176
1307857449374953473
1307857459998986241
1307857470493274119
1307857484636459008
1307857514927587329
1307857515095494657
1307857527778967555
1307857536519938049
1307857551858466816
1307857560259756032
1307857572947308545
1307857573060567040
1307857576588009472
1307857580581027840
1307857584129368066
1307857598079737863
1307857621236543488
1307857620724854787
1307857631789428738
1307857639091703809
1307857640719093760
1307857651318042631
1307857651271901184
1307857667524898817
1307857668934111235
1307857677276471296
1307857709845245953
1307857710868766721
1307857721018822656
1307857720985432064
1307857726249283585
1307857732700114944
1307857754032238592
1307857761938546688
1307857781899157504
1307857783648387072
1307857790724116482
1307857796487147522
1307857800488517632
1307857810789556225
1307857829227884547
1307857830708346880
1307857843995860992
1307857844889358336
1307857847275970560
1307857854750224386
1307857877546102786
1307857883225296896
1307857889780998145
1307857895791312901
1307857912748896257
1307857914296774663
1307857914741350401
1307857919308857344
1307857948992049153
1307857952896815104
1307857965425274890
1307857988674256897
1307858000577728514
1307858020634890243
1307858029669494786
1307858050393485312
1307858091090747393
1307858104902733824
1307858106580217857
1307858114188894208
1307858135021957120
1307858137261600768
1307858144626987013
1307858146736693249
1307858153703378944
1307858163618795522
1307858165971722252
1307858183596183552
1307858193112915968
1307858208250363906
1307858217444077568
1307858230283042817
1307858241565712384
1307858252282163201
1307858258145632256
1307858258779136001
1307858259471077377
1307858271722770432
1307858300814254081
1307858302311821312
1307858303779614720
1307858315553120257
1307858316408901634
1307858329268609024
1307858336369512449
1307858346947440640
1307858350646996993
1307858367088668672
1307858374852259841
1307858402798981120
1307858418623889408
1307858447917101057
1307858451662422019
1307858470721511424
1307858472197935104
1307858493588869121
1307858499326615552
1307858524345692160
1307858531786338306
1307858542972612608
1307858543639437312
1307858547032625152
1307858555979137025
1307858557056868356
1307858563122028544
1307858565978185728
1307858575532855297
1307858586803023872
1307858608642637825
1307858615513026561
1307858626799902720
1307858635134033925
1307858642008330240
1307858642478264321
1307858654897430530
1307858675957223425
1307858690830217227
1307858692377845767
1307858712795713537
1307858729547653122
1307858733633015809
1307858737311350786
1307858738737446912
1307858759419535360
1307858766889660419
1307858771021041664
1307858790025498624
1307858796925120515
1307858818953441282
1307858847969746945
1307858852352720896
1307858886012145664
1307858910460641280
1307858924998193153
1307858925815869441
1307858928101851136
1307858929364344832
1307858931813883905
1307858957537431553
1307858958384861185
1307858967847038980
1307858972481789954
1307858975749074944
1307858998637531136
1307859010826067968
1307859019717992450
1307859020393394177
1307859061371817984
1307859064186114050
1307859072063082501
1307859093793714178
1307859097690222594
1307859108285026304
1307859119387353089
1307859122868510723
1307859124584165382
1307859144725143552
1307859147241566208
1307859163976851456
1307859164442562561
1307859173556678656
1307859174542528512
1307859189914570752
1307859198751932417
1307859225100591107
1307859240623669248
1307859242582499328
1307859243232452608
1307859258441048065
1307859259967909889
1307859273616158720
1307859274631086080
1307859284932386816
1307859287641784320
1307859307984191489
1307859313009086470
1307859313785016324
1307859319937957890
1307859320525041665
1307859333326274562
1307859338422255616
1307859342545358848
1307859351852511232
1307859369258881024
1307859385180356608
1307859385729908736
1307859387776733185
1307859412762210304
1307859413525438464
1307859417535320066
1307859420752359425
1307859437772627970
1307859440813649921
1307859448707379200
1307859449927929857
1307859457507045377
1307859458991755265
1307859463341137922
1307859476096057344
1307859482098241536
1307859484761522181
1307859497419825158
1307859502902005760
1307859512221667334
1307859512489963520
1307859513102528512
1307859514801098752
1307859529112195072
1307859556270301188
1307859562196660224
1307859567087439873
1307859568958021632
1307859575815766016
1307859578659495936
1307859590915280896
1307859591770918913
1307859591900794880
1307859593981317122
1307859599597293569
1307859599828160515
1307859611655892992
1307859618920624128
1307859619570745348
1307859625170137088
1307859629586735104
1307859636238733313
1307859638407356416
1307859683387092992
1307859684938919937
1307859695399563265
1307859706124414984
1307859707441238022
1307859710729768960
1307859720884101120
1307859742057025539
1307859744061784066
1307859759001792512
1307859761979772928
1307859768162299906
1307859770536341509
1307859774491553792
1307859826039373824
1307859827012632576
1307859829961129985
1307859838202974209
1307859842191720448
1307859854413967363
1307859857731497985
1307859866078375937
1307859866665586689
1307859881429356544
1307859881559375872
1307859895530803200
1307859901733990400
1307859902577160192
1307859902833061888
1307859905890725888
1307859920939896832
1307859946130857984
1307859947976142850
1307859959707656192
1307859967626665992
1307859969287610369
1307859974425661444
1307859978577944576
1307860000593842176
1307860003513135105
1307860033615560704
1307860045288419329
1307860046966140928
1307860051223216129
1307860060152803328
1307860068700958720
1307860068713418752
1307860076057767936
1307860079581057024
1307860090800627712
1307860102771335168
1307860123432484864
1307860126691450882
1307860169523683333
1307860188800716800
1307860200230187010
1307860206345355266
1307860207683461120
1307860227023347715
1307860229720354817
1307860230185742338
1307860255305535489
1307860258937860096
1307860259130703872
1307860272824999938
1307860293217914885
1307860298473242625
1307860298620166146
1307860302843658240
1307860317037359104
1307860331436310528
1307860342333149189
1307860343608279045
1307860359361986562
1307860368853622784
1307860371479375873
1307860383609376773
1307860387820339200
1307860386708938752
1307860423941795840
1307860456393134082
1307860460855857152
1307860463128965123
1307860470930575362
1307860473283567617
1307860480262680576
1307860483261644800
1307860486122332160
1307860492736757762
1307860513292980225
1307860526597394438
1307860544985104384
1307860558708760576
1307860568699625472
1307860589264293889
1307860601666969601
1307860606280663041
1307860612140224512
1307860618406432768
1307860620948185088
1307860624244903940
1307860625561878528
1307860638295785478
1307860648425119744
1307860654313754624
1307860656943751170
1307860657295982592
1307860679651713024
1307860699184590854
1307860702003113989
1307860709762633728
1307860711746539520
1307860716322344961
1307860739240144897
1307860750849933312
1307860786367418369
1307860787323637762
1307860805753348096
1307860817761546241
1307860849692942336
1307860856454119425
1307860859956404225
1307860869104259076
1307860871188811776
1307860878553800705
1307860887278149635
1307860899609432069
1307860900435591178
1307860923885912064
1307860929070030848
1307860929753694209
1307860930491949056
1307860933985947648
1307860948485578757
1307860954248552448
1307860961085321217
1307860961672470528
1307860966307233794
1307860967414542341
1307860970253905921
1307860987832225792
1307860999211560960
1307861002235441153
1307861004030681089
1307861010850762753
1307861014424231943
1307861024696082432
1307861026629726209
1307861043364986886
1307861054408372225
1307861073090015233
1307861093763543040
1307861101602799616
1307861109202997256
1307861178358599680
1307861180346707968
1307861203381817344
1307861215650230272
1307861218720444416
1307861221555675137
1307861224311250944
1307861232217542656
1307861236835647489
1307861249569349632
1307861269559549952
1307861272793198592
1307861275716866048
1307861287720767488
1307861298902970368
1307861300664389632
1307861311024439297
1307861316594544641
1307861332851556352
1307861343459045383
1307861354985009154
1307861357052801026
1307861357405057024
1307861363314876416
1307861380075327495
1307861389533483008
1307861391483777026
1307861396772868098
1307861401512423432
1307861416410583041
1307861420294447106
1307861435322691584
1307861436090052608
1307861436572618754
1307861449591709698
1307861453010022408
1307861466649948160
1307861480168194048
1307861489315962882
1307861493988425729
1307861502762782720
1307861502930620417
1307861520722911233
1307861528901758976
1307861534262153216
1307861560539275264
1307861584610496512
1307861590113497095
1307861612737572864
1307861613072977925
1307861615925223424
1307861619800764416
1307861626788425730
1307861636947079170
1307861645553799168
1307861654282153984
1307861656639123456
1307861659667460097
1307861668874129411
1307861672812568581
1307861673768824832
1307861675891142659
1307861677828956161
1307861684128628736
1307861685999370240
1307861687521992715
1307861717293166592
1307861717188304896
1307861722578006017
1307861731901943808
1307861738549723136
1307861741494251520
1307861747332644864
1307861751686459395
1307861757994516482
1307861767075241986
1307861772855062528
1307861779012182016
1307861781168128001
1307861781763821569
1307861785094115329
1307861831180931072
1307861833152434176
1307861846788124672
1307861849954811904
1307861855059222529
1307861859136081921
1307861873409306625
1307861884687671297
1307861884952027136
1307861889419014145
1307861895513288705
1307861896884748290
1307861899963445248
1307861913976668163
1307861914932989962
1307861921282973696
1307861943252905985
1307861944217473024
1307861950592962560
1307861955596578817
1307861963125542917
1307861973535780867
1307861987116814336
1307861989713211392
1307862000681316352
1307862002770022408
1307862022067900417
1307862042586550272
1307862052984111105
1307862077466447873
